rep aei_left left_area adi_left H
1 0.078994 133.883407719185 2.291311 0.769030764927761
2 0.408898 107.927941136049 1.950724 0.714924031275245
3 0.607527 94.2516506972091 1.602097 0.663469980383267
4 0.684269 99.6600405370384 1.384314 0.555655531864425
5 0.641017 84.5709139741678 1.522938 0.597818139789689
6 0.46352 115.428160892097 1.904305 0.663604861682189
7 0.528245 102.824852093524 1.806582 0.649308228889789
8 0.10645 143.330619504535 2.281216 0.786683761397956
9 0.581561 91.1511659038309 1.672702 0.599166936333199
10 0.377038 105.039584586442 2.057115 0.64719266995908
11 0.282358 109.20902359728 2.164551 0.727428773388406
12 0.407041 130.567006654367 2.030759 0.742781531246977
13 0.296803 107.41146638823 2.146217 0.706623929742087
14 0.504476 119.532856615109 1.840992 0.653898392094905
15 0.55149 105.293018901988 1.7084 0.621502214647912
16 0.45611 103.958220153731 1.877472 0.70825184986497
17 0.474276 115.474346719859 1.929167 0.719960801427031
18 0.457567 117.116532438555 1.954775 0.705412173676586
19 0.496786 109.974108773941 1.836236 0.662415758065924
20 0.483819 104.54329730047 1.821014 0.680089184467868
21 0.48553 106.708362657314 1.861938 0.725383932381165
22 0.538153 108.765580803702 1.770891 0.63865780270494
23 0.461578 98.6411122962978 1.856353 0.681439176432388
24 0.424887 113.142461700074 1.984544 0.71985500634071
25 0.296658 113.615007741866 2.117782 0.711520417667046
26 0.437788 99.5271518924773 1.961016 0.691965369059027
27 0.606139 91.7426559985979 1.628009 0.60944976928297
28 0.221194 111.461524968284 2.218594 0.706724856156077
29 0.622999 102.846210837348 1.568926 0.615607191198355
30 0.328969 115.220708455266 2.103566 0.71374321839127
31 0.38736 115.844371834182 1.989197 0.714424898781832
32 0.319607 99.6654335652984 2.11355 0.734997169061446
33 0.299877 117.3114142073 2.126157 0.734072754200807
34 0.370082 114.063299220738 2.038367 0.730753277378073
35 0.498152 100.714388339614 1.8095 0.658690100040534
36 0.360566 100.368498637092 2.060833 0.652906405100862
37 0.535487 103.629725536725 1.764587 0.59369256611853
38 0.370103 114.356319460334 2.032096 0.690350855703073
39 0.597948 107.888175799214 1.620968 0.69543446750183
40 0.258479 115.792729014054 2.192174 0.686079633970285
41 0.482247 82.8281464517639 1.871673 0.600796068222441
42 0.384546 113.699767552747 2.053627 0.626930911251467
43 0.410491 115.954223518426 1.977865 0.680191071130739
44 0.489157 107.155209921654 1.903171 0.692706720773354
45 0.360305 117.745873930949 2.092786 0.673902849265943
46 0.192231 107.209505639136 2.238665 0.684571269921105
47 0.318203 110.609903857944 2.132487 0.696297675971206
48 0.38397 117.157416226703 2.034722 0.72161146806743
49 0.581196 96.8525552739756 1.635962 0.649560332369971
50 0.517082 106.854655304472 1.850784 0.612970561384929
51 0.337233 126.106752148828 2.104839 0.746252334982651
52 0.57663 115.33499695342 1.722431 0.702864412666788
53 0.423447 108.337828401105 1.966745 0.668914829828329
54 0.222388 122.221332605325 2.213681 0.747061982446399
55 0.605993 82.4184359722707 1.6186 0.635329609124194
56 0.341938 111.336649618388 2.051967 0.738122250939062
57 0.470796 101.28587096607 1.881023 0.693804374867588
58 0.693609 100.52247765478 1.384573 0.647116576837838
59 0.249926 134.003418811144 2.202218 0.810366761381087
60 0.435085 128.537189863305 1.990519 0.756560490292211
61 0.372521 121.526331735924 2.03911 0.702202938940089
62 0.432914 99.1506405156393 1.990455 0.711889973877838
63 0.523184 104.464406957234 1.75979 0.703811110261656
64 0.500378 92.3075224597726 1.790909 0.597076193231662
65 0.3832 124.650708417257 2.062768 0.73174502216332
66 0.624989 105.821107045546 1.584483 0.704460356482953
67 0.401045 100.859527749053 2.002566 0.677032454102864
68 0.448762 116.390437264886 1.933747 0.653187892013841
69 0.299533 125.229796445002 2.14178 0.714229025767212
70 0.479233 117.128511342995 1.843283 0.741668624219758
71 0.571959 104.617512510722 1.711947 0.641338096171092
72 0.334009 124.170590936464 2.101873 0.717366133105536
73 0.606744 109.592238338073 1.627468 0.720927110364421
74 0.432897 105.077469428956 1.959428 0.693334583774792
75 0.559993 95.3906740371474 1.719715 0.614831054007324
76 0.329891 122.166287457657 2.111032 0.738200722862895
77 0.650075 97.3128329858792 1.506499 0.699700765978598
78 0.635743 96.9459421276831 1.575451 0.642541464113106
79 0.377657 115.571577882614 2.012289 0.700227054818964
80 0.20695 130.719437929137 2.230897 0.748043632907755
81 0.329721 105.4579832371 2.07283 0.688937543741049
82 0.487022 119.815862753356 1.895167 0.725746299923322
83 0.447717 102.951774049392 1.922574 0.663602856353293
84 0.318899 118.743295607928 2.121149 0.6736594819323
85 0.530161 115.970528435847 1.780825 0.686955165304779
86 0.342314 125.367496734164 2.10673 0.652747603831839
87 0.366242 98.7884398940679 2.016953 0.65394103996555
88 0.476701 124.634307023551 1.844326 0.712364814339414
89 0.465546 117.150733697468 1.928439 0.70334819979468
90 0.537065 79.3776240141014 1.759516 0.61296544207455
91 0.498304 98.5281544580012 1.847847 0.651341461093747
92 0.259506 113.963883719416 2.194097 0.777413421743089
93 0.592117 106.422372482943 1.68129 0.665487965236328
94 0.384645 99.1043196726333 2.033919 0.705883419064321
95 0.523734 89.4210566808284 1.740559 0.627478412201743
96 0.27918 122.208421839758 2.108228 0.769856448707041
97 0.30978 127.23278932089 2.145067 0.718064074431795
98 0.447031 114.37498615298 1.895213 0.695402371044719
99 0.421465 97.0893740281632 1.931536 0.649397407077834
100 0.480618 94.7157353916573 1.858189 0.636338192509276
101 0.519797 102.27401919719 1.807854 0.668791547633667
102 0.385235 106.921102115303 2.022225 0.657007442643535
103 0.523671 97.3259693259981 1.811298 0.586640446525567
104 0.39501 98.5981684971946 1.981028 0.671699228320815
105 0.382543 112.89907745726 1.986879 0.718620038164617
106 0.502618 101.571123181478 1.848383 0.661591269680201
107 0.514635 94.0227977604051 1.799355 0.680165457030738
108 0.337707 107.093355335782 2.061004 0.674753650899327
109 0.422534 99.3324688941682 1.956796 0.651013401905835
110 0.334256 104.652413235677 2.077705 0.597488604902224
111 0.208576 125.334579259238 2.231535 0.742946971528457
112 0.390254 115.302103720426 1.979433 0.713365654846732
113 0.283184 129.440909068238 2.162345 0.738960934162221
114 0.347005 123.549664634512 2.10664 0.705578222893857
115 0.532138 93.6706184155871 1.795358 0.667394266837818
116 0.338731 102.325937068988 2.09357 0.71221078554969
117 0.493629 112.627204843163 1.866865 0.669158061209768
118 0.305688 111.406715592476 2.153062 0.734900173595893
119 0.707558 100.099263920973 1.253011 0.660780338723007
120 0.484332 97.714308138609 1.877803 0.669120713074264
121 0.346781 112.646231666262 2.039585 0.679667695203407
122 0.295206 125.095324185508 2.163494 0.770317599044682
123 0.281559 123.991220218606 2.170787 0.751980532746029
124 0.32118 113.900633484414 2.135552 0.618400259537824
125 0.68763 96.3381734628735 1.4026 0.614055647547946
126 0.343685 98.7454030954128 2.047443 0.672421658692362
127 0.354495 108.289582131155 2.099126 0.753696347782853
128 0.160316 125.670319519614 2.259655 0.749212609112776
129 0.479243 105.954958358476 1.880937 0.714756484333292
130 0.554536 100.534327547683 1.711637 0.594828606026197
131 0.409793 106.630894639805 2.025856 0.692202961529447
132 0.616303 96.9306158249969 1.617939 0.659842167480448
133 0.597158 102.724503755021 1.636906 0.63053667757652
134 0.596212 89.1595026005189 1.597685 0.574548455340577
135 0.417913 106.742999213513 1.994796 0.720524646329617
136 0.411562 106.168817953727 2.021697 0.709168949750051
137 0.522321 101.382629341381 1.773634 0.685975369519214
138 0.703731 89.6337012021848 1.34895 0.684660719464677
139 0.473564 103.723620885704 1.887529 0.681446533615826
140 0.224284 123.145797267523 2.211109 0.757765512370812
141 0.261641 129.440719690971 2.185401 0.776314741325827
142 0.655782 105.989467807042 1.477146 0.703365813713132
143 0.460764 104.501939356255 1.948376 0.701056729943738
144 0.442533 116.265804494805 1.941985 0.679260372365542
145 0.207912 115.290365793321 2.22806 0.71091222024546
146 0.326767 118.210676576353 2.122518 0.669787094384239
147 0.255281 125.553731363591 2.199602 0.737476449982346
148 0.458589 100.731029816553 1.921261 0.655620795885396
149 0.456677 110.903974853767 1.885336 0.736031582929525
150 0.352302 95.9363848553681 2.018006 0.666559391565023
151 0.382683 118.045540276783 2.001763 0.722251658593143
152 0.519832 110.125085630093 1.762144 0.711501516487973
153 0.40153 112.815415638504 1.999909 0.66319362102698
154 0.192343 123.553047684393 2.241296 0.774626647940297
155 0.503301 105.937731033104 1.852737 0.609388935187663
156 0.299324 124.667380287028 2.158757 0.749806626096312
157 0.388705 110.562449774831 2.053712 0.739867911997525
158 0.426772 113.568001648886 1.975875 0.699818220966856
159 0.438382 113.746327351674 1.977741 0.706565107675413
160 0.428913 99.371999733616 1.980937 0.668287025065531
161 0.587478 96.490988610483 1.673181 0.649848621037245
162 0.39411 113.343294519219 2.012141 0.704930947681123
163 0.527227 88.8407225367214 1.787477 0.568853704430155
164 0.336723 111.850094145828 2.023555 0.661908389002121
165 0.683464 110.10386376741 1.404035 0.592627152237836
166 0.49578 105.363342865277 1.821352 0.694214033318163
167 0.442126 114.439989968698 1.971664 0.674634039526256
168 0.622994 99.6198689778972 1.611068 0.673925926429604
169 0.405039 120.821365055001 1.984747 0.67557638751668
170 0.464963 102.750638583932 1.879284 0.684597101982935
171 0.326687 110.314667744653 2.081721 0.68341319085837
172 0.118746 118.985465139584 2.278503 0.741768755515056
173 0.405589 109.232403794142 2.014509 0.687843971677959
174 0.507031 88.3656419020648 1.798576 0.591060920546593
175 0.210695 120.446078473448 2.22602 0.753862590523506
176 0.154308 121.884010899027 2.263565 0.786862792166253
177 0.287896 123.97510274433 2.162107 0.694529678598289
178 0.189027 113.325163058781 2.243714 0.721105755167704
179 0.74172 98.2681534081966 1.187843 0.586160412148625
180 0.534572 98.6107712459678 1.751006 0.68626742286831
181 0.352082 94.883785763403 2.015323 0.676328204227309
182 0.424184 115.293229305338 1.941844 0.69277395161063
183 0.461001 124.477010947068 1.921583 0.71273562704897
184 0.539752 92.3394647703268 1.78809 0.602579097801891
185 0.381083 107.979272296798 2.045405 0.671299133541259
186 0.563765 80.7951542000214 1.743932 0.64111485628725
187 0.391083 113.646343135022 2.00703 0.741975886577947
188 0.503898 111.462707514692 1.865563 0.663690805033384
189 0.357996 117.590672079367 2.069224 0.737740173702998
190 0.491269 108.352668360242 1.857738 0.700220833366748
191 0.469373 89.7528968628247 1.857422 0.659424842011979
192 0.309082 98.9457633594695 2.090719 0.710869784269033
193 0.509431 124.213571556048 1.826213 0.708672587892361
194 0.295923 113.503601162257 2.161811 0.726020400346336
195 0.576852 91.2804463487279 1.657665 0.604002568444868
196 0.30837 121.139864992744 2.143945 0.721086834612684
197 0.567015 100.441875515937 1.730165 0.71544312578599
198 0.460921 104.937390373235 1.927075 0.668408693819087
199 0.202625 122.133263197431 2.224154 0.765377671357358
200 0.424772 114.857064556267 1.981926 0.691875413876959
201 0.204193 121.775522482911 2.228475 0.758877258862049
202 0.292117 108.702196265005 2.08234 0.755026025511406
203 0.415736 120.398865086133 1.989653 0.740018824483089
204 0.63142 99.7848246227545 1.572859 0.62026806129708
205 0.483762 116.623287834928 1.902732 0.692208209946328
206 0.350865 114.7773333306 2.044249 0.678628632115215
207 0.488989 107.790152496994 1.876789 0.660550401175131
208 0.45889 110.717540805057 1.919712 0.581661732840997
209 0.329911 121.998713381116 2.126704 0.690140252917285
210 0.253743 132.528243038537 2.200404 0.777109292582752
211 0.189953 103.460283526396 2.243016 0.757342266430252
212 0.490668 86.526921310978 1.844062 0.637650878199603
213 0.419886 108.017279022403 1.992427 0.730190711256072
214 0.547233 97.2095380802114 1.765337 0.705014447260651
215 0.499043 117.050983080397 1.876766 0.727802579666546
216 0.378421 118.189011345855 2.009492 0.719978672046129
217 0.631446 93.5740443609264 1.563202 0.622771954050101
218 0.578582 101.697915926137 1.717196 0.705256112584459
219 0.297311 116.384373891465 2.152368 0.760542563507474
220 0.644837 102.567353052564 1.521043 0.662225920502842
221 0.499947 105.193340303979 1.76046 0.625168816888837
222 0.517058 110.055223029667 1.816349 0.639856905532521
223 0.616026 102.760813153028 1.610661 0.680264525500466
224 0.425552 104.070271630045 1.994601 0.725046111062829
225 0.28235 125.161870978484 2.168736 0.787269807327083
226 0.125502 125.5130755678 2.276067 0.778811007905012
227 0.305412 125.830811844429 2.15385 0.73576597953593
228 0.541899 113.450589777086 1.773489 0.638254050076658
229 0.469358 106.298157698338 1.904907 0.693434408873856
230 0.376988 115.043789077728 2.060607 0.655279221240667
231 0.762364 95.8624821546818 1.118177 0.587179578663076
232 0.445864 99.2772880370571 1.956719 0.637152531688827
233 0.068171 135.800410031381 2.295395 0.760107632775753
234 0.35334 115.964199653014 2.055501 0.660792076620344
235 0.668127 98.3507539553799 1.415152 0.598093894660768
236 0.566597 82.3090209725815 1.688008 0.657372600362735
237 0.425583 103.977823956572 1.955821 0.744457109944333
238 0.419885 119.807196163162 1.968623 0.62677225064869
239 0.280912 116.844682316677 2.157462 0.642920759167051
240 0.496208 84.9904131934838 1.862089 0.651505885928295
241 0.655252 90.4153654494296 1.492862 0.608887028185914
242 0.328926 122.043447051899 2.067592 0.681527100881303
243 0.609656 106.506098682608 1.639607 0.623171085352485
244 0.240567 121.770530286625 2.188385 0.703833070613719
245 0.440095 105.609726326789 1.960102 0.7100830170717
246 0.247655 125.701101920458 2.198178 0.751303364254849
247 0.494862 112.788964141119 1.862606 0.692935538003076
248 0.258078 114.907119183585 2.194262 0.785380537839596
249 0.459681 118.784251245186 1.898146 0.666448532488211
250 0.384292 113.390090714962 2.03415 0.726416280349296
251 0.301127 116.98901457194 2.152657 0.739052963058978
252 0.626131 88.7358024818862 1.583568 0.562232271736655
253 0.549011 96.4701955599451 1.724475 0.64469840851394
254 0.799909 69.6072027365498 0.917941 0.492849225926409
255 0.73284 80.6562699975396 1.2205 0.241749787113672
256 0.606583 81.7891612542671 1.635077 0.569702206478258
257 0.511765 102.167022010097 1.804728 0.680639522617779
258 0.538733 103.62235067169 1.72553 0.687560578270739
259 0.358914 105.164592531913 2.052441 0.704806163822816
260 0.204876 119.227731492737 2.237042 0.70581452519793
261 0.429935 111.247571828614 1.912931 0.715002632627039
262 0.497412 106.77494862818 1.857842 0.659335004273787
263 0.648687 78.3387596896494 1.494921 0.5819136330025
264 0.483231 122.522512420693 1.885021 0.720755337988221
265 0.269856 119.946937517643 2.17548 0.757905640209974
266 0.575883 93.4534958394138 1.685891 0.677555565998726
267 0.806806 82.4563613822397 0.894311 0.284047670648031
268 0.510536 107.457487568167 1.850389 0.693625905729903
269 0.455823 114.71038197606 1.890399 0.649146296920132
270 0.567816 96.4899889641902 1.693508 0.649259476136498
271 0.347857 110.883161981885 2.088791 0.677289535255292
272 0.354886 118.828490777019 2.081783 0.730098505952336
273 0.428335 101.610123888474 1.975758 0.665113001320981
274 0.561527 103.335654531169 1.721776 0.578540049059657
275 0.287399 124.356302834101 2.155754 0.726042951561414
276 0.404854 105.472876863798 1.964943 0.698984589522022
277 0.291678 90.2729137737721 2.11908 0.688472703800841
278 0.690132 107.305876981944 1.370781 0.649977486026897
279 0.581469 96.5773894595417 1.667245 0.647900323889931
280 0.371363 105.989927739701 2.055447 0.69880657618439
281 0.070507 132.432995751542 2.294565 0.72920755061275
282 0.28622 133.262527066546 2.162789 0.752843544597161
283 0.574516 107.055268863735 1.641401 0.673091802111284
284 0.492277 118.174521238023 1.878606 0.748996763474133
285 0.359325 105.363543492745 2.088411 0.691295129463697
286 0.443455 117.470571864823 1.94582 0.722055412061693
287 0.570014 114.344637535466 1.689993 0.698128163599867
288 0.445379 116.94123370495 1.933352 0.725320235715203
289 0.383797 114.59497624753 2.041808 0.718062877021626
290 0.278059 115.870110155617 2.174047 0.782027605499816
291 0.584759 119.476903221324 1.684664 0.719320230690434
292 0.430637 121.32828485711 1.991322 0.709458456458401
293 0.650067 108.743596401197 1.518133 0.647417315623998
294 0.34323 107.604992603739 2.106673 0.678989065893857
295 0.454692 108.017314378869 1.925393 0.678464654702411
296 0.656822 105.059382981255 1.503753 0.645442845339543
297 0.194119 128.965767250504 2.244005 0.758974247105042
298 0.319598 116.753728852911 2.106051 0.732651652169578
299 0.253944 103.584628047228 2.169323 0.725719989027886
300 0.712554 101.637918224464 1.309394 0.564191780280251
301 0.409289 109.3889772548 1.984615 0.68423175449191
302 0.249972 108.820383831651 2.199559 0.642183928232266
303 0.447123 118.400938738426 1.967386 0.693675534559098
304 0.748461 89.432208632568 1.127028 0.532933971695357
305 0.481427 117.401059215178 1.896843 0.717146191821799
306 0.376792 120.108316734748 2.037991 0.723125388760852
307 0.085837 129.748071919741 2.290234 0.772438568663264
308 0.300869 116.631548709266 2.142403 0.72589858899306
309 0.266202 118.967956944249 2.1856 0.69363003038412
310 0.328647 117.085190362694 2.108638 0.683809703257809
311 0.190809 128.937114594145 2.244885 0.770403177806257
312 0.310575 124.086343978569 2.135032 0.757752849508693
313 0.394383 137.777210321402 2.043852 0.682703851307222
314 0.297838 110.408727884439 2.118995 0.679592929329944
315 0.690802 96.0677516854116 1.282336 0.624305671358781
316 0.474032 110.290857824337 1.923413 0.722180027454759
317 0.610217 96.9132114777303 1.59186 0.696198505431799
318 0.336283 105.849105070119 2.109047 0.697826940829707
319 0.552504 92.8513506935005 1.729113 0.651573009765101
320 0.432651 108.513608115732 1.976794 0.692754723154955
321 0.527868 112.185981089194 1.808119 0.662612908188777
322 0.411321 104.107778331532 1.955368 0.734482830080714
323 0.334439 117.502594089172 2.100146 0.705759112161399
324 0.397354 103.068138747896 2.032118 0.664092988260515
325 0.320208 118.481854073014 2.135848 0.726202511049228
326 0.12084 119.574184099915 2.2788 0.781969797485045
327 0.430771 104.99515252881 1.997367 0.721832742250387
328 0.524056 96.4216934765159 1.81608 0.657409379389733
329 0.572646 105.367759212094 1.713405 0.694253395255988
330 0.523959 102.431346770608 1.805533 0.704942200034482
331 0.397409 115.708133191328 2.040695 0.646942199123333
332 0.358581 105.744640312138 2.063985 0.725024220377563
333 0.476278 122.085995164798 1.879273 0.587821234182544
334 0.428349 87.2259768323359 1.92139 0.703155423577724
335 0.151014 127.608260652561 2.265894 0.744800554522457
336 0.539573 87.9631054041713 1.781932 0.692832438613249
337 0.365167 121.08205921937 2.045578 0.746049057868445
338 0.371107 126.701112936164 2.055063 0.734885521838636
339 0.41889 113.039774674368 1.958864 0.685687528481395
340 0.3519 120.420396160207 2.097926 0.718753474168695
341 0.487678 99.5110770419931 1.869265 0.68664799768205
342 0.387932 119.237900655956 2.052366 0.729159705044731
343 0.333985 116.390956578419 2.09777 0.721832506089784
344 0.3719 101.187260024585 2.03941 0.701139430828706
345 0.244253 101.661066251785 2.193555 0.696657419065009
346 0.589176 114.47856584729 1.696936 0.753287889336332
347 0.263244 112.167092176617 2.16197 0.692957499838944
348 0.660794 96.7404858560575 1.428608 0.556265151757533
349 0.341626 117.156227300972 2.053998 0.734027086856364
350 0.417152 115.509986718183 1.970702 0.706623912435011
351 0.647807 98.2237208026119 1.527205 0.626925268918695
352 0.553746 107.134563201548 1.761023 0.723361914927578
353 0.610161 87.5459533053431 1.624394 0.654033243908626
354 0.424867 113.296028806998 1.970493 0.679751880902643
355 0.501747 85.8626933001388 1.802628 0.622800870439449
356 0.743188 96.6533234934542 1.163805 0.523992095318483
357 0.493497 102.741008482596 1.86087 0.67909641581427
358 0.325819 120.61934790463 2.106448 0.749505313639352
359 0.800213 92.9966185917426 0.944352 0.588628739750752
360 0.585913 83.6581772736181 1.672658 0.636371803167971
361 0.587301 97.3006418016669 1.648537 0.680715421958566
362 0.564979 113.256775121895 1.741835 0.737305180681736
363 0.303078 108.270799779159 2.086807 0.688319261666424
364 0.461306 103.354091274392 1.861828 0.674312966254176
365 0.390098 92.5530439556322 1.994104 0.680415265424873
366 0.602959 108.578731057045 1.589711 0.673169466386741
367 0.653958 89.570441214736 1.511671 0.667568426862268
368 0.3988 101.708661295219 1.990828 0.71222065727858
369 0.260966 114.164050293942 2.156406 0.73091166098863
370 0.533667 107.53857145609 1.741994 0.642102119617029
371 0.500276 113.33554713697 1.838184 0.693876297152464
372 0.56123 113.250008986647 1.684554 0.717773475637526
373 0.43481 102.812085555699 1.98785 0.660758023120345
374 0.242225 113.293204981511 2.20333 0.697561086731444
375 0.689252 106.258758269565 1.256889 0.515287027537721
376 0.583784 104.818973600537 1.639704 0.676199373256419
377 0.607025 92.7839359777283 1.652758 0.632910973788716
378 0.044551 128.824799660655 2.29949 0.749992254443802
379 0.261421 104.86962020926 2.182179 0.635081581446693
380 0.321611 108.90310208696 2.137498 0.680721830173728
381 0.447528 100.993328894204 1.934164 0.727005568725571
382 0.328894 101.753299945646 2.059566 0.672525999920698
383 0.427018 109.847270606974 1.994123 0.724197158380339
384 0.365425 113.362901072983 2.07123 0.754780867461998
385 0.364493 117.860566167731 2.077517 0.747705887696775
386 0.506783 87.0113035588132 1.815941 0.652035478816921
387 0.483072 101.385556741857 1.851398 0.743147864752762
388 0.731887 100.042532568525 1.192497 0.614311794008386
389 0.426489 104.808191664271 1.927529 0.709324867837714
390 0.48155 114.930783669675 1.879783 0.679017814931163
391 0.646581 102.164849968201 1.529595 0.721496038108366
392 0.56073 98.6901495925549 1.661852 0.705926050150127
393 0.299395 106.373034183823 2.150983 0.720291142647582
394 0.46551 102.457518645987 1.885189 0.667296440440972
395 0.345683 115.563703308555 2.063765 0.644848195549871
396 0.203322 120.310461128768 2.236544 0.698815332985141
397 0.522141 89.2197792090405 1.794977 0.636596026617653
398 0.44632 105.256071990877 1.928374 0.736228055484482
399 0.282664 112.909411176494 2.100561 0.702069676310521
400 0.458655 105.261340726638 1.927832 0.703731195212953
401 0.433842 103.374741946584 1.988939 0.696782516444923
402 0.166059 132.747071351704 2.259948 0.768906218023971
403 0.337817 117.810229715165 2.097171 0.672066073367935
404 0.187149 117.550958296474 2.238578 0.688035706812932
405 0.424036 100.42571788283 2.001619 0.71906660151767
406 0.582166 100.773172564164 1.688246 0.702635913324126
407 0.835955 90.2925166650364 0.705055 0.462874870202108
408 0.36631 115.040647099476 2.080132 0.76866627979645
409 0.434486 101.553671508717 1.963303 0.738379303381832
410 0.549371 98.0208244455826 1.726951 0.694407345341697
411 0.503148 95.0158643903571 1.81462 0.656594830316282
412 0.389378 115.873725913155 1.978057 0.707854902278408
413 0.328816 109.171573066008 2.086508 0.7111563428596
414 0.371267 125.076739550303 2.069506 0.753706260844901
415 0.339373 114.491206466478 2.100651 0.740532060533557
416 0.503857 100.608135333968 1.84949 0.64725285259885
417 0.393804 112.387154145264 2.048159 0.713298008044279
418 0.306544 110.477013879479 2.089447 0.705950744384519
419 0.405941 109.246722036711 1.98523 0.71538656088346
420 0.57211 105.79475134102 1.728117 0.664303724336245
421 0.526774 103.039754407238 1.833707 0.709199847688138
422 0.375187 110.780606711254 2.042906 0.659655889739243
423 0.599972 113.156087191659 1.643406 0.660142203077194
424 0.635944 94.3090905773375 1.536283 0.672220920302447
425 0.502097 120.168713144925 1.83724 0.776255092702248
426 0.628618 105.96198434666 1.565504 0.708064671975191
427 0.177289 124.704346155785 2.249852 0.769175120628686
428 0.334173 97.5707058377931 2.084935 0.653783506424639
429 0.358814 104.383451388375 2.06497 0.715621781913088
430 0.783513 83.3202033619661 1.031398 0.545834508822547
431 0.488223 91.6766616794417 1.846926 0.60002004271203
432 0.429695 106.032368612257 1.963335 0.674415627122151
433 0.510027 98.047191220434 1.814891 0.690327458714687
434 0.690324 102.060537604732 1.375958 0.645234560416164
435 0.548376 117.031811382715 1.748983 0.773806759794631
436 0.556076 112.252842705468 1.770855 0.672065433154149
437 0.301611 112.53857808123 2.144007 0.74266770191744
438 0.50596 113.542440514336 1.813589 0.703297395365162
439 0.540605 110.381090508945 1.770705 0.699729000613782
440 0.330945 115.137127491132 2.125264 0.675173301183085
441 0.518403 113.099888887737 1.850288 0.676263393209921
442 0.475044 95.8726653751438 1.886555 0.636554384882017
443 0.504381 99.6118463548413 1.830314 0.705802311026928
444 0.505019 99.8044197058235 1.819683 0.665506556174747
445 0.453077 115.019175412485 1.950113 0.712511935684143
446 0.182826 126.83325166111 2.246836 0.751336557251745
447 0.307872 122.458370013141 2.149972 0.725437628997033
448 0.277002 128.642062292279 2.178048 0.780294153917919
449 0.585407 116.424454957691 1.690147 0.73129794863129
450 0.569164 91.828295009664 1.692384 0.669316131152112
451 0.515477 106.425782283792 1.833291 0.69093764541396
452 0.452156 106.104229052022 1.954814 0.717853615889399
453 0.289042 101.580510816927 2.112531 0.66662563307035
454 0.68511 93.8662646986071 1.361517 0.573390880297678
455 0.504541 101.405051495848 1.839363 0.681431936936674
456 0.253694 118.373093804335 2.189895 0.742075250547957
457 0.304318 126.464062783107 2.149245 0.733919982015046
458 0.378103 121.072326103293 2.026999 0.715545169883186
459 0.464856 110.153310349345 1.918252 0.680589687619057
460 0.431731 113.161381972463 1.982606 0.675694788873646
461 0.401781 108.278042447373 2.026335 0.708360728391036
462 0.099757 138.007217913018 2.286964 0.782788460475499
463 0.208585 132.822785983681 2.23097 0.700838133581407
464 0.479216 102.626802406814 1.854975 0.681436665326005
465 0.384333 95.4846352871744 1.96953 0.688043181595393
466 0.518086 101.33665115801 1.805992 0.680561985775437
467 0.417245 116.832354873011 1.965712 0.677600669994552
468 0.42167 105.519112244895 2.008896 0.692726416797531
469 0.352667 108.034884166229 2.040564 0.693212185377088
470 0.527074 95.967469904423 1.801288 0.665068909074346
471 0.531918 99.6269684711353 1.790823 0.728500944775686
472 0.194641 110.472564200091 2.242673 0.784370599357125
473 0.460802 124.490468889817 1.93454 0.667018762198844
474 0.540071 87.1642037472621 1.710894 0.655003472931036
475 0.585475 105.0905045178 1.682453 0.577266184077608
476 0.462998 109.951458902694 1.892525 0.703020469736744
477 0.359406 117.131115732755 2.094495 0.726064245226633
478 0.465301 113.724006708782 1.92587 0.644763008342301
479 0.289178 119.361812097113 2.149849 0.709368881787518
480 0.562579 99.5531169374498 1.699148 0.673641524185751
481 0.489549 102.340159798053 1.899823 0.534523054501659
482 0.553627 98.4384689875126 1.771473 0.684770080788311
483 0.379952 116.011084448283 2.064797 0.723365203390205
484 0.385414 122.653091325946 2.056557 0.732636234372425
485 0.279232 116.004315719887 2.177957 0.736620246445515
486 0.613001 96.9975190041332 1.568479 0.665142857798637
487 0.320344 122.122472053593 2.134736 0.742167580374109
488 0.472545 114.305805075954 1.918982 0.731843145183844
489 0.486838 89.7672679654628 1.855723 0.567792216648747
490 0.422815 101.310338029941 2.005621 0.686112364317911
491 0.452063 113.964564294294 1.960739 0.72068108633313
492 0.538809 101.57383380057 1.761646 0.676792549773297
493 0.250487 111.133902837935 2.187757 0.765430561655357
494 0.471929 117.132686006823 1.890931 0.691517588124462
495 0.425465 108.559581192214 1.954194 0.715411244070522
496 0.348107 113.233430051919 2.027897 0.746389638156647
497 0.521828 80.7994895989679 1.763784 0.54365130892703
498 0.226145 119.412844467755 2.209228 0.754560449926967
499 0.508256 110.73527129823 1.844626 0.706574073959314
500 0.446683 107.193077169287 1.899222 0.728286353744547
501 0.498413 104.527329378247 1.823095 0.691657733388815
502 0.07548 115.898458988442 2.293551 0.753093517545612
503 0.322888 124.20476108819 2.085514 0.722442119178671
504 0.40827 100.048799623047 1.892513 0.645233668431703
505 0.54317 114.207025500924 1.78599 0.7260278966373
506 0.579604 84.9723597463462 1.70485 0.607558461890397
507 0.475454 108.783894169713 1.905036 0.697723006626104
508 0.451193 66.8675464658459 1.870598 0.645324304184571
509 0.383781 100.739766808162 2.025357 0.684227323887309
510 0.531145 92.4898799312299 1.784188 0.587091396558624
511 0.433062 107.155037678295 1.958157 0.710473790697915
512 0.409831 126.552949332382 2.031186 0.69035695634485
513 0.64035 96.3528350176617 1.512254 0.640518987083614
514 0.455467 96.1431858830589 1.929456 0.663199157686228
515 0.427082 112.419412885263 1.990683 0.712552282710565
516 0.334047 115.99561922073 2.101747 0.706244237519366
517 0.335324 118.874631899344 2.105172 0.751366262854851
518 0.577791 101.32243166959 1.672755 0.648049764684429
519 0.431876 123.122113105225 1.96149 0.746294698673664
520 0.377832 107.173124883598 2.041626 0.705451666932379
521 0.328959 116.229974677514 2.102557 0.726739185173058
522 0.648753 96.397235782757 1.48989 0.679902628232246
523 0.262277 139.459034614064 2.175945 0.718243200655856
524 0.410136 91.9307495883088 1.952091 0.642818913305202
525 0.718089 97.4394918216837 1.311231 0.642948808166394
526 0.409244 108.35882871437 1.944537 0.634715693472557
527 0.434453 102.913502232612 1.93688 0.722968824679304
528 0.36942 107.452561927689 2.078235 0.731827800587474
529 0.48695 92.5601535513174 1.807522 0.658613997265551
530 0.384517 96.8986294026233 2.035976 0.642587397835164
531 0.219296 121.957202535213 2.219591 0.722562639041443
532 0.505718 74.4367214351401 1.813024 0.64677684721803
533 0.398289 115.651414285907 2.007849 0.678917347305054
534 0.466049 107.381910396547 1.935037 0.659989078733622
535 0.422339 116.397579135219 1.997381 0.73860736221443
536 0.428604 129.036301509806 1.972947 0.739831525205704
537 0.098004 102.052975460336 2.286632 0.725209321681813
538 0.361143 110.442392019972 2.082336 0.652054680671991
539 0.554048 124.301846492657 1.756117 0.742794910403964
540 0.433625 119.043497461804 1.987955 0.669793483465302
541 0.233849 117.314846856475 2.179074 0.660883281714367
542 0.454407 116.534866233556 1.93166 0.732006765682685
543 0.437148 116.797880465345 1.928484 0.728570690764761
544 0.446183 101.160647329195 1.9517 0.693526740883017
545 0.269978 124.016030069122 2.169666 0.760300254162442
546 0.437011 97.4883572893387 1.878723 0.655494241876363
547 0.61319 100.789405916053 1.611921 0.660015111746301
548 0.389375 116.428530641882 2.002129 0.756228581974109
549 0.525522 106.719460335963 1.782651 0.703846946661837
550 0.350301 109.322923335869 2.097448 0.709307413233845
551 0.464115 85.2902970126839 1.86805 0.655557425564372
552 0.442742 91.6564772614652 1.907073 0.614375479389486
553 0.553423 97.336217208816 1.754724 0.575484088491237
554 0.455379 97.109145886454 1.875101 0.662542278171873
555 0.366588 113.105065149073 2.050424 0.751029298906005
556 0.545947 119.833090241605 1.74312 0.72128584242508
557 0.36473 115.638766886404 2.08344 0.725459476030306
558 0.40665 115.022405697736 2.01778 0.691773360010297
559 0.116764 134.651020926816 2.281471 0.780744071766698
560 0.261231 128.875370959963 2.19237 0.711106469096267
561 0.477707 107.220986163792 1.904724 0.727813487076163
562 0.454105 124.021746096024 1.942994 0.705737615827681
563 0.567337 118.230284087763 1.734334 0.720500887462089
564 0.393795 117.883701100643 2.024073 0.739651980098405
565 0.612325 116.491542160973 1.628515 0.707271353185284
566 0.512498 85.5223331112001 1.807484 0.650749565812663
567 0.370959 115.222366405003 2.066625 0.684503443522529
568 0.434727 113.801383597805 1.945165 0.737047005489862
569 0.383781 108.476816712441 2.025245 0.704449647195041
570 0.054927 127.35101491632 2.297944 0.737563506490121
571 0.241882 127.759649134938 2.202515 0.790886788345315
572 0.41188 102.740281250239 1.972489 0.686418014317973
573 0.585492 85.0479472504155 1.674877 0.648723634006814
574 0.562587 110.023292617792 1.720997 0.661234590287325
575 0.48799 112.106072158647 1.858168 0.758126038113588
576 0.456209 107.152171928847 1.872784 0.691242670094348
577 0.386023 105.946903680781 1.961409 0.679084014409908
578 0.342746 111.254845903104 2.098843 0.729825664813618
579 0.444987 116.612732747649 1.955568 0.71270713314589
580 0.534764 101.918900664815 1.793758 0.705386312537589
581 0.735971 95.6547851510058 1.213219 0.598790315749857
582 0.59832 109.452158684648 1.655346 0.671479383267066
583 0.543801 100.417375366836 1.778186 0.559512790499514
584 0.59581 101.59118673565 1.597293 0.715470166999324
585 0.495484 97.7269694994787 1.87789 0.668381213845422
586 0.273202 117.422583129112 2.149104 0.722720145596525
587 0.55263 95.3035374841182 1.760064 0.5807206806338
588 0.483057 102.182150838472 1.836626 0.671500195363603
589 0.426504 109.955464141829 1.977982 0.720872709570316
590 0.556651 100.935987629293 1.697663 0.676972841449007
591 0.561887 109.018757186217 1.758454 0.670962292612765
592 0.578053 84.2538181164921 1.686685 0.661495910441922
593 0.343107 113.219126299486 2.113545 0.688320005827011
594 0.361175 111.950968454297 2.052146 0.716773012428878
595 0.153413 121.032044879157 2.266174 0.754373658614364
596 0.403186 117.545709307762 2.034026 0.738832317113501
597 0.491154 94.0260002237131 1.815475 0.657963344895707
598 0.487173 107.075161832829 1.879826 0.68719536350255
599 0.620867 78.2911803573485 1.592802 0.565423800723789
600 0.354155 120.052381174482 2.068114 0.711476843850702
601 0.387163 117.973008984808 2.051212 0.713650767650228
602 0.525668 115.856663355262 1.820279 0.621462055295509
603 0.273822 92.4381119845125 2.168066 0.751376029821804
604 0.469078 99.7777960690297 1.888902 0.670908441042572
605 0.378249 118.844007623182 2.069905 0.72009551319313
606 0.427266 105.979932411208 1.951384 0.6844357389842
607 0.284868 114.794145457755 2.150145 0.717701510257625
608 0.534571 103.593436605389 1.78493 0.663998401638859
609 0.354239 111.338451215018 2.058982 0.716480743681268
610 0.66874 95.2986492295772 1.479109 0.652979724296356
611 0.196493 113.929279877324 2.235922 0.716184498847142
612 0.681508 102.022978980554 1.408039 0.613595141015953
613 0.461039 107.22920413181 1.909168 0.703169397173385
614 0.503649 95.8450502592309 1.863692 0.61719028698358
615 0.374573 94.8589447374985 2.076761 0.682297731164232
616 0.434397 105.738530424932 1.972991 0.71403822989168
617 0.643481 93.4525714068428 1.520209 0.626648600310721
618 0.307795 128.622761086804 2.113309 0.748606825235227
619 0.429649 104.813162378389 1.996961 0.714958729034685
620 0.322351 113.074485873869 2.132495 0.712541295228656
621 0.396301 102.414251807799 2.015796 0.702587640294616
622 0.673754 98.4937779724123 1.442651 0.564288377811413
623 0.65907 119.576709306367 1.496539 0.733572671233949
624 0.365465 120.203389505839 2.078509 0.716567135592343
625 0.34839 114.365323561151 2.072531 0.744945783050175
626 0.683747 101.267320153994 1.43798 0.595970485596755
627 0.137843 125.510279587889 2.270581 0.811969366825545
628 0.514553 90.5628334932307 1.788702 0.668011533085867
629 0.496767 118.401992596161 1.863428 0.668028629041528
630 0.504691 103.685508560655 1.870367 0.653101387280196
631 0.506133 98.9227510365798 1.806867 0.616498585783394
632 0.438206 93.8917188776039 1.956773 0.639876204940222
633 0.633883 97.7805988970194 1.51456 0.518499581171256
634 0.369918 115.122901258229 2.060451 0.702945120466832
635 0.44402 111.381005884925 1.92189 0.691542656285349
636 0.567723 95.4622312128598 1.714091 0.697044641692004
637 0.465676 105.410084051422 1.91738 0.602784943565216
638 0.379672 114.034387934122 2.021639 0.725517962692819
639 0.342021 117.051085436338 2.103864 0.619033197363417
640 0.458687 105.8113376168 1.934177 0.671726948486512
641 0.404477 111.623947176792 2.024923 0.727421605174305
642 0.379928 107.800106195224 2.037187 0.739571184399396
643 0.549034 103.9316693573 1.752995 0.679118152942849
644 0.473157 106.079390933756 1.866416 0.710249993782251
645 0.443663 96.3282393294795 1.967909 0.672940977133297
646 0.205459 133.807807351094 2.221815 0.795616939733913
647 0.372448 111.273302022909 2.069196 0.715095736285129
648 0.534162 89.575522373223 1.776168 0.661377902518823
649 0.584994 108.577638175481 1.679515 0.728397572175312
650 0.422961 113.513312963011 1.971361 0.68071962251152
651 0.32107 107.250194429971 2.121262 0.674657975551778
652 0.305112 111.521241439376 2.135605 0.69320169365852
653 0.303627 117.215046117202 2.143834 0.757706087033548
654 0.420789 114.81972802652 1.981462 0.684756301472752
655 0.295491 127.049905373976 2.151185 0.693983553463951
656 0.577927 94.2407816176547 1.673197 0.679930430137817
657 0.363899 106.4655977181 2.03622 0.689715204950029
658 0.23152 115.144981241748 2.206656 0.764938718767763
659 0.404462 112.585778971923 2.010452 0.673823729228917
660 0.678189 106.165216098704 1.451203 0.655413306473971
661 0.619357 94.5673478579944 1.581923 0.654848050567537
662 0.249455 116.059304031152 2.202056 0.723148218455761
663 0.536011 115.991166564129 1.795585 0.582168070955982
664 0.252407 117.133972056836 2.193454 0.721452088951749
665 0.562809 94.7447385177957 1.715273 0.644821586183012
666 0.507229 108.956471665995 1.82921 0.686532276203237
667 0.41564 111.046604303232 1.96314 0.702213226712837
668 0.221104 130.47548818722 2.223346 0.731557950721397
669 0.526318 112.436934803563 1.817913 0.726350663005046
670 0.518081 95.3916946224422 1.815737 0.577364667821572
671 0.426264 95.475975298934 1.983792 0.710511196895726
672 0.412675 111.427338470104 2.020895 0.681634778311779
673 0.595693 95.8133340194166 1.660631 0.692200107293612
674 0.561893 117.519546908276 1.741638 0.73296293094956
675 0.53286 104.796952313054 1.755687 0.659558896349346
676 0.609991 104.339511238469 1.604343 0.677962700391831
677 0.639767 99.8238487909412 1.526055 0.700676239969706
678 0.442357 109.194386068334 1.949524 0.688079127712817
679 0.608265 98.3224081628901 1.638997 0.65549174130657
680 0.166439 128.556742283775 2.259163 0.780719053347216
681 0.41286 109.205099996976 1.982966 0.654705551551578
682 0.216113 127.737484058937 2.22747 0.726159931214436
683 0.494318 115.500885209097 1.872927 0.7087437042646
684 0.497474 106.234518577998 1.868129 0.677904143763522
685 0.482059 104.231838375664 1.902645 0.694071228236868
686 0.458727 112.266802958848 1.930901 0.706591117653531
687 0.663534 92.8271703641697 1.448667 0.626980787040727
688 0.503129 105.875904530306 1.843625 0.693186058653835
689 0.245162 117.09690383631 2.194293 0.684545173012975
690 0.548621 127.583235588178 1.763398 0.753175376298709
691 0.550138 96.416097961703 1.781364 0.578180412003869
692 0.319522 106.563669008619 2.086235 0.71149419157858
693 0.506485 106.839439217912 1.853183 0.715185477832097
694 0.601919 113.736389919653 1.623901 0.67834128869365
695 0.322385 122.108954694522 2.137529 0.729554091304228
696 0.383815 108.866132673817 2.049028 0.754844660270557
697 0.277936 106.173244945788 2.14451 0.718790805981838
698 0.58286 98.1077481938468 1.69695 0.597533636876885
699 0.503712 94.2891282546625 1.836478 0.579187312762726
700 0.45268 117.237292717464 1.878437 0.657000749640629
701 0.379814 108.343768253774 2.020221 0.715436642918021
702 0.485484 100.821914743356 1.844466 0.709776695556408
703 0.187778 117.715046139197 2.227607 0.732771951963954
704 0.651333 109.74528232371 1.487241 0.595786858529192
705 0.418432 116.62231933809 1.967731 0.693975137694194
706 0.37566 121.291230959432 2.059975 0.695880759000998
707 0.561885 98.0631220214571 1.717449 0.686370885442333
708 0.310311 129.228329552288 2.142344 0.724713066211272
709 0.611178 113.148964876746 1.609876 0.691400762788
710 0.355263 100.99855308095 2.096564 0.669865599304108
711 0.263703 124.875471463652 2.174928 0.723253623910848
712 0.429355 101.562111590016 1.973372 0.657350418196036
713 0.670225 106.487518553947 1.423027 0.677073779310222
714 0.337824 107.529664426253 2.098064 0.710973131829707
715 0.444916 109.791968793375 1.952011 0.677505897898843
716 0.393621 117.498752482915 2.03497 0.755712790117281
717 0.477748 104.93966634931 1.855902 0.709756766134578
718 0.519081 97.5167817425318 1.770182 0.665223045728561
719 0.564165 101.815234944342 1.720149 0.681696391363736
720 0.431744 92.5716870017258 1.960808 0.692292323960838
721 0.497388 94.1671943985205 1.875195 0.612191359337999
722 0.578775 93.4226127948656 1.634462 0.638332559461059
723 0.312896 119.087312424544 2.144848 0.737278944460468
724 0.215147 123.717621288238 2.228489 0.775956519406775
725 0.519178 107.790373690942 1.822653 0.685163329053827
726 0.535167 101.706822249307 1.74354 0.675944893361101
727 0.48927 111.055445744244 1.869238 0.719041271583329
728 0.504537 112.676246845118 1.86003 0.637039850022149
729 0.534217 101.419003590363 1.791238 0.636465118439772
730 0.224201 133.111243773402 2.22241 0.756220273153688
731 0.484176 112.797565859136 1.846713 0.726796489606658
732 0.561738 93.1303911433908 1.744623 0.648374180710953
733 0.335174 106.490214807244 2.038791 0.679726749777104
734 0.458091 99.6341101529285 1.920356 0.656927638204202
735 0.370106 104.147290597387 2.028662 0.729452586665711
736 0.273799 104.280576692422 2.145362 0.677647550930524
737 0.240146 117.884843884375 2.199263 0.70918645868534
738 0.595179 101.734265872563 1.658711 0.686651157593668
739 0.443711 114.450586617579 1.970915 0.687207414544886
740 0.448999 107.607478937628 1.929459 0.676147359355018
741 0.42785 108.323104193604 1.952553 0.601858780359294
742 0.499054 105.194921302839 1.859047 0.708502448200962
743 0.412976 121.303593160396 2.008098 0.699050834097597
744 0.397267 110.573876929837 2.017956 0.672274808031421
745 0.363709 108.57951375938 2.064662 0.657222110725606
746 0.223244 129.421452726496 2.217298 0.732684598927407
747 0.6454 105.495341085974 1.422569 0.666623671899849
748 0.403242 91.7053366856108 1.993906 0.690615323952382
749 0.499969 116.718512609727 1.868799 0.652765836092228
750 0.350336 112.169333164471 2.074257 0.715290048392687
751 0.535201 115.942255976225 1.806762 0.656331834269746
752 0.368542 114.660595797352 2.059359 0.727954103957624
753 0.340895 113.658845239538 2.097869 0.727792928426269
754 0.451164 100.566619168631 1.923433 0.72846758953267
755 0.444961 104.376932506035 1.954754 0.706904077703937
756 0.421744 110.876251165252 1.981583 0.737611399919692
757 0.509965 96.8713487205193 1.819368 0.684020204865555
758 0.520596 98.2517637804114 1.754364 0.6585431966016
759 0.611842 92.5515229591714 1.638092 0.540733211474728
760 0.58117 94.4203223106784 1.655385 0.607053115975064
761 0.542385 105.756376600842 1.776108 0.695645154875901
762 0.625959 94.9460192377311 1.580968 0.665847069906272
763 0.414856 105.445103926538 2.000034 0.719023041493385
764 0.250015 123.624076981707 2.196564 0.754041161848328
765 0.264268 123.225342850295 2.184613 0.676000208578894
766 0.075562 128.263492932365 2.293476 0.751311594266867
767 0.229106 109.264015177255 2.207419 0.719591152438239
768 0.348377 119.572033985507 2.066098 0.694700499876949
769 0.489552 92.5914415311757 1.862097 0.66651126032078
770 0.4789 111.35427381392 1.877724 0.728922078838063
771 0.251615 118.776645345022 2.169635 0.733527391932137
772 0.265084 120.849676148877 2.176865 0.770379795838299
773 0.429843 109.015013235548 1.896094 0.680189479474442
774 0.518457 99.270417637343 1.819463 0.630136639759766
775 0.173775 114.165266216393 2.253571 0.742319468560584
776 0.67687 98.8466416071112 1.449568 0.620224595436388
777 0.600455 103.816383622105 1.648776 0.678478771916637
778 0.633559 99.7583842506446 1.574994 0.586598355305506
779 0.714593 79.4353354827081 1.287166 0.505254784272126
780 0.541269 100.099927430821 1.771626 0.607231939624092
781 0.636747 98.2697763260918 1.514003 0.63710149516861
782 0.638102 100.013250899901 1.539779 0.665398988227999
783 0.420665 106.761763871407 1.953204 0.717991095154793
784 0.547381 120.090519051896 1.768953 0.678323288907696
785 0.485982 105.436900647253 1.903907 0.692224986541241
786 0.501588 110.746552379694 1.853918 0.742776597312091
787 0.426052 103.054161832002 1.971019 0.683526035071459
788 0.378893 116.806168680224 2.007739 0.732824784655864
789 0.34578 113.998793449173 2.07989 0.667203826662389
790 0.47563 112.662287615698 1.912844 0.685445885288098
791 0.281732 117.476238008727 2.155461 0.711510391897313
792 0.543866 112.875939815272 1.778424 0.769991456415607
793 0.330134 116.658852721264 2.101458 0.737273835127454
794 0.14667 116.516181922469 2.26664 0.72331134457254
795 0.368628 111.3564698917 2.076342 0.644071594336291
796 0.538105 103.196338060449 1.798085 0.665151720948136
797 0.567425 129.576012118701 1.604927 0.756823243276738
798 0.407754 103.692417823946 2.020143 0.70459666720152
799 0.395508 122.513647290388 2.016415 0.731743832426962
800 0.351765 121.668906993031 2.102707 0.769818243640706
801 0.451868 117.813894724393 1.953765 0.730854519701567
802 0.336695 115.960704262294 2.092457 0.708715293219275
803 0.37214 117.828695514298 2.0529 0.727820831403937
804 0.145731 133.755129808105 2.269404 0.776262867921485
805 0.408382 112.220588821645 2.00507 0.704335280309893
806 0.481191 103.743141208026 1.89626 0.57046409423565
807 0.465883 102.469688515071 1.852221 0.673400103223329
808 0.646095 106.082077512293 1.540937 0.635849574634179
809 0.454646 104.834489603996 1.915951 0.689718299319562
810 0.440009 98.5379269892934 1.902529 0.677137378579551
811 0.394686 107.39775287464 2.046713 0.690418074100888
812 0.527357 114.680785727059 1.829209 0.728296727317215
813 0.430507 106.391349633895 1.97598 0.68623970462814
814 0.530229 124.553550684491 1.786296 0.749213813879096
815 0.589304 95.9366786006889 1.684174 0.585560938436665
816 0.405628 114.01646492788 1.983505 0.714504302863089
817 0.202879 105.938202110772 2.230746 0.692556985348854
818 0.539147 87.8246228876834 1.683754 0.622381833253646
819 0.602963 95.4864179177329 1.599231 0.62880653117606
820 0.620384 112.023385480997 1.54324 0.695016977114267
821 0.513267 104.065250572667 1.838522 0.646275501166584
822 0.553742 105.52458131627 1.767512 0.698140844500021
823 0.374643 115.331320150342 2.060125 0.700071089025744
824 0.414514 115.577170403685 1.940784 0.672532618611221
825 0.559627 109.243460651634 1.740239 0.687219861566321
826 0.414388 104.225534332025 1.988277 0.666320234306269
827 0.412199 108.773903181588 2.019534 0.708535353389286
828 0.515651 115.532965918484 1.787554 0.707701360139785
829 0.520987 103.098122357996 1.745778 0.690732319151992
830 0.597663 114.418483296846 1.643579 0.671538664043282
831 0.435276 95.9604538510777 1.922447 0.657376599303895
832 0.381517 115.357967183408 2.04273 0.697114461242075
833 0.324272 103.23352564087 2.050058 0.677390995648918
834 0.15449 131.28061671208 2.265225 0.775160092680239
835 0.34694 122.756090703452 2.102281 0.710229657271126
836 0.463356 108.458030141245 1.936614 0.701275996379148
837 0.643501 86.256911128135 1.555956 0.680051300555654
838 0.227946 112.781490134185 2.206187 0.655017659295397
839 0.459245 92.664589620993 1.901212 0.735725133886407
840 0.534477 117.693811594738 1.784302 0.712416524293089
841 0.652252 96.8029850813816 1.504651 0.600102408929608
842 0.391924 107.933630589268 2.016456 0.678027478966282
843 0.562992 109.528465003501 1.747754 0.667293078106921
844 0.332103 114.80593931 2.103427 0.721212169857412
845 0.347567 107.227292010876 2.085175 0.715471387488335
846 0.229169 118.025746218112 2.216159 0.738308554650614
847 0.612481 99.1147794879886 1.607582 0.68857838850757
848 0.517731 105.930744531712 1.806055 0.718208097188437
849 0.548573 110.647662668456 1.749415 0.668966319648664
850 0.413252 96.2539281510382 1.937309 0.622546707074466
851 0.516796 108.436404704384 1.74005 0.667277993330145
852 0.103095 119.395138028436 2.285969 0.791171027533503
853 0.524637 94.5445215928259 1.807766 0.560788595896067
854 0.195928 123.185909753004 2.234527 0.748422976409871
855 0.516335 91.5482034885358 1.769238 0.674133891315507
856 0.310447 118.451765476661 2.135524 0.707350329411163
857 0.545351 108.192486701653 1.783163 0.639167493152295
858 0.6578 89.8908886329952 1.459694 0.578174546905231
859 0.372816 112.861181062316 2.07739 0.697709477194701
860 0.402251 99.5173651869481 1.944231 0.644481951174815
861 0.259387 121.706761228201 2.197439 0.75992600444518
862 0.447978 102.265807478897 1.935498 0.68061337143843
863 0.540563 87.873369478701 1.732958 0.616513131712924
864 0.257169 117.112011252166 2.178833 0.741919160825197
865 0.427824 108.033195914976 1.940299 0.638764064933047
866 0.362579 111.265411724761 2.074414 0.724049674936608
867 0.414884 92.8939950944529 1.935842 0.651291564946673
868 0.518326 111.53591616148 1.801628 0.731941350135661
869 0.516096 123.523559043331 1.777765 0.673425451153616
870 0.389032 117.946590953509 2.028108 0.688864382872049
871 0.674167 105.532106179589 1.401716 0.691657293364222
872 0.191939 128.575703876991 2.244308 0.721511156056079
873 0.530005 102.921653198309 1.756607 0.669360836940873
874 0.399445 117.763332234332 1.995438 0.680730210573074
875 0.491741 95.6120403424798 1.801197 0.668366763067
876 0.737184 80.119014535431 1.231556 0.545380596864283
877 0.095974 128.380382383626 2.288416 0.760788426079422
878 0.542816 110.45111751529 1.711694 0.597768223430517
879 0.322042 97.7404604242982 2.102004 0.696539757427677
880 0.396861 109.939353332366 1.990967 0.703206037410731
881 0.334795 111.414029390194 2.104081 0.6672937385117
882 0.367568 122.508005679334 2.066959 0.753992467782188
883 0.473256 100.592934968835 1.914977 0.676601100052381
884 0.302451 119.76216466618 2.141046 0.74105544434444
885 0.292924 125.996776892023 2.163355 0.71157429474673
886 0.624624 92.5767672640329 1.551487 0.566731070529524
887 0.599002 100.298972599693 1.654706 0.683419383546319
888 0.321015 122.091436662034 2.138224 0.738300619228688
889 0.407956 113.672954188792 2.00305 0.62458866551102
890 0.448406 111.927910947469 1.891041 0.590452727203618
891 0.337439 109.055671389465 2.104433 0.661750678134467
892 0.413585 106.202969632484 1.979457 0.66729313744659
893 0.629935 106.072332254158 1.575949 0.69317312120584
894 0.266254 127.901222501554 2.188734 0.725711919496327
895 0.522782 103.465393165656 1.820223 0.668850679675732
896 0.390703 114.651349579491 1.979611 0.65904290043568
897 0.539865 105.850936464579 1.738493 0.674014685539615
898 0.629379 94.5134833170628 1.574872 0.646771478519973
899 0.607583 90.8452246330253 1.599638 0.583187477919294
900 0.642063 92.8325709075464 1.517415 0.539514290324987
901 0.569545 94.226472978349 1.693437 0.669384150982595
902 0.592722 99.346004405525 1.657111 0.654914081002597
903 0.408491 123.358450583917 2.024858 0.753289731851425
904 0.456881 112.481720902272 1.915636 0.68585420938934
905 0.583423 99.0452538858759 1.6881 0.667009175435161
906 0.43061 116.238045644826 1.958568 0.698905591754347
907 0.463847 101.900918778425 1.915545 0.727157283067307
908 0.340659 115.434003528976 2.078507 0.693192462899735
909 0.476745 103.799514621559 1.900737 0.708255477915037
910 0.268314 112.892594895709 2.162026 0.613589457059662
911 0.366604 114.594090367694 2.06221 0.727518920083821
912 0.165719 126.025322599389 2.253696 0.720426460925037
913 0.212794 123.430241870934 2.230217 0.689414496766932
914 0.344721 110.120596873209 2.076307 0.676467460111404
915 0.248679 109.997539535191 2.205746 0.745344155756301
916 0.261267 107.625038558814 2.140429 0.700624552377717
917 0.205234 119.369368388819 2.231315 0.660876167809443
918 0.302355 126.426998790622 2.152468 0.735344213203447
919 0.50686 102.520604235303 1.817461 0.715692916146714
920 0.443827 109.683281703423 1.949291 0.681558010336528
921 0.424516 108.381159176511 1.948273 0.676113705452189
922 0.189232 133.877285652685 2.241824 0.776435914271571
923 0.526541 107.271414645092 1.832951 0.687774705874585
924 0.182662 116.837752764383 2.244546 0.727182770064495
925 0.67582 123.147935992673 1.406182 0.686986142648311
926 0.337091 126.881186033162 2.118525 0.708786489077943
927 0.45781 98.3576486656634 1.925642 0.700269783612284
928 0.375885 93.5880039564363 2.049092 0.621896905537412
929 0.442911 109.266497769691 1.961766 0.727532668575149
930 0.58645 102.758245617957 1.676288 0.67998372276312
931 0.373832 101.912493972109 2.023676 0.456425323896193
932 0.41945 111.159262194429 1.988782 0.71154784601347
933 0.213419 124.527469758162 2.224522 0.768870052270721
934 0.430362 113.302530698114 1.923666 0.745307587993538
935 0.375265 119.83943079466 2.046115 0.718583880426948
936 0.382581 114.506722166894 2.04175 0.706637130704557
937 0.298066 128.760269811775 2.134292 0.778153081098004
938 0.394986 108.775560607652 1.98472 0.625738867893898
939 0.503442 114.56311712557 1.816477 0.70073473725189
940 0.350416 98.13424715052 2.062533 0.707264305720961
941 0.378432 109.181666161975 2.037221 0.710664769909062
942 0.338165 111.338319203466 2.119003 0.70366023578322
943 0.323091 121.546443707301 2.11163 0.725022674905463
944 0.46728 88.0597640005592 1.878941 0.653344573689618
945 0.545314 100.280359934516 1.762726 0.676391852445777
946 0.540974 109.975242588382 1.78287 0.642528039943558
947 0.342545 99.1743858271023 2.032943 0.714708520522326
948 0.371323 112.815455273115 2.02866 0.706280021422706
949 0.78178 93.0138625773927 0.881488 0.533991165822086
950 0.093874 118.243886960429 2.288764 0.774484279839323
951 0.447393 121.304582153201 1.959965 0.689718693765237
952 0.326241 120.722233598597 2.079478 0.674779503566258
953 0.588973 99.9826738823577 1.665264 0.674981290507771
954 0.470708 117.293181213554 1.866712 0.738067035267949
955 0.589844 91.5774985406301 1.652373 0.622378438123901
956 0.089454 134.577792124305 2.289303 0.771316170531856
957 0.440231 105.096099626408 1.904578 0.693203238745332
958 0.693951 85.05129980324 1.378858 0.573424263985252
959 0.589619 99.7510675211137 1.675493 0.651345722468082
960 0.377291 101.115280893115 2.013503 0.724781603301201
961 0.508248 99.3226176840795 1.836166 0.702428960091975
962 0.498163 114.05978514712 1.870578 0.697302498712965
963 0.370489 116.017517295352 2.054246 0.713364344826468
964 0.624078 107.285850289048 1.576161 0.676457902923469
965 0.434118 114.901858563612 1.96419 0.696071689698042
966 0.220593 111.372031765561 2.190054 0.723703611915139
967 0.172353 109.591095997449 2.242135 0.702639587419862
968 0.696729 92.4304108167678 1.365395 0.642028935970411
969 0.616444 113.43677939429 1.598412 0.692323471688712
970 0.60563 105.355693546061 1.600797 0.679530792475415
971 0.189289 126.567193781783 2.245906 0.781917248216901
972 0.377185 93.0899096275316 2.01674 0.666083439391764
973 0.391604 115.329892035356 2.036495 0.725076345482759
974 0.380592 116.605713110721 2.034826 0.697770120878583
975 0.537038 99.5546926932175 1.734382 0.62515658093829
976 0.233555 115.630461457739 2.209481 0.664935188981368
977 0.377243 111.826835701284 2.064107 0.678844400507649
978 0.399743 111.383176579039 1.979142 0.720582046397057
979 0.559565 115.23815514125 1.71716 0.717352667244995
980 0.311974 105.951588660176 2.08942 0.730250424327298
981 0.388394 113.715563759409 1.997755 0.708403898475396
982 0.410025 122.373335244795 2.021438 0.75469541988601
983 0.42334 121.936201495885 1.99308 0.608248069085962
984 0.309677 109.445064476347 2.099733 0.720947277590333
985 0.14813 131.996646219384 2.266736 0.739408253057189
986 0.339502 102.625341443056 2.088729 0.695140400541626
987 0.435937 104.503616588764 1.905078 0.693683855160066
988 0.634604 100.606575304237 1.562162 0.56385545035642
989 0.289332 114.596221750071 2.111296 0.705424007333754
990 0.393438 116.357342108752 2.048336 0.701487915239059
991 0.5341 121.021339087593 1.80049 0.722909257315779
992 0.539984 101.250013993901 1.770966 0.635816358381509
993 0.702444 97.386630846946 1.364457 0.599662503272756
994 0.463366 88.5605776750993 1.905174 0.647876047506714
995 0.548681 95.7255930718791 1.715584 0.665325230732475
996 0.480062 100.840443429971 1.895158 0.648531368320953
997 0.315576 115.631377409308 2.13401 0.697358526960561
998 0.472081 71.8008272098953 1.849956 0.607311151107965
999 0.353238 122.944552014247 2.088597 0.729315003823064
1000 0.295939 101.503620933398 2.144568 0.652059887706897
