rep aei_left left_area adi_left H
1 0.60268 112.502683807359 1.616149 0.701190919594796
2 0.260785 119.84227856041 2.184398 0.806224622894577
3 0.445139 117.686561307376 1.942103 0.784739728948823
4 0.484718 106.115216792561 1.887144 0.722173651758194
5 0.470634 110.163732483674 1.878853 0.749914929377815
6 0.54526 109.150081835675 1.733831 0.770808321304957
7 0.313263 118.210849119244 2.093149 0.798415372165709
8 0.389019 118.117263947987 2.039855 0.794494454760778
9 0.404419 120.337504365668 2.023594 0.80009174611786
10 0.410873 117.562180806704 1.985348 0.815314898342005
11 0.437487 113.775336315565 1.986929 0.767642198922389
12 0.262549 128.458875808915 2.15975 0.821448053781497
13 0.361399 115.657180703261 2.056084 0.7795277447017
14 0.473115 121.532568253709 1.922149 0.748733814529344
15 0.226652 126.715529638578 2.21911 0.830139058409183
16 0.440754 106.747142123573 1.945859 0.747523847164694
17 0.521894 112.245039432266 1.70925 0.78189567142948
18 0.422769 118.381175473024 1.94234 0.798234989828819
19 0.325773 120.16304036379 2.112878 0.793363333890093
20 0.485949 114.995880765267 1.876905 0.766469688737388
21 0.348938 119.934581464723 2.086052 0.808469620879276
22 0.3636 121.928308342918 2.071753 0.819841094174874
23 0.399078 120.733927601805 2.011131 0.808795922295783
24 0.588561 106.885486770239 1.680637 0.734154835460921
25 0.517991 119.265821708547 1.802272 0.777164883731811
26 0.615563 111.013059873054 1.619901 0.743795162244672
27 0.43661 118.800689194081 1.967747 0.76180382289625
28 0.299055 116.119133889951 2.120607 0.739745283207007
29 0.235022 126.480593408995 2.195784 0.833791257901998
30 0.322587 118.761318475792 2.123704 0.811625199296536
31 0.43634 116.413341295665 1.922748 0.777212190109874
32 0.447024 118.859057661844 1.931577 0.815061762880935
33 0.480437 119.012641173412 1.875866 0.766591378022903
34 0.346914 113.104458728581 2.080765 0.834741018381377
35 0.404609 114.907380858838 1.970003 0.772932417527802
36 0.554262 109.121540874532 1.738069 0.740083409579133
37 0.368552 125.212631956377 2.062525 0.810676841165069
38 0.556063 116.535383980701 1.761404 0.714685341886769
39 0.212888 134.740875411818 2.229502 0.845155875139529
40 0.368447 124.37796490137 2.082697 0.83837788799181
41 0.681847 105.435938690184 1.418285 0.672632031775641
42 0.424054 126.088410901977 2.004953 0.817808004177638
43 0.206475 124.601640299934 2.234504 0.822693446542274
44 0.201328 117.623029417646 2.201997 0.821096692978451
45 0.394544 110.358993400749 2.012143 0.756333613452156
46 0.4355 113.47797614173 1.913377 0.800417208021216
47 0.505532 118.701995544317 1.863178 0.78637460512613
48 0.504246 116.207749678167 1.801457 0.763305972354505
49 0.441114 118.4267610244 1.931371 0.758410825686159
50 0.40921 112.593963068967 1.995258 0.763358092765088
51 0.380991 118.015158955795 2.052771 0.797089529828092
52 0.452113 112.416465432236 1.956882 0.802598326727062
53 0.42662 116.370538884058 1.968925 0.782956218112842
54 0.539153 106.964185579744 1.747571 0.740452545089844
55 0.494332 118.869582040329 1.84751 0.791633275892944
56 0.347425 120.113654714029 2.090963 0.79090894914431
57 0.560698 119.586281037053 1.732848 0.779532769155152
58 0.44583 107.910777513921 1.914237 0.754621553625881
59 0.246302 125.40368225208 2.202452 0.825051656474692
60 0.494949 115.232504315258 1.830042 0.763963866317172
61 0.517734 109.575307167398 1.827076 0.764533452788544
62 0.446794 117.280508939402 1.960684 0.796299658877752
63 0.294083 118.045299845151 2.154931 0.790063718325193
64 0.465431 122.362762338605 1.921706 0.811967232595227
65 0.387357 118.615561288811 2.009556 0.811298809962481
66 0.243226 124.03317791765 2.201417 0.831920799607844
67 0.462024 112.455583889926 1.895553 0.761167484084865
68 0.423145 121.362955255563 1.9127 0.763008379436067
69 0.462875 113.910666740013 1.931903 0.763780457186419
70 0.387172 117.628764189794 1.973747 0.735706529199808
71 0.377517 120.181284051532 2.043168 0.800612575851309
72 0.511512 99.4511144698468 1.818586 0.747206324099523
73 0.492746 118.31004869895 1.874128 0.789166692175162
74 0.423826 110.875338123871 1.969084 0.779690799790092
75 0.328274 116.429693892782 2.113592 0.790573728076359
76 0.441208 118.83739481475 1.950012 0.827181285062029
77 0.48239 112.150225412448 1.89045 0.760395129758698
78 0.497477 115.585335072755 1.882236 0.765707346799595
79 0.394398 111.776107748272 1.985701 0.775849189841475
80 0.428565 113.70360233904 1.926549 0.786433484806323
81 0.42298 115.148207715852 1.915978 0.796920916310119
82 0.456033 109.477601641806 1.884937 0.776530012840558
83 0.497891 114.289023709105 1.860631 0.760386373839117
84 0.579559 111.7098629893 1.670791 0.767777454243724
85 0.557122 108.71493171909 1.711762 0.679043107762638
86 0.514501 116.903135672558 1.813114 0.755571946445028
87 0.410544 118.629848351317 2.007873 0.797672440506783
88 0.470443 111.059140984944 1.883642 0.795324104488032
89 0.426232 118.150766538676 1.954289 0.797034360498304
90 0.308622 120.596051883437 2.111307 0.735085570088577
91 0.301567 120.669900363441 2.131157 0.81661167632455
92 0.451588 115.569522280267 1.938104 0.790052315995285
93 0.474178 105.674203032478 1.861873 0.755190074406275
94 0.334659 119.068942122757 2.103741 0.818942556505258
95 0.469234 113.097711963045 1.880886 0.744255217508859
96 0.615646 115.793848194823 1.607792 0.781558697762366
97 0.449937 113.897419036566 1.926419 0.776245289659864
98 0.311775 118.354290110614 2.095752 0.789335680012458
99 0.445732 128.618785037621 1.964014 0.765834509838592
100 0.395544 118.920602557198 2.028313 0.817773830182243
101 0.568671 114.624180346922 1.683954 0.766774457719473
102 0.470226 118.305924791227 1.89984 0.813952398982928
103 0.385976 114.992417749259 2.04527 0.79190528717262
104 0.562246 113.424000530185 1.707079 0.758647510162224
105 0.518254 119.062733094098 1.801808 0.7758669818824
106 0.532632 107.767814309122 1.781908 0.730336890958834
107 0.539939 101.580807582444 1.736182 0.743091486575551
108 0.470556 112.807026553387 1.913505 0.776041092685071
109 0.430319 116.673990119886 1.969889 0.771784592411538
110 0.422338 108.26176619686 1.935909 0.753457952758159
111 0.456689 115.609250743192 1.947516 0.793034187597928
112 0.493312 99.8012009034873 1.845807 0.716766311346854
113 0.350532 119.987265149933 2.076372 0.777015434912866
114 0.395735 123.465246630648 2.01886 0.789959469733453
115 0.475326 116.092782104688 1.897086 0.764655085766654
116 0.293043 127.249389079063 2.165083 0.836703165144102
117 0.375398 120.709793619213 2.038536 0.788082812650735
118 0.585479 102.940447225543 1.652611 0.740028181088474
119 0.445195 108.929478510163 1.919643 0.773000571994475
120 0.431887 116.184344811334 1.948432 0.782821086343879
121 0.453201 119.349480758817 1.964361 0.787452875330347
122 0.301447 121.771806182884 2.156179 0.77269551800322
123 0.473082 107.534497636643 1.869201 0.734094226883387
124 0.382943 115.786456755199 2.024579 0.789041951172568
125 0.480248 106.82354628877 1.891505 0.732371247414956
126 0.38261 117.454987506343 2.036652 0.791553728341062
127 0.250012 125.500364933779 2.178908 0.819193507638361
128 0.304304 122.597852382041 2.13481 0.792294502668361
129 0.436799 121.371512663707 1.943929 0.781406001827512
130 0.297832 112.951052336584 2.154902 0.799482929569403
131 0.49396 116.975713496927 1.876518 0.77042130644318
132 0.309482 116.475580423888 2.116042 0.810621791636116
133 0.538117 112.154819331434 1.716347 0.74292892291468
134 0.434486 109.601678381568 1.92968 0.74680429018122
135 0.324545 120.73048651291 2.096281 0.806801801669824
136 0.409188 104.094668522197 2.014522 0.770463073998317
137 0.423168 104.408918179094 1.946435 0.74568448487504
138 0.3791 117.783356614739 2.052905 0.811682037196124
139 0.361786 119.943986566414 2.061662 0.796464766066739
140 0.468413 114.925014931396 1.8995 0.743141837201603
141 0.4115 111.848602698777 1.986426 0.778380075369242
142 0.358211 122.810829584687 2.051236 0.81297522737738
143 0.44181 120.169651804483 1.941757 0.814347116408517
144 0.406956 113.946245967907 1.951916 0.761944967469396
145 0.470689 114.391009968755 1.924397 0.743390649668858
146 0.351848 118.496456243887 2.035677 0.815732055661127
147 0.288162 123.629830447598 2.170329 0.81075220046834
148 0.497236 107.150378810758 1.817562 0.751369802718561
149 0.29804 116.56538660834 2.098709 0.809076241605941
150 0.498656 110.699230621934 1.836891 0.743166895783297
151 0.559648 115.74429862121 1.733882 0.757468493914528
152 0.434832 110.688022447155 1.958827 0.764287468994721
153 0.338841 122.057651080067 2.114388 0.786166055063716
154 0.257379 125.746449235253 2.166386 0.813491064542256
155 0.300132 119.901469825132 2.121716 0.799497034709032
156 0.384817 121.79874097712 2.047161 0.786494985283599
157 0.525291 108.882884252879 1.823052 0.758667752637349
158 0.413933 113.910822884023 1.988736 0.787540412529219
159 0.375418 111.355120180481 2.038477 0.805108409120073
160 0.372104 124.152569684271 2.018416 0.790201950221799
161 0.38051 126.44521559983 2.053992 0.803266427057553
162 0.449804 114.446086215832 1.901317 0.790929867784598
163 0.43132 115.609596737354 1.976042 0.780877711636996
164 0.505411 113.6391270759 1.834322 0.767431395400407
165 0.387845 119.599156952715 2.022769 0.767862981858447
166 0.352051 116.043546503875 2.074453 0.787344336897718
167 0.522587 113.640927074228 1.799811 0.751420114745765
168 0.468236 117.279166762897 1.913691 0.76582865846373
169 0.528683 114.557415572169 1.818932 0.753119854319823
170 0.524763 109.908567131147 1.781746 0.686669588794283
171 0.384673 129.442054437475 2.055141 0.801027176827833
172 0.439118 125.005720824395 1.964946 0.827502718966815
173 0.417548 112.761557138667 1.978635 0.778037315456359
174 0.446605 121.335966462723 1.950797 0.801477564774949
175 0.30034 118.679478267616 2.105621 0.801044770896204
176 0.4066 119.513816628108 2.000971 0.781580383223544
177 0.399576 123.805996513242 2.015335 0.833537662629102
178 0.467581 115.433293332784 1.902412 0.801572773380843
179 0.506237 109.124912444247 1.84961 0.761544452365469
180 0.412164 117.732303703472 1.975849 0.804328284754906
181 0.330535 123.49295958329 2.114286 0.810047358851223
182 0.426044 114.240218878986 1.982514 0.775571065233223
183 0.430368 117.859602200903 1.925121 0.794149815245656
184 0.45082 110.151993285756 1.918889 0.777713019892691
185 0.416279 118.41960533788 1.970415 0.770946030304857
186 0.401605 108.581904878307 1.967394 0.781568781581353
187 0.553309 111.640575693559 1.762653 0.74686556150982
188 0.435931 106.819537984925 1.88337 0.760999599959487
189 0.383137 117.460893511115 2.009022 0.75700639387188
190 0.478249 116.178774161414 1.896767 0.766531618557301
191 0.388252 115.450676063081 2.041063 0.770744329321506
192 0.3555 119.896457919034 2.07997 0.804542038172866
193 0.553167 101.11992995224 1.731484 0.736866719293514
194 0.140207 128.920412938952 2.266632 0.844015222498074
195 0.373132 115.034189912165 2.050754 0.784841436755516
196 0.600581 108.222870923748 1.663181 0.74775579608573
197 0.319695 115.927390440448 2.070344 0.782488569867588
198 0.39304 114.638547321348 2.008171 0.770593392098106
199 0.501497 104.193995590142 1.849745 0.73510004890793
200 0.392909 120.995452385767 2.046598 0.796823745698809
201 0.312404 114.976004919934 2.121844 0.807028805715451
202 0.57604 111.701879182144 1.681259 0.770464352599956
203 0.362512 123.074661296417 2.065166 0.770632257935796
204 0.424051 114.198424837065 1.983543 0.803542064804525
205 0.381472 124.482690593292 2.012837 0.784760487475093
206 0.432368 117.390516690689 1.961019 0.817634515523535
207 0.50807 102.885735568902 1.780538 0.713604168771002
208 0.449769 118.440055815169 1.955669 0.812690561866369
209 0.356891 123.302218346753 2.070939 0.82970866807004
210 0.329671 115.240324130676 2.106638 0.791922474635027
211 0.49376 108.641976340528 1.87818 0.748166139456372
212 0.320935 110.23954115983 2.064638 0.795343720527183
213 0.370265 102.629102143773 1.985926 0.749137579996331
214 0.388493 115.217419418091 2.01 0.801156287038301
215 0.48414 103.868028466971 1.836684 0.748418177859723
216 0.292227 130.652712423687 2.152467 0.816969047026674
217 0.486689 118.492157356715 1.867727 0.799385239067783
218 0.24363 124.013149143535 2.197955 0.819093848445314
219 0.512775 114.8714650245 1.851507 0.764903701827776
220 0.371759 114.615622336453 2.049472 0.791740152470674
221 0.341236 124.688547410544 2.089628 0.801695793903684
222 0.433343 105.03793753131 1.934377 0.778254026310682
223 0.50634 114.213728192489 1.845053 0.763117598664749
224 0.464073 113.125396762884 1.875472 0.775241835716361
225 0.450823 112.90359520074 1.939488 0.74657521621514
226 0.414411 101.782800134048 1.933534 0.748448163810689
227 0.506971 104.748265294123 1.842231 0.738664532776623
228 0.36758 114.776722176593 2.053419 0.794312997514814
229 0.453176 105.851935181653 1.907522 0.768636695091687
230 0.614766 100.02262441316 1.573787 0.7064121758634
231 0.255247 117.785449786114 2.179419 0.812831618510145
232 0.229084 127.812801370771 2.219687 0.800094142280171
233 0.381239 116.30629936611 2.063683 0.787193439429663
234 0.436049 115.9926806046 1.932566 0.787947159310349
235 0.382878 115.947333177245 2.023509 0.761043023303902
236 0.46483 116.743231602647 1.905522 0.782868430776494
237 0.425804 113.527108079135 1.960682 0.803248560286731
238 0.426497 117.748536411563 1.961493 0.797391314741229
239 0.357304 115.829296062598 2.058134 0.785665417525676
240 0.437605 120.561813034942 1.971249 0.857127652953778
241 0.457516 110.082924388834 1.913723 0.763683114658411
242 0.445457 110.911345964998 1.919446 0.775193102146936
243 0.479598 113.103553986702 1.877956 0.763726848804886
244 0.489872 115.950280508886 1.871345 0.763635142496205
245 0.619839 111.113503636669 1.604999 0.7163196087666
246 0.435205 111.905326030265 1.917713 0.784420899930415
247 0.269467 115.777149387374 2.13708 0.777837790692492
248 0.502812 108.718749170051 1.819861 0.748342324447873
249 0.3638 116.809384050994 2.082078 0.791754336422294
250 0.275696 122.733392227068 2.156172 0.786171992198318
251 0.469244 109.369390376715 1.872176 0.757608770975258
252 0.451176 117.470661896346 1.937068 0.779127547549683
253 0.467129 115.380905622107 1.893334 0.809503026641536
254 0.407651 113.845369657672 1.965328 0.792699383650374
255 0.280476 117.543537191533 2.13743 0.80763085151769
256 0.478824 109.726751885155 1.847243 0.776738571932303
257 0.476744 117.83366037874 1.898371 0.795195436363846
258 0.494105 110.643107135758 1.844743 0.728029990230812
259 0.250801 131.479807100226 2.184616 0.843427903805828
260 0.39122 124.769552398796 2.015153 0.79373079806208
261 0.40876 112.233064606079 2.017579 0.703646291300977
262 0.508396 110.679448709506 1.832462 0.760474827044831
263 0.528777 120.740483032163 1.79208 0.795908853953644
264 0.214004 120.265357041772 2.181428 0.804895803573157
265 0.272922 117.928835988496 2.169693 0.819187587876655
266 0.39244 118.097284172249 2.021772 0.802696551106012
267 0.37095 124.136079433682 2.017791 0.797792644984186
268 0.467273 112.954557680924 1.911393 0.807519393361567
269 0.233414 121.934753553101 2.184164 0.811542382016004
270 0.589782 112.674659367161 1.675974 0.697387528357658
271 0.472506 110.37348791181 1.904733 0.783948397043539
272 0.43542 122.630296059368 1.977876 0.801693760023523
273 0.436696 115.612450991952 1.972569 0.742653854791251
274 0.371867 117.464727587689 2.015236 0.793112655559975
275 0.565736 94.0992726814383 1.632311 0.747103156227357
276 0.476559 116.832865758958 1.914897 0.763064328123222
277 0.358351 114.67198648162 2.076242 0.761966687589988
278 0.407707 121.92409826131 1.969132 0.806455956416172
279 0.406743 114.301760380329 1.999035 0.788185147145436
280 0.312038 115.254062981024 2.107846 0.794188055853697
281 0.286295 125.04013670995 2.170971 0.814824886003401
282 0.463878 114.634717097947 1.906968 0.772644841894701
283 0.315654 127.105322837465 2.142584 0.844043983993208
284 0.316722 123.087201725039 2.107012 0.824707359456648
285 0.498357 105.084274204224 1.827821 0.740009160489352
286 0.402919 110.828601818509 1.968144 0.767788539059411
287 0.449291 113.549600902803 1.910623 0.802297429628094
288 0.564909 111.864675254972 1.711378 0.765207104221837
289 0.365111 118.830912407009 2.083066 0.798240567689226
290 0.383144 115.724461209847 2.032161 0.779495424341637
291 0.347968 121.678805780252 2.096023 0.805318738254687
292 0.413318 117.104001885428 2.015864 0.801479862783606
293 0.492189 114.231418252884 1.824069 0.775886633883694
294 0.398297 114.958715099035 2.019367 0.785660345358982
295 0.291904 113.421048105309 2.153785 0.817325922679798
296 0.339339 110.053536037096 2.089137 0.784508751968532
297 0.391984 120.24484084797 2.009759 0.780090084790514
298 0.336951 117.633338679169 2.089281 0.798126622399154
299 0.260735 127.656378881458 2.194463 0.816540456529448
300 0.283468 122.65616022012 2.147795 0.782978605929621
301 0.358188 109.838817940999 2.070937 0.782950386365158
302 0.394872 113.73485972801 2.017736 0.788925849358943
303 0.571807 107.61926610181 1.683612 0.681932055283478
304 0.317874 121.147561407968 2.104131 0.81081635760772
305 0.380978 121.099384293615 2.035316 0.808690002784173
306 0.431497 109.076258525824 1.957092 0.777721513383935
307 0.398232 116.700080881512 2.024059 0.784237965244557
308 0.221622 126.741614820151 2.214625 0.845734015510002
309 0.462553 109.516785638114 1.921013 0.790587460053998
310 0.576438 111.082262302199 1.680813 0.759976860161899
311 0.299743 120.135642100285 2.14592 0.789492869834552
312 0.427604 119.319208754294 1.943687 0.788013237328385
313 0.339668 124.242178895067 2.094384 0.825894229891279
314 0.314561 116.44092303248 2.10355 0.807982005493156
315 0.368791 118.892516691885 2.071788 0.809867171508334
316 0.460436 120.812670128491 1.917768 0.779222245012112
317 0.268739 114.609793068477 2.18148 0.785284447960772
318 0.370358 122.508506236111 2.038509 0.820400235463115
319 0.274477 120.587765359203 2.175091 0.830945295772387
320 0.414491 116.770825809425 1.969018 0.774990356546556
321 0.418239 114.485694196603 1.98938 0.802314628258527
322 0.312696 116.202260297301 2.141357 0.779621328924415
323 0.309594 122.326380580313 2.094882 0.825831015788488
324 0.298956 120.791971455135 2.141642 0.835386487830695
325 0.443524 119.906000165673 1.928098 0.804217021423532
326 0.463752 117.180867226612 1.916418 0.698798352852085
327 0.484366 112.780957568552 1.88956 0.761773612856139
328 0.538536 110.224300364618 1.773775 0.750829052729395
329 0.427691 109.766079183058 1.930342 0.767318705243801
330 0.241082 116.459261757685 2.198854 0.801745266562062
331 0.608089 104.108854990546 1.589201 0.711947742616941
332 0.444655 105.955604146145 1.940384 0.741565611221666
333 0.438216 119.435479326151 1.958281 0.77706288225071
334 0.419629 118.949596995354 1.934681 0.760385484462714
335 0.332247 115.676190995393 2.077743 0.778990655598801
336 0.378629 119.735415442088 2.015629 0.821400804680979
337 0.313552 120.547922495638 2.143105 0.843937718440145
338 0.322336 122.190777793372 2.104395 0.781651748328099
339 0.395 115.959345250424 1.968706 0.791556430002193
340 0.409053 109.941464214117 1.919496 0.785686946618493
341 0.38883 111.117067007212 2.021044 0.811000566399625
342 0.370927 121.06860804234 2.015895 0.769639447131853
343 0.261747 115.814261553549 2.175683 0.804248893713354
344 0.467666 114.37819348181 1.916648 0.743239348419317
345 0.543493 112.649971959047 1.765869 0.774365126935801
346 0.484264 109.532130855122 1.895444 0.771003199839758
347 0.50182 116.66367447499 1.824923 0.77324557799693
348 0.464301 117.067484977707 1.946632 0.750410083202499
349 0.369776 112.723989571413 2.026787 0.751237889890281
350 0.504515 106.813266502943 1.801171 0.760954701386836
351 0.365443 115.910201863218 2.044584 0.803730179104039
352 0.50884 113.698699126623 1.850945 0.787203915378947
353 0.506674 113.793122543272 1.818123 0.794886764809901
354 0.413344 116.322838259158 2.006815 0.772731048806999
355 0.422312 113.294532623641 1.962777 0.785171695009019
356 0.468137 116.150239680083 1.879616 0.784009986072593
357 0.406734 105.699940518954 1.978561 0.753505558657446
358 0.523812 111.07880174115 1.814148 0.75555075783811
359 0.494272 117.852891728103 1.858111 0.786440364406576
360 0.372771 124.696356620031 2.056347 0.810644289228019
361 0.461848 112.109598155609 1.886582 0.760334988898779
362 0.380558 111.783763673419 1.995594 0.792658939145472
363 0.306723 125.087836674488 2.150145 0.804513688157597
364 0.501159 110.974601677094 1.834367 0.749817127346768
365 0.436654 114.918963291967 1.963765 0.774349333759039
366 0.430285 116.881863134853 1.976351 0.774435616402738
367 0.563837 110.221617412016 1.703066 0.754916827085743
368 0.290085 123.716901225085 2.151272 0.798145374571737
369 0.482597 115.581960903593 1.872901 0.755930790284007
370 0.445145 121.264327459944 1.962507 0.80043061281988
371 0.439746 114.235906747411 1.939027 0.771491643321771
372 0.268078 126.762961892211 2.190427 0.781151248890805
373 0.403909 114.237095151273 1.982234 0.777090181250693
374 0.581423 112.405111521936 1.694914 0.766369383582236
375 0.420413 121.842822935131 2.000646 0.783638791427226
376 0.362864 116.066484279288 2.044723 0.802388138024659
377 0.329804 119.485373556838 2.111253 0.82012532060072
378 0.40206 115.284377395786 1.978327 0.810725628092861
379 0.53669 119.037174519739 1.796599 0.773881110165688
380 0.435997 112.458492875686 1.922944 0.76994411873701
381 0.477095 112.04301630253 1.90379 0.705076397340114
382 0.511221 106.4452824775 1.836853 0.746996518295483
383 0.559336 111.414359885236 1.722818 0.788274422304932
384 0.326988 122.750291726339 2.126495 0.838728760311742
385 0.523067 118.356111273647 1.825395 0.799044820539151
386 0.53179 115.02208349868 1.784372 0.767963543528321
387 0.193505 125.541765150984 2.235156 0.838735035744471
388 0.382775 116.695761658951 2.021235 0.781626936482989
389 0.372177 117.653078255978 2.057723 0.819387165828429
390 0.435059 114.39559657394 1.930187 0.774910582090384
391 0.424739 113.857214837398 1.96351 0.774360943174124
392 0.488443 122.020260395567 1.89579 0.77999368118721
393 0.463927 121.555797417467 1.910898 0.79164042415348
394 0.406426 123.717565893704 2.017424 0.775736406209689
395 0.355306 113.563065456084 2.052471 0.787066038982453
396 0.299005 118.39579592759 2.126102 0.760337133437313
397 0.483368 107.890822719778 1.832139 0.752836352842886
398 0.503036 113.346896823577 1.832697 0.747886890618796
399 0.648701 115.840064058411 1.491998 0.707438457856605
400 0.427747 112.728206769277 1.946367 0.768936201533497
401 0.397436 117.310326475991 2.01251 0.774912857609841
402 0.480685 117.432094472465 1.871808 0.763811343757635
403 0.285679 118.438213446381 2.166729 0.801067958782854
404 0.405838 121.226256593633 1.976289 0.747799366209255
405 0.363176 112.270488006043 2.032168 0.77555442705814
406 0.507053 110.984433245966 1.824318 0.766802097231862
407 0.372739 114.001607930634 2.055598 0.792551151223542
408 0.510039 106.078496012311 1.830105 0.764446034539356
409 0.349468 122.050637970624 2.067975 0.790670556747029
410 0.425177 114.734193720336 1.956057 0.786836754163486
411 0.428166 123.659912598416 1.98506 0.77408012558607
412 0.357186 109.530678606162 2.060104 0.769497101823643
413 0.388037 109.09635243301 1.986354 0.79155817447859
414 0.341545 115.312025786235 2.070711 0.771936978534689
415 0.466862 111.977429601916 1.934586 0.765343886415889
416 0.511627 110.529462527615 1.842303 0.708227965693134
417 0.583443 112.684041453667 1.703177 0.738461364705583
418 0.302432 124.795158813795 2.134745 0.820923034358175
419 0.29163 113.518317979923 2.155946 0.810428772124691
420 0.422539 115.090517504244 1.984833 0.799186767101305
421 0.411572 117.032530578655 1.978465 0.795257300666213
422 0.321872 115.933068892974 2.113362 0.787087801366161
423 0.373748 120.134732509427 2.00192 0.82364339126037
424 0.315434 119.598621606145 2.110353 0.80867896251114
425 0.310367 118.783344049209 2.12429 0.807747813624794
426 0.482243 118.190861355811 1.872659 0.792767113382174
427 0.418114 106.599177438024 1.944009 0.772688265100871
428 0.252365 119.560496149215 2.164747 0.803023628648367
429 0.44398 119.94598411992 1.947601 0.803599709440042
430 0.442932 126.232834615966 1.969169 0.799494447516468
431 0.424465 111.864806130661 1.940139 0.743769431057127
432 0.519338 113.871325341365 1.80405 0.794548224892047
433 0.478439 114.469522796104 1.907812 0.789004389041302
434 0.370777 118.208717968174 2.010056 0.774314357332226
435 0.401603 116.767130005543 2.00396 0.791999362444065
436 0.471551 107.036799164854 1.893514 0.739482142226675
437 0.31163 127.481330203084 2.14493 0.820197917745702
438 0.436167 116.512555044959 1.944772 0.800026372232592
439 0.432167 119.436568361141 1.920656 0.759820405685772
440 0.452448 109.09432549066 1.94149 0.751906236933971
441 0.258646 127.892055417478 2.184653 0.826156646169464
442 0.370466 119.846153383694 2.074923 0.793668505601374
443 0.451278 111.97387688777 1.95706 0.753976049110639
444 0.547669 110.515107976537 1.737321 0.757989830386615
445 0.243401 123.856582639668 2.209576 0.825588194207964
446 0.52661 121.081581850216 1.78959 0.82276102810009
447 0.34339 114.25994947978 2.099351 0.774101825436936
448 0.304237 125.774640949172 2.154042 0.829751615237955
449 0.359492 116.078681401343 2.070913 0.797015289025898
450 0.229651 131.382859014391 2.2172 0.835813350076464
451 0.424193 119.068656280864 1.989586 0.789276305858264
452 0.382138 114.562422000373 2.0368 0.805980492100956
453 0.476738 116.10524397127 1.896909 0.771884674021514
454 0.521066 121.355795442415 1.836977 0.795299807984974
455 0.356993 122.557920542921 2.096263 0.811953060136908
456 0.433458 113.3368949959 1.980513 0.784119218621827
457 0.475317 100.242234492908 1.873479 0.750209777918078
458 0.514038 107.596725276718 1.838834 0.783089191876213
459 0.401478 119.316336524407 2.011343 0.805266778345347
460 0.156856 134.770660023777 2.263096 0.834862746999675
461 0.432358 114.506814327332 1.965637 0.787708810370024
462 0.508367 107.222497890472 1.815177 0.736503282492594
463 0.37141 126.389512693166 2.036043 0.804559864937939
464 0.250566 121.401750122268 2.176591 0.799123978804903
465 0.519234 108.290099624967 1.776796 0.751144483998652
466 0.4993 113.243464298486 1.781368 0.766675172413904
467 0.454188 109.504221846493 1.954158 0.746327418202416
468 0.268062 123.265847478411 2.17702 0.788186939137371
469 0.520381 109.782969109673 1.823631 0.704427229048676
470 0.479412 122.268833500673 1.842807 0.803775344167458
471 0.387359 119.899338570742 2.034828 0.79436789299264
472 0.456248 121.740430770202 1.926887 0.819874600388079
473 0.401671 118.659521396151 2.023575 0.827886817302305
474 0.499389 117.54178018271 1.858109 0.788817102210323
475 0.502841 117.156264704002 1.843528 0.775588446214424
476 0.408216 109.851238280469 1.95184 0.783195782943032
477 0.329643 117.61045792898 2.094921 0.808645433768005
478 0.519833 105.047627637861 1.789024 0.730608207793938
479 0.599348 110.577799587155 1.659185 0.771489464479564
480 0.332543 123.900782845479 2.117771 0.819070965089972
481 0.426593 116.625926571048 1.94821 0.784412153572292
482 0.386144 119.404953469593 2.037533 0.847932071720232
483 0.386662 120.467260577009 2.042746 0.815352399537127
484 0.470828 114.078704659694 1.911175 0.720105859537291
485 0.354961 105.342761754107 2.0463 0.769074242988517
486 0.381675 117.331068044337 2.001606 0.756384011776034
487 0.334991 116.173264347995 2.09699 0.787346436784274
488 0.602979 115.222113636473 1.574976 0.729184719862076
489 0.616331 104.851083608696 1.607411 0.759680230930152
490 0.418115 112.018573742708 1.990736 0.777563029867221
491 0.53523 112.530112736098 1.776872 0.753142243505355
492 0.327033 117.16479037754 2.059674 0.798582759767788
493 0.39243 119.810613288954 2.033503 0.786176488987114
494 0.387839 115.51636189558 2.012487 0.790814109948727
495 0.368521 120.49722866988 2.030481 0.810899919552798
496 0.467277 110.958289533104 1.91086 0.763559213926712
497 0.434183 116.697131162095 1.971991 0.797616723832379
498 0.56682 120.339661293407 1.729642 0.784237326218213
499 0.364063 114.811225697372 2.060192 0.766016090916124
500 0.381667 116.74347319327 2.045402 0.770078044191774
501 0.48195 116.528993478502 1.876958 0.797669579347159
502 0.145418 129.256855348004 2.269449 0.832268690034762
503 0.387288 115.954188064623 2.049879 0.789727720084012
504 0.475974 119.539549934783 1.903609 0.760091156531511
505 0.516181 123.171109334839 1.845627 0.782477557726774
506 0.434493 110.23344573505 1.947449 0.751096529095759
507 0.471139 110.999749610471 1.926469 0.764818260795846
508 0.554212 104.454974256616 1.739354 0.704431953284523
509 0.512291 106.618072019649 1.795131 0.746305505832093
510 0.596736 104.507570390619 1.638173 0.70409085263156
511 0.436946 110.187084942501 1.937765 0.791025907724335
512 0.424044 105.167705119992 1.970939 0.789454146503024
513 0.466524 112.08290992014 1.886778 0.78114543104181
514 0.487353 127.040455351021 1.87624 0.822225525515136
515 0.315378 120.117889495292 2.137821 0.80355720354875
516 0.503438 107.580677505714 1.854597 0.761086313490838
517 0.437314 116.668622557477 1.951576 0.797442062420202
518 0.440397 122.438455983701 1.96367 0.763091578799094
519 0.457502 110.159107156053 1.921242 0.766375457945563
520 0.479819 120.589598672036 1.859501 0.80020408386764
521 0.453228 127.352615167595 1.959848 0.822709226961538
522 0.413033 117.904410139712 1.976039 0.800867107399605
523 0.508893 105.609766961617 1.810187 0.755419929393766
524 0.340327 119.521615742819 2.065884 0.792258771493789
525 0.394584 112.355943454157 1.967396 0.777325024445792
526 0.312512 116.311435168384 2.117102 0.784579349722159
527 0.569809 112.821534558303 1.69718 0.743563110389544
528 0.392588 109.681539513196 1.979788 0.763199921212448
529 0.336948 126.279483346439 2.105576 0.818726220423611
530 0.484965 116.589021412657 1.877252 0.792832899366379
531 0.474857 108.83390814994 1.849485 0.74683732538493
532 0.400745 112.332268551892 2.003991 0.801663366024528
533 0.454462 109.63838201297 1.951606 0.760547612850493
534 0.256761 119.543127673315 2.163676 0.810118894213621
535 0.381213 112.852048008231 2.013811 0.802294169732704
536 0.304845 128.370024919328 2.152728 0.834306373578401
537 0.367712 119.656288273717 2.014309 0.800213980014243
538 0.307364 123.11855932373 2.140787 0.811282802776483
539 0.447993 109.577282858469 1.913511 0.780810541863213
540 0.410898 108.386548217589 1.989757 0.744108093314631
541 0.411774 109.840693115881 1.991232 0.785957766286197
542 0.357133 122.774836583845 2.071141 0.785558264444018
543 0.246106 119.497292126854 2.176153 0.75069117098916
544 0.298803 125.51233083789 2.154234 0.811101482510229
545 0.421771 114.138661071649 1.97999 0.80602755791593
546 0.363926 122.953063606774 2.08008 0.77293139421409
547 0.349803 124.426949893405 2.105156 0.809019478760548
548 0.423013 113.704894387691 1.991462 0.767645074613279
549 0.534331 119.451971752933 1.803956 0.751124008902404
550 0.351303 115.013547294413 2.041553 0.765163068802167
551 0.331811 128.335860160582 2.103004 0.806511270783951
552 0.390727 109.93089782682 1.982993 0.799863142271372
553 0.516896 113.742426650949 1.810934 0.718261908459929
554 0.446914 101.902085553653 1.895583 0.740051101593277
555 0.313059 114.970597164398 2.113275 0.79651415079643
556 0.472083 98.9446043669992 1.835445 0.758612355798266
557 0.427312 121.13897532221 1.961133 0.805724802759181
558 0.432621 115.208515288749 1.946959 0.779228986122236
559 0.37571 121.611539225826 2.049181 0.801423492355912
560 0.286267 120.155278582812 2.148154 0.79956986651678
561 0.564902 118.560533980529 1.751648 0.727343733288225
562 0.408941 103.411395063527 2.001113 0.752333886131115
563 0.497923 106.532654784216 1.85286 0.772321286024404
564 0.373837 118.351360912483 2.059773 0.798144218203646
565 0.450386 114.368622309186 1.916237 0.770358270555771
566 0.660197 110.783320850253 1.470133 0.727318945129971
567 0.346047 99.7030659011164 2.104206 0.771004965337685
568 0.451317 121.422984348073 1.953979 0.81765041656748
569 0.418913 120.098741820755 1.992427 0.756843910261509
570 0.493351 117.4559297629 1.892331 0.809196424717514
571 0.463494 116.489732045072 1.926451 0.783179726099866
572 0.589438 105.18979292523 1.651484 0.772507111792936
573 0.48601 114.865244487687 1.868492 0.787330892937038
574 0.647302 111.844360843553 1.49354 0.665128316172718
575 0.239616 125.950979238802 2.205108 0.838702528647901
576 0.492536 116.106975495526 1.794309 0.754247637029764
577 0.465024 116.228535016543 1.915836 0.800204632472086
578 0.64385 109.519807864488 1.553265 0.715286002215064
579 0.289147 118.339364279045 2.15204 0.768112278253372
580 0.404966 120.01668823231 1.987261 0.813872137344827
581 0.475408 114.833423675633 1.896034 0.774728526662619
582 0.439486 121.311533505912 1.963869 0.815736004516559
583 0.399383 118.296251531437 2.024167 0.783954281523854
584 0.591652 94.3267150091949 1.649525 0.726309530326735
585 0.34927 119.393695417676 2.099399 0.797249826546099
586 0.400089 122.598947638751 2.020801 0.802892995218027
587 0.393198 115.15469762872 1.984878 0.788576071099957
588 0.415203 115.236354592629 1.956408 0.792234487050654
589 0.396181 120.384137217758 2.011643 0.787964675341764
590 0.462858 114.929281788746 1.916749 0.772558768861968
591 0.46058 105.046971500421 1.909243 0.777547789741146
592 0.370568 109.664488037412 2.037259 0.81934342925895
593 0.247179 126.177980166989 2.204051 0.835337581017573
594 0.404186 119.666126296902 2.023947 0.804299275664633
595 0.465656 105.33991527048 1.924894 0.764009081383868
596 0.441949 107.16613805822 1.931352 0.770358115476864
597 0.368194 118.627132063404 2.054365 0.80788689800387
598 0.342269 126.358510484788 2.077135 0.818383439412897
599 0.538859 107.534027667793 1.786817 0.715887407832726
600 0.355718 122.175191152075 2.087632 0.804039958884405
601 0.346077 117.663976581894 2.097573 0.793783401437686
602 0.404603 114.159913536744 1.996928 0.806852553074822
603 0.489699 113.85215722205 1.862039 0.747802156344904
604 0.4811 107.558473804741 1.89196 0.740383562253755
605 0.308504 121.581938696961 2.124599 0.795521903642314
606 0.359815 119.869318619926 2.037356 0.789019700410616
607 0.37474 118.686142252786 2.016655 0.81425368183456
608 0.228855 125.800228191637 2.208487 0.833324639635889
609 0.38007 115.407369933988 2.047382 0.79563868645895
610 0.405867 110.102035278007 1.960016 0.749010554762921
611 0.292401 120.708230666168 2.139548 0.807555477699332
612 0.512518 106.727515011834 1.802411 0.708723290874467
613 0.165564 125.548029674653 2.250179 0.815708248630654
614 0.460942 110.498875547819 1.889793 0.77484868023653
615 0.40182 121.484070567724 1.999876 0.743943688478602
616 0.527739 108.932557586733 1.779672 0.768164659896583
617 0.248517 125.596487724568 2.197878 0.825013739413013
618 0.458204 114.308936548184 1.897473 0.785986740691313
619 0.532493 108.061427253806 1.774384 0.759763573921729
620 0.415926 114.673181942213 1.978885 0.767192963661274
621 0.608745 109.538762166425 1.60226 0.759561611128489
622 0.404415 113.767507035638 1.987915 0.794230987489516
623 0.435736 116.768961035447 1.935577 0.802039314446649
624 0.442678 125.699921306486 1.978922 0.802785944506033
625 0.33132 115.856604001029 2.088134 0.796554161648992
626 0.370152 123.390329789545 2.080166 0.804442654902718
627 0.303172 117.656930773225 2.083406 0.797155195931098
628 0.516265 116.866218026699 1.846141 0.77091184617821
629 0.297532 116.624730096374 2.148341 0.79670872820523
630 0.481569 110.509588552131 1.884273 0.777998022402498
631 0.421298 117.322620317509 1.954186 0.786629816960549
632 0.448 117.364936728599 1.925361 0.779739995898586
633 0.372219 114.999232898514 2.040516 0.791795944329728
634 0.427709 122.891850147265 1.960536 0.817443911574738
635 0.451641 116.933993378708 1.924127 0.771145146721251
636 0.34613 126.043418665751 2.100684 0.812668085658107
637 0.34841 114.037729741658 2.034066 0.822899499687384
638 0.348429 116.359381787866 2.076571 0.793736024867585
639 0.292587 129.05447284464 2.165034 0.789579298398833
640 0.509558 114.143989009758 1.807326 0.768213772706504
641 0.296105 123.414098246144 2.088543 0.794072832559194
642 0.500555 114.786257017719 1.835517 0.718309292244196
643 0.259768 131.317180039618 2.193872 0.844675801220171
644 0.381581 112.351056792987 2.007747 0.784138327147876
645 0.445773 111.829579631922 1.933703 0.766364892716058
646 0.55222 106.560571359824 1.724853 0.756208481647145
647 0.359977 112.370600696993 2.030885 0.785591595225862
648 0.347109 114.399880663464 2.028589 0.785264290524972
649 0.213802 127.26856379164 2.226626 0.816728990094234
650 0.408873 110.593170662293 2.001696 0.775631414438141
651 0.539483 108.870119444536 1.803451 0.748307557730629
652 0.413305 113.841087655343 1.947125 0.75050070989264
653 0.182217 127.679569078626 2.223922 0.820414695007596
654 0.479688 110.942256795383 1.838872 0.782017051558869
655 0.397982 122.33593372495 2.032006 0.799939894365573
656 0.348496 111.671966093555 2.08218 0.768405917596082
657 0.413923 114.985453912765 1.974259 0.776445315560514
658 0.404597 110.10954257144 1.983929 0.783385551148739
659 0.635022 108.97394029524 1.545646 0.725322477122143
660 0.305976 120.841516320675 2.127841 0.810547219284588
661 0.379375 113.77145046929 2.023561 0.799424100237905
662 0.39729 111.302472675908 2.02896 0.778861078228466
663 0.417078 114.92180008903 1.97435 0.770504865168404
664 0.416052 115.940142272301 1.968345 0.772759404811136
665 0.524644 115.482199578375 1.816486 0.748145390181881
666 0.477791 109.36814270168 1.895275 0.755316432087609
667 0.538071 113.864301465442 1.782269 0.748018441424132
668 0.392891 115.965380989359 2.021899 0.790363829471358
669 0.422109 110.960376829291 1.994085 0.763142516504289
670 0.364633 111.925515413369 2.061594 0.787606253811962
671 0.402074 111.474939700281 2.005146 0.786578183391455
672 0.399657 120.076600182708 2.015354 0.792840577663755
673 0.3416 115.825879669059 2.091317 0.784836662890359
674 0.3853 115.243885536731 2.004902 0.790701527489305
675 0.343811 119.173663757521 2.102305 0.808893571862358
676 0.403225 121.392707305418 2.016246 0.809237143703654
677 0.289162 126.160647033768 2.171157 0.822264853075739
678 0.377087 120.698297816101 1.991244 0.761650534910822
679 0.475849 125.990250712738 1.911379 0.775407618572643
680 0.515584 114.494837195564 1.818784 0.758041771050084
681 0.430511 122.413457627867 1.98735 0.776777373969599
682 0.529726 107.823243362326 1.781653 0.69560054122286
683 0.379043 117.996747215839 1.97903 0.740688886695134
684 0.414991 122.409471266506 2.006869 0.80614885808725
685 0.318672 119.784082412032 2.097672 0.793711158850387
686 0.39875 114.531527880279 1.980446 0.793083201430213
687 0.406271 115.227115636957 1.931853 0.771035016153555
688 0.210945 117.525969645523 2.22957 0.836611726318925
689 0.453172 109.761075481911 1.896256 0.766764768826651
690 0.43169 116.220568659902 1.972631 0.755512384851686
691 0.368855 113.295392046474 2.004522 0.777672337857987
692 0.3252 122.048321431158 2.125473 0.797217138863661
693 0.511874 106.402949186908 1.786704 0.734346557309706
694 0.668145 114.941268225858 1.478495 0.742390277335922
695 0.428494 112.689734240671 1.990968 0.784103061736048
696 0.479304 115.166089468773 1.902016 0.762803089117478
697 0.467769 112.288265468766 1.905415 0.729366468327022
698 0.430846 117.229649466384 1.928924 0.786070277747772
699 0.428911 114.305215650159 1.979399 0.720985484264116
700 0.506604 109.316726467683 1.80088 0.772988978001274
701 0.526004 119.403435136889 1.807917 0.76847876881514
702 0.255367 131.38850035802 2.191231 0.831000536389582
703 0.398574 112.847218892864 2.024258 0.801828782823571
704 0.47539 119.24962316352 1.922371 0.801300384034923
705 0.533868 108.313983917519 1.789968 0.756543886459671
706 0.457526 114.060141675371 1.910759 0.785201463531526
707 0.526448 109.295738281992 1.793602 0.766601004471478
708 0.320886 112.422436973243 2.094454 0.760583305485454
709 0.48687 114.388882566119 1.881617 0.769132370828024
710 0.435537 116.674356289533 1.910251 0.776019484591709
711 0.502978 104.748619123682 1.817166 0.746311651776967
712 0.38724 122.229685640529 2.000833 0.78779565835442
713 0.276132 117.972082251517 2.174588 0.813315062705297
714 0.587477 111.22214721327 1.680616 0.726585635259353
715 0.361071 119.380114493562 2.075992 0.808503510385885
716 0.586274 103.214548262824 1.663525 0.748962964095651
717 0.366155 113.809775573723 2.052233 0.742774411347033
718 0.443226 109.176274028548 1.90779 0.767282701910104
719 0.416562 113.440765586406 1.952647 0.792026668967411
720 0.337575 116.2111393871 2.057688 0.809905030137072
721 0.329639 122.689265800412 2.122968 0.817788074749371
722 0.457112 106.247312945109 1.83856 0.76468409882004
723 0.514438 109.725702536629 1.84485 0.753949533032474
724 0.290456 120.732083342534 2.116269 0.803908362981259
725 0.521607 111.055748952442 1.82559 0.764105067851701
726 0.425496 116.88752405046 1.967627 0.760137428983146
727 0.453604 117.834203971016 1.87489 0.706746267485806
728 0.542933 121.894745063626 1.787079 0.827196449477552
729 0.383525 117.727490153007 2.047585 0.773436290673747
730 0.538119 112.676800486093 1.780262 0.758296866402095
731 0.398855 114.924761146082 1.998416 0.794603148375941
732 0.283884 118.691101578843 2.145823 0.807354051871555
733 0.359394 121.708678110638 2.089214 0.811644106244432
734 0.325107 130.117383847811 2.131546 0.818795470795786
735 0.420537 118.8811814916 1.974701 0.793219002379838
736 0.467659 114.747249068496 1.907957 0.779523027123979
737 0.603078 106.995746494088 1.662063 0.725683992322331
738 0.526202 112.458851382558 1.757902 0.76305677642545
739 0.49865 115.112247931392 1.845995 0.755870040835549
740 0.336964 122.264562078503 2.086866 0.806079828471487
741 0.35736 118.081123109151 2.067771 0.813219452044474
742 0.394511 115.120267921271 2.01854 0.811556024968157
743 0.284697 127.264409831615 2.169403 0.824156035226513
744 0.306695 127.830010627647 2.131789 0.804955506647944
745 0.34461 121.318575330233 2.079113 0.780491062239765
746 0.339705 115.862672628391 2.082525 0.795351991944154
747 0.360659 119.513055032913 2.081287 0.799084903592938
748 0.387087 129.024814127551 2.048044 0.80713100214838
749 0.330073 115.188568539557 2.066487 0.776061844223867
750 0.539547 109.354183622903 1.783263 0.759392029458861
751 0.278255 129.162115049193 2.172544 0.833070004630573
752 0.39751 114.55078048637 2.020949 0.767955192812797
753 0.267877 121.65109253169 2.179574 0.83122021946165
754 0.348607 110.781122156819 2.053764 0.768348837466877
755 0.491772 109.200898723854 1.868847 0.751491102425344
756 0.313059 120.476036158891 2.092258 0.790849350532288
757 0.493313 108.885972133256 1.829937 0.755546013548714
758 0.527951 112.763779842864 1.802608 0.766079024126464
759 0.382974 124.043111624857 2.04279 0.803845711170312
760 0.468969 112.691543079438 1.864603 0.735454499449235
761 0.38411 119.492188413299 2.014941 0.827121920352801
762 0.403402 118.249878039675 1.987356 0.793486046799033
763 0.287871 122.175284620231 2.162125 0.829208611932067
764 0.303301 118.614352867488 2.126772 0.799872375341506
765 0.437919 115.757112793074 1.960668 0.796345395744512
766 0.314777 121.48765345948 2.144211 0.798356695911746
767 0.292353 121.550201076442 2.127647 0.820213935335112
768 0.399275 110.214142783874 1.964068 0.783293482082818
769 0.330546 123.322858463394 2.119129 0.800400061032878
770 0.340445 119.976574462347 2.074134 0.810558121369585
771 0.571831 113.726662879084 1.659782 0.707515428315974
772 0.482913 117.590052569436 1.865273 0.767872999993027
773 0.437569 122.700048793249 1.949129 0.801300562089049
774 0.515206 119.200740832264 1.793709 0.773603894751756
775 0.38385 119.870525733252 2.016685 0.785194463714571
776 0.378295 117.929340113875 1.998333 0.80985388442926
777 0.442542 106.965360968343 1.910346 0.760554250305184
778 0.540689 110.08223553951 1.793127 0.710764349326185
779 0.511163 109.100417836146 1.840752 0.816685103858652
780 0.360966 118.829807458012 2.079545 0.817274281643862
781 0.400293 117.549681294118 2.026785 0.811883207719246
782 0.430709 116.373386096851 1.963104 0.814309707152282
783 0.354769 120.42945752644 2.063198 0.779238254931654
784 0.224877 127.66531399681 2.195196 0.838344979527312
785 0.410691 112.127803899501 1.926631 0.776141643257714
786 0.678232 106.821959519651 1.42472 0.723879059760886
787 0.608437 104.432667114029 1.63305 0.701860868961731
788 0.468122 108.740504060514 1.862784 0.760525101822105
789 0.533053 98.8778542309963 1.792703 0.759725932417713
790 0.43531 111.135663309746 1.957262 0.785809321428919
791 0.47168 117.42348682658 1.869161 0.794513716302045
792 0.306814 126.344409760056 2.153481 0.798588713423145
793 0.205181 133.583725975685 2.236677 0.85300705181639
794 0.334594 108.866241420687 2.083434 0.791357353947206
795 0.412574 113.412632816612 1.971047 0.736302540017127
796 0.382118 122.000422632916 2.064968 0.819855276590149
797 0.559174 109.555605065493 1.722883 0.741080167264688
798 0.380354 123.754665231553 2.005223 0.766097791711637
799 0.349793 113.500260196465 2.069906 0.797992791990092
800 0.267926 124.608165823857 2.164127 0.825195233317942
801 0.412593 125.064244031167 1.968924 0.798255163226681
802 0.363143 113.006577005275 2.013766 0.792484708076687
803 0.353947 129.186439326148 2.065322 0.842018893491604
804 0.371475 109.843377496035 2.019587 0.763261310094662
805 0.180436 128.696055609841 2.249631 0.821986477670526
806 0.359819 116.444530856854 2.06096 0.792988356285109
807 0.305595 114.052633483748 2.12702 0.814334195652849
808 0.395079 111.036191673597 1.989933 0.78147673609537
809 0.469605 115.415205312165 1.912227 0.794634406134671
810 0.363488 110.578084735483 2.060294 0.762479386421949
811 0.263822 126.349837865008 2.179055 0.833432371049883
812 0.361558 116.941582670391 2.015372 0.805623620658485
813 0.431629 111.656221543183 1.964039 0.775362488919686
814 0.410536 114.933729594936 1.995449 0.779380009792031
815 0.388587 117.910991158512 1.990932 0.768647691670257
816 0.190111 127.140233833401 2.215183 0.849277115787906
817 0.492002 110.872461912946 1.883885 0.765245125352204
818 0.331924 128.43454479445 2.118885 0.806219773892624
819 0.443843 110.359118473255 1.931415 0.771948203722079
820 0.507483 110.468758362661 1.855996 0.706318271130184
821 0.334637 120.092736824883 2.079592 0.801473558856163
822 0.529578 106.178386677969 1.784609 0.769895912523712
823 0.451564 117.62290531551 1.946579 0.766076428923433
824 0.409736 119.26335904915 2.011535 0.788260233724286
825 0.530825 103.662878195837 1.766662 0.71445550696823
826 0.405568 112.415670295136 1.999331 0.781139588144649
827 0.282038 123.602460606682 2.175021 0.831668593636956
828 0.325332 114.237621323744 2.090895 0.769937715825251
829 0.342645 121.022212133177 2.074854 0.800745119190995
830 0.342695 118.363709503658 2.090053 0.806302217441869
831 0.393876 119.079196422916 2.005824 0.759816171462653
832 0.371994 112.7090739675 2.043245 0.805548160135695
833 0.339393 120.986530915086 2.092223 0.790076011250756
834 0.331626 121.487158114547 2.074878 0.800409166588341
835 0.462042 111.75837824091 1.888291 0.819594863228951
836 0.465279 112.958992301061 1.924662 0.798575048176404
837 0.497987 114.454331710181 1.846174 0.745829031727855
838 0.382252 125.572542184167 2.023825 0.778123986637463
839 0.389125 112.995911405034 2.000925 0.784485978203639
840 0.501304 107.988389002125 1.80298 0.763028559464394
841 0.42512 121.47472567068 1.968311 0.80247387552022
842 0.293238 108.088664133053 2.129155 0.77589472882696
843 0.571111 114.181570552254 1.739659 0.751285765673309
844 0.582827 114.736260552468 1.70147 0.74583035053403
845 0.344403 118.56031328809 2.078075 0.808286781010177
846 0.469864 123.15767269 1.925484 0.795609396373507
847 0.328205 116.417836256575 2.086741 0.79545260632254
848 0.447065 117.22122918626 1.929814 0.775526337097023
849 0.380714 113.168069177994 2.012197 0.788110648182846
850 0.300426 125.164866642327 2.148044 0.826100040749182
851 0.313202 126.271940157773 2.14432 0.802500346479563
852 0.447509 109.342712249754 1.942833 0.758826216622067
853 0.359528 122.342939821454 2.066707 0.806306792874751
854 0.431686 122.759689435363 1.996229 0.762274828054287
855 0.411582 115.515600984221 1.971922 0.790716694394172
856 0.581999 115.033510607698 1.708086 0.727098921240505
857 0.391809 116.882811433711 2.025429 0.750497163506727
858 0.435608 109.548440498156 1.907222 0.750232842762745
859 0.322534 121.547484467914 2.128596 0.818845121985721
860 0.403831 118.568190225372 2.003556 0.792505787982579
861 0.489483 114.068964877402 1.875686 0.782745769465644
862 0.416841 109.557982850844 1.950077 0.790065784834295
863 0.468711 112.674698104386 1.886428 0.765555732297898
864 0.563678 112.173909502968 1.729983 0.732263947603316
865 0.467733 114.722775484838 1.879318 0.779774186782427
866 0.641493 114.958266828639 1.55839 0.716631253153851
867 0.386429 123.096996663235 2.029284 0.829030428647801
868 0.225658 126.577475399059 2.212517 0.820583546482078
869 0.261717 128.958898152436 2.191159 0.830871430186401
870 0.581002 105.26005389261 1.691481 0.746990505764909
871 0.275157 128.497733594787 2.163114 0.81878090464105
872 0.533798 114.464156734216 1.779975 0.753966424509108
873 0.441906 102.522697149112 1.869546 0.773283354751366
874 0.54602 112.836200445345 1.778886 0.756058998586882
875 0.453199 117.162317846501 1.924797 0.772910819808977
876 0.552469 113.160186988772 1.723168 0.756828336707448
877 0.491616 106.339132696296 1.870703 0.729781050929249
878 0.369447 114.972898302893 2.029444 0.794388842672682
879 0.295696 126.204501173161 2.159865 0.844653833627361
880 0.536179 108.096265465776 1.776543 0.749423375137437
881 0.484794 114.410229295747 1.851453 0.779917142125882
882 0.50525 106.916729239609 1.832845 0.760617364151317
883 0.247029 128.831805378838 2.202079 0.836600109896105
884 0.536196 112.228796338272 1.762918 0.666196795280734
885 0.457677 113.682942404479 1.921292 0.791964660615541
886 0.466867 113.988077424934 1.925759 0.790804617672155
887 0.322191 120.376083659008 2.109473 0.811936007846267
888 0.513646 123.10968532934 1.827313 0.742193761063053
889 0.397932 119.976060848684 1.991632 0.820774258700269
890 0.447486 113.12151768724 1.932811 0.786868860927907
891 0.400024 121.068823008052 2.032381 0.815216647791289
892 0.492077 117.476191683744 1.860005 0.777801346957659
893 0.356109 129.696721054103 2.095407 0.811896325779445
894 0.386941 108.485474726867 2.006948 0.73480589067079
895 0.356071 110.396517274639 2.027813 0.784993354742316
896 0.55249 115.406251344967 1.770202 0.795548246386723
897 0.339564 127.202868151333 2.10794 0.829657273503339
898 0.400971 115.314370536244 1.970355 0.802218259392604
899 0.264833 116.607878150557 2.156726 0.795075442414534
900 0.511822 117.9200479484 1.784944 0.78138101923236
901 0.476849 114.180919105621 1.899104 0.733718931777612
902 0.417386 114.946971135812 1.998217 0.775895627186893
903 0.424407 116.910295227314 1.963715 0.786878074664219
904 0.401327 118.906393215666 2.02233 0.807094132877368
905 0.50755 110.301087819501 1.841735 0.774047927672419
906 0.526797 113.578784829229 1.788838 0.752085679602236
907 0.547429 112.832679579866 1.763809 0.748497591101665
908 0.427323 119.912429573259 1.950701 0.805814699254152
909 0.410383 116.068290818882 2.004068 0.742943552451015
910 0.336816 124.482154643023 2.069291 0.782670768410224
911 0.285286 122.141017306957 2.168703 0.797098688112782
912 0.493137 113.886302968355 1.869648 0.778404385710638
913 0.441223 117.787961361063 1.93123 0.776450667144882
914 0.477765 112.810891668152 1.885622 0.718417804389023
915 0.507906 116.303633963449 1.832505 0.769223589308577
916 0.593236 104.954757309574 1.653812 0.741083992756515
917 0.34722 115.200339262299 2.08648 0.771693423620402
918 0.544201 108.258719248793 1.779341 0.746268803870849
919 0.444729 111.085974156681 1.912291 0.750419581139164
920 0.408671 126.951372130173 2.022033 0.807301854095829
921 0.449017 111.968320205289 1.939338 0.805362417652925
922 0.451695 115.834637255617 1.944032 0.794602040760364
923 0.42636 117.271251387909 1.964274 0.783496261219775
924 0.426862 112.920226132251 1.97086 0.780249606273419
925 0.318725 123.909310564128 2.122105 0.808444847228775
926 0.409049 126.298295287068 2.001507 0.779129591683467
927 0.421673 115.374691327046 1.980899 0.777713532037028
928 0.398226 116.235929773752 2.0029 0.810794786908702
929 0.456999 113.555020491311 1.915404 0.757616121730865
930 0.355953 126.534911149459 2.087327 0.806698452262053
931 0.52863 111.676208652797 1.782658 0.753892133480525
932 0.387758 115.253494350963 2.057851 0.806365915900861
933 0.362304 121.189876992202 2.055217 0.786682903350867
934 0.429279 118.508380589256 1.996754 0.766459920756295
935 0.280103 119.186933730562 2.133884 0.794573154915674
936 0.421319 120.032096466676 1.958938 0.806674173069682
937 0.332088 117.070777430216 2.123653 0.825146713658094
938 0.383544 112.892034383694 1.981902 0.777072455715132
939 0.521196 115.628777260628 1.825517 0.782111489154025
940 0.299552 122.069153927189 2.152719 0.838364653001738
941 0.374909 122.873059504742 2.03036 0.810067163733556
942 0.425841 105.25200438212 1.928624 0.768254044475855
943 0.524046 102.858490103356 1.750294 0.755833097124692
944 0.453404 119.598705287076 1.882317 0.745334100234864
945 0.437774 115.294765146756 1.925671 0.753006703596927
946 0.29113 116.93201888605 2.147779 0.824941089718014
947 0.308061 131.147150426355 2.142276 0.804644367266859
948 0.433205 110.090736065554 1.945229 0.770549991264352
949 0.501505 108.740194173989 1.840553 0.756132108394421
950 0.308636 123.97531647645 2.127622 0.771014342226107
951 0.262062 127.106444607638 2.171566 0.806284053527694
952 0.412899 113.698734844764 1.99045 0.788423368364017
953 0.446554 108.64292419644 1.952075 0.725198009518159
954 0.467906 118.601315485386 1.906186 0.789015728423829
955 0.480505 107.388514173448 1.860609 0.781141332112165
956 0.562391 112.213328258984 1.750494 0.747703781741429
957 0.570864 105.246151864933 1.715901 0.712920318357058
958 0.193101 125.513309301591 2.207661 0.813223487859878
959 0.326569 111.864442035916 2.085987 0.796203802450079
960 0.565608 112.429092428357 1.702879 0.759633676364868
961 0.592699 102.582081083495 1.673196 0.726871188381561
962 0.449567 114.479888415956 1.939731 0.773332717978321
963 0.431501 110.757536897158 1.962019 0.76692486264378
964 0.514705 112.375581844933 1.801853 0.756517036934934
965 0.373845 114.311254706724 2.027108 0.802149309189692
966 0.34482 120.257289540162 2.074817 0.790734791275743
967 0.349585 123.289380145595 2.061359 0.829492729629649
968 0.216138 117.653887446806 2.222826 0.823773963892416
969 0.408921 116.032359511293 1.986425 0.775768755828734
970 0.70824 110.943772336613 1.307492 0.72404037154216
971 0.385766 123.367001475536 2.026535 0.790316988517033
972 0.58016 104.426597250223 1.708425 0.719354932981233
973 0.529299 111.799084849407 1.814466 0.768788554172405
974 0.218596 124.520729604035 2.220016 0.830484607227799
975 0.284516 120.03390326947 2.166212 0.801258737156894
976 0.383977 124.325417644504 1.989087 0.802059254297461
977 0.453461 113.313247903908 1.905015 0.77096409037872
978 0.480391 115.632285165688 1.874935 0.790960147210272
979 0.44724 125.759309790811 1.920757 0.810003740121424
980 0.519596 110.481306235717 1.801934 0.765183550313412
981 0.378481 118.334687484021 2.035754 0.80953260024329
982 0.286244 123.592636166738 2.149139 0.825282131492986
983 0.411765 109.897808098278 1.978815 0.759962471628338
984 0.398011 119.784992786112 1.993765 0.810150552558365
985 0.426209 110.009160181794 1.998403 0.761236233019005
986 0.491034 110.017788667559 1.838174 0.756566162162555
987 0.38373 123.508025154895 2.056768 0.823017988798113
988 0.364234 125.57720413134 2.043075 0.83105745269621
989 0.42209 117.661845673035 1.960602 0.773848888142789
990 0.371289 129.269977386976 2.049346 0.835851073301709
991 0.381263 122.494893932748 2.032661 0.800202329788628
992 0.448508 113.791245404381 1.923621 0.769420436818646
993 0.404512 114.727770537204 1.992487 0.782075152470681
994 0.292083 119.043381696382 2.144519 0.806853618347533
995 0.286945 127.950999825043 2.171103 0.831108569062608
996 0.383467 114.357436543622 2.018875 0.781591272440079
997 0.462796 117.228302204777 1.916331 0.760165466287324
998 0.408611 113.497505804627 2.001492 0.80259649516707
999 0.451076 118.987711512662 1.944763 0.815898334205382
1000 0.491018 107.76602807088 1.866293 0.732759158264622
