rep aei_left left_area adi_left H
1 0.620114 97.4262680374734 1.579075 0.730476488433595
2 0.273727 116.611875666325 2.179407 0.690344857775258
3 0.280406 112.526381259714 2.174607 0.787367514807143
4 0.488719 109.894902995294 1.87295 0.732261379248988
5 0.343239 120.638676045749 2.094342 0.791569250846885
6 0.628629 109.153020645123 1.59223 0.742524968823217
7 0.559877 112.490674711944 1.732322 0.734999602756091
8 0.322652 116.890129638368 2.092081 0.777368147996928
9 0.547698 115.062596038158 1.767078 0.748045581637921
10 0.372344 111.704062935461 2.041815 0.762690618382541
11 0.584792 105.553716852878 1.690496 0.699567307467975
12 0.288824 115.985917024273 2.15129 0.780940655311439
13 0.451725 115.957910125269 1.959594 0.742004926085468
14 0.606495 118.228711572243 1.651963 0.700569219804278
15 0.555214 100.188031953894 1.69482 0.677645385830351
16 0.365667 104.548537532788 2.074621 0.76103312384924
17 0.423889 121.399058603451 1.998457 0.761859970422616
18 0.118671 128.2226368959 2.279698 0.819101157433649
19 0.41556 115.077200234906 1.99944 0.730994858154948
20 0.362509 115.711956508204 2.069066 0.703968049366303
21 0.390719 116.240428274021 2.006948 0.728547023066915
22 0.373218 111.803513809956 2.03257 0.776044006358723
23 0.63616 109.02342504548 1.560279 0.633554320917329
24 0.428836 105.134473066008 1.979689 0.772933624042438
25 0.255829 120.061969741767 2.181432 0.78112511153575
26 0.286441 122.90660898543 2.142809 0.752209628512304
27 0.313881 118.054793022157 2.123759 0.806984255962372
28 0.449543 124.828055313581 1.940584 0.783730073793296
29 0.545725 113.837996174165 1.761344 0.736243317084197
30 0.322486 130.642163646589 2.114617 0.79047852650971
31 0.545095 97.6232093920208 1.77981 0.705348479439235
32 0.594722 104.219459964519 1.638777 0.752572667140979
33 0.291555 113.674776896001 2.140758 0.739824060288886
34 0.648849 116.703220036655 1.54045 0.754656681800396
35 0.293542 120.670201346686 2.109182 0.772349778361828
36 0.393183 107.112093387369 2.008189 0.735677025292689
37 0.57707 115.557907097561 1.718857 0.768453781424438
38 0.63248 105.41194373173 1.514326 0.6660345889767
39 0.509243 111.817025236157 1.852612 0.781198892954633
40 0.198206 120.453129686491 2.213322 0.794533342339913
41 0.363849 113.528281243902 2.058008 0.756178144605307
42 0.540209 118.631173542834 1.758287 0.782115611087573
43 0.4602 119.833782967774 1.945148 0.759707016775828
44 0.129106 129.316697163558 2.275158 0.79117475275481
45 0.384167 111.467097396277 2.015551 0.745639676006632
46 0.187325 122.791166837981 2.245438 0.805688487005126
47 0.407817 107.420632218879 1.972382 0.753882917686731
48 0.512802 114.604688945368 1.826338 0.753674290962443
49 0.380984 124.017175314714 2.053845 0.747787065927908
50 0.595604 114.286021256483 1.658871 0.667556548936542
51 0.489642 110.071266947177 1.866579 0.741234658381627
52 0.360539 110.910149972825 2.034086 0.750861607696836
53 0.371537 112.89290016794 2.054626 0.793816723006907
54 0.528256 102.329839537324 1.779719 0.703668375857213
55 0.444239 104.100139094317 1.889598 0.739006714475565
56 0.400764 115.632968622096 2.021465 0.736021868872383
57 0.418377 122.193148874185 2.006181 0.769334620206353
58 0.412377 110.774815414655 2.004857 0.709947158331942
59 0.560548 115.869603138413 1.75281 0.731088059210344
60 0.517482 107.503287086313 1.814906 0.758450507401026
61 0.264624 130.711573834108 2.187658 0.772675072459015
62 0.153104 131.489345802391 2.261891 0.810242601773886
63 0.480063 102.21963403065 1.873169 0.750395339941899
64 0.341514 118.805198795297 2.111421 0.74411163966736
65 0.291594 136.296261124201 2.166466 0.826900859706713
66 0.48229 120.675086311127 1.900786 0.775173278088927
67 0.376611 111.971229367931 1.997282 0.742331705876346
68 0.433606 117.614636761702 1.964851 0.745213111157681
69 0.64769 110.144494002483 1.52406 0.756258249460418
70 0.486361 102.621025434146 1.869517 0.743095674115429
71 0.590691 112.338362126909 1.664132 0.726904961381296
72 0.576155 102.881361022582 1.681376 0.681418397708562
73 0.719929 104.0320862088 1.306811 0.670894938940574
74 0.389286 114.08455267221 2.025485 0.772061412271552
75 0.474805 102.18779653986 1.88777 0.739555466044057
76 0.581994 101.477180732333 1.68278 0.726376396908929
77 0.518809 114.533862298536 1.831094 0.755177894349904
78 0.532099 107.827557896327 1.75845 0.73419321713017
79 0.54492 109.82778565495 1.742624 0.706139958108187
80 0.566454 101.496417980756 1.713259 0.677191650780979
81 0.481 121.800700653814 1.91037 0.725668317032308
82 0.550346 97.7638222921344 1.694627 0.6406301673386
83 0.414737 108.954626435992 1.973197 0.758459026541648
84 0.542591 106.362775711243 1.79147 0.729119804463497
85 0.82878 101.141840573403 0.688686 0.634259399024349
86 0.349774 106.216180047724 2.060303 0.764618797878373
87 0.306533 109.575682360377 2.117532 0.72920386549688
88 0.412312 108.751979905921 2.019438 0.753440969359713
89 0.447273 115.833445980108 1.947261 0.766736498487222
90 0.266783 111.928551571751 2.176004 0.79031300620581
91 0.479446 106.320603123242 1.891972 0.75552960230853
92 0.574759 113.218590188596 1.691572 0.660087683342237
93 0.249167 122.415792980297 2.195792 0.799892417753579
94 0.29129 123.688037678001 2.138258 0.770700620871313
95 0.307235 126.361558005975 2.153428 0.822778124034954
96 0.362682 123.482348369194 2.079528 0.774717413794199
97 0.390857 120.414644949633 2.0403 0.784615046567686
98 0.387813 107.631795703525 2.017156 0.729618202025051
99 0.42297 107.410693403742 1.982028 0.732857767893838
100 0.451112 122.20095600883 1.925345 0.740651600020419
101 0.550864 110.59740553134 1.758195 0.729950023013812
102 0.447325 114.390340209476 1.970104 0.784536025222976
103 0.16484 133.256331302103 2.258246 0.828258775128802
104 0.444042 108.064354991779 1.967229 0.708600767972845
105 0.386967 112.971693495734 2.019291 0.773745152171382
106 0.358021 126.69239574106 2.098596 0.801333671669479
107 0.392586 110.717295719904 2.032514 0.65376914686032
108 0.51099 100.387408084234 1.818411 0.765959084419509
109 0.465279 110.601798223007 1.915666 0.747144224922241
110 0.408596 120.854129601598 1.966394 0.772688882564563
111 0.523671 113.137940265823 1.814956 0.748730190161001
112 0.556464 94.4671987529748 1.715144 0.52639297860793
113 0.480459 108.424167203956 1.869842 0.723028885656256
114 0.677275 89.166908097155 1.442222 0.591278735448862
115 0.537887 115.29894793051 1.794894 0.712574030982327
116 0.346095 112.90871107304 2.086603 0.722923419947689
117 0.537604 109.435422006741 1.80706 0.716083723053003
118 0.505665 105.704567532105 1.798792 0.722571384322917
119 0.54489 96.1540827591705 1.780184 0.698354940879871
120 0.554683 117.130126065869 1.753916 0.767366338028123
121 0.378339 112.727060645361 2.021532 0.676978020550616
122 0.514618 113.553657677208 1.853558 0.683671465514887
123 0.354663 117.989512118117 2.057394 0.770807654180529
124 0.263505 113.996244863208 2.178573 0.764550077030623
125 0.317304 111.139409083305 2.123459 0.763579517134988
126 0.444704 103.076394631429 1.89211 0.723099410991895
127 0.230466 118.530452878133 2.203084 0.767216395368989
128 0.414196 111.615349020589 1.961287 0.727301183317945
129 0.507429 115.761985642208 1.868824 0.764095621248588
130 0.496171 109.020942442202 1.853197 0.735102274664656
131 0.544079 109.057267144486 1.763366 0.732727371177137
132 0.337771 118.886762119135 2.10432 0.750410293169178
133 0.456591 106.783999879718 1.917608 0.742315326004006
134 0.427559 119.756585049098 1.958593 0.688203736327266
135 0.60479 88.8012479138832 1.611266 0.632806810893859
136 0.573565 109.848153159979 1.723171 0.715315685851542
137 0.561286 106.950511795603 1.726168 0.711035039754164
138 0.390342 117.573445286833 2.045768 0.765649705191757
139 0.510787 92.4672805289745 1.810014 0.735807579319009
140 0.370669 112.326466893111 2.046431 0.744697207039165
141 0.529381 104.613914373476 1.776258 0.716780809077209
142 0.647867 114.649678505359 1.496871 0.680160988193324
143 0.626211 106.611181652729 1.565832 0.658970549540935
144 0.388688 117.752036329369 2.018623 0.743558118578578
145 0.236178 127.844291254344 2.174714 0.752789448505678
146 0.370018 113.067663221593 2.035779 0.737505843781934
147 0.410215 116.927123038468 2.010998 0.775884843456924
148 0.370591 122.004114538027 2.046648 0.725078814054149
149 0.539568 118.944205936043 1.776875 0.788690989404515
150 0.288553 113.442870206955 2.144446 0.753644750947511
151 0.430983 117.971290859859 1.993679 0.731614965221688
152 0.58341 97.6630998831796 1.670114 0.681235681805282
153 0.57364 89.11321781948 1.660284 0.646066650612328
154 0.565069 114.023383350148 1.713176 0.79009083227383
155 0.325087 117.917573434984 2.084029 0.783540508206325
156 0.54956 106.85773711243 1.758784 0.693303395826721
157 0.2204 132.638250461545 2.224677 0.763957846524295
158 0.414131 118.079138559756 2.011552 0.765148631188984
159 0.697654 102.499201405156 1.378077 0.638361440386919
160 0.646263 109.627875894359 1.522452 0.757618167223058
161 0.337897 109.497491343654 2.085255 0.722406087283386
162 0.402129 112.108436109623 1.982574 0.701474943762105
163 0.420345 105.557863270701 1.965029 0.760825187154951
164 0.583627 105.001876447881 1.677645 0.738682512559417
165 0.606169 89.6326868162054 1.63108 0.60377983622603
166 0.489374 96.9650548482525 1.823184 0.73181827874563
167 0.312104 118.218692895522 2.143655 0.798082666555288
168 0.237958 119.535041325313 2.210805 0.755765270136051
169 0.232097 111.499316424139 2.199463 0.744214141466013
170 0.492864 117.246076452201 1.86935 0.690677436443189
171 0.612053 97.2762083649606 1.600275 0.697586096335723
172 0.501124 116.589510982757 1.816963 0.774930429065991
173 0.453233 109.418589588615 1.873169 0.726034741103397
174 0.274274 123.970702916829 2.174393 0.727186715656154
175 0.362161 118.106979313723 2.051277 0.759188370008454
176 0.601368 108.987465149675 1.631111 0.696973377627167
177 0.396358 110.555126843182 2.019599 0.754391456948495
178 0.343781 111.90648918135 2.104391 0.769984551464274
179 0.452951 95.9901686024748 1.859569 0.71052816600741
180 0.368201 129.938427271836 2.076451 0.827854807879675
181 0.535999 105.357196272772 1.717882 0.68657861403486
182 0.317589 110.77313667762 2.116694 0.749986709316306
183 0.114028 129.850794622638 2.28033 0.828932250551459
184 0.239493 124.850263170946 2.194782 0.748796820674103
185 0.372156 118.327803410414 2.074972 0.787198088241979
186 0.371826 119.26333229606 2.04532 0.765592831959669
187 0.504309 108.96636911991 1.788244 0.756037759222492
188 0.438042 119.812652257295 1.965729 0.76819397162795
189 0.830498 97.0615964763059 0.716108 0.652093502722998
190 0.108328 128.531848182412 2.280194 0.838481908398176
191 0.436461 118.476247806844 1.977725 0.754397858661904
192 0.134581 125.058558352095 2.262895 0.816335773390927
193 0.811721 101.228686301623 0.825597 0.648522635122522
194 0.443087 128.634478484274 1.949094 0.744985682581328
195 0.411357 125.300294209401 2.018545 0.770266954565438
196 0.315938 116.326002092141 2.117107 0.743033561260565
197 0.471452 115.500290344878 1.892963 0.73707464653958
198 0.366019 113.291834849971 2.059431 0.737105371761763
199 0.458766 108.787075443575 1.90416 0.655085408855073
200 0.510681 102.062727072705 1.79122 0.740034910955854
201 0.462782 109.060588650205 1.887503 0.744424650829833
202 0.363623 109.149853270138 2.077781 0.744318716255941
203 0.376488 115.952692107381 2.067861 0.761610691618139
204 0.425514 114.789382246612 1.987973 0.772522320874629
205 0.416768 118.414451960957 2.005844 0.790599195662891
206 0.493534 100.811299568262 1.873933 0.723279582073578
207 0.441619 108.734394980206 1.933787 0.730114941816792
208 0.2942 116.49516403117 2.142215 0.814863334854469
209 0.539651 122.986542686474 1.782069 0.746524266920579
210 0.615674 123.732888551623 1.614639 0.711206537797198
211 0.671088 95.3318593431256 1.401838 0.616686495717366
212 0.398474 110.948925497795 2.025672 0.731357238051317
213 0.62361 100.443824716442 1.535936 0.700163586001087
214 0.332381 115.965701222776 2.090379 0.760314600161508
215 0.417962 122.551839746874 2.015968 0.73592842432364
216 0.54026 102.094722435871 1.719232 0.709218660297556
217 0.390314 104.391587454144 2.001366 0.718691804572768
218 0.40774 120.642002940142 2.006908 0.763010989306377
219 0.444743 116.99774037376 1.97024 0.757858483201735
220 0.292427 119.626942168285 2.165564 0.745591978818971
221 0.329856 109.022102423242 2.049204 0.738554921419584
222 0.408532 121.779027105046 2.00211 0.776717971172842
223 0.46192 119.482860006403 1.946217 0.717410023875666
224 0.395655 115.615992584633 2.034881 0.75780913402528
225 0.111061 141.235293761774 2.28019 0.823806884189609
226 0.274809 109.085296461998 2.166997 0.744022063445137
227 0.49142 110.676080404492 1.868686 0.776232100763422
228 0.663895 114.197992670738 1.491243 0.723074458202355
229 0.32323 123.249006633858 2.102609 0.801413010489223
230 0.358908 119.41021028114 2.037246 0.790856909300443
231 0.412898 125.357139858174 2.002802 0.795859325088195
232 0.204298 124.269703777998 2.224409 0.783533844276697
233 0.243565 124.091907120027 2.20969 0.803777562482389
234 0.508451 105.569684884608 1.856032 0.711803620647795
235 0.6173 107.751634898929 1.584933 0.652128461219352
236 0.365306 122.861203351436 2.066546 0.789710381507633
237 0.332291 128.314852081217 2.122176 0.790233420453894
238 0.539928 112.664059251737 1.789442 0.716637760061368
239 0.26928 120.703399095751 2.181376 0.741592893776111
240 0.29878 116.929415960876 2.143852 0.732008216971396
241 0.390595 98.78416595622 2.043535 0.756118550699237
242 0.2386 123.229943719157 2.213612 0.745166908706241
243 0.629497 109.22560796301 1.57689 0.768833423362646
244 0.276133 125.787026503899 2.178768 0.802254510915311
245 0.491212 118.012744318614 1.843399 0.770645485600825
246 0.488206 109.990185435757 1.866867 0.746118742154495
247 0.555982 110.958785776384 1.766144 0.715106125735646
248 0.432218 107.584073153609 1.948538 0.72673424236142
249 0.509816 107.808043124903 1.835936 0.778991483259482
250 0.322598 115.037861255202 2.098757 0.748300842012012
251 0.735095 108.322294671096 1.173301 0.682724101101658
252 0.327108 109.69136095795 2.086359 0.768175720993875
253 0.483635 113.895247718836 1.835541 0.720288883176513
254 0.433981 102.458404472122 1.976402 0.732381132810668
255 0.459492 116.920276837356 1.939058 0.729669417149132
256 0.458465 106.260703981208 1.950724 0.705023901668656
257 0.326469 111.655345646967 2.084707 0.767818539608242
258 0.429166 114.812205317635 1.962954 0.772155588211232
259 0.367745 111.479040597483 2.066417 0.75273777005343
260 0.707517 96.1363832569835 1.347252 0.585028050698271
261 0.543289 114.757582969159 1.766419 0.795593092200561
262 0.353887 115.502436960707 2.098322 0.657618020101669
263 0.573712 93.8863182969445 1.703208 0.701610121414989
264 0.264424 127.383645997036 2.178496 0.686067855188253
265 0.17761 129.440859865591 2.251591 0.847941068478071
266 0.388865 117.703320884644 2.025866 0.769696600563495
267 0.643529 111.596067529469 1.476138 0.6682676458855
268 0.400275 113.927907867606 1.960564 0.760127044374984
269 0.203668 121.756099945952 2.228434 0.776425512722593
270 0.51861 122.575105174323 1.810042 0.755630168977342
271 0.180383 114.601573674804 2.250427 0.790408937327793
272 0.440292 121.016910444789 1.975367 0.770363218089167
273 0.332817 114.598987802633 2.057842 0.739478089130727
274 0.444039 114.79355835472 1.956319 0.756937665871119
275 0.591227 105.766234967182 1.662407 0.678690830343553
276 0.423814 119.810140071321 1.971897 0.747400576224969
277 0.40429 107.611821231735 2.016298 0.705727191875402
278 0.390756 119.090521936413 2.039111 0.775151191482208
279 0.578086 115.898452931508 1.700626 0.712115160832544
280 0.555105 100.445494388394 1.736706 0.707652386857878
281 0.420896 118.668367450049 1.988004 0.775680025624445
282 0.510775 102.87233269868 1.792358 0.725758297293592
283 0.42976 104.903540197966 1.93333 0.733809113634209
284 0.384971 111.474646370503 2.044202 0.769132240968321
285 0.490566 106.662392027559 1.878759 0.72397292099074
286 0.540684 101.866943842933 1.785656 0.730119583433323
287 0.46302 110.885619421104 1.922451 0.669087800667678
288 0.618772 98.8131054683152 1.568843 0.438977737818101
289 0.603971 101.233647447555 1.656254 0.716111947744628
290 0.409602 120.691648806821 1.997222 0.757740665219834
291 0.405911 108.724193228151 1.96258 0.745497374895244
292 0.490716 103.087049381117 1.850399 0.748147540973867
293 0.327474 121.156364764655 2.124617 0.771953390357216
294 0.284973 112.381087141031 2.115118 0.77919829200812
295 0.35808 125.437600669609 2.068066 0.781329920664477
296 0.298599 126.523773712735 2.159859 0.739634791891127
297 0.42843 110.227881944974 1.982252 0.721429404687351
298 0.364831 122.308548359563 2.045632 0.778337292369861
299 0.284039 119.840100668605 2.147534 0.766754692302597
300 0.393222 117.547379375493 2.036389 0.728069327879795
301 0.707554 110.896481280848 1.186318 0.718549504488107
302 0.500356 104.760824407315 1.811735 0.693861824811225
303 0.471732 113.273904927775 1.930255 0.769101206370712
304 0.536612 100.619823037149 1.801634 0.679816423569952
305 0.396607 116.474774699195 2.013354 0.782633237888418
306 0.546531 110.822610534575 1.764381 0.720516610945966
307 0.228755 131.056662161094 2.219739 0.792480130315857
308 0.511242 102.692932280452 1.827402 0.743909795297844
309 0.43445 120.378354497287 1.951041 0.792082937952439
310 0.192192 116.893246362129 2.236586 0.768978162384041
311 0.460175 110.085484000343 1.926618 0.741983457619301
312 0.537029 101.110019077307 1.748876 0.679389282256241
313 0.329623 109.99360327684 2.121729 0.748509553032399
314 0.257775 125.053314004523 2.19716 0.765777254685922
315 0.680983 104.455978178284 1.417775 0.634527831231165
316 0.375532 121.235243954445 2.031869 0.786366526587551
317 0.391679 103.719604417897 1.981419 0.771633684701026
318 0.382477 114.328877143412 2.056046 0.763194798143852
319 0.400641 122.343695875738 2.036139 0.746459432325745
320 0.593841 103.709041324434 1.676851 0.739307000508643
321 0.390153 108.724224086044 2.032525 0.725448763716921
322 0.348507 134.322405158442 2.102335 0.803770012308369
323 0.457948 112.166997589909 1.908042 0.728191914028811
324 0.299485 114.741341675824 2.121718 0.764990908147486
325 0.366451 123.940127351332 2.051722 0.803766619079788
326 0.403995 116.992356237595 2.03093 0.746006645291861
327 0.355768 115.796687886843 2.050413 0.776332259256875
328 0.368482 106.196602687949 2.020306 0.742987845839762
329 0.265414 131.429921739948 2.175604 0.802663186230115
330 0.540496 118.001821212187 1.783134 0.71358348626673
331 0.329584 113.90442268713 2.10113 0.733563919935652
332 0.422338 117.070466358282 1.97095 0.698110040668419
333 0.372913 115.044776654062 2.068777 0.776847203516287
334 0.475517 99.044938289077 1.886989 0.683085080873057
335 0.295943 121.087713804239 2.151731 0.795907263388866
336 0.438348 107.362079024036 1.967632 0.720459400235678
337 0.349988 112.396057962444 2.091936 0.757377793808903
338 0.338999 123.702100107448 2.084428 0.747535070379977
339 0.497879 106.215019231947 1.867149 0.727345106671344
340 0.620213 103.364330933265 1.616773 0.725284479674135
341 0.334944 121.064720364679 2.117149 0.752398187666314
342 0.538618 102.770529020639 1.791722 0.729703476379673
343 0.580492 112.786563622066 1.676765 0.733545690266742
344 0.547344 102.737963144108 1.773161 0.676302803688088
345 0.509329 118.18275105304 1.810613 0.696758008951947
346 0.463519 111.985049567132 1.923652 0.767839541369836
347 0.499123 100.199608895075 1.841118 0.769225203162973
348 0.375969 116.265208061242 2.050696 0.79036788170176
349 0.423441 120.22916769856 1.995193 0.758009062764541
350 0.522375 119.168312505013 1.788006 0.712205783024674
351 0.404399 120.194871921617 2.031313 0.771273683203911
352 0.398752 103.519972299761 2.018619 0.730629748471855
353 0.6174 97.8622234966913 1.563013 0.655799702820969
354 0.407058 108.087630728959 1.999921 0.702457972810931
355 0.281186 116.523019094252 2.15357 0.81849401362919
356 0.655463 88.8363795406857 1.482593 0.648063829620132
357 0.346287 124.621083109746 2.110372 0.753489654990508
358 0.659471 99.3848081882087 1.483878 0.650016776133875
359 0.285157 127.750637133843 2.167935 0.780636786250009
360 0.4691 115.597397493023 1.932932 0.782748002073774
361 0.486931 107.121684101359 1.854463 0.712627588485617
362 0.3118 118.593235057953 2.128868 0.770487868020208
363 0.197965 132.303233552581 2.240557 0.799040195520732
364 0.221625 116.72997260863 2.224715 0.811141693545735
365 0.595264 94.8380624390565 1.63992 0.699401868121509
366 0.593465 105.879645217678 1.662767 0.685069380912316
367 0.282611 116.850441541955 2.165405 0.802388815357987
368 0.397954 109.539807122663 1.96646 0.737694337598742
369 0.594439 95.7297398050661 1.649832 0.69571939816215
370 0.716208 107.115286883687 1.25247 0.647848557609966
371 0.510871 108.469442903398 1.825258 0.752281252138927
372 0.495814 118.973536873357 1.863255 0.753329799460634
373 0.543726 101.702177053279 1.729602 0.667137539551796
374 0.186227 125.005557063079 2.243838 0.794430669457896
375 0.802337 102.773325020609 0.827839 0.637589427590349
376 0.427129 114.655079103405 1.981011 0.738591772922249
377 0.438132 107.169257819818 1.971759 0.731390479048686
378 0.472156 106.666031951774 1.906052 0.725503289886211
379 0.357472 106.639587504565 2.074095 0.729009680684945
380 0.100418 136.930523307125 2.286745 0.82352413107746
381 0.485223 113.954544309859 1.899991 0.773983744896665
382 0.418536 105.751020273761 1.961671 0.749967489771941
383 0.341111 116.856921781089 2.085283 0.764996720700499
384 0.57647 113.3707007016 1.717015 0.743774139054069
385 0.386601 108.454736319547 2.018482 0.782282703329908
386 0.290027 120.098281891641 2.170401 0.795770727274621
387 0.428848 104.627965995468 1.994516 0.720749991852124
388 0.20654 126.857095329798 2.226506 0.756879302397568
389 0.511906 109.860935497338 1.851548 0.745645823113693
390 0.479578 109.891545773106 1.885101 0.731797167373037
391 0.349321 106.869140464054 2.069803 0.731403441550307
392 0.497232 93.5661392580732 1.82439 0.681657395108565
393 0.462717 106.96586541395 1.883783 0.756487564323878
394 0.463225 119.240439774761 1.903538 0.761549491174463
395 0.289879 112.678830045974 2.14345 0.780717341234017
396 0.394828 120.21811967009 2.02263 0.80026058049736
397 0.702624 104.422866863086 1.360199 0.660250808661302
398 0.351821 109.089917749375 2.097161 0.751065119292642
399 0.294596 119.701205796364 2.133491 0.793636286591718
400 0.371029 124.223247809224 2.076051 0.763994579787112
401 0.58697 102.037774496445 1.666939 0.69379672150249
402 0.474305 112.934168746619 1.886913 0.756199413511903
403 0.511282 111.132990966312 1.829775 0.687681757313501
404 0.627595 105.40127196984 1.551351 0.683645641640583
405 0.685701 98.1571193462336 1.399359 0.706618211644524
406 0.644794 113.154813364374 1.499738 0.660519350260179
407 0.464449 116.052438793262 1.905008 0.743011665064806
408 0.21447 118.467422353867 2.226649 0.770053905764277
409 0.547692 117.279787607462 1.790546 0.708545286564487
410 0.400537 117.797276016893 2.016312 0.735540516843595
411 0.347524 111.426850992984 2.090828 0.743222258363979
412 0.437762 112.173181001882 1.936449 0.778543394070061
413 0.421331 109.431663738905 1.9837 0.76382858918022
414 0.257622 114.86877621176 2.174298 0.759274662649809
415 0.578903 128.567063800661 1.713089 0.787190414923602
416 0.567596 94.1463554395949 1.681639 0.676996970016842
417 0.512613 110.987164140679 1.797794 0.741400239189253
418 0.621756 113.697611987803 1.593069 0.725885138425237
419 0.440215 108.251077479867 1.953929 0.748268206581478
420 0.508939 104.666337044208 1.786175 0.738804665512473
421 0.731739 105.713187810039 1.241951 0.667119761449203
422 0.530598 111.604392486668 1.80373 0.719219613825607
423 0.462267 101.307634065844 1.930718 0.680458098159899
424 0.492827 107.354802931697 1.863686 0.698848970389613
425 0.322656 115.624496501061 2.115997 0.778937079508263
426 0.715617 90.9854867890554 1.270501 0.470301344649118
427 0.543928 100.443937130299 1.755551 0.697155949712955
428 0.428645 106.521366441908 1.984092 0.737827550679563
429 0.423635 102.273008277336 1.988058 0.707283649810002
430 0.482239 106.484819898122 1.844444 0.700612526310657
431 0.486644 121.363833118787 1.897426 0.743317472118189
432 0.401539 113.96767376172 2.000231 0.729643668817948
433 0.408741 108.568827488437 2.00717 0.716403031510641
434 0.343296 117.970232174784 2.09189 0.763033026085975
435 0.328766 111.226642554035 2.078711 0.751157088759952
436 0.295784 123.949858906868 2.14482 0.788468590542549
437 0.585959 94.0706277877423 1.616822 0.719535692503275
438 0.553066 112.572784835559 1.702221 0.652658443250727
439 0.573149 112.624804371603 1.705542 0.708100144524659
440 0.416136 112.875869620633 1.989921 0.736426113778481
441 0.231942 116.172495001456 2.164666 0.778238559733444
442 0.375018 117.017353878213 2.052213 0.726843384118913
443 0.499191 106.511183392097 1.876325 0.765402586244218
444 0.492977 101.102333183048 1.860401 0.700683289485125
445 0.380627 113.310147121138 2.019856 0.744622816434711
446 0.479261 108.517657688947 1.891707 0.738311093944459
447 0.410102 112.85315117159 1.979505 0.772597070737778
448 0.328836 114.261834082108 2.097335 0.779852562685473
449 0.292848 130.114567390725 2.166013 0.822614398863984
450 0.284236 121.661708661329 2.171008 0.809566747886316
451 0.517901 107.469504249088 1.815011 0.708583612952032
452 0.466287 112.238376828771 1.864131 0.752466898954117
453 0.366972 110.992559258018 2.068814 0.766177328285549
454 0.4357 117.195504442664 1.966692 0.744680236685185
455 0.327845 122.261566443589 2.10778 0.765596952986538
456 0.538707 118.649870018465 1.794061 0.715127363370642
457 0.624974 106.263068334158 1.59004 0.691173820086628
458 0.46046 86.6205075656167 1.904487 0.682758533468243
459 0.575288 100.985730366287 1.623051 0.692564657318147
460 0.464659 118.970578658594 1.909238 0.742880711427066
461 0.326074 134.271088450177 2.103728 0.751718550636616
462 0.333819 123.881350977955 2.071933 0.796795929221487
463 0.548624 77.8503924130134 1.670271 0.636114803528058
464 0.273378 115.539981920468 2.149555 0.755961594158713
465 0.517468 98.6953307730562 1.793358 0.690072541094483
466 0.230822 127.657805789155 2.211695 0.793705269012312
467 0.490678 96.1333886653813 1.877279 0.711665132973602
468 0.299657 120.582962531042 2.148051 0.790124700568509
469 0.418508 116.7357279213 1.991429 0.755611955768836
470 0.480527 95.1041198784819 1.864601 0.742166434943115
471 0.437504 114.066676664302 1.944928 0.758873361802145
472 0.334675 118.774843574196 2.109239 0.76245155643873
473 0.45121 118.237296039533 1.919087 0.763000952279319
474 0.394469 107.141506017887 2.023117 0.710629766806041
475 0.412775 114.542947563957 1.995237 0.77447365553172
476 0.278999 120.43483696423 2.16811 0.805412340053104
477 0.422923 96.534547027418 1.939581 0.752105720992929
478 0.604855 105.068376153128 1.628248 0.734816266389525
479 0.46553 112.326577367092 1.899838 0.747229590390815
480 0.560194 99.2572746112297 1.717532 0.728942056112616
481 0.697575 100.907181963016 1.353915 0.664583966279289
482 0.290942 108.815222675511 2.138418 0.775349114333874
483 0.373826 117.145662517671 2.055617 0.766678249403519
484 0.323304 117.714157894191 2.102824 0.760324342336783
485 0.503963 105.36068899851 1.809086 0.728905463060414
486 0.358571 110.339026571642 2.042964 0.771577186837451
487 0.615701 104.572699211311 1.586867 0.682140334327424
488 0.477529 105.879459436196 1.904401 0.740760798176476
489 0.20295 136.40276210501 2.236441 0.826752362903561
490 0.4048 105.844133197511 2.036489 0.737674169674886
491 0.47958 109.584364300705 1.8622 0.72591340517044
492 0.439594 114.411045801808 1.965079 0.731305167236584
493 0.424081 119.408663043009 1.965873 0.767525585108365
494 0.527597 111.159203324652 1.824514 0.743690602269682
495 0.555957 102.905564156656 1.723097 0.758674846095352
496 0.434114 95.3718008441602 1.923659 0.743438234160852
497 0.655113 98.8961231032473 1.455108 0.658879514027546
498 0.524402 107.670370997607 1.752119 0.651042481699317
499 0.555892 105.811380101815 1.737118 0.730197541474936
500 0.598748 114.711661388471 1.669549 0.760547719166007
501 0.486129 112.16235419087 1.903204 0.730008771266001
502 0.605848 113.224877223174 1.657499 0.746443762684275
503 0.456316 105.007119226556 1.858371 0.751106005434682
504 0.4966 107.573277800445 1.869838 0.719012120698214
505 0.553152 101.543054363155 1.730154 0.72719708692712
506 0.394741 118.653264537844 2.013576 0.713498534294094
507 0.34071 119.289528541052 2.099266 0.802866956910896
508 0.573568 100.436278903157 1.71215 0.717220224936974
509 0.398411 111.45113908505 2.001385 0.717186549975641
510 0.608581 99.0027633261689 1.598257 0.679292423387753
511 0.418535 107.952426592293 1.989578 0.750304535670978
512 0.416386 96.9037695612303 1.948263 0.754975394337984
513 0.441214 112.211518813499 1.970319 0.720311339072896
514 0.275825 122.917426278095 2.173957 0.79402975722266
515 0.411943 111.911590077254 1.990917 0.755056293821714
516 0.468633 109.854509644533 1.91765 0.738131331949971
517 0.248354 120.469827426815 2.200021 0.79470539391794
518 0.594458 114.696882432498 1.660618 0.738236233294547
519 0.526745 113.058651672486 1.792396 0.734037627808993
520 0.485822 115.627089876731 1.856341 0.770093744516953
521 0.440232 123.356316659099 1.945639 0.784566093303027
522 0.489778 115.797992482128 1.888029 0.748824873396162
523 0.325399 115.74063754365 2.092922 0.759384640035977
524 0.418677 115.035919739749 1.966195 0.741905079946098
525 0.409226 101.606719409443 1.986502 0.733040779587369
526 0.612212 111.746271318417 1.598368 0.731224721387703
527 0.590957 106.86152615796 1.682289 0.656952616538913
528 0.26841 127.461535809511 2.189257 0.793120795910949
529 0.742717 100.722030924281 1.203022 0.681455475107679
530 0.481734 117.263170769695 1.880412 0.729909404949974
531 0.614455 116.911126525746 1.623563 0.743520916323925
532 0.34356 128.506530875246 2.11178 0.813466073633259
533 0.435978 108.092709031246 1.922508 0.781802362433328
534 0.354754 115.977966702486 2.091986 0.768290562751212
535 0.263705 127.319062400793 2.181726 0.804526224570376
536 0.404167 118.28909916189 2.000945 0.774708797500543
537 0.59849 106.870803682739 1.624942 0.672857467241945
538 0.470459 117.367035485107 1.864554 0.715547280048
539 0.323789 114.872644623762 2.114646 0.772130797192759
540 0.443168 110.446653146721 1.8959 0.751349957133458
541 0.351242 126.068021609025 2.087753 0.782214676722584
542 0.403455 117.193765054892 2.016139 0.795818231451188
543 0.304225 118.377420820058 2.092361 0.789575764408492
544 0.135195 119.076530783884 2.253738 0.801364142861292
545 0.432725 117.74451523176 1.971167 0.73656296480506
546 0.511014 106.449592768279 1.830002 0.720342031322704
547 0.324936 121.200161901504 2.102459 0.74283688806766
548 0.517265 103.879662800982 1.794737 0.726061686208471
549 0.196644 130.557661084065 2.241761 0.812510153467613
550 0.33544 114.607612782356 2.100219 0.766787634538477
551 0.357154 104.988159212013 2.072023 0.740797091603912
552 0.581646 92.9905702674328 1.651145 0.661009326005388
553 0.13058 132.256723560039 2.275325 0.829097873461973
554 0.455024 114.27805799435 1.926573 0.733678713079351
555 0.570814 110.118381676666 1.705496 0.791385940922551
556 0.175668 127.19514509773 2.252499 0.818402413560401
557 0.340388 110.903952390008 2.088625 0.764098025496905
558 0.613763 111.784269650806 1.628039 0.778348337895102
559 0.521175 115.885617006764 1.81315 0.70259721723502
560 0.251843 118.896598117277 2.200902 0.782834354066253
561 0.641132 96.7087888446368 1.535475 0.718501602089789
562 0.41107 122.063976520314 1.978733 0.757065667706738
563 0.42943 104.843466907989 1.965992 0.725908526746566
564 0.319527 127.929959845941 2.119082 0.761127534205937
565 0.378864 119.568902881833 2.065513 0.807116432144364
566 0.392809 116.314087901947 2.042395 0.736599855256193
567 0.38469 117.829148627149 2.050182 0.749134128634215
568 0.566478 91.6208584000558 1.723822 0.698749371047482
569 0.358327 120.942827214374 2.092159 0.764983416892007
570 0.682164 92.5289417734988 1.40017 0.591425539955359
571 0.347285 112.316577844387 2.0963 0.753641063439245
572 0.231537 130.210798176148 2.218017 0.793059357587281
573 0.371134 118.74757661938 2.052989 0.745736240864006
574 0.344851 109.479979918715 2.087784 0.755281840249483
575 0.408905 121.403160763069 2.013127 0.755255135219014
576 0.50536 112.868074175609 1.874732 0.766758919723246
577 0.366167 105.022176864554 2.074776 0.798402750386496
578 0.428636 122.402247313373 2.000667 0.762426996924543
579 0.396131 119.461333723443 2.032927 0.75850579882993
580 0.450118 108.240847175347 1.909099 0.721149422448991
581 0.405791 116.86374339282 2.015812 0.708066640908088
582 0.5203 107.816111938168 1.81737 0.73076269816521
583 0.589113 104.029496227875 1.667161 0.723641915016221
584 0.444227 99.3444609643822 1.938776 0.741819084492681
585 0.537157 107.894155147207 1.781744 0.724242041664875
586 0.344904 119.148097257579 2.107606 0.742763811894942
587 0.40425 99.7650703463556 1.99013 0.678733630602359
588 0.37857 109.068101982763 2.058719 0.730504666393278
589 0.542827 110.148717333073 1.766129 0.681073189064176
590 0.397653 113.316252844599 1.999132 0.779494280306227
591 0.602293 94.457916874073 1.632381 0.629018991945231
592 0.438277 108.260535304657 1.952802 0.731281117687407
593 0.611753 92.7023500218426 1.546658 0.680591769430091
594 0.552226 116.070420431507 1.771127 0.731537683281104
595 0.342771 111.637405816053 2.091807 0.745683946360945
596 0.459807 110.752062631608 1.90699 0.739115164107357
597 0.62734 105.329197923313 1.580459 0.716248465194157
598 0.398382 120.603764475298 2.027244 0.800009283804088
599 0.444638 117.48161649019 1.947618 0.725163230744643
600 0.400156 114.667829073739 1.962506 0.77010487571729
601 0.399695 110.223262312503 1.987308 0.772737463302971
602 0.386201 111.037545851709 2.020768 0.745737818856037
603 0.38144 118.509700655672 1.990858 0.796279174852655
604 0.432909 123.420233749544 1.975042 0.75097428856422
605 0.531517 102.109775232694 1.727475 0.635624614367672
606 0.321363 107.681722488432 2.129841 0.755722261805298
607 0.35715 116.923520948485 2.052872 0.719230222971033
608 0.587753 113.703162418331 1.697413 0.71552171363262
609 0.294445 126.323623835137 2.161056 0.780480873255563
610 0.396582 121.590895407546 1.999932 0.794013143167526
611 0.41733 118.429500466149 2.005193 0.805155005851029
612 0.282658 126.583676103413 2.173892 0.759510802462963
613 0.528062 113.169175800927 1.781634 0.672114079707652
614 0.463016 115.662084501631 1.93297 0.731899317432983
615 0.294506 110.386316394302 2.124033 0.764506529661345
616 0.429575 110.136824861721 1.942151 0.740108256890736
617 0.30161 120.910306483537 2.133226 0.801003110113406
618 0.463351 114.347074725881 1.914042 0.742633710481802
619 0.313307 123.273531734833 2.146228 0.734617626664651
620 0.403069 116.824882871927 2.009297 0.762053254145551
621 0.388029 113.817349119959 2.009312 0.71393776685622
622 0.312358 122.136005396584 2.14381 0.790684459228849
623 0.162702 121.024561739404 2.250326 0.828703761094849
624 0.512263 102.875280672037 1.843327 0.726241503027346
625 0.476364 107.771077346071 1.908553 0.806152041645332
626 0.308419 117.145944981289 2.139845 0.743903602817088
627 0.558797 106.316015558823 1.739362 0.717536015376965
628 0.401151 108.629806597435 2.008445 0.79239130943955
629 0.476114 98.6049759320431 1.897506 0.731336098959269
630 0.259464 119.980716932129 2.190438 0.825115218864209
631 0.391443 117.061192956892 2.022485 0.803020190915375
632 0.440349 109.491963658068 1.922635 0.716387376688889
633 0.453633 112.556511159869 1.914641 0.777145112034449
634 0.46052 114.015252520256 1.903913 0.732819329067706
635 0.347334 122.423156596423 2.083079 0.730772960487013
636 0.385726 115.485117971862 2.00575 0.801252319223092
637 0.449013 106.437828856618 1.934956 0.706048681100863
638 0.230543 113.662969141436 2.166647 0.783855705916466
639 0.454377 117.15378332761 1.898555 0.728140106174209
640 0.436767 111.837224582497 1.955013 0.772534704045871
641 0.391628 114.160168491153 1.960586 0.707318252788681
642 0.429954 113.644571585389 1.955845 0.760245803834661
643 0.373055 117.27761079715 2.064328 0.737752347075759
644 0.347125 114.381118329657 2.071419 0.761507344469256
645 0.657558 120.681775625102 1.49589 0.776427595534809
646 0.516935 108.130291188212 1.803345 0.732208860675752
647 0.658419 108.028312403891 1.510425 0.694355141658454
648 0.573216 93.9271652223517 1.664339 0.681358702978369
649 0.228593 133.178437176468 2.2133 0.824545461527023
650 0.374477 110.031841863733 2.027391 0.749105542442657
651 0.679835 90.8921299716389 1.355018 0.5942183056086
652 0.600131 96.9319444384949 1.634924 0.699871722792669
653 0.348678 112.689493396793 2.101287 0.816808513230788
654 0.259862 106.045605568679 2.124877 0.750575723687121
655 0.402519 102.25143120094 2.039634 0.757240690856709
656 0.270062 121.432889161878 2.169072 0.766790101274509
657 0.271505 119.452134824612 2.13669 0.785970601437315
658 0.506831 114.60153467515 1.841993 0.743516015612139
659 0.715086 104.34288475199 1.327054 0.680719721084785
660 0.613415 101.212521684843 1.598861 0.715909398246825
661 0.644326 94.22091925573 1.530436 0.660327652411513
662 0.575818 92.4457254263293 1.688051 0.637990940688318
663 0.720669 98.905247175508 1.269798 0.671612263945922
664 0.422282 112.889623531451 1.975559 0.740385619021111
665 0.239655 122.882320716904 2.209053 0.754838146962468
666 0.456334 99.8817092246617 1.930877 0.72897996646489
667 0.480087 109.562594777372 1.890855 0.722318218617326
668 0.528751 115.93513181782 1.823962 0.755608757502551
669 0.590727 97.8162841723527 1.641726 0.674150031716227
670 0.535851 110.816102461977 1.785375 0.730913143770847
671 0.281077 109.606291728331 2.161279 0.77544517409377
672 0.412167 109.726506201199 2.011597 0.739874991185977
673 0.168679 132.419965206501 2.256645 0.824103552236757
674 0.602707 105.188252811915 1.635942 0.75167147213948
675 0.325876 120.078471195394 2.122752 0.797613795796038
676 0.470177 117.714159702942 1.893415 0.768679484814014
677 0.386235 112.758844845737 2.059736 0.783740499208039
678 0.5474 114.768252966835 1.739284 0.745509472803929
679 0.561688 109.658397056658 1.743135 0.658623728280039
680 0.41402 130.272937787714 2.016772 0.709083748011574
681 0.349273 117.176210874543 2.057637 0.787557474609577
682 0.325598 109.085884701249 2.030909 0.757045404465271
683 0.557144 108.255811780367 1.768341 0.714521299193201
684 0.295751 115.429437428715 2.151078 0.749078469340944
685 0.388608 111.461753894794 2.007858 0.764680997898419
686 0.425758 115.954790787797 1.977407 0.751238770952639
687 0.550541 115.179159697953 1.765484 0.74135790559133
688 0.412143 111.975477643382 1.99525 0.78265273837173
689 0.515746 108.149855673291 1.81083 0.698440302586716
690 0.513388 116.915919010614 1.845461 0.783725248686987
691 0.400392 110.603934831776 1.964224 0.739171705012383
692 0.542471 111.811370055695 1.747429 0.687589280908513
693 0.429686 123.554174455146 2.000715 0.82272572431672
694 0.408741 114.245473591637 2.016644 0.72309735108829
695 0.680259 105.534732138819 1.426834 0.683581802830743
696 0.39358 124.854973842934 2.047667 0.771560964106178
697 0.389549 117.115986527856 2.012405 0.740769810444139
698 0.25419 121.621314923868 2.194881 0.804927002155639
699 0.509047 117.541236825191 1.840251 0.750300567983894
700 0.349312 122.347553791535 2.102574 0.755483583318389
701 0.351823 118.033274810641 2.089463 0.749098207856628
702 0.651019 97.986188144789 1.503474 0.669052844804507
703 0.46761 106.33595725574 1.895593 0.735084572265381
704 0.349349 121.53634442036 2.10619 0.778933971348117
705 0.414344 115.77372092226 2.014121 0.776875812452179
706 0.267401 113.614298646206 2.168504 0.803097798314743
707 0.494751 108.138748270274 1.810886 0.741792116394503
708 0.576551 108.052197295482 1.715892 0.720054163520565
709 0.3568 108.199257123683 2.065655 0.744497073011663
710 0.178362 130.912895490353 2.248484 0.799707782809454
711 0.496294 112.023832620921 1.865068 0.7547953614682
712 0.49753 109.121043416719 1.847712 0.728394724494569
713 0.608053 101.835561517793 1.629624 0.659058982919985
714 0.319339 115.582584051083 2.124007 0.786732727627202
715 0.36657 111.900502158962 2.063881 0.753039359294275
716 0.487501 110.788382473315 1.855071 0.769658664456623
717 0.486792 119.085119361432 1.876324 0.768061246682604
718 0.239625 115.633799018842 2.202306 0.782259469348248
719 0.469501 108.006749194692 1.870478 0.696992186629652
720 0.389218 122.754511643347 2.048521 0.762232749321565
721 0.308533 115.099271790237 2.131979 0.795817089273509
722 0.413531 89.0761490395684 1.958196 0.663506345609596
723 0.430131 112.454354740582 1.955885 0.747062212376285
724 0.474925 112.596530593177 1.900859 0.718918334117702
725 0.442794 118.983242861487 1.904655 0.782422272164306
726 0.615309 106.267433069129 1.634285 0.697348250996511
727 0.22381 127.56112813505 2.223021 0.811014250796569
728 0.790125 101.792394800835 0.953163 0.585202895476885
729 0.511296 104.024876220179 1.791843 0.745962027657361
730 0.597118 105.607507746163 1.645224 0.692083265980146
731 0.411291 103.495060578171 1.989194 0.743273556934801
732 0.663204 108.276136029331 1.451175 0.641652408030597
733 0.533073 112.876510740208 1.77785 0.795508912295665
734 0.465706 107.479057257536 1.92558 0.768657578970351
735 0.584736 102.601515414449 1.631877 0.698347415893384
736 0.514072 104.357213139926 1.812324 0.730192655717885
737 0.495855 103.195251137785 1.833206 0.667628915754278
738 0.509478 118.151562590468 1.849278 0.74663462803158
739 0.39985 107.120208673086 2.023232 0.774051203902964
740 0.469656 126.357243455985 1.935618 0.709487176586908
741 0.609031 100.498890328676 1.598055 0.694861009680998
742 0.388483 120.738575908035 2.050792 0.773184986819919
743 0.437791 118.527063655393 1.982451 0.723623714015024
744 0.53252 99.489521581851 1.774292 0.729437613061789
745 0.42892 105.415629913613 1.945261 0.756306497014763
746 0.370967 106.755833267815 2.024656 0.765361464266398
747 0.353462 118.868392203164 2.096643 0.786965142182099
748 0.53872 104.843040199936 1.786844 0.723896233558669
749 0.455622 115.544149779094 1.927715 0.754287816776176
750 0.632863 104.94519625551 1.551571 0.711884765390901
751 0.525665 108.0333223101 1.74422 0.723226318425649
752 0.598915 105.207346300137 1.619929 0.70850785616783
753 0.422608 101.502802129773 1.906696 0.730977119499994
754 0.231993 116.202841111517 2.217574 0.796160285415936
755 0.443251 114.682279054949 1.904378 0.756651016644046
756 0.513856 111.448367374552 1.799405 0.732504173614987
757 0.673779 100.704082019563 1.459824 0.616783965012834
758 0.375797 111.04380497481 2.042816 0.750258503136562
759 0.680651 109.016869326995 1.42293 0.740703932860093
760 0.766397 94.4219192095962 1.105924 0.563396048466494
761 0.665519 100.40828989984 1.493197 0.640743324971019
762 0.668997 107.599145728356 1.469169 0.701868564474725
763 0.280352 108.399290587885 2.109167 0.753582740262918
764 0.619435 104.212291474105 1.559457 0.70891930033149
765 0.470352 119.592300643529 1.885401 0.769677675912074
766 0.400662 110.145342261254 2.002502 0.754110463172694
767 0.229741 118.905581541795 2.218176 0.821245744997724
768 0.217398 120.629348304353 2.226683 0.814599110063772
769 0.416753 113.568018768982 2.008632 0.777405091758861
770 0.544715 105.082022039354 1.747013 0.710199617019531
771 0.514896 105.969976136647 1.80924 0.738350136493338
772 0.717836 105.5595547835 1.186767 0.757619897478024
773 0.456928 108.886065246592 1.944548 0.717341217113102
774 0.590646 116.997282451624 1.627876 0.738366899062632
775 0.506255 107.641382593652 1.845627 0.726658501035634
776 0.520524 123.544986269206 1.829161 0.796539780014192
777 0.746062 114.373397450654 1.18242 0.707276902126568
778 0.181135 121.519057321124 2.227459 0.804791716011128
779 0.393992 124.506469268069 2.040869 0.73592457561778
780 0.612193 96.5058379983996 1.608702 0.712505908023591
781 0.151345 123.402083085804 2.256758 0.777437002857769
782 0.375144 120.702688723081 2.066743 0.774305888904786
783 0.357626 124.327586851625 2.072942 0.761788211632659
784 0.546464 100.770349350101 1.755339 0.706992189261192
785 0.404455 106.922682746487 2.02829 0.727252796726897
786 0.518844 113.54323711974 1.804607 0.728395823850153
787 0.555727 102.773924187859 1.74863 0.700707450847444
788 0.430768 111.120612864534 1.97706 0.788550724510067
789 0.470064 101.220806919271 1.917293 0.735172421013928
790 0.471168 114.014480626323 1.926609 0.750624115719102
791 0.387291 123.763895858182 2.02657 0.771614875786945
792 0.549808 109.26681283898 1.741322 0.739470763841477
793 0.322578 108.561487172821 2.084197 0.744410833695241
794 0.508242 103.834309625407 1.848375 0.693491969988097
795 0.353323 121.159433112535 2.066145 0.762987330345357
796 0.534466 110.383732878404 1.812721 0.760765508676921
797 0.507134 113.095076621492 1.839315 0.744304345682329
798 0.726717 101.910298957295 1.267184 0.631225137323294
799 0.164275 129.050402609565 2.258036 0.824654640377014
800 0.576557 102.087563287578 1.706111 0.695945449676938
801 0.368019 119.143087129514 2.058238 0.767844143975514
802 0.378904 119.976507479467 2.052461 0.72866657358254
803 0.341003 113.382201257779 2.102525 0.744664560896134
804 0.293298 127.826704728816 2.165678 0.796694098188452
805 0.42039 120.778611572745 1.98125 0.758875856476361
806 0.533029 101.071431121678 1.792968 0.718493733065706
807 0.465137 98.327818401379 1.888478 0.732815142936246
808 0.465302 115.216460222637 1.93802 0.737892883489642
809 0.448769 110.093415987352 1.937958 0.776648455445645
810 0.493334 111.608401573015 1.880809 0.731721280146505
811 0.515659 103.329438955182 1.806302 0.709187454810814
812 0.480196 119.982441218621 1.901338 0.753301848120029
813 0.653538 99.262935319268 1.495139 0.66419156882863
814 0.455568 117.736077544583 1.921919 0.708341728050557
815 0.375964 111.438494575837 2.017418 0.75347990665602
816 0.476645 116.301608063164 1.897967 0.737015692324083
817 0.661323 111.571735619662 1.466992 0.644229185587086
818 0.326387 120.079172818571 2.112531 0.771079817078401
819 0.525226 111.118011550439 1.788045 0.628238570662629
820 0.345502 116.727655734076 2.091524 0.792282880494164
821 0.371507 116.853309571408 2.05213 0.781330122661184
822 0.188578 131.417083099515 2.245391 0.824460098935333
823 0.57887 98.2008829892803 1.704646 0.638039635903662
824 0.433858 120.530567680576 1.966133 0.767495836893069
825 0.509441 98.9735365329056 1.859519 0.681464474741607
826 0.346989 106.81728491108 2.098118 0.698234473223904
827 0.491509 103.928606291608 1.864257 0.760014649985141
828 0.432709 106.780947543541 1.957999 0.735186580928653
829 0.51766 103.49939510653 1.766782 0.740857196217915
830 0.450171 113.879528095203 1.915857 0.787515227671971
831 0.525616 115.94607361185 1.745588 0.742737408409408
832 0.527677 112.54916107406 1.792081 0.657986534914458
833 0.617704 102.534712717425 1.597641 0.683040944682138
834 0.622468 104.742675757426 1.572972 0.717864336245701
835 0.389987 124.399542409204 2.017129 0.768097665600187
836 0.168026 129.793592377985 2.258079 0.810570663743153
837 0.50628 113.614385845463 1.820069 0.726230161048404
838 0.455872 121.78083303748 1.944071 0.737890689129209
839 0.85611 99.2223251163097 0.560851 0.594134866974692
840 0.465101 107.300602746523 1.889556 0.61672901397423
841 0.591819 106.763524756668 1.637527 0.732320957664025
842 0.436755 117.44794758838 1.955304 0.779712399906918
843 0.684719 107.624262503548 1.419522 0.744976800013784
844 0.317181 116.841541789319 2.09475 0.796124690093458
845 0.386391 112.645912421706 2.045873 0.778840186486599
846 0.455862 111.122884966001 1.940764 0.725013966630554
847 0.219857 121.176525145822 2.209213 0.790036046707662
848 0.484044 124.862569057924 1.894513 0.74044168871512
849 0.307338 113.684592187114 2.1335 0.744247422582866
850 0.585505 103.97632861489 1.677649 0.743554094029516
851 0.518686 114.772784537134 1.835175 0.728068198532084
852 0.521166 108.280765606888 1.832348 0.742036990432627
853 0.545844 108.246133132271 1.734458 0.715348878626595
854 0.515078 103.858412906505 1.745884 0.65409031429846
855 0.476739 116.116862289756 1.877705 0.725165638913617
856 0.505602 107.470644158011 1.847856 0.726398702518948
857 0.339807 107.113351495116 2.081211 0.758766845423852
858 0.409807 109.279258890936 1.995645 0.743368032903326
859 0.531395 99.5753043538904 1.71592 0.674333490648718
860 0.496324 111.44201472566 1.888578 0.766681426045509
861 0.303525 111.089721704494 2.126859 0.746476967810584
862 0.458427 118.541206716702 1.927021 0.723965079922568
863 0.582721 106.04728812629 1.691031 0.641176415380679
864 0.368258 128.751646014725 2.077608 0.758398801046984
865 0.396709 123.085063221486 1.997626 0.764424898959268
866 0.304689 121.755900126443 2.140829 0.797997499045899
867 0.567164 121.110354859137 1.721105 0.748151852315302
868 0.584169 117.593299725907 1.700466 0.696140615857846
869 0.579538 97.6080942766266 1.638389 0.673257840567479
870 0.432179 105.557878656237 1.92961 0.742275448604051
871 0.607046 104.354915804393 1.618783 0.749916749552144
872 0.560741 98.0819284916914 1.67977 0.730356491713841
873 0.342727 115.653538979591 2.106699 0.784553376945657
874 0.407476 89.6197468990325 1.988262 0.718773447866871
875 0.392562 109.923963849618 2.026926 0.726140700808058
876 0.447151 115.408431387076 1.96058 0.651488822507956
877 0.587028 115.097101727363 1.684069 0.682307956514316
878 0.43775 118.681489711163 1.933892 0.749576949697855
879 0.485382 107.380662499289 1.840201 0.693996320940507
880 0.576914 117.977040952878 1.68634 0.777120303564773
881 0.671586 104.289009718868 1.44662 0.709443091010234
882 0.573908 90.3169171379494 1.694962 0.685758169745336
883 0.451459 105.114883438517 1.901867 0.745589529507955
884 0.399469 109.210425242187 2.013266 0.749120614669942
885 0.494155 112.979737633501 1.870915 0.656334751879409
886 0.417867 109.374713730347 1.981616 0.751108793450372
887 0.45828 113.040677002634 1.934291 0.758170456532685
888 0.414173 98.4148146066865 1.933785 0.765130945360342
889 0.635305 99.0095360522215 1.535271 0.693204012448502
890 0.489193 111.310161085327 1.870424 0.723986525958378
891 0.454387 114.991115641872 1.9383 0.720753789334328
892 0.662154 94.3899157150742 1.492777 0.738730427653512
893 0.58227 112.660367935916 1.700404 0.737503203014395
894 0.478218 119.583750779823 1.924887 0.734538329968928
895 0.482768 105.613119777582 1.858821 0.734393396234077
896 0.479787 106.587217103845 1.826341 0.741224128024714
897 0.445419 110.23645495175 1.949489 0.736494029017129
898 0.31538 118.362498213286 2.102085 0.734795592092682
899 0.448338 119.650822744615 1.940142 0.738010685129823
900 0.446944 107.384105486403 1.94935 0.719314485653505
901 0.406519 110.798620549103 2.013682 0.721243289834095
902 0.626562 107.618164248486 1.553876 0.715559458520037
903 0.36182 118.374214560853 2.080066 0.747651138929704
904 0.616634 111.100526033757 1.567017 0.7555135208339
905 0.46703 107.1338727277 1.860647 0.747677822293176
906 0.427792 117.074416354392 1.915334 0.770190568754612
907 0.607601 100.537754409286 1.608457 0.667687615886111
908 0.582855 110.326537622319 1.672661 0.751283835248501
909 0.39059 111.489512792959 2.051687 0.74768076584568
910 0.301619 116.064446271131 2.105864 0.781838712786608
911 0.378848 115.850557650962 2.065036 0.76149466390291
912 0.28699 110.983128608462 2.125748 0.757355149230037
913 0.312466 124.319732169962 2.134729 0.772447623902239
914 0.38334 120.810936301069 2.043428 0.767554533607241
915 0.23154 123.282723050096 2.216846 0.748969029801492
916 0.370294 110.593015108201 2.060948 0.7202347311478
917 0.445896 118.6022607797 1.920134 0.79449893437322
918 0.617906 108.5249183616 1.587575 0.794779838888896
919 0.462699 106.686271765499 1.900983 0.730719342168834
920 0.468372 115.030556487791 1.883464 0.773320661010784
921 0.476167 109.266372402352 1.871678 0.743452792461439
922 0.582912 118.504074551032 1.689069 0.77001189726774
923 0.421511 106.83616216752 1.982441 0.75783769895764
924 0.407242 110.004601088683 2.001369 0.740066850081746
925 0.431391 110.424458876416 1.967729 0.744219861100685
926 0.543794 91.3960307685612 1.686169 0.702960261755045
927 0.639637 109.148458085956 1.520863 0.74321058679196
928 0.459887 115.632299444082 1.923619 0.705667665620578
929 0.420501 103.422163471745 1.924974 0.72999991560914
930 0.313301 123.38288554181 2.12973 0.778852716644892
931 0.265939 124.26016493713 2.18929 0.783866463139666
932 0.362116 109.56858110224 2.056519 0.773478701225879
933 0.31587 124.276170718559 2.127451 0.776129593955688
934 0.561717 104.409536134446 1.749959 0.741046755772635
935 0.526464 113.972663353123 1.802008 0.713149418271996
936 0.486076 98.1672446095239 1.87555 0.711553101653674
937 0.321162 112.251340941865 2.117508 0.750294845715572
938 0.556716 112.496502961639 1.739071 0.701850787967393
939 0.500671 108.341889767739 1.866095 0.736343599786911
940 0.439028 116.347500778099 1.973752 0.72470732380924
941 0.317879 114.782681069887 2.136863 0.721771095550431
942 0.333271 103.084364088199 2.074923 0.73995943413767
943 0.239075 113.576013492092 2.213297 0.761236861249438
944 0.526999 108.948947535709 1.820646 0.680607513689307
945 0.33563 108.297392283948 2.089001 0.758183468269158
946 0.413434 107.553139251461 1.988528 0.681880160092316
947 0.651082 96.3770769246025 1.478868 0.681228943066339
948 0.319436 118.905903237089 2.128586 0.764307421634043
949 0.495699 109.324097344311 1.875664 0.775536008230284
950 0.430028 122.133082751844 1.981655 0.768304088363988
951 0.427827 111.533476017882 1.995123 0.738564497699398
952 0.458256 106.90501499012 1.949686 0.745997464112486
953 0.616939 104.271452826956 1.581057 0.722831909762231
954 0.470413 111.542393096353 1.898363 0.730309052873424
955 0.498035 105.164311917749 1.824071 0.753968315172518
956 0.463799 111.046218110848 1.93715 0.75726944915253
957 0.40015 116.311928221823 2.014247 0.702531517273462
958 0.327209 113.990647146259 2.11749 0.795848192075009
959 0.436339 90.550198077138 1.949521 0.708406404066903
960 0.266468 111.634311797121 2.183975 0.726921118810707
961 0.587394 98.2780843009231 1.689361 0.714027826793947
962 0.382588 101.2723544774 2.047898 0.73494072593495
963 0.240037 124.549981312718 2.162446 0.82189554190037
964 0.418302 111.98146947563 1.990783 0.764477334506951
965 0.412097 112.756467124393 1.935994 0.677393257808258
966 0.659594 104.877661410316 1.459455 0.646270624745932
967 0.286495 118.683941399541 2.154136 0.77755556012167
968 0.254778 118.002054389829 2.194129 0.76607248268403
969 0.624807 94.6182747973073 1.540495 0.698148716446731
970 0.503542 112.171964210347 1.844447 0.722081106862537
971 0.373547 108.130756262071 2.037076 0.79702726000571
972 0.291407 125.364894482261 2.164468 0.804105745706126
973 0.495934 119.974271048664 1.883642 0.760501363342902
974 0.339331 119.488680887094 2.069777 0.719122550712432
975 0.303268 120.526603731549 2.14423 0.779966654370442
976 0.286881 118.423612406038 2.156012 0.782065109041684
977 0.150161 120.90959194922 2.266572 0.828096299384881
978 0.380189 118.754293377856 2.057008 0.758522680978882
979 0.466808 97.4603991930287 1.907438 0.724736639344615
980 0.426457 123.397957216562 1.992409 0.779968796323933
981 0.252245 123.236406013376 2.189452 0.786433000044882
982 0.366543 110.157876909647 2.036399 0.76490351042912
983 0.342176 101.015354475594 2.088075 0.738992517716349
984 0.394454 107.657490890614 2.023121 0.755573313567819
985 0.546195 109.518022305964 1.757951 0.649187766903207
986 0.465226 106.004174978447 1.886983 0.71738920084315
987 0.455598 111.93742740787 1.870574 0.75090699709281
988 0.356759 115.635502249128 2.024102 0.816290742520043
989 0.608349 98.6124746212271 1.59109 0.697744084566876
990 0.490825 107.298344917167 1.827922 0.728587930061539
991 0.280147 117.252170006874 2.16444 0.77198625063561
992 0.477513 114.732616833479 1.900008 0.745544961186393
993 0.499048 120.065484267029 1.888466 0.790724790289274
994 0.309403 108.114844070255 2.110293 0.73950032338931
995 0.307913 118.107165538962 2.117078 0.751580955516999
996 0.477588 100.881628895716 1.886008 0.712245057949413
997 0.238358 123.68260102552 2.210131 0.797609393236802
998 0.555103 108.8714818934 1.716529 0.767257468134013
999 0.378596 110.791255668903 2.042644 0.727623794552868
1000 0.383653 119.708314560026 2.034343 0.744389607192053
