rep	aei_left	left_area	adi_left	H
1	0.433347	113.4660865	1.932684	0.807631947
2	0.270494	121.4891683	2.13852	0.819191397
3	0.362643	121.9294598	2.045126	0.819284053
4	0.349465	122.9513753	2.031056	0.825564906
5	0.366898	122.2417189	2.052268	0.821610971
6	0.390943	117.6118229	2.006812	0.825014262
7	0.469046	111.3664515	1.868733	0.79416952
8	0.40162	120.0119484	1.992558	0.80333257
9	0.285937	124.5667444	2.096541	0.841792451
10	0.437681	118.3961625	1.947491	0.811424003
11	0.423361	115.9031202	1.969242	0.797629471
12	0.389967	116.231243	1.985371	0.810802223
13	0.423391	119.6503206	1.967722	0.822914114
14	0.453598	118.7552225	1.90769	0.81745422
15	0.304822	128.2907782	2.100709	0.835349718
16	0.405164	117.6665234	1.989491	0.821812713
17	0.381638	117.3510119	1.990353	0.817172189
18	0.327925	128.0450934	2.091888	0.809233051
19	0.394086	118.4429933	1.98691	0.820527075
20	0.377013	120.5889135	2.033713	0.810487941
21	0.422831	115.9189733	1.965854	0.809164731
22	0.372732	116.0457458	2.018068	0.807515267
23	0.366789	117.5333902	2.038682	0.804646018
24	0.314357	115.0589746	2.092475	0.826127707
25	0.336125	120.1463937	2.059386	0.823163368
26	0.431565	124.7445116	1.955186	0.832885574
27	0.380351	117.9946844	2.034987	0.807406895
28	0.370738	118.5106652	2.042765	0.822636271
29	0.445659	115.218659	1.911877	0.812167552
30	0.326229	125.8942091	2.089477	0.833105384
31	0.408039	117.3164775	1.97731	0.807241488
32	0.272675	123.9600643	2.108017	0.824328542
33	0.274663	130.1576878	2.170547	0.85151952
34	0.463666	122.865194	1.905123	0.804127509
35	0.430995	120.5142086	1.957255	0.788010891
36	0.4595	117.7986583	1.882594	0.808362221
37	0.385057	119.3310727	2.007526	0.824905955
38	0.421006	120.0238016	1.971586	0.823598928
39	0.349655	117.5182757	2.082275	0.817432559
40	0.305146	116.4253675	2.113639	0.817877039
41	0.365916	123.4126305	2.05946	0.826208092
42	0.521602	116.6529977	1.80456	0.760719694
43	0.416065	116.6178222	1.959678	0.811762607
44	0.374706	124.4380493	2.053661	0.799661002
45	0.264181	121.1948519	2.161666	0.830595971
46	0.190064	129.328165	2.234236	0.853703385
47	0.4371	112.021316	1.956672	0.785507099
48	0.299267	117.3102293	2.111948	0.819187816
49	0.453288	115.9848158	1.897693	0.798939361
50	0.399983	116.1308624	1.987759	0.812799582
51	0.281079	125.7259382	2.160012	0.841028463
52	0.407048	117.0921496	2.016972	0.814110487
53	0.384374	119.2857387	2.008284	0.816943835
54	0.380494	112.6784996	2.008865	0.810368799
55	0.298885	126.5685817	2.130076	0.85144649
56	0.485248	118.3498583	1.864426	0.813832831
57	0.318899	120.1248969	2.113677	0.827556795
58	0.386896	122.2663778	1.995929	0.804082123
59	0.478918	116.2196704	1.87023	0.776796682
60	0.423244	117.9956467	1.956832	0.802866632
61	0.253849	123.0322516	2.163381	0.838265339
62	0.29102	123.0009956	2.129144	0.831756655
63	0.487937	119.469732	1.883992	0.796641854
64	0.421821	123.932408	1.996961	0.830640492
65	0.380988	122.1872811	2.027484	0.827136574
66	0.253113	125.4385391	2.179503	0.839605388
67	0.32669	121.9602644	2.089484	0.82539611
68	0.327324	121.407365	2.074463	0.821523462
69	0.296676	115.8884556	2.067652	0.817206845
70	0.295928	119.6227131	2.112342	0.826366297
71	0.376075	117.2850257	2.02972	0.811763979
72	0.373888	121.439862	2.024533	0.82340472
73	0.380209	120.145152	2.032391	0.816511097
74	0.39373	122.4790671	2.013707	0.82708342
75	0.264294	127.0147102	2.167745	0.841666651
76	0.379535	120.1488985	2.031612	0.820405056
77	0.415524	123.3043761	1.964879	0.815126653
78	0.297285	113.5834998	2.124094	0.827994368
79	0.358533	123.3893827	2.058506	0.82095515
80	0.339744	123.6516931	2.069072	0.841476354
81	0.38315	118.2450785	2.0225	0.798017421
82	0.353986	123.305943	2.069171	0.818758661
83	0.294373	125.6761886	2.13716	0.84579206
84	0.378316	118.6270397	2.012272	0.816450107
85	0.424026	116.123177	1.935855	0.811904793
86	0.391874	118.6691819	2.00025	0.811737798
87	0.397426	121.2437042	1.977574	0.825752898
88	0.369461	121.8749389	2.032842	0.814634836
89	0.377571	119.107118	2.009039	0.834065516
90	0.340924	116.6121218	2.060955	0.819469921
91	0.392297	120.5057887	1.994399	0.838911669
92	0.346646	121.501283	2.062176	0.830258323
93	0.501334	117.9071296	1.828618	0.802007962
94	0.366913	116.9376113	2.064354	0.812479898
95	0.478304	118.1212653	1.888447	0.811569814
96	0.41733	117.2823214	1.974054	0.805745089
97	0.278776	128.5644379	2.161213	0.845549754
98	0.410383	120.2000005	1.942156	0.809984586
99	0.489029	114.4468906	1.835079	0.785482785
100	0.361551	119.7016308	2.039882	0.8149205
101	0.355387	121.397105	2.081181	0.812794245
102	0.351831	119.6811088	2.026393	0.805467563
103	0.409174	120.2704625	1.96696	0.80220668
104	0.364929	123.0402509	2.047838	0.825811031
105	0.327311	114.5450823	2.048951	0.816232227
106	0.365601	115.9544218	2.004273	0.813267879
107	0.389914	117.9987682	1.997061	0.794517072
108	0.460916	115.2034814	1.851849	0.795161595
109	0.241127	122.4559065	2.162641	0.832069027
110	0.366532	121.4283039	2.044448	0.817588265
111	0.308528	120.501728	2.100318	0.836262656
112	0.448588	111.1887901	1.886569	0.796739187
113	0.34834	118.3482538	2.046541	0.822153131
114	0.345068	118.1729117	2.046284	0.840092032
115	0.34729	119.7358701	2.033511	0.819386281
116	0.325691	118.4184522	2.099778	0.822325065
117	0.422294	123.8080683	1.971305	0.813216866
118	0.398547	122.8681755	2.008433	0.832589939
119	0.380821	119.704703	2.008879	0.817474981
120	0.329656	123.7666758	2.082818	0.834309045
121	0.32359	123.3389937	2.097333	0.822629105
122	0.323646	120.5145457	2.080329	0.81161043
123	0.357576	122.1157503	2.048548	0.823901133
124	0.305682	118.8147929	2.125976	0.838164826
125	0.344233	121.0637849	2.043902	0.825280432
126	0.337244	121.805897	2.067645	0.820047797
127	0.265773	124.213975	2.149689	0.84215848
128	0.314266	119.2866383	2.089298	0.810978195
129	0.371887	119.5652387	2.008722	0.829244173
130	0.437123	114.8580876	1.969597	0.807824629
131	0.300211	128.7575956	2.155016	0.842849831
132	0.412353	118.5914368	2.009299	0.805713907
133	0.228248	127.9405695	2.170828	0.836292246
134	0.424069	120.6963005	1.975385	0.816306497
135	0.378822	119.7607533	2.017646	0.823104467
136	0.386825	119.6332022	2.01601	0.82483758
137	0.447843	111.7046135	1.945785	0.797889221
138	0.343169	125.2102503	2.09655	0.833410192
139	0.436043	122.0261606	1.936815	0.82074335
140	0.373535	124.833188	2.052799	0.834938555
141	0.344669	123.5518291	2.10037	0.826276855
142	0.419987	119.4669741	1.980816	0.807030091
143	0.375183	116.8891469	2.031694	0.810365949
144	0.435265	118.2038967	1.946734	0.801843613
145	0.28284	122.3419643	2.136996	0.829578173
146	0.391431	116.3019573	1.992259	0.815707196
147	0.435066	118.4014235	1.949785	0.80994093
148	0.393692	118.3984249	1.991343	0.820200776
149	0.40394	112.6687807	1.971899	0.800769232
150	0.418913	120.3660998	1.973084	0.802196287
151	0.333412	118.5542263	2.095949	0.823084254
152	0.26888	127.6215722	2.161736	0.830949293
153	0.413173	121.645925	1.992587	0.798498179
154	0.345686	122.2522409	2.062555	0.83066415
155	0.42324	118.5155427	1.96331	0.810774276
156	0.405083	114.0771726	1.994068	0.81034537
157	0.363772	124.0210351	2.067921	0.843916033
158	0.342796	123.8426161	2.100888	0.822710643
159	0.321597	126.6013594	2.09668	0.813201379
160	0.359466	115.7901334	2.035419	0.8142827
161	0.355167	118.0982355	2.049867	0.82182326
162	0.39338	118.8741423	1.976509	0.815337873
163	0.341338	123.2692086	2.069025	0.822264343
164	0.250439	126.9220798	2.196721	0.838126922
165	0.313115	119.9949583	2.100398	0.819132388
166	0.408709	122.4422151	1.9874	0.809223019
167	0.40674	118.4118951	2.006634	0.810728003
168	0.440955	120.6554526	1.940486	0.806553273
169	0.435452	119.9260509	1.954387	0.803739099
170	0.399182	118.7376806	1.993685	0.82036671
171	0.332135	118.3348197	2.088135	0.822543364
172	0.229817	124.2184103	2.181395	0.834474135
173	0.473307	118.2280175	1.87087	0.797541755
174	0.43115	115.0744519	1.938089	0.810855403
175	0.340186	122.0877933	2.076964	0.837851095
176	0.343911	122.6695012	2.054097	0.82196123
177	0.475448	115.0138343	1.859502	0.771822243
178	0.406464	113.4671578	1.968089	0.799367972
179	0.429378	115.9815501	1.955711	0.811162031
180	0.340092	123.1850906	2.10491	0.821881823
181	0.272166	124.2089885	2.166756	0.85411245
182	0.467926	114.4344978	1.879413	0.803534198
183	0.30608	123.3575271	2.123268	0.820186671
184	0.405107	121.3768879	2.012999	0.828818039
185	0.464884	116.9243076	1.880852	0.802465482
186	0.350908	115.636584	2.041679	0.806588938
187	0.285764	117.1249549	2.123543	0.829235206
188	0.323152	122.6833988	2.081809	0.842468804
189	0.334439	126.79664	2.0672	0.825008176
190	0.285042	126.8658619	2.13057	0.833194726
191	0.40205	114.188192	1.973376	0.811743019
192	0.429905	113.8609731	1.950964	0.803234807
193	0.421155	120.394187	1.989283	0.806637187
194	0.304608	116.6000568	2.130731	0.827886147
195	0.289412	117.7251587	2.078795	0.803623949
196	0.32335	125.2150983	2.083386	0.837076156
197	0.349199	118.2068549	2.069562	0.817549631
198	0.357662	122.6771948	2.06767	0.807644126
199	0.358947	122.7808995	2.052041	0.816061432
200	0.424984	123.4181832	1.961303	0.791869566
201	0.441197	115.0469131	1.915276	0.806655028
202	0.374425	120.3722402	2.024307	0.806253372
203	0.41056	118.2468672	1.99411	0.792167892
204	0.32321	119.2196832	2.065092	0.81162265
205	0.461196	114.8172228	1.878748	0.791536394
206	0.300171	122.4700337	2.126116	0.834312399
207	0.300429	124.4580857	2.128222	0.832142716
208	0.431086	116.6686516	1.926834	0.801430307
209	0.312635	117.9405707	2.096715	0.824543769
210	0.345759	122.7753765	2.081072	0.824757479
211	0.431421	120.8045685	1.966093	0.823694675
212	0.372805	115.4943373	2.064304	0.808519938
213	0.368901	118.2124994	2.023899	0.82230377
214	0.374926	116.8107316	2.02428	0.816293745
215	0.303633	122.1527862	2.105854	0.822450791
216	0.416076	117.6701492	1.943278	0.809328586
217	0.243559	126.3311931	2.150185	0.846968267
218	0.26539	120.5330978	2.130856	0.838190473
219	0.434072	116.7649557	1.931292	0.806177989
220	0.312787	119.9386066	2.102274	0.842409017
221	0.425985	116.103071	1.959385	0.810235383
222	0.405562	118.5156574	1.969384	0.800930193
223	0.317559	121.5959272	2.107032	0.834458799
224	0.41887	117.164899	1.942626	0.795376475
225	0.477148	113.4421599	1.868448	0.764148835
226	0.321972	119.3351507	2.093472	0.83755612
227	0.39165	119.965149	2.000746	0.793042747
228	0.408972	119.7584869	2.006164	0.818002872
229	0.304959	127.8915713	2.125672	0.854611401
230	0.363695	121.6731355	2.055197	0.811930514
231	0.370541	120.0849769	1.998033	0.809690439
232	0.411959	124.0979659	2.001197	0.817418537
233	0.331905	122.9093166	2.082393	0.832069007
234	0.290725	125.5937796	2.152199	0.843726968
235	0.351366	121.8870059	2.064101	0.828690746
236	0.417665	121.092951	1.991383	0.831800204
237	0.426743	112.8528089	1.966228	0.800362873
238	0.383975	118.0657927	2.016039	0.831705283
239	0.336614	119.9635834	2.055994	0.821644301
240	0.312667	112.645189	2.049551	0.801788693
241	0.346783	123.1641177	2.06955	0.819704476
242	0.406041	121.4084705	2.010961	0.829576999
243	0.361152	116.9820543	2.052572	0.824854951
244	0.359149	115.6519158	2.057926	0.81440568
245	0.375094	116.9832527	2.044158	0.81976905
246	0.339129	116.7319305	2.032695	0.793350229
247	0.328513	124.7868994	2.0998	0.834410118
248	0.304988	120.0826719	2.120733	0.830110195
249	0.406982	113.5970346	1.961375	0.798078034
250	0.423635	121.5179115	1.927044	0.82034999
251	0.366919	123.1136894	2.048236	0.815658276
252	0.462346	118.638356	1.902136	0.809526333
253	0.411456	124.3014364	2.015906	0.838896743
254	0.492045	118.2830497	1.846995	0.820157687
255	0.361105	120.7713368	2.057596	0.818962886
256	0.426953	116.6394405	1.933006	0.795392816
257	0.298808	125.8757296	2.129872	0.852152976
258	0.280745	127.8766439	2.151341	0.833864224
259	0.355583	116.691863	2.03771	0.817737154
260	0.310216	123.5790829	2.124784	0.833768341
261	0.445219	121.6197273	1.946486	0.813453384
262	0.398576	116.9660546	2.028715	0.810160637
263	0.350711	115.4424857	2.033048	0.809036993
264	0.339019	120.0794142	2.077171	0.820440545
265	0.478724	121.2009638	1.906689	0.797717048
266	0.300716	123.4562044	2.142839	0.835475728
267	0.307997	127.3726077	2.139677	0.82985234
268	0.405522	119.4805374	1.993713	0.80365842
269	0.366206	119.535386	2.035746	0.826114461
270	0.429628	121.2534081	1.950246	0.817823645
271	0.373084	115.6308433	2.002076	0.797031034
272	0.394551	121.3242674	1.989731	0.806289844
273	0.512186	110.0730659	1.809818	0.768467939
274	0.40762	116.7874325	1.955253	0.803339217
275	0.49328	116.5753738	1.861923	0.796251578
276	0.433815	117.0742356	1.960473	0.78493044
277	0.36138	117.0133053	2.023271	0.810407003
278	0.381261	108.1519911	2.018483	0.800475003
279	0.360127	117.9944244	2.043277	0.815140565
280	0.380431	123.2591807	1.984729	0.80661351
281	0.466074	115.4567279	1.841475	0.807628379
282	0.247774	120.6266557	2.170917	0.828222177
283	0.418302	120.4192293	1.977212	0.809527913
284	0.412643	116.7820234	1.985259	0.809655397
285	0.428105	121.6575054	1.979988	0.796601978
286	0.39602	116.161617	2.002008	0.779611954
287	0.304354	126.9181359	2.132851	0.849277464
288	0.355501	119.4024831	2.062522	0.827144099
289	0.29891	121.6508176	2.132176	0.813359286
290	0.348568	119.8174905	2.046239	0.823479686
291	0.3616	116.3776511	2.040257	0.815434248
292	0.282943	125.9807672	2.140644	0.860563949
293	0.292935	120.5843346	2.120638	0.827620013
294	0.40701	121.1227253	2.006184	0.823256697
295	0.278586	122.8608522	2.139079	0.837922096
296	0.385676	116.5874298	2.040994	0.799592314
297	0.391737	118.6382825	2.01526	0.810501897
298	0.35145	117.8317936	2.050079	0.817888622
299	0.45675	119.0665591	1.9078	0.797938782
300	0.42506	118.389536	1.961604	0.8141201
301	0.451647	119.7732385	1.947916	0.813341431
302	0.35961	116.9246321	2.049305	0.807585552
303	0.397032	116.7162046	2.008533	0.775179789
304	0.375377	117.5093381	1.993468	0.822143203
305	0.397466	123.0819574	2.009495	0.829601307
306	0.365245	116.3631908	2.055752	0.818161683
307	0.302409	123.3117757	2.065586	0.82081049
308	0.437149	115.423438	1.938468	0.795370777
309	0.405973	114.3465925	1.99929	0.799224326
310	0.46011	118.3696282	1.888494	0.799087893
311	0.368341	119.6326966	2.015764	0.812560898
312	0.482919	116.7381893	1.87118	0.754678433
313	0.381921	122.2525085	2.003317	0.823724709
314	0.367497	117.1914713	2.029285	0.821463464
315	0.471934	119.0579593	1.856348	0.815082441
316	0.347314	121.0380596	2.03338	0.801911772
317	0.426687	117.5367642	1.961698	0.808188023
318	0.241478	126.1961636	2.175352	0.831775327
319	0.402301	119.5963915	1.977565	0.803594461
320	0.360505	120.0027074	2.057857	0.8122206
321	0.345519	122.3404318	2.074592	0.830102088
322	0.32502	118.0582726	2.097883	0.814989184
323	0.358733	121.0810307	2.027228	0.83712481
324	0.303602	118.988142	2.125703	0.833635535
325	0.374242	124.1551657	2.039861	0.810346349
326	0.339482	120.4763467	2.090448	0.826377333
327	0.441929	118.3513257	1.915945	0.816391846
328	0.428636	114.9513169	1.932274	0.790600041
329	0.490162	116.3372633	1.875917	0.791501942
330	0.45511	118.8788471	1.928321	0.809649645
331	0.313846	126.2870961	2.112631	0.837102314
332	0.415835	113.9612644	1.930178	0.803183325
333	0.241708	123.3667808	2.19908	0.839125081
334	0.392214	121.2691792	1.978701	0.819601156
335	0.453233	113.7480257	1.885125	0.810079254
336	0.379586	121.9955934	2.01894	0.827681632
337	0.251871	122.5857958	2.178649	0.832340309
338	0.389304	114.7089084	2.007995	0.802928739
339	0.295939	117.5690341	2.05228	0.814122032
340	0.38275	118.4179942	2.017948	0.813875061
341	0.342145	118.887698	2.051528	0.817931505
342	0.354685	118.9404525	2.039883	0.816551206
343	0.428047	121.8770894	1.947426	0.830870908
344	0.381335	118.2515236	2.002169	0.827113989
345	0.313725	124.0062055	2.113057	0.831034218
346	0.346691	121.629255	2.062501	0.824001243
347	0.390755	114.8911714	2.000288	0.800570727
348	0.285878	125.2903418	2.14966	0.840737361
349	0.35091	122.3998599	2.069894	0.838829561
350	0.426664	116.3748803	1.954743	0.804662764
351	0.391448	115.1983768	2.020219	0.80664662
352	0.514386	111.5613604	1.769123	0.792265801
353	0.388872	120.8989217	2.020168	0.825754928
354	0.437543	115.8330959	1.904104	0.81320946
355	0.43399	116.9439051	1.915527	0.811999805
356	0.43543	119.2638515	1.979559	0.819374525
357	0.38065	118.0442049	2.026426	0.818626453
358	0.310824	120.4325522	2.133499	0.825658602
359	0.409095	117.1252286	1.97393	0.819768686
360	0.381815	119.0208589	2.004408	0.792540191
361	0.445577	122.9140137	1.918052	0.815398557
362	0.364334	119.1621643	2.027705	0.81319261
363	0.384923	122.7087262	1.99006	0.841680301
364	0.447296	120.3870359	1.904764	0.829037483
365	0.34974	119.152778	2.044677	0.822413878
366	0.398433	123.4321675	1.989858	0.838840088
367	0.44075	113.1281085	1.919563	0.783128636
368	0.479294	118.4024824	1.888797	0.794882266
369	0.45466	116.5023644	1.88859	0.803406087
370	0.366717	119.0928597	2.018073	0.825137978
371	0.33847	118.9420763	2.076154	0.807150428
372	0.349781	126.3223045	2.082305	0.840105043
373	0.374736	124.4232365	2.050567	0.83908881
374	0.348936	123.7421233	2.04403	0.824034233
375	0.397488	117.5587519	1.980245	0.810943957
376	0.465085	116.1721323	1.897533	0.794477513
377	0.342633	117.1272711	2.062348	0.798658644
378	0.403102	116.7971845	2.002944	0.814933116
379	0.370567	119.8682394	2.037403	0.820289805
380	0.379343	124.9289338	1.972399	0.809770184
381	0.456641	114.6626743	1.896225	0.799429193
382	0.342805	120.9226642	2.045499	0.827922494
383	0.424001	117.1191532	1.965102	0.819113695
384	0.413178	117.8978164	1.959045	0.812601759
385	0.291155	125.9496444	2.144617	0.848143185
386	0.349169	116.5193479	2.056224	0.806619142
387	0.3639	121.6239151	2.077791	0.818292022
388	0.380624	115.8364576	1.980473	0.812970001
389	0.3181	113.9681834	2.06514	0.812600048
390	0.347075	120.5733924	2.073001	0.811754449
391	0.38413	122.2006093	2.039892	0.828491591
392	0.470028	118.6829231	1.909764	0.798424602
393	0.337467	118.5306849	2.095266	0.832869671
394	0.270809	122.6492499	2.153448	0.822269671
395	0.450913	114.6331044	1.921909	0.791094157
396	0.466433	117.2008551	1.899111	0.791749988
397	0.428678	117.7233428	1.940407	0.804074949
398	0.425583	120.1382209	1.971514	0.822807191
399	0.445507	116.8938346	1.915889	0.802151734
400	0.381257	117.1782841	2.03409	0.818883764
401	0.373921	118.131574	2.044766	0.824415925
402	0.27637	128.499658	2.169103	0.839379697
403	0.408776	115.4176786	1.959647	0.776801383
404	0.339532	121.9190163	2.095458	0.841335436
405	0.412973	120.6874345	1.983311	0.800017114
406	0.344673	123.5360438	2.060574	0.825790714
407	0.382536	123.665172	2.010602	0.814012566
408	0.234349	125.0274449	2.194883	0.83733487
409	0.426692	117.2719651	1.923293	0.806600017
410	0.35463	122.6701536	2.065692	0.813778773
411	0.377864	117.6251806	2.028512	0.816502998
412	0.315441	119.0201912	2.077631	0.814754066
413	0.354833	120.0067342	2.03432	0.822596657
414	0.393279	118.4903086	2.006458	0.807943164
415	0.45207	110.1147092	1.902881	0.779281642
416	0.278554	127.3694036	2.159764	0.829449386
417	0.395415	117.2664523	1.986804	0.80598361
418	0.417536	120.0504042	1.995572	0.814604251
419	0.379517	115.2400223	2.004485	0.816346024
420	0.322184	126.3509466	2.112313	0.833869427
421	0.329808	117.9621129	2.095571	0.820749616
422	0.404728	111.8038495	1.963602	0.803456696
423	0.412475	116.3882279	1.96536	0.812903399
424	0.44673	114.6313945	1.889771	0.801931602
425	0.385909	122.2775864	2.014271	0.818808474
426	0.32906	119.8807206	2.065365	0.810607815
427	0.404847	120.8387491	1.974926	0.817667019
428	0.312662	116.2939192	2.06504	0.804038499
429	0.334906	123.4568233	2.065619	0.838521705
430	0.438077	119.8302267	1.921534	0.829472615
431	0.324515	116.8686704	2.099694	0.815603454
432	0.476254	115.9448498	1.875155	0.790764357
433	0.470618	117.1866744	1.885445	0.764614093
434	0.313435	122.720507	2.110999	0.838580676
435	0.3687	115.77336	2.024076	0.817540675
436	0.35888	121.5254296	2.059546	0.821157893
437	0.431649	113.7937689	1.944007	0.781554457
438	0.362796	121.7882285	2.019667	0.821613338
439	0.315289	120.2450279	2.124141	0.826074206
440	0.356351	116.8879578	2.0457	0.822007147
441	0.408055	115.8755837	1.943497	0.808697941
442	0.330204	120.195787	2.099262	0.833478258
443	0.483054	118.7545666	1.861661	0.788677997
444	0.438787	116.5393709	1.931871	0.79968868
445	0.314146	123.0090743	2.107659	0.813204702
446	0.345712	119.8714293	2.051107	0.808962497
447	0.443136	120.3098966	1.920321	0.809210946
448	0.340341	121.8391829	2.04774	0.821697155
449	0.389456	122.2710307	2.001247	0.815264989
450	0.378659	122.2712951	2.02142	0.826117691
451	0.444919	121.4382586	1.921817	0.821712168
452	0.351216	125.3352495	2.07365	0.820235894
453	0.349843	122.0995612	2.038676	0.8367473
454	0.225224	128.4224621	2.195951	0.838419148
455	0.345479	124.0248816	2.085966	0.823260821
456	0.385188	117.0608663	2.001838	0.823321569
457	0.36347	121.8008458	2.042766	0.832378158
458	0.473676	117.0430628	1.902267	0.816517912
459	0.501654	112.3554825	1.795392	0.770467745
460	0.369482	120.7672747	2.016638	0.828276419
461	0.348243	119.0781637	2.041047	0.821894407
462	0.437188	112.1936403	1.926186	0.802318906
463	0.377461	119.2952703	2.018185	0.784043189
464	0.441214	115.8597212	1.923576	0.809325565
465	0.299374	123.8355007	2.130222	0.831697588
466	0.359944	126.2880002	2.053119	0.822695084
467	0.367628	115.6340321	2.017947	0.778280536
468	0.351433	121.0797131	2.078143	0.816463958
469	0.44362	117.9169644	1.884394	0.813060426
470	0.358182	119.5905205	2.049493	0.824085666
471	0.409998	119.3208248	1.97511	0.814492956
472	0.326954	123.2501285	2.105886	0.839082624
473	0.410942	114.7878839	1.978756	0.806060575
474	0.395218	121.9739438	2.023607	0.819386993
475	0.395805	120.8423325	2.025583	0.833959851
476	0.337947	123.7905401	2.071675	0.836164908
477	0.392458	131.938762	2.02947	0.848362146
478	0.309011	119.9981635	2.095626	0.826787652
479	0.402881	115.9130207	1.951738	0.819730419
480	0.285901	124.1533969	2.153546	0.827176906
481	0.435033	114.5206725	1.9509	0.811487159
482	0.355157	115.9330559	2.030885	0.799155877
483	0.434124	122.9266511	1.956384	0.813658591
484	0.370437	120.3226349	2.038849	0.811609881
485	0.365358	115.5691073	2.021648	0.814343034
486	0.449972	114.7200153	1.911622	0.797569217
487	0.281176	127.4311663	2.159217	0.851985359
488	0.350079	119.2491841	2.060958	0.828005757
489	0.399755	123.5443934	1.995383	0.822697072
490	0.516305	116.1997862	1.82194	0.783773992
491	0.389936	110.1643884	1.983984	0.799674657
492	0.388458	115.1526713	2.008894	0.813911719
493	0.356301	121.3576443	2.06434	0.811051035
494	0.364966	118.3832458	2.02389	0.805808982
495	0.309883	125.8277126	2.121604	0.833728699
496	0.34489	123.2062045	2.075677	0.823327863
497	0.382031	121.5919329	2.010335	0.836942001
498	0.404478	121.3324914	2.021115	0.818309159
499	0.366539	127.8176652	2.053376	0.807493623
500	0.331639	119.5888977	2.096279	0.80475173
501	0.351951	120.2693418	2.053899	0.815705044
502	0.312962	118.1730945	2.100023	0.810454978
503	0.3071	123.777751	2.115992	0.836318701
504	0.497885	118.3094291	1.877913	0.784992405
505	0.293484	126.2869667	2.150395	0.839070274
506	0.398714	113.9888832	2.009557	0.800705646
507	0.46195	112.8064768	1.919791	0.783001921
508	0.269672	118.4180203	2.115742	0.823461413
509	0.382835	119.5244447	2.019362	0.816781618
510	0.432389	118.8813085	1.948988	0.808148214
511	0.428748	114.0187077	1.927252	0.793265678
512	0.424611	128.1659019	1.992958	0.830732216
513	0.363438	114.9980791	2.025797	0.807670712
514	0.36024	114.8046029	2.018339	0.820512545
515	0.323012	121.4134926	2.100672	0.824473819
516	0.405177	119.3615855	2.00401	0.803728108
517	0.28626	120.1128067	2.117755	0.834742107
518	0.401233	119.9656637	2.007036	0.810738579
519	0.302353	128.8594765	2.135824	0.83905138
520	0.312095	126.725651	2.118507	0.837337518
521	0.468599	119.0703074	1.916754	0.804855655
522	0.422693	118.9994365	1.953376	0.814463276
523	0.431707	121.7097331	1.970588	0.798982347
524	0.36	122.2630566	2.044936	0.818023199
525	0.258025	128.4874826	2.158294	0.858566221
526	0.432552	121.6291517	1.939184	0.822710291
527	0.460857	117.3741829	1.904959	0.789541331
528	0.346178	120.7906453	2.061614	0.822172027
529	0.382862	122.6581391	1.994954	0.844038893
530	0.422078	118.5603232	1.953211	0.802457863
531	0.390452	116.0810067	2.022343	0.805322543
532	0.426025	116.5348731	1.953694	0.798470657
533	0.303049	124.0948607	2.125857	0.832054168
534	0.420374	117.8363212	1.975879	0.816203659
535	0.441371	114.3695912	1.936471	0.815130393
536	0.359169	124.1264674	2.054484	0.823328463
537	0.39355	117.8215217	1.952983	0.829781431
538	0.322902	125.8500257	2.109123	0.82021897
539	0.376473	117.0298542	2.003069	0.819957632
540	0.364592	113.9006834	2.027596	0.817130582
541	0.422591	115.9384311	1.967854	0.759343407
542	0.384007	119.1640838	2.0191	0.817257381
543	0.421784	113.9035138	1.927034	0.804440463
544	0.477565	117.8778424	1.874133	0.796605871
545	0.32761	122.7702999	2.064164	0.833355815
546	0.328976	120.2817517	2.121707	0.827038181
547	0.320241	122.8752813	2.115444	0.842812458
548	0.415284	116.4328209	1.971998	0.817587668
549	0.31314	118.238335	2.114686	0.823325134
550	0.468206	119.5426116	1.905835	0.816053044
551	0.407866	118.4379801	1.991384	0.815525686
552	0.269977	123.791191	2.170682	0.849334989
553	0.407753	124.5390149	2.001795	0.83684827
554	0.276695	124.5074736	2.161748	0.829606359
555	0.341008	117.0877328	2.054247	0.825617007
556	0.374671	124.8895819	2.016203	0.833073905
557	0.401695	116.6081203	1.993084	0.809619005
558	0.355543	118.2614964	2.039196	0.836066296
559	0.336803	120.4992436	2.086398	0.819082923
560	0.392412	122.3503789	2.031326	0.807828404
561	0.339675	123.7446755	2.092886	0.833142609
562	0.396359	117.7424822	1.996668	0.804611842
563	0.391078	119.4289388	1.995155	0.810944587
564	0.365744	120.6692932	2.057907	0.808955192
565	0.368216	120.5001116	2.045537	0.800939688
566	0.333523	124.5540797	2.102461	0.817266712
567	0.322662	120.9172301	2.050726	0.823066938
568	0.287472	123.4244687	2.11109	0.830320505
569	0.285091	122.813891	2.156641	0.826990777
570	0.370861	122.5158481	2.009241	0.82490452
571	0.41917	121.1059557	1.989057	0.795673093
572	0.239537	125.0390714	2.146097	0.831569512
573	0.35605	119.7601407	2.061934	0.804680676
574	0.316073	120.3518156	2.110963	0.829834847
575	0.339818	123.0906518	2.09448	0.823623869
576	0.280952	124.2172569	2.159062	0.846899817
577	0.488706	117.8405041	1.852618	0.799095844
578	0.389885	118.3653583	2.015995	0.801260327
579	0.43441	117.8905964	1.920916	0.827494295
580	0.381788	117.5513486	2.007253	0.802710631
581	0.281087	127.8351871	2.1519	0.835653958
582	0.30917	121.9389442	2.101067	0.832120907
583	0.418125	122.3103416	1.945559	0.807873178
584	0.370418	119.1527915	2.007339	0.825994095
585	0.435584	121.1682783	1.948754	0.806765253
586	0.333407	124.4556919	2.079898	0.829931582
587	0.350995	122.1559847	2.058547	0.819960029
588	0.395439	118.7339904	1.982253	0.822183515
589	0.283929	125.4433017	2.164203	0.855233536
590	0.378516	120.199779	2.03285	0.824346539
591	0.360937	124.7952562	2.059317	0.8233898
592	0.299249	125.3025617	2.12405	0.843392449
593	0.287216	124.5968964	2.140238	0.832671124
594	0.332232	120.5597698	2.080179	0.818868085
595	0.331187	126.4363177	2.115422	0.838612604
596	0.534605	115.8679491	1.765629	0.741984666
597	0.4208	114.9325965	1.976384	0.808397104
598	0.374412	117.9944106	2.029772	0.794352252
599	0.43519	124.0748823	1.967426	0.827801679
600	0.423211	117.3972214	1.959675	0.807268066
601	0.36527	120.4017913	2.076082	0.790654989
602	0.386145	118.8012457	1.978452	0.810063272
603	0.430185	121.5363048	1.967988	0.81611093
604	0.287709	125.804157	2.128344	0.832174144
605	0.39842	122.2559481	2.010052	0.812114084
606	0.253257	123.9814397	2.167535	0.829098216
607	0.284554	126.2015005	2.137919	0.850192662
608	0.294585	122.9131043	2.132681	0.823291307
609	0.400794	123.5502993	1.94159	0.834188605
610	0.28401	129.7744937	2.161784	0.846814472
611	0.412685	118.2097431	1.946258	0.819457891
612	0.417479	118.2929921	1.977931	0.804101669
613	0.448477	117.4479589	1.877051	0.809014503
614	0.335287	117.0957036	2.061214	0.823034156
615	0.445645	118.8501773	1.941471	0.809384006
616	0.392952	120.9654896	2.017499	0.809131282
617	0.263934	128.0888784	2.148751	0.851116906
618	0.450647	119.9720005	1.895873	0.817764267
619	0.312973	124.5164725	2.112973	0.826613239
620	0.373282	126.0287012	2.014907	0.829208144
621	0.324603	120.5453021	2.105317	0.826864921
622	0.532595	115.5802075	1.785821	0.787614389
623	0.31312	120.8368855	2.057441	0.822123187
624	0.432283	113.1983115	1.933455	0.790256326
625	0.421472	120.0627158	1.97811	0.802565309
626	0.294517	122.7727241	2.130788	0.833490818
627	0.237046	126.1314768	2.193326	0.851601455
628	0.510111	118.6427935	1.817082	0.793034933
629	0.319573	116.7622369	2.112746	0.813305065
630	0.406176	117.1639541	1.993953	0.790494542
631	0.261887	125.5174053	2.168401	0.844820962
632	0.361343	124.2899527	2.062585	0.834502697
633	0.312635	126.3611203	2.128674	0.837045657
634	0.361963	128.8286612	2.064372	0.838051714
635	0.395724	120.2614238	2.000663	0.817722241
636	0.37077	119.8684234	1.989911	0.792436245
637	0.36002	116.9117773	2.069674	0.803238583
638	0.352301	124.8259551	2.089462	0.832641358
639	0.274296	124.2438201	2.134321	0.830192508
640	0.414499	122.7765828	1.995376	0.823540023
641	0.38508	115.6709744	2.026782	0.788188017
642	0.442764	120.3844538	1.926826	0.817492847
643	0.270121	127.7077075	2.093637	0.822841263
644	0.35758	115.7798996	2.048657	0.804662655
645	0.435712	120.9988932	1.935275	0.807565681
646	0.388196	113.6424542	1.985102	0.809836052
647	0.331338	124.6138923	2.098774	0.810989928
648	0.384787	118.4426719	2.011525	0.802074131
649	0.416024	114.7416343	1.957689	0.815913711
650	0.418785	119.9231026	1.988529	0.816573004
651	0.399621	118.2803883	1.986831	0.824234819
652	0.393511	122.4025943	1.990041	0.81278555
653	0.342649	120.8345456	2.076986	0.821804635
654	0.313624	123.9113022	2.125551	0.841820939
655	0.33016	118.5308565	2.083346	0.820064398
656	0.333406	124.7651852	2.085992	0.820928291
657	0.360952	118.9982409	2.038387	0.826015982
658	0.342864	116.5205267	2.038327	0.828993705
659	0.414986	118.3077723	1.989388	0.817204507
660	0.407454	114.1736253	1.982549	0.796897581
661	0.399008	124.6127726	2.007916	0.818298103
662	0.308372	120.1277276	2.12895	0.826267989
663	0.476105	121.6408349	1.896546	0.813887267
664	0.336365	121.1860071	2.074062	0.792436922
665	0.413651	118.9014881	1.928069	0.82279339
666	0.420526	121.2253585	1.945819	0.808308273
667	0.418869	119.2737958	1.963784	0.809580724
668	0.404756	119.8873096	1.955102	0.814606986
669	0.444472	114.9238089	1.902725	0.805187525
670	0.3096	120.0392603	2.120504	0.833355541
671	0.3396	124.6278579	2.058209	0.847082633
672	0.441111	117.4247396	1.935524	0.779788013
673	0.380184	114.8453974	2.0103	0.805955419
674	0.380443	119.8851146	2.014083	0.822658027
675	0.408293	122.6109035	1.968936	0.805261033
676	0.420698	119.2374502	1.966424	0.819776855
677	0.264048	125.2287489	2.174785	0.837503058
678	0.343249	121.7771625	2.076836	0.821926718
679	0.404804	119.1627165	2.005559	0.821841012
680	0.392229	119.6348167	1.982518	0.815879872
681	0.281309	124.4688676	2.12472	0.838179234
682	0.22801	124.2156385	2.169965	0.842174129
683	0.346258	119.9093317	2.04528	0.822165346
684	0.398779	115.3368347	1.926134	0.807915682
685	0.302288	129.4565122	2.120722	0.849440374
686	0.337872	121.9486287	2.071383	0.818470268
687	0.360828	123.2386106	2.058592	0.817269372
688	0.289189	123.3430085	2.130311	0.830493732
689	0.341326	121.1979689	2.077126	0.809599115
690	0.344408	125.0146361	2.107551	0.826612577
691	0.41941	117.9791511	1.944616	0.822401692
692	0.31741	125.7973513	2.124019	0.830040606
693	0.388297	118.72109	1.986202	0.800846004
694	0.338441	113.5594262	2.062212	0.805278033
695	0.449964	119.5698913	1.943444	0.801175467
696	0.387937	123.5570603	2.023502	0.831227976
697	0.39178	119.4326049	2.00354	0.798837932
698	0.370444	119.0954075	2.042759	0.804638232
699	0.349826	117.1199335	2.052596	0.81470864
700	0.358763	125.4036553	2.086741	0.835395318
701	0.409026	118.2944286	1.964991	0.819115378
702	0.377805	117.2606018	1.99228	0.808937216
703	0.33115	117.0861713	2.068031	0.81758255
704	0.32244	116.7986762	2.097702	0.816815404
705	0.398431	120.2044037	2.00752	0.825143978
706	0.289034	119.3685068	2.109083	0.825851567
707	0.435933	120.7478945	1.946993	0.821332272
708	0.460527	117.0680539	1.891336	0.797987696
709	0.329153	118.8220546	2.075551	0.820228731
710	0.318999	123.3672277	2.107202	0.833559324
711	0.329774	121.5864087	2.088361	0.81940132
712	0.432466	123.4797332	1.972753	0.813925991
713	0.342237	115.9745703	2.039623	0.820665909
714	0.262664	128.5813274	2.174603	0.833521857
715	0.431969	117.28608	1.9355	0.814301672
716	0.273918	124.5218855	2.163987	0.847397136
717	0.394765	116.0629427	1.977158	0.801371808
718	0.399096	111.9147755	1.945618	0.803065178
719	0.372448	119.6567514	2.044901	0.823487786
720	0.370044	127.3724401	2.036499	0.834785212
721	0.420277	115.5972596	1.940455	0.797436553
722	0.419565	121.2521221	1.949014	0.807521106
723	0.322586	120.1360017	2.10707	0.827194885
724	0.293646	127.0562011	2.137895	0.840928299
725	0.331701	121.6296569	2.093008	0.817513049
726	0.411616	121.8193832	1.977939	0.821423109
727	0.34585	121.1857467	2.070667	0.827386478
728	0.351679	123.6347065	2.063138	0.814485723
729	0.4789	117.2173255	1.875474	0.787392373
730	0.377887	118.5170888	1.991888	0.806759492
731	0.357453	118.9716959	2.067448	0.800605063
732	0.333321	120.8711916	2.089339	0.823296255
733	0.388481	117.3151003	1.981626	0.818874482
734	0.348691	120.2844071	2.047881	0.812714059
735	0.344642	117.9801359	2.074126	0.803591343
736	0.261603	126.4238751	2.174956	0.839715469
737	0.427926	120.3426732	1.939298	0.809089908
738	0.395991	118.264116	1.977597	0.819554529
739	0.254616	125.5109312	2.171117	0.83007551
740	0.407744	114.8090574	1.994805	0.788979158
741	0.308666	124.5291584	2.097994	0.83977771
742	0.318677	124.1586964	2.103237	0.840752084
743	0.387226	123.5146516	2.002447	0.825522452
744	0.262825	121.9976578	2.178922	0.843508339
745	0.356288	122.0526908	2.046922	0.833142049
746	0.408956	118.2474196	1.953554	0.812503945
747	0.361623	124.6296714	2.040649	0.826291784
748	0.334551	123.5966839	2.089251	0.835372061
749	0.436184	119.2828792	1.922022	0.820354221
750	0.468856	117.8658701	1.883615	0.807489429
751	0.425584	120.8572952	1.945999	0.827984215
752	0.406123	120.5650936	1.99334	0.825515862
753	0.333106	121.724353	2.090545	0.811542464
754	0.325075	119.7812457	2.056362	0.826431414
755	0.350682	115.2624862	2.064949	0.800386639
756	0.365376	119.242501	2.031996	0.820835411
757	0.523797	116.3093875	1.795344	0.785976727
758	0.369555	118.4432838	2.021137	0.829415539
759	0.287251	123.2335423	2.152836	0.843531193
760	0.413857	117.2941949	1.956928	0.798229645
761	0.29718	120.7973696	2.112419	0.822646798
762	0.353382	121.9281635	2.024706	0.817615965
763	0.399165	117.4839034	1.984149	0.811955814
764	0.445353	116.4485118	1.88572	0.778912657
765	0.285438	124.9725469	2.144429	0.835891771
766	0.414619	124.3290973	2.011111	0.818694268
767	0.352054	121.7691628	2.06339	0.829875976
768	0.286064	124.1339109	2.13048	0.834864267
769	0.274341	119.3053109	2.150984	0.834180901
770	0.374966	116.6030762	2.047209	0.791629203
771	0.371495	121.8592794	2.015619	0.824643774
772	0.311717	125.3988044	2.12619	0.823448953
773	0.285473	124.1036663	2.137709	0.830908068
774	0.48028	115.3018517	1.885713	0.793297206
775	0.353529	121.0474985	2.064199	0.836376208
776	0.309506	123.7895373	2.134887	0.842873994
777	0.401351	119.3991684	1.969619	0.798178683
778	0.282651	115.7999078	2.095971	0.821582469
779	0.299732	120.7423598	2.121919	0.824255152
780	0.39166	113.3244042	2.006512	0.80619519
781	0.282618	121.5284866	2.127663	0.816069344
782	0.412775	119.2692297	1.980481	0.81849282
783	0.377862	123.7544758	2.021359	0.835613321
784	0.301554	122.8652966	2.114116	0.827185294
785	0.327437	122.8385279	2.102989	0.820795172
786	0.257378	123.9290788	2.182779	0.832637649
787	0.429455	123.1856952	1.977733	0.817819869
788	0.336845	119.5102592	2.075736	0.832017564
789	0.43213	117.3523686	1.951625	0.816712434
790	0.361326	119.9700269	2.028173	0.823165903
791	0.328645	119.8605903	2.081061	0.828054119
792	0.4539	114.5589964	1.915272	0.805198557
793	0.248797	127.6691973	2.195003	0.844800871
794	0.423652	118.6098646	1.928193	0.797011087
795	0.325589	119.1258607	2.041848	0.817057661
796	0.330233	120.0627629	2.08967	0.828597036
797	0.417854	122.0185514	1.95615	0.820194235
798	0.508701	118.1555754	1.834524	0.797547659
799	0.281787	128.2679052	2.160603	0.832038565
800	0.404805	122.7368224	1.968208	0.80957868
801	0.352028	118.2386816	2.045777	0.829038761
802	0.354418	124.1537425	2.000752	0.841933819
803	0.396392	115.6852618	1.97044	0.816854611
804	0.338081	117.9618363	2.063326	0.813366061
805	0.395508	125.0087085	2.024318	0.836106714
806	0.374525	117.8764395	2.02293	0.810352996
807	0.319074	114.5284477	2.072383	0.821738251
808	0.260209	126.0034941	2.154248	0.836601894
809	0.390768	121.1635446	2.018132	0.816831036
810	0.42826	116.8042592	1.953436	0.820234133
811	0.284531	125.7662345	2.148128	0.840546395
812	0.453547	122.5614341	1.916551	0.804457546
813	0.428699	112.2536724	1.960632	0.799805677
814	0.342633	116.9533076	2.083906	0.816646214
815	0.416907	114.3048915	1.941672	0.802289906
816	0.352555	118.5897955	2.051514	0.831683446
817	0.398966	121.9653	2.014062	0.820800221
818	0.208844	121.5360127	2.185636	0.837581212
819	0.38055	120.8284365	2.012797	0.821025427
820	0.339329	123.7984617	2.07143	0.838939863
821	0.304584	121.446233	2.129047	0.828710284
822	0.319482	118.9661492	2.096439	0.828835346
823	0.40746	116.8660429	2.010233	0.818121547
824	0.378048	120.7728811	2.048596	0.804119216
825	0.404481	115.1742136	1.967891	0.79949494
826	0.327442	126.2242166	2.114648	0.835676926
827	0.371716	115.948701	2.03177	0.829123975
828	0.349156	117.0787511	2.057455	0.815979531
829	0.270345	126.2975905	2.162868	0.840932198
830	0.30336	125.635206	2.126277	0.840728843
831	0.424494	118.4526906	1.949162	0.814631982
832	0.401581	114.1790488	1.968605	0.801941437
833	0.376908	116.1910429	2.038255	0.809363602
834	0.409681	119.4036209	1.954452	0.819752236
835	0.371316	119.9903574	2.019455	0.818918392
836	0.40575	117.1741845	1.998629	0.807132629
837	0.312746	122.634887	2.078062	0.82622613
838	0.452649	117.2970831	1.909997	0.81117381
839	0.352853	114.9822918	2.030978	0.805781796
840	0.299906	124.4312211	2.122492	0.850748933
841	0.404115	118.9801498	1.999725	0.79884676
842	0.39444	116.8654116	1.981491	0.81270719
843	0.378178	116.5530097	2.021158	0.822207609
844	0.381698	118.7279126	2.004203	0.81800951
845	0.347355	117.2085531	2.043285	0.811515595
846	0.427512	116.8881457	1.958683	0.810841353
847	0.383718	118.6999975	2.010303	0.814817905
848	0.385117	122.9905149	2.012354	0.827115652
849	0.339182	123.8054316	2.093876	0.812403227
850	0.284036	122.5357654	2.146732	0.829071974
851	0.243292	123.6708937	2.194034	0.838914686
852	0.394026	121.1166862	1.998709	0.834104762
853	0.3784	116.5477227	2.025801	0.815641051
854	0.37342	117.908526	2.00997	0.815864265
855	0.308631	118.7680408	2.080301	0.815632309
856	0.373782	116.2395521	1.997562	0.805848088
857	0.336124	117.4824965	2.060201	0.810042209
858	0.377313	121.3076618	2.018433	0.829265788
859	0.42131	115.1204571	1.949848	0.815120638
860	0.334733	125.3055516	2.088406	0.834089684
861	0.333561	124.0543259	2.098867	0.833565293
862	0.387046	118.9902082	2.026684	0.807636741
863	0.447036	113.3738333	1.904866	0.81204879
864	0.335722	117.706595	2.091837	0.825584943
865	0.38016	121.3056809	1.98949	0.828233866
866	0.35471	118.8860984	2.05569	0.829566153
867	0.234032	129.987048	2.187582	0.854710254
868	0.339095	124.3152304	2.092129	0.832327031
869	0.357467	120.9109465	2.076894	0.823040318
870	0.330397	120.7421183	2.095364	0.823808824
871	0.239875	121.0752747	2.178736	0.83600635
872	0.363734	121.2320765	2.039908	0.82005587
873	0.456359	113.3774489	1.897776	0.800954296
874	0.355009	119.0749595	2.069433	0.824215142
875	0.507809	116.6081224	1.843608	0.798157624
876	0.274658	129.4639302	2.177359	0.836669089
877	0.448235	117.6383079	1.896434	0.814140456
878	0.433961	118.1735422	1.942966	0.811810678
879	0.329952	120.557503	2.079494	0.817259706
880	0.347018	122.8325964	2.071635	0.825943282
881	0.462181	113.4465857	1.901945	0.791315444
882	0.360038	123.8206074	2.067142	0.845737636
883	0.432754	122.246156	1.961446	0.823955429
884	0.28585	119.1806859	2.111519	0.829252428
885	0.42224	120.8865016	1.953729	0.81843054
886	0.482217	120.3822784	1.857946	0.784373564
887	0.262309	128.0461085	2.186109	0.844339222
888	0.328388	124.5968567	2.098645	0.821840253
889	0.454534	117.5868461	1.926781	0.800661015
890	0.3414	121.7147391	2.069412	0.830630456
891	0.355651	116.9810752	2.073081	0.816262251
892	0.430208	116.5804907	1.948373	0.807104215
893	0.398536	123.8192361	1.976057	0.825947813
894	0.333907	123.1631514	2.093172	0.833892428
895	0.358695	121.9550507	2.04699	0.820232986
896	0.463906	113.9777643	1.887135	0.781062019
897	0.479622	114.0289391	1.890364	0.788158299
898	0.398453	118.7458943	1.975098	0.807375036
899	0.367006	117.6732784	2.058364	0.79573327
900	0.399946	114.568004	1.995115	0.800230184
901	0.387398	120.6747335	1.989942	0.828828505
902	0.390166	115.1277973	1.975463	0.797130109
903	0.328117	126.6991339	2.126773	0.836447507
904	0.364816	119.7029142	2.068875	0.801182637
905	0.360958	121.7311381	2.038638	0.82505975
906	0.37269	119.8416136	2.038171	0.820821331
907	0.317154	124.3303363	2.10914	0.832882024
908	0.295107	120.5547492	2.117554	0.829985769
909	0.347611	120.4805688	2.063505	0.831945342
910	0.369817	116.6978776	1.992248	0.821467316
911	0.328501	120.8803832	2.090524	0.819120467
912	0.336096	119.6440771	2.090959	0.805798321
913	0.287923	117.7567491	2.098043	0.821655609
914	0.471329	114.1599907	1.825923	0.802279862
915	0.379763	119.5149254	2.003189	0.816554862
916	0.476909	117.1650709	1.877515	0.793037582
917	0.404413	123.5489143	1.973091	0.811554859
918	0.358376	118.2416814	2.039658	0.805473511
919	0.285141	119.9296929	2.141706	0.807333544
920	0.486766	117.5944798	1.846538	0.808681908
921	0.330736	124.5993827	2.095372	0.845956171
922	0.325691	119.4004537	2.091162	0.82198918
923	0.395003	118.7339049	2.01323	0.833001006
924	0.306723	122.4958893	2.104992	0.83201664
925	0.35684	121.2240948	2.047867	0.824004799
926	0.303841	119.4171734	2.12624	0.834593858
927	0.376051	117.0822671	2.041039	0.800465238
928	0.412335	119.3519533	1.986333	0.804353617
929	0.383361	119.0154835	2.036726	0.802254444
930	0.327284	125.8674901	2.119419	0.836176851
931	0.292751	115.0437298	2.077486	0.829616318
932	0.336505	120.0270177	2.076194	0.82280921
933	0.367489	118.6720361	2.042211	0.820846765
934	0.374574	116.8371386	2.015729	0.784607674
935	0.373013	119.7185846	2.017506	0.807237313
936	0.392775	115.730546	1.961649	0.803526954
937	0.23774	127.232401	2.167711	0.849824501
938	0.399763	118.4817593	1.991976	0.800638721
939	0.339701	125.8427178	2.10654	0.824849982
940	0.332635	125.8315675	2.115557	0.838112578
941	0.418177	116.8305602	1.969453	0.806488757
942	0.353777	116.4833174	2.06169	0.820632503
943	0.321117	116.2229459	2.112817	0.808545596
944	0.370785	122.0872913	2.01974	0.822707326
945	0.413164	118.6655132	1.989601	0.783327271
946	0.401911	118.8762694	1.98489	0.802628037
947	0.382293	118.7275059	2.011348	0.81649203
948	0.36734	122.5105024	2.035131	0.820861371
949	0.341395	120.8002856	2.061539	0.831029947
950	0.36307	122.5123793	2.029577	0.826394382
951	0.300443	125.8288239	2.135861	0.842756645
952	0.422803	117.4434546	1.973731	0.799479798
953	0.385284	118.776744	1.982657	0.827298365
954	0.361632	116.8829961	2.031085	0.818698564
955	0.46492	117.0133523	1.912713	0.821237435
956	0.364715	120.1958039	2.020775	0.826401281
957	0.353996	123.3821887	2.083664	0.826289355
958	0.327346	123.0518514	2.118735	0.829360461
959	0.324764	117.0735577	2.068769	0.830692919
960	0.428101	120.2222855	1.98006	0.799899229
961	0.400586	116.6994554	1.992017	0.813104777
962	0.381726	117.5248998	2.036765	0.813342292
963	0.372972	116.8402277	2.033036	0.816344673
964	0.402985	118.7681098	1.96969	0.815797972
965	0.367348	120.9456	2.040204	0.827788929
966	0.305003	117.2500165	2.132377	0.821946906
967	0.398974	121.6730597	2.004546	0.80206048
968	0.345458	120.8399976	2.060721	0.809390617
969	0.385193	122.0098207	2.036369	0.824927117
970	0.417145	116.0553515	1.983864	0.814393244
971	0.431554	117.5083623	1.978278	0.804669839
972	0.388336	123.4485659	2.025009	0.842957831
973	0.395805	119.9126349	2.015392	0.805116057
974	0.372871	117.8253104	2.030835	0.817897354
975	0.389587	116.6117914	1.969361	0.807765838
976	0.408424	118.4367063	1.972282	0.798469617
977	0.355566	110.1719195	2.054572	0.808522858
978	0.374543	122.9182163	2.041048	0.816291702
979	0.375933	115.7879354	1.984535	0.806980493
980	0.45833	119.8084751	1.928327	0.800757176
981	0.338977	120.1837033	2.085608	0.818529336
982	0.418775	116.862357	1.942628	0.806211422
983	0.408779	118.7160852	1.961841	0.816880672
984	0.397621	118.3422196	2.011222	0.811359088
985	0.344106	122.3642524	2.066798	0.842308146
986	0.338647	121.9123554	2.069831	0.813855458
987	0.426571	113.7856271	1.936879	0.802976538
988	0.377689	117.7878212	2.016412	0.80666608
989	0.345879	123.1056695	2.077029	0.819025115
990	0.446301	122.8800481	1.955741	0.823259774
991	0.408362	118.7930675	1.97149	0.810387185
992	0.357294	115.1934991	2.024524	0.815420791
993	0.357709	115.7696686	2.056506	0.802238428
994	0.388051	120.2545009	1.995696	0.814744276
995	0.363016	117.0974105	2.045731	0.812608409
996	0.459973	119.0746504	1.903648	0.802325585
997	0.435023	123.2640154	1.965337	0.827883982
998	0.352903	117.8887802	2.048735	0.822182549
999	0.329094	116.3931643	2.097887	0.820077585
1000	0.312057	125.5848976	2.124002	0.834951088