rep	aei_left	left_area	adi_left	H
1	0.426801	117.118408	1.951577	0.816623739
2	0.413628	121.3164249	1.974449	0.793484378
3	0.278033	123.9762888	2.152726	0.836103278
4	0.48039	120.1440514	1.894247	0.812584973
5	0.320481	116.8058283	2.105974	0.819858806
6	0.385014	115.1600894	2.004716	0.799040712
7	0.406919	116.4406521	1.985251	0.805698462
8	0.249134	124.3355664	2.179993	0.837698976
9	0.368278	121.9866363	2.044775	0.823579935
10	0.426625	116.0215084	1.92421	0.820003896
11	0.444839	119.6619949	1.945572	0.820471984
12	0.352558	120.7407341	2.066697	0.819671193
13	0.364624	119.2071552	2.04676	0.806640573
14	0.303214	125.0288013	2.145756	0.835456288
15	0.273243	119.9271511	2.156565	0.839685729
16	0.366676	118.7374694	2.003672	0.820680574
17	0.433511	115.2429036	1.95278	0.785173413
18	0.361261	119.351271	2.041713	0.796406202
19	0.490807	116.6887855	1.855726	0.803873055
20	0.354315	118.70854	2.034306	0.805745807
21	0.40292	118.5791249	1.963863	0.801885076
22	0.369301	124.1146705	2.060788	0.835143597
23	0.374115	119.3619295	2.050097	0.811343389
24	0.30344	124.0534802	2.134658	0.826717673
25	0.414741	116.2002611	1.988534	0.7967236
26	0.375163	115.626019	2.005368	0.811603584
27	0.352932	120.4418294	2.050083	0.81635192
28	0.227909	121.3644386	2.197708	0.829809049
29	0.442868	118.0568282	1.948509	0.809465334
30	0.443439	117.2205025	1.947167	0.812168886
31	0.38491	117.9300787	2.000244	0.823198098
32	0.321499	121.0529566	2.118535	0.806672926
33	0.373548	122.0126703	2.044498	0.822375612
34	0.33854	116.3613143	2.074579	0.797786739
35	0.269644	126.2320657	2.160502	0.849933042
36	0.316173	122.7744042	2.089507	0.824264082
37	0.385461	120.2545795	2.047643	0.782465987
38	0.388786	120.8336074	1.980397	0.810732726
39	0.30298	119.353374	2.116022	0.817038107
40	0.36784	118.7791843	2.038717	0.816605198
41	0.374136	119.8114548	2.010444	0.817178029
42	0.290761	125.1499632	2.114199	0.843996199
43	0.548292	114.9353931	1.776222	0.790181939
44	0.333756	117.760922	2.107117	0.797137522
45	0.362358	120.1035389	2.050516	0.827352861
46	0.377777	112.769634	2.003104	0.802210483
47	0.275187	130.3465598	2.134528	0.846126362
48	0.438867	121.2869496	1.962327	0.815765199
49	0.398368	114.4425569	1.962124	0.793523144
50	0.386893	116.5304125	1.992139	0.798779775
51	0.436146	118.0523918	1.934167	0.771478527
52	0.370916	117.0863304	2.057859	0.792519864
53	0.384293	125.1305481	2.024325	0.836314308
54	0.41359	117.3228854	1.976696	0.782414994
55	0.444993	116.4895458	1.929133	0.794761848
56	0.289085	122.4844419	2.13022	0.833661777
57	0.260144	124.230364	2.174253	0.840350408
58	0.513093	112.5712832	1.804801	0.79131941
59	0.334169	121.3372608	2.077891	0.828191283
60	0.404757	122.3633756	2.033027	0.805104989
61	0.289222	120.4534309	2.091978	0.827225886
62	0.351319	119.6489729	2.043354	0.796989859
63	0.263926	127.611531	2.177758	0.84487605
64	0.228916	126.9100407	2.20322	0.853103061
65	0.357386	116.9210748	2.075474	0.816930129
66	0.345561	120.0744709	2.070724	0.820692031
67	0.311971	124.5888483	2.113453	0.834441088
68	0.371039	120.6671817	2.035105	0.827562109
69	0.276077	121.3616803	2.114013	0.828274743
70	0.376684	121.3287321	2.042126	0.805921595
71	0.432602	118.588414	1.923393	0.798436056
72	0.367941	120.8696847	2.061021	0.811710857
73	0.447631	117.3194335	1.915577	0.810430528
74	0.370635	119.4420063	2.070768	0.830602564
75	0.401415	119.7701008	1.996164	0.811623454
76	0.357662	119.1237788	2.066749	0.81576103
77	0.369349	121.2342757	2.032549	0.812891472
78	0.285505	126.1676688	2.137354	0.822439542
79	0.366216	123.2999995	2.051223	0.839186578
80	0.405801	116.6133925	1.992099	0.789071478
81	0.300858	121.9528003	2.128547	0.832827759
82	0.394425	116.5151261	1.997212	0.816142916
83	0.397714	115.1946079	2.01422	0.788048081
84	0.440337	113.1538385	1.930118	0.787267238
85	0.43457	120.6693758	1.944737	0.804486648
86	0.330432	123.4576856	2.066729	0.820067072
87	0.3845	122.523293	2.023113	0.807270324
88	0.378317	124.423013	2.028054	0.812806018
89	0.348628	115.574671	1.997721	0.785940651
90	0.340602	121.3644114	2.080267	0.836086883
91	0.374003	119.9797103	2.025297	0.815797759
92	0.262334	124.6057238	2.169503	0.835936082
93	0.425924	117.9726472	1.947938	0.805475731
94	0.353068	126.7257598	2.076791	0.817971821
95	0.369393	122.0975346	2.045324	0.819240979
96	0.274007	124.7844332	2.148766	0.826054194
97	0.381344	117.9780702	1.973707	0.812075942
98	0.274153	128.1834371	2.168656	0.836094546
99	0.43944	115.8314166	1.936294	0.782307386
100	0.355355	117.1251643	2.037614	0.783265776
101	0.450678	119.1055542	1.936772	0.789142124
102	0.291943	123.3417233	2.118592	0.819261136
103	0.437287	116.4897236	1.928829	0.809013515
104	0.474721	113.8190864	1.860751	0.794451957
105	0.4109	123.3583226	1.988548	0.808040187
106	0.361384	123.1902943	2.050066	0.836758392
107	0.396298	121.8463177	2.005847	0.822640962
108	0.330508	124.6606179	2.0949	0.831258088
109	0.365938	120.0870728	2.036927	0.816895364
110	0.351877	117.236749	2.055154	0.812754598
111	0.379759	115.4622183	2.01536	0.805911887
112	0.401262	120.0397994	1.99361	0.823787793
113	0.377281	118.6280915	2.002421	0.816730713
114	0.388142	117.2556037	2.002067	0.807388136
115	0.41023	116.3879913	1.994478	0.801763748
116	0.366267	125.6795418	2.07194	0.836571897
117	0.329502	121.4440496	2.108288	0.815013656
118	0.361413	120.9592873	2.024713	0.831882429
119	0.406183	118.491031	1.946339	0.79674517
120	0.354265	116.59708	2.029295	0.805047549
121	0.308716	119.2670013	2.126313	0.834561783
122	0.448609	112.9038571	1.900942	0.79585734
123	0.388909	116.0552266	1.985336	0.786999861
124	0.448021	113.7436817	1.93274	0.780582549
125	0.303484	128.9779339	2.122742	0.841717778
126	0.404596	117.000953	1.941045	0.802038249
127	0.451562	120.2773717	1.931802	0.809457132
128	0.441608	115.2671181	1.912107	0.792848258
129	0.398411	118.4034642	2.007017	0.799409293
130	0.389486	119.7381934	2.024919	0.796986213
131	0.372437	119.1326252	2.025648	0.813353797
132	0.349772	114.8614332	2.03004	0.823605758
133	0.365242	125.0160961	2.070311	0.819861074
134	0.445721	112.2401177	1.899474	0.800362683
135	0.276513	124.8435409	2.164213	0.840157901
136	0.373109	119.8263064	2.036638	0.818105755
137	0.246969	122.577394	2.203855	0.856860575
138	0.365839	114.2850507	2.027003	0.799517295
139	0.436184	113.9571305	1.921918	0.797521173
140	0.305221	125.2646943	2.139568	0.836926427
141	0.376775	122.3996248	2.034465	0.819516805
142	0.319594	124.8693814	2.065453	0.827622802
143	0.528254	110.2491753	1.771408	0.742444621
144	0.344313	118.7305824	2.069813	0.824349281
145	0.326905	124.2516494	2.112142	0.83672398
146	0.267194	124.5102047	2.166302	0.836106805
147	0.401896	114.6028479	1.931382	0.805522049
148	0.378207	113.1421774	2.046622	0.80518451
149	0.395039	122.8427197	2.015297	0.807491871
150	0.400055	121.5093422	1.990322	0.817357383
151	0.428618	115.9562127	1.945932	0.802360327
152	0.412625	123.1318874	1.995914	0.815922338
153	0.395604	121.2988624	2.02297	0.820183429
154	0.346142	122.5848341	2.061009	0.832245888
155	0.367946	121.6268851	2.063743	0.815292804
156	0.384397	119.544214	2.028859	0.800948797
157	0.406998	122.2911257	1.986559	0.822092715
158	0.233058	125.5870647	2.210164	0.842147863
159	0.374227	121.4155774	2.035032	0.816516868
160	0.386441	122.5917609	2.010193	0.825969273
161	0.394822	120.2657516	2.005326	0.8012617
162	0.289425	120.9767883	2.13395	0.818952992
163	0.490165	115.9103869	1.847096	0.80645508
164	0.395004	121.2153075	2.014608	0.806560006
165	0.385386	119.2020591	1.97102	0.794304572
166	0.462511	117.2532299	1.900027	0.819245654
167	0.428724	120.718613	1.941761	0.815947549
168	0.295135	121.9632459	2.147071	0.830710088
169	0.317419	123.7021692	2.112569	0.827891028
170	0.428166	114.8233697	1.944268	0.793224981
171	0.387686	123.0984747	2.039588	0.813502468
172	0.324674	119.6174838	2.091332	0.820632127
173	0.396473	120.7806516	2.015727	0.813387252
174	0.4181	126.5155463	1.991267	0.839174528
175	0.408861	121.0899754	1.971273	0.801734768
176	0.485086	116.467384	1.823333	0.79321968
177	0.289501	130.6591948	2.153331	0.840066996
178	0.41322	114.414605	1.914047	0.803009863
179	0.389728	117.6248085	1.980141	0.800319599
180	0.361906	123.5203287	2.054727	0.817210946
181	0.351736	116.7884957	2.077002	0.830988977
182	0.372614	121.6470623	2.054522	0.80668305
183	0.405055	117.4062504	2.016645	0.797971886
184	0.363436	120.8864272	2.047439	0.831557638
185	0.360496	120.0506334	2.068826	0.822147053
186	0.454526	115.738746	1.921096	0.807443043
187	0.41811	117.9701715	1.952705	0.802396429
188	0.420386	120.9318383	1.976726	0.80807119
189	0.39204	119.1086187	2.010735	0.814652477
190	0.361968	117.1762596	2.017817	0.817004594
191	0.440118	114.8173324	1.917361	0.786238364
192	0.304558	126.0732933	2.106047	0.834626643
193	0.418746	114.172524	1.959498	0.801885813
194	0.343723	120.3430321	2.10023	0.823909271
195	0.270681	129.1862656	2.168806	0.835958398
196	0.372613	121.4801908	2.026393	0.816801223
197	0.384046	117.9824421	2.050446	0.797447055
198	0.376181	120.6403203	2.050508	0.809742945
199	0.446005	117.730735	1.893939	0.800190512
200	0.373595	118.5450991	2.04936	0.809363461
201	0.375621	123.8229651	2.035192	0.811131902
202	0.358995	118.375164	2.085261	0.820938074
203	0.447147	119.6205286	1.951544	0.791261869
204	0.385244	117.0555686	2.001121	0.813001054
205	0.307369	117.7885099	2.115021	0.810771995
206	0.381083	121.9122959	2.056623	0.800605203
207	0.4213	114.484776	1.955347	0.810006083
208	0.405083	122.0837759	1.970561	0.808477218
209	0.344998	124.5031388	2.080693	0.838582823
210	0.333826	122.7875698	2.10808	0.812903508
211	0.34895	123.0408349	2.094702	0.833617301
212	0.3468	123.7887484	2.047606	0.819653274
213	0.424357	117.9583533	1.970324	0.796375139
214	0.382878	117.3690805	2.047655	0.793596826
215	0.293787	121.7866472	2.137718	0.816863576
216	0.478034	111.9707857	1.860398	0.792651918
217	0.390451	116.33974	1.994991	0.801559048
218	0.36434	122.5544682	2.06707	0.835714233
219	0.376301	121.5689689	2.001386	0.825723872
220	0.356437	116.8259943	2.023127	0.799504717
221	0.384854	124.4384546	2.0221	0.817664673
222	0.319203	119.6305449	2.069039	0.827849232
223	0.30334	117.5286005	2.146607	0.833818258
224	0.303089	124.9096663	2.098971	0.845862232
225	0.464531	121.5474932	1.854316	0.804349617
226	0.433352	112.4170195	1.952346	0.787166812
227	0.376926	118.9652229	2.030621	0.814186655
228	0.366339	120.5762725	2.062553	0.796956691
229	0.393218	115.933282	2.006913	0.802698002
230	0.420341	125.4313552	1.978246	0.813724633
231	0.466493	121.7271872	1.920878	0.821692922
232	0.362714	119.7221683	2.043034	0.811454349
233	0.421466	117.6308439	1.946834	0.800361965
234	0.44028	115.7924512	1.891097	0.814636978
235	0.274839	126.5265936	2.178191	0.841827414
236	0.314084	125.5620055	2.131607	0.836889978
237	0.342884	123.311727	2.061067	0.831859987
238	0.35881	117.3023245	2.056481	0.804803106
239	0.327276	117.2213304	2.093808	0.809386347
240	0.362603	116.6792964	2.006285	0.810843643
241	0.188252	129.7333289	2.223616	0.836780794
242	0.433677	115.0161159	1.93127	0.787777143
243	0.391815	119.9858046	2.036207	0.822785702
244	0.318469	121.2166073	2.11653	0.825330289
245	0.333593	121.8939567	2.112574	0.827729904
246	0.396407	122.3566829	2.046576	0.821690994
247	0.36708	120.5432279	2.023513	0.791065605
248	0.34368	121.2390637	2.087553	0.81789586
249	0.340343	123.0167426	2.102483	0.827018569
250	0.34628	117.2917833	2.044219	0.808494117
251	0.327718	119.7663938	2.096689	0.812345753
252	0.430959	116.8817821	1.938774	0.811462997
253	0.360685	123.4794416	2.04047	0.826206295
254	0.355136	120.5856214	2.063392	0.82020005
255	0.336185	123.6654542	2.078175	0.825820199
256	0.437101	114.7077757	1.943524	0.784028186
257	0.510672	113.3154298	1.814596	0.762693312
258	0.419301	123.3119514	1.974689	0.804052365
259	0.307557	124.6793822	2.130639	0.831916163
260	0.395641	115.3997012	1.995338	0.803173807
261	0.35043	123.8043608	2.043536	0.838338901
262	0.467372	110.9064024	1.903238	0.783467935
263	0.318822	125.1115832	2.112622	0.833095812
264	0.391147	119.5148761	1.989606	0.819279406
265	0.358993	116.1745749	2.037038	0.80629472
266	0.44887	115.888005	1.919997	0.764085489
267	0.349484	122.30514	2.067812	0.797256047
268	0.381149	116.6000099	2.028171	0.805709819
269	0.406233	117.0583069	1.99286	0.805602375
270	0.395358	124.4827402	2.017447	0.825753376
271	0.40894	120.371981	1.994446	0.779468516
272	0.391722	117.952466	1.992356	0.817471363
273	0.321153	127.1669373	2.051604	0.835141885
274	0.396968	117.3253545	1.978972	0.801462549
275	0.375211	113.6255576	2.04055	0.810353383
276	0.415924	120.6737453	1.976756	0.804334762
277	0.348201	114.3608011	2.023966	0.805145829
278	0.332254	124.8621308	2.090059	0.824243099
279	0.224792	120.9144503	2.178903	0.843977536
280	0.375322	115.951765	2.014045	0.820293444
281	0.361056	116.9540013	2.033223	0.819248379
282	0.351704	122.2484522	2.064929	0.822363452
283	0.40066	113.4053802	1.983444	0.816951086
284	0.354467	124.3916684	2.054887	0.832280224
285	0.428942	124.3180683	1.972127	0.80336151
286	0.418249	118.684897	1.99227	0.810739186
287	0.348295	118.6614386	2.063591	0.809009124
288	0.42546	121.4983639	1.939537	0.843038466
289	0.355084	119.3027558	2.045312	0.817025965
290	0.434288	117.1891584	1.960098	0.806486631
291	0.329863	128.5345668	2.10687	0.836767913
292	0.408904	126.453525	2.017114	0.81437031
293	0.35202	122.9951199	2.067437	0.832219122
294	0.484236	117.7411973	1.86002	0.797211446
295	0.411529	115.6641859	1.98707	0.77993321
296	0.467654	117.0595557	1.894847	0.799164092
297	0.327315	119.9687111	2.094204	0.829964887
298	0.332582	119.099515	2.0714	0.817351585
299	0.331852	124.9770379	2.109662	0.841910468
300	0.352071	123.2706027	2.06382	0.824699171
301	0.326913	122.4615105	2.089948	0.828652131
302	0.323205	122.6427654	2.111684	0.839178257
303	0.428198	115.8126668	1.955527	0.804623819
304	0.382346	115.0803327	1.996499	0.774825179
305	0.32548	118.4010928	2.083431	0.815799063
306	0.465537	115.0144793	1.902842	0.80242563
307	0.384566	118.8725471	2.026818	0.81700623
308	0.354811	117.1819701	2.02217	0.814261394
309	0.31092	124.9485553	2.120439	0.839274665
310	0.315797	124.4874614	2.122288	0.839201408
311	0.385559	118.9377813	2.006644	0.814419936
312	0.374684	120.8721762	2.024433	0.817208437
313	0.377893	120.1587919	2.053668	0.829675503
314	0.408114	123.0821219	2.01519	0.821677177
315	0.423716	118.2457403	1.964442	0.816880809
316	0.373991	116.2992415	2.008726	0.801677513
317	0.330768	119.671175	2.087497	0.831417177
318	0.338086	121.3354646	2.086291	0.816565551
319	0.281356	123.6694683	2.12368	0.829914966
320	0.378878	115.612147	2.048444	0.809232161
321	0.362806	120.9780275	2.026681	0.822433308
322	0.511397	116.3945619	1.824164	0.812466398
323	0.379454	118.8682378	2.036818	0.815705012
324	0.335108	125.1038509	2.08506	0.831617694
325	0.307762	119.9248726	2.088002	0.822084304
326	0.42558	110.3633513	1.916607	0.796994829
327	0.416002	114.9237931	1.965294	0.809626749
328	0.357022	122.5946147	2.058173	0.826463783
329	0.439632	115.9773691	1.927517	0.820713542
330	0.362134	122.4272705	2.032962	0.838325979
331	0.337938	128.4186108	2.074061	0.848101971
332	0.458431	117.3301721	1.915217	0.794334825
333	0.318458	123.183829	2.108623	0.828129325
334	0.355317	122.4306693	2.085458	0.810461719
335	0.438501	117.7739001	1.892866	0.821524545
336	0.352226	121.1108654	2.070758	0.84000955
337	0.347719	118.3349882	2.0655	0.805220331
338	0.367044	123.7744174	2.044835	0.822528843
339	0.419768	117.856523	1.954184	0.800015149
340	0.342197	117.7901914	2.081489	0.803658416
341	0.528641	118.8637973	1.807272	0.773011692
342	0.432469	114.6069327	1.922776	0.807598717
343	0.468038	122.9489323	1.873558	0.811324783
344	0.40311	113.7396553	1.992619	0.800392598
345	0.278972	128.9578661	2.174295	0.849497316
346	0.45571	118.0935615	1.913936	0.81814625
347	0.43486	114.2414004	1.917683	0.784973416
348	0.30805	122.9604752	2.108834	0.82937615
349	0.387745	120.8738359	2.021421	0.810199319
350	0.324289	118.6403893	2.113179	0.829422606
351	0.371793	121.2756854	2.02369	0.802042988
352	0.396055	123.4336977	2.010295	0.823990372
353	0.418291	119.1343821	1.995148	0.819088135
354	0.376942	118.177136	2.046528	0.819598807
355	0.44645	114.1559789	1.93369	0.796082587
356	0.357906	122.9103255	2.067279	0.805334435
357	0.383128	115.2065155	2.018238	0.809798473
358	0.394004	113.187596	2.028949	0.789411894
359	0.42327	119.6304611	1.99854	0.814697429
360	0.400543	122.6039995	1.977373	0.794640453
361	0.293239	125.7550683	2.140879	0.847314466
362	0.392159	114.0205288	1.992535	0.804583422
363	0.412569	120.0969685	1.984252	0.818245773
364	0.420209	120.467311	1.919703	0.806782167
365	0.40428	113.7051835	1.999657	0.802771443
366	0.411269	116.5724443	1.961987	0.810920164
367	0.421432	123.7251335	1.955936	0.812873501
368	0.34097	119.635079	2.072581	0.814640795
369	0.339693	118.8226555	2.05226	0.822530003
370	0.328679	117.7609061	2.105501	0.840710874
371	0.443077	117.7827402	1.94303	0.81706577
372	0.331135	119.9743505	2.068499	0.832246348
373	0.365152	121.344907	2.0378	0.811527177
374	0.445201	119.6085102	1.933207	0.809556801
375	0.280775	120.743731	2.088579	0.828184585
376	0.353671	116.7575693	2.075984	0.814028519
377	0.429889	118.8892218	1.954824	0.790180772
378	0.448272	125.3933615	1.931705	0.792197669
379	0.412693	116.9187306	1.923022	0.818037351
380	0.408654	113.9406738	1.984052	0.795940906
381	0.367827	113.1111131	2.011009	0.806112467
382	0.394692	121.4798366	2.019514	0.818154974
383	0.337374	117.4335612	2.053347	0.817733395
384	0.397184	124.6200045	2.03746	0.842602339
385	0.389322	119.6695524	2.013688	0.813373468
386	0.333418	117.9485508	2.072988	0.818983228
387	0.391492	117.720051	2.004605	0.784739714
388	0.373129	120.9627513	2.048969	0.813850721
389	0.451593	116.8285931	1.89257	0.807453345
390	0.404337	124.7288959	1.976505	0.834384536
391	0.429572	118.2329598	1.962421	0.808016756
392	0.398774	121.474599	1.983251	0.821815818
393	0.316228	118.3039882	2.094811	0.819675442
394	0.364206	117.718	2.053373	0.814329094
395	0.33719	126.1741666	2.099198	0.832661281
396	0.331179	136.478613	2.083172	0.856518758
397	0.378281	119.640334	2.015237	0.80942823
398	0.432378	117.9850624	1.931022	0.802409362
399	0.397824	123.3145494	2.029904	0.821160748
400	0.449789	116.2643149	1.939278	0.806811166
401	0.249992	128.1688782	2.190876	0.85149009
402	0.46501	110.7915623	1.886844	0.792547105
403	0.330271	121.8987872	2.081425	0.80261665
404	0.420023	120.5449406	1.963791	0.798169413
405	0.337304	115.9584178	2.084552	0.81691601
406	0.37963	120.127633	2.043106	0.824590044
407	0.327308	120.9532785	2.097411	0.829660204
408	0.415664	120.001033	1.943144	0.807757726
409	0.429531	122.9537251	1.962582	0.817054822
410	0.431965	113.7293848	1.94963	0.785118531
411	0.458606	124.3639726	1.927339	0.824133141
412	0.410262	115.7411349	1.99722	0.780617672
413	0.284982	125.2093895	2.160184	0.817509241
414	0.391408	120.9955116	2.016125	0.823892826
415	0.353564	127.1822242	2.083408	0.821068599
416	0.328451	123.5134353	2.091349	0.826385034
417	0.439158	118.6954171	1.924894	0.81160053
418	0.273833	123.592708	2.157766	0.839534077
419	0.323601	115.4952628	2.032292	0.811012028
420	0.509802	116.9813167	1.847273	0.807297057
421	0.480776	113.0322686	1.868937	0.798612068
422	0.42411	117.7896015	1.978727	0.794255268
423	0.376139	126.2283557	2.014659	0.817659274
424	0.433959	115.497411	1.884769	0.796887649
425	0.401121	121.5036953	1.998753	0.825948841
426	0.376741	118.4597185	2.018184	0.803396313
427	0.353701	124.4375135	2.055718	0.824139525
428	0.330166	120.3507518	2.092259	0.825841523
429	0.468589	134.0812425	1.906485	0.862759756
430	0.359129	122.237494	2.022039	0.81340691
431	0.416178	115.3672184	1.962796	0.806822168
432	0.399178	118.0942239	1.996446	0.812977725
433	0.373811	117.4724969	2.020706	0.80438067
434	0.329191	124.2846878	2.09951	0.837379201
435	0.377982	116.7891482	2.009536	0.797198449
436	0.458627	117.9822821	1.90241	0.799709002
437	0.348949	121.9006823	2.084544	0.821836397
438	0.451525	122.3358806	1.923678	0.811713591
439	0.353093	119.0943097	2.052059	0.824039859
440	0.303594	124.4737546	2.133379	0.840479365
441	0.419002	119.8571396	1.956385	0.803107949
442	0.40497	121.2218506	2.011266	0.807245036
443	0.324595	119.0098871	2.07776	0.813595458
444	0.403556	119.6428882	1.99063	0.823917127
445	0.489849	115.894395	1.85595	0.800709383
446	0.342075	125.2355132	2.096922	0.823907181
447	0.431113	119.6551196	1.962498	0.813538478
448	0.390143	119.6561141	2.006247	0.811750073
449	0.281652	121.601495	2.156431	0.824190086
450	0.515827	117.1723201	1.822837	0.798636834
451	0.406707	117.7934825	2.009776	0.798526814
452	0.311984	130.8043947	2.108391	0.847663081
453	0.33196	126.3415025	2.087538	0.834615997
454	0.336879	125.103956	2.078027	0.825630136
455	0.362026	123.7138817	2.035111	0.825176722
456	0.40857	116.2780325	1.965708	0.809150261
457	0.346468	116.7287858	2.054161	0.809125228
458	0.357078	121.3190754	2.052775	0.812595106
459	0.34169	124.2393487	2.102458	0.83176176
460	0.41997	116.348802	1.939888	0.802644327
461	0.31483	124.3665053	2.112068	0.821102485
462	0.411136	114.1424481	1.965998	0.8011787
463	0.455141	122.0517962	1.938888	0.801155902
464	0.331874	120.5025684	2.096144	0.822748601
465	0.328258	116.0048753	2.020213	0.798655329
466	0.364972	112.6521045	1.990002	0.794398977
467	0.402005	116.6495675	1.965464	0.812677212
468	0.362461	125.9957387	2.032582	0.849278175
469	0.294912	124.3083721	2.087431	0.837947927
470	0.375852	114.3961427	2.014277	0.806059958
471	0.373304	129.0005248	2.064747	0.816716448
472	0.413589	121.2542552	1.958365	0.805854616
473	0.380901	120.9598944	2.04276	0.823464628
474	0.367822	123.0084069	2.057863	0.835450567
475	0.366371	124.7113363	2.038711	0.849456042
476	0.390338	119.549823	1.989177	0.803695866
477	0.427742	121.6282722	1.951134	0.801859823
478	0.32353	129.2446535	2.126199	0.838841686
479	0.492465	116.4275532	1.886617	0.801454099
480	0.347044	121.9472567	2.066809	0.821489116
481	0.380791	121.7604991	2.026409	0.811174002
482	0.411116	114.1355645	1.967927	0.803402914
483	0.386941	123.1461612	2.021344	0.820410067
484	0.296885	124.054475	2.124257	0.82180749
485	0.375983	122.0869311	2.042033	0.819034396
486	0.382793	120.7200843	2.006922	0.83440403
487	0.360803	121.0574549	2.07225	0.82785307
488	0.298502	122.1398299	2.121505	0.820393451
489	0.424892	115.4962246	1.943161	0.779875292
490	0.256693	121.8242881	2.16652	0.830677278
491	0.352271	119.9789035	2.085941	0.824358004
492	0.414772	117.334692	1.998057	0.822268571
493	0.430147	120.3919438	1.971849	0.804032497
494	0.361767	116.2571592	2.01552	0.800436425
495	0.323597	123.9635122	2.104622	0.837241987
496	0.315746	125.081641	2.120383	0.826869452
497	0.488852	112.8506283	1.871712	0.787758879
498	0.412492	115.0223324	1.981208	0.800063943
499	0.320288	119.9808554	2.041761	0.816260494
500	0.388257	121.0930142	1.951111	0.81707324
501	0.407061	118.4107027	1.964884	0.796758415
502	0.328552	125.1544542	2.102514	0.83186846
503	0.378969	121.4884934	2.020191	0.814776421
504	0.377822	120.8713847	2.050091	0.813809748
505	0.528329	116.8013886	1.792527	0.796777526
506	0.397654	116.816535	1.967177	0.824381947
507	0.444108	116.2700239	1.924056	0.791828866
508	0.329937	125.9178695	2.060963	0.833654888
509	0.312398	126.1417781	2.11056	0.832491287
510	0.333014	119.1378506	2.080172	0.827152832
511	0.418252	111.2841868	1.949908	0.798745157
512	0.357569	120.9614623	2.069838	0.823340815
513	0.288254	124.7265925	2.115623	0.811754865
514	0.382324	120.1748295	2.032795	0.812360899
515	0.36748	115.0694505	2.058275	0.793779268
516	0.314558	124.582838	2.102131	0.83297484
517	0.345771	127.0848486	2.08823	0.828213625
518	0.300061	117.0741873	2.124672	0.823442159
519	0.376933	117.5760259	2.02313	0.808851849
520	0.348861	119.6288469	2.07226	0.814931319
521	0.312468	126.9905557	2.085256	0.826643125
522	0.405885	117.4939814	1.995324	0.802958911
523	0.369051	122.6287906	2.059904	0.825485846
524	0.34822	123.3902136	2.06594	0.817125102
525	0.282425	124.4365167	2.114518	0.830256172
526	0.411789	115.7217609	1.986823	0.789680277
527	0.40881	116.2601547	1.95745	0.819013156
528	0.343112	123.7199692	2.089934	0.832222351
529	0.223997	126.8703647	2.193548	0.848561846
530	0.448955	114.2610927	1.888608	0.798986193
531	0.388182	123.2141293	2.033502	0.827327372
532	0.387228	116.1952207	1.99143	0.793985923
533	0.367281	114.1988985	2.027168	0.797523181
534	0.370491	121.6675167	2.048828	0.808433594
535	0.46714	119.2845415	1.903432	0.806802007
536	0.325381	123.8357704	2.118935	0.830598567
537	0.507965	108.8619136	1.808319	0.773413833
538	0.374072	125.5026072	2.031468	0.783276232
539	0.36155	122.8414229	2.040151	0.808872542
540	0.366895	119.6645613	2.033782	0.813318499
541	0.392395	117.4361371	2.02721	0.818550774
542	0.356349	125.3517423	2.047237	0.831250304
543	0.403219	115.8188832	1.985739	0.804348459
544	0.393618	122.3977924	2.001178	0.821280882
545	0.330622	123.0444219	2.096783	0.802114616
546	0.344863	119.3458887	2.063079	0.814574949
547	0.244561	124.0589119	2.178529	0.834684346
548	0.406451	124.8244864	1.982073	0.824205427
549	0.405488	116.8324026	1.970674	0.819293563
550	0.372684	120.3578903	2.03342	0.817925195
551	0.280019	123.1489962	2.155266	0.837450231
552	0.312627	127.3610385	2.097884	0.832237327
553	0.417964	120.616682	1.970285	0.801196038
554	0.349716	117.1458081	2.037171	0.825258791
555	0.374605	116.4022275	2.026442	0.819299646
556	0.304446	120.5848015	2.112688	0.819001268
557	0.402283	117.8441354	1.972838	0.804752735
558	0.407539	117.0982086	2.000404	0.810192807
559	0.403745	117.0604734	1.973178	0.803586792
560	0.394678	121.6117439	1.965649	0.821522937
561	0.251952	124.9154698	2.154998	0.852467797
562	0.371983	118.5293292	2.034903	0.770041854
563	0.342371	124.6175234	2.082675	0.827424592
564	0.267793	120.9883063	2.093806	0.8261245
565	0.437528	110.1881212	1.926478	0.782027568
566	0.364408	119.1687236	2.033562	0.813321134
567	0.320688	123.7236126	2.116712	0.821240718
568	0.248848	128.5291345	2.165624	0.849794288
569	0.399554	117.4296181	1.98581	0.811172197
570	0.375046	116.4282811	1.992534	0.813327765
571	0.300643	123.0621306	2.133916	0.820789147
572	0.301905	127.6510735	2.119159	0.82780038
573	0.412713	121.3740218	1.985821	0.83236734
574	0.324323	124.4900284	2.095158	0.81456967
575	0.359904	117.7695001	2.022345	0.80899216
576	0.308573	121.3815491	2.069414	0.828794466
577	0.376422	120.7277694	2.064153	0.783248721
578	0.298955	123.0910144	2.132272	0.801611826
579	0.291937	123.3605656	2.138769	0.825457505
580	0.351581	120.8579677	2.056938	0.830855368
581	0.385888	117.7584015	2.052815	0.812961704
582	0.353521	125.8316651	2.095125	0.843890199
583	0.286914	129.3885969	2.129952	0.832437596
584	0.442382	119.8197611	1.958478	0.799511815
585	0.44067	120.2701966	1.917994	0.808342922
586	0.411365	115.8374405	1.957086	0.808783686
587	0.358102	120.660541	2.046004	0.822247945
588	0.330064	125.0566415	2.08998	0.83740088
589	0.317678	120.8089735	2.116892	0.808642429
590	0.348513	130.4457124	2.095569	0.844681428
591	0.352794	118.6895506	2.06788	0.82275729
592	0.386569	119.0254131	2.021372	0.816006595
593	0.326247	117.5374372	2.068581	0.816931277
594	0.407526	117.0649788	1.98827	0.802904917
595	0.395044	114.0409251	1.970204	0.808627093
596	0.289158	127.1024456	2.155831	0.843826663
597	0.348297	122.297566	2.074632	0.814832819
598	0.393431	119.1091386	1.99932	0.802517927
599	0.300781	127.2150546	2.130619	0.839580943
600	0.336696	121.4107454	2.083419	0.809696534
601	0.388927	126.1820643	2.027085	0.829202749
602	0.472054	118.623426	1.914325	0.810727304
603	0.39176	121.6100098	2.013849	0.800294524
604	0.44944	115.6939312	1.944268	0.780148827
605	0.413908	116.8227942	1.960549	0.794020184
606	0.424798	113.6627415	1.961099	0.789795842
607	0.321615	125.1840942	2.126838	0.823347032
608	0.426191	121.9198095	1.957557	0.816330426
609	0.406698	117.0991531	1.986671	0.816176733
610	0.386556	118.0265049	1.992623	0.823175719
611	0.381082	118.4203618	2.012009	0.807119081
612	0.389861	123.6407103	2.008281	0.789733957
613	0.337457	117.2812729	2.017958	0.809282029
614	0.440438	117.3808597	1.939921	0.788348779
615	0.387208	123.3100391	1.995956	0.82228023
616	0.358727	124.7098009	2.027048	0.780207109
617	0.363451	120.0796919	2.027481	0.797923945
618	0.285087	120.8113929	2.135507	0.824577355
619	0.383399	115.9622416	2.000134	0.779039349
620	0.427562	111.0580299	1.90988	0.759597272
621	0.377335	118.7941195	2.045425	0.809865919
622	0.461535	118.2784406	1.929354	0.798173679
623	0.394322	116.3806323	1.98232	0.820810846
624	0.317658	118.3973885	2.110686	0.821437471
625	0.437912	111.5911207	1.911932	0.781685752
626	0.260214	124.2744805	2.165244	0.829306733
627	0.46568	114.7555166	1.891598	0.787791175
628	0.383807	120.9116689	2.045622	0.814603343
629	0.321254	119.1091446	2.120987	0.830576032
630	0.398491	116.2102213	1.985194	0.785369259
631	0.426158	118.0801994	1.970306	0.811227888
632	0.461956	115.3355247	1.884623	0.781306603
633	0.460016	114.8275178	1.895344	0.786652403
634	0.292498	125.657078	2.138834	0.833299488
635	0.39723	120.1804669	1.968295	0.808400096
636	0.347931	119.4129473	2.066033	0.821740622
637	0.475328	116.6812787	1.899103	0.780919579
638	0.323143	124.6973482	2.11451	0.814818758
639	0.394292	119.8018821	2.039354	0.811329719
640	0.399096	119.0673696	1.94433	0.79546645
641	0.38235	112.9142488	1.989738	0.801882083
642	0.44795	117.5685283	1.908323	0.799077133
643	0.46335	114.712236	1.902478	0.810355866
644	0.414836	122.0423134	1.998881	0.828078324
645	0.299738	123.0882479	2.129625	0.844834993
646	0.456828	120.1289588	1.901236	0.806565897
647	0.311309	119.79368	2.071905	0.794502363
648	0.431969	118.4615379	1.975525	0.813835603
649	0.464947	118.2709934	1.858867	0.8092349
650	0.446043	120.451177	1.957427	0.809795624
651	0.417085	116.9627884	1.943949	0.819456327
652	0.462938	116.5275133	1.913842	0.786353018
653	0.39139	114.5537061	1.993793	0.79796671
654	0.340377	115.8693432	2.067046	0.805487449
655	0.501851	116.3046335	1.837702	0.796782604
656	0.388175	120.6375213	1.997342	0.821574201
657	0.27572	125.4142413	2.157084	0.844069637
658	0.358765	125.4385342	2.050486	0.840631545
659	0.327504	121.7954218	2.084986	0.820937601
660	0.37788	126.0146451	2.037659	0.826461347
661	0.338682	122.3069482	2.078222	0.825911568
662	0.447348	111.6979651	1.890607	0.796319196
663	0.34323	118.5020325	2.058544	0.816908257
664	0.398382	117.2742727	1.972426	0.808396026
665	0.301539	120.1171742	2.133112	0.819243201
666	0.366277	122.3328565	2.01905	0.82434495
667	0.370362	123.1104838	2.062033	0.811106549
668	0.477835	114.4211528	1.852265	0.790649919
669	0.390889	119.4294199	2.030472	0.808635032
670	0.39483	119.9720573	1.992375	0.802521737
671	0.443218	121.3514324	1.932457	0.793292251
672	0.338772	118.5522526	2.057273	0.808756463
673	0.300591	126.5535012	2.136015	0.851457834
674	0.434288	117.5903267	1.953182	0.789915011
675	0.279847	124.4484284	2.164462	0.842579348
676	0.400326	116.1004881	1.978256	0.799613569
677	0.427216	120.5914041	1.965945	0.807035827
678	0.300824	120.1218899	2.09866	0.829587979
679	0.401837	119.1915689	1.961413	0.808755898
680	0.412653	124.1740792	1.994541	0.792370551
681	0.372353	118.9760699	2.014725	0.832210966
682	0.404878	117.5668557	1.97215	0.822136849
683	0.335341	124.0177277	2.092973	0.815551253
684	0.402402	120.7669943	2.007018	0.826461951
685	0.446371	117.2288278	1.926301	0.799849414
686	0.313854	124.3282841	2.104365	0.84422453
687	0.434553	120.5047956	1.94746	0.818079131
688	0.437473	113.1164181	1.927433	0.796572291
689	0.353443	117.4649019	2.054488	0.801683397
690	0.445833	117.3664447	1.909529	0.794387534
691	0.41172	116.9776718	1.945931	0.804612406
692	0.394376	117.1501314	1.980208	0.814699878
693	0.302123	124.8421261	2.109712	0.826987541
694	0.408101	116.2510298	1.993707	0.781011192
695	0.351632	119.49408	2.067187	0.823440169
696	0.428519	121.9686999	1.9846	0.821406392
697	0.422813	115.2796989	1.949391	0.782768165
698	0.433016	122.3196931	1.955993	0.804864142
699	0.303283	123.9254393	2.150446	0.839025967
700	0.355475	116.7093708	2.035156	0.831462062
701	0.321307	123.1774657	2.107235	0.833133664
702	0.422051	115.6309298	1.962613	0.806561663
703	0.408248	118.9496419	1.977904	0.816366191
704	0.36385	115.6878889	2.022078	0.797375458
705	0.331314	113.814713	2.07763	0.817061455
706	0.368037	118.7553761	2.042742	0.813573992
707	0.579337	111.4760203	1.691058	0.763893591
708	0.423733	115.5773943	1.947823	0.806617341
709	0.383515	114.7693519	2.000327	0.802358288
710	0.389884	124.0537147	2.013724	0.831919612
711	0.447183	113.8352523	1.894783	0.794287791
712	0.429557	117.4559183	1.958679	0.805395716
713	0.361206	116.428115	2.045458	0.80684475
714	0.396419	123.9683671	1.990384	0.821438655
715	0.356877	118.2801315	2.047547	0.811271348
716	0.429671	116.4270133	1.972442	0.808126516
717	0.317233	124.4411793	2.125072	0.820026102
718	0.351569	119.4026289	2.025473	0.813487915
719	0.341691	120.9389545	2.039596	0.827079423
720	0.446885	111.049951	1.911019	0.802538477
721	0.322352	115.8261536	2.070776	0.786354655
722	0.487986	116.7470194	1.865398	0.764841519
723	0.419538	117.3478224	1.977133	0.800865399
724	0.250885	127.1596832	2.190012	0.853361092
725	0.371445	115.9794337	2.016421	0.801654951
726	0.34116	122.1446227	2.056204	0.827658624
727	0.371841	126.5478772	2.034285	0.815976934
728	0.372049	118.7819312	2.025216	0.803097348
729	0.375098	122.9025192	2.00359	0.817397512
730	0.380131	118.0882827	2.026264	0.813653232
731	0.42068	109.543505	1.925116	0.780792333
732	0.371326	122.2117858	2.038423	0.786834945
733	0.420549	119.7830608	1.967176	0.804214713
734	0.388614	119.8461253	2.036329	0.809617813
735	0.347223	119.3627871	2.088045	0.809699451
736	0.372315	117.2611367	2.01669	0.819417526
737	0.388723	124.4511086	2.023426	0.811643466
738	0.32955	120.1280161	2.088525	0.798325285
739	0.39571	120.465645	1.984324	0.807077503
740	0.304574	126.6893158	2.116734	0.837353458
741	0.363246	122.9333097	2.055454	0.8197848
742	0.432449	118.2509837	1.914217	0.802888396
743	0.386646	125.234054	2.006129	0.828519855
744	0.324233	122.3495994	2.075199	0.82928011
745	0.416557	121.6771378	1.966101	0.829528999
746	0.312319	123.9803638	2.140318	0.832169716
747	0.381285	120.0251925	2.021156	0.819772421
748	0.32251	123.105173	2.096016	0.81415526
749	0.386237	119.0635306	2.021408	0.791445557
750	0.414586	114.7001952	1.952138	0.804347131
751	0.348466	117.8341131	2.064675	0.820777844
752	0.370521	118.0475627	2.014573	0.806836759
753	0.435433	118.5959718	1.952728	0.813895913
754	0.339353	124.7933841	2.08535	0.822736117
755	0.267509	127.1249879	2.160222	0.840635121
756	0.425867	117.044995	1.947222	0.807193984
757	0.264761	123.5273658	2.163571	0.848324856
758	0.39463	120.0330118	1.999863	0.823421316
759	0.375704	120.2164132	2.024576	0.823245497
760	0.328218	111.89635	2.084196	0.807245587
761	0.351051	119.6217586	2.055015	0.802339311
762	0.299935	121.0196627	2.125011	0.825383357
763	0.471909	122.239107	1.899688	0.807284859
764	0.329332	117.2288637	2.095223	0.819361336
765	0.372874	114.484256	2.003834	0.774765105
766	0.367138	118.7286389	2.038765	0.816310609
767	0.300349	120.7555264	2.099381	0.824160304
768	0.462307	112.7241288	1.904005	0.784099543
769	0.423338	117.2483416	1.965625	0.81916447
770	0.368709	122.9477792	2.034622	0.83005228
771	0.423854	118.2773101	1.962705	0.809513582
772	0.310325	119.6571141	2.090188	0.82035914
773	0.359255	122.5230396	2.064877	0.806161745
774	0.360394	121.6723921	2.045159	0.828401621
775	0.409408	117.460502	1.969733	0.795295111
776	0.402101	115.422033	1.969128	0.804749391
777	0.381966	121.513914	2.038899	0.814575007
778	0.312622	125.4200542	2.116377	0.831336907
779	0.337365	121.8003656	2.08886	0.839331286
780	0.351504	119.5871863	2.075684	0.821745648
781	0.34994	119.203309	2.07262	0.815733257
782	0.398832	119.0727978	2.007554	0.8063002
783	0.339307	124.821208	2.082196	0.805513302
784	0.39529	122.9493993	2.038231	0.82907815
785	0.281609	119.9306277	2.112766	0.820036087
786	0.394625	120.877263	1.964366	0.808330353
787	0.439979	115.2518237	1.915859	0.794043885
788	0.366949	121.0367243	2.036732	0.82397718
789	0.421859	128.6544581	1.977992	0.825251903
790	0.424625	120.1425847	1.961824	0.795192583
791	0.398679	121.0570766	1.986041	0.818078054
792	0.331782	116.6883424	2.058873	0.799969659
793	0.439959	125.2295724	1.966403	0.825925158
794	0.45844	114.0387975	1.901969	0.797152699
795	0.373826	114.4649926	2.03905	0.802876492
796	0.327608	126.8632811	2.101591	0.839436765
797	0.419048	114.2159034	1.952463	0.802094605
798	0.404593	115.5296821	1.965829	0.807179432
799	0.374008	121.0007854	2.007086	0.803061737
800	0.374731	120.5003937	2.019548	0.806153626
801	0.452131	119.181474	1.921426	0.802398036
802	0.354349	120.6306555	2.071104	0.807392848
803	0.37016	116.1745653	2.013481	0.80496739
804	0.32399	120.2961783	2.103855	0.807217453
805	0.405595	121.836647	1.974522	0.807163888
806	0.413591	122.5715529	1.968699	0.823412063
807	0.338509	119.147484	2.083135	0.821081012
808	0.270475	126.407831	2.185993	0.834914339
809	0.392659	118.1165851	2.022297	0.806197566
810	0.276588	127.7786622	2.165832	0.849030579
811	0.374089	123.5819505	2.051477	0.81992654
812	0.346394	122.8110306	2.079292	0.835635606
813	0.304821	131.8967867	2.151764	0.859229502
814	0.264915	123.7794637	2.158852	0.838414157
815	0.389051	115.7325306	1.98933	0.818581233
816	0.460098	118.7464938	1.900919	0.80524451
817	0.384954	120.2633036	2.040505	0.827876001
818	0.493419	117.7833076	1.852442	0.808259449
819	0.386419	112.9102493	1.972734	0.803937146
820	0.381589	116.3224049	2.003772	0.800235672
821	0.34234	121.9567723	2.100447	0.823655176
822	0.453401	114.7053196	1.91292	0.794832577
823	0.324457	126.3201826	2.096471	0.825489101
824	0.253892	125.0053956	2.17363	0.841713184
825	0.409794	121.8605518	1.996537	0.842786494
826	0.359433	118.137741	2.071398	0.801450786
827	0.405512	118.8874921	1.921701	0.819658877
828	0.312342	126.0852968	2.128553	0.819983632
829	0.418679	117.6511742	1.960811	0.817536725
830	0.383881	123.2046952	2.0108	0.838964519
831	0.31656	118.6734806	2.09545	0.821529202
832	0.346735	113.449967	2.06722	0.807888597
833	0.406318	112.6951857	1.986562	0.795655821
834	0.341752	119.4935504	2.050571	0.823401373
835	0.399708	114.2477414	1.971914	0.805977163
836	0.386457	119.8619962	2.026819	0.822180482
837	0.296261	122.8965729	2.152338	0.831911962
838	0.326607	122.038505	2.092125	0.843089365
839	0.467099	115.0635794	1.897068	0.791938421
840	0.385968	122.7784179	1.998914	0.801916708
841	0.431174	116.0799071	1.949675	0.811550984
842	0.391445	112.822415	1.994996	0.791974443
843	0.245487	123.2704683	2.176105	0.836361411
844	0.433671	113.5495159	1.925906	0.778595721
845	0.473782	121.52045	1.896882	0.82095044
846	0.386975	119.3047572	1.992355	0.803865791
847	0.485959	114.5484569	1.857547	0.799753757
848	0.411067	120.9184098	1.979373	0.802820362
849	0.368044	116.5615633	2.011424	0.817042583
850	0.354108	121.8441895	2.023713	0.819922227
851	0.414655	116.9107235	1.963831	0.807770958
852	0.474497	113.334437	1.897703	0.754296643
853	0.389322	121.544899	2.037344	0.806595212
854	0.562875	119.0662705	1.73954	0.801997916
855	0.244619	123.7937366	2.178062	0.832147735
856	0.300784	119.7255759	2.101421	0.819751202
857	0.390985	118.642703	2.034849	0.822815908
858	0.411968	119.7302746	1.977628	0.824980182
859	0.359773	122.6143814	2.040931	0.829171521
860	0.472851	113.2049764	1.889892	0.789946295
861	0.335207	121.7894511	2.081471	0.814806797
862	0.468404	114.607722	1.883416	0.784362249
863	0.334354	116.1659523	2.091165	0.8020581
864	0.422934	113.558292	1.934534	0.797204283
865	0.390311	120.6569801	2.014639	0.811604133
866	0.378959	118.7437965	2.017728	0.799424153
867	0.353018	119.5929664	2.089897	0.818321717
868	0.409603	116.8270947	1.966033	0.80363062
869	0.349782	117.8059707	2.062414	0.82074328
870	0.393782	118.3886954	2.013379	0.803460916
871	0.374306	118.2023906	2.013396	0.816853858
872	0.252385	124.7793143	2.190982	0.842765338
873	0.34847	124.7961012	2.097452	0.827340764
874	0.310001	128.5777075	2.13762	0.845808217
875	0.300306	120.0748185	2.090865	0.827528797
876	0.404361	116.0952555	2.011653	0.794871197
877	0.374744	125.1366894	2.046796	0.839867501
878	0.288454	127.2278349	2.146777	0.820085115
879	0.395386	120.2442867	1.983633	0.81087015
880	0.406411	122.7919111	1.968644	0.826172146
881	0.372173	120.3268642	2.002673	0.812224963
882	0.415223	114.5004832	1.914971	0.823741481
883	0.395436	123.6172032	2.001181	0.818694009
884	0.360307	121.9845329	2.020709	0.754793053
885	0.377249	118.9762188	2.002861	0.802432651
886	0.365773	121.0041738	2.040444	0.812772933
887	0.371854	118.0349611	1.987633	0.81706379
888	0.445061	112.083308	1.906381	0.786551912
889	0.393915	118.8387685	1.998874	0.804891266
890	0.405467	119.8204141	1.983074	0.801698224
891	0.362399	119.0804117	2.047267	0.799977758
892	0.315768	122.2085149	2.105061	0.825022024
893	0.369715	126.6051297	2.038109	0.832971806
894	0.285806	124.1099076	2.154203	0.83562533
895	0.306198	124.6613554	2.129472	0.839448898
896	0.334464	126.6546196	2.076571	0.841090407
897	0.444714	120.1148443	1.902175	0.790930242
898	0.330415	123.8970951	2.103327	0.81834169
899	0.471759	124.4098989	1.909002	0.809295643
900	0.412429	124.678882	2.00922	0.827299034
901	0.454093	117.5697611	1.950493	0.804878884
902	0.375886	119.3057693	2.042473	0.823038349
903	0.332126	121.7414732	2.083511	0.831321383
904	0.397714	119.0469717	2.004194	0.816066019
905	0.447604	122.1368088	1.926732	0.81888984
906	0.294517	126.0854043	2.13946	0.824230377
907	0.486773	111.7883739	1.838361	0.790656891
908	0.352254	124.4592344	2.075728	0.833690682
909	0.361522	123.8352994	2.039405	0.8036496
910	0.258714	122.4134354	2.1095	0.818350545
911	0.298062	117.5115639	2.101685	0.807176343
912	0.435171	120.7339466	1.963622	0.79240155
913	0.35337	120.9591925	2.037281	0.814357533
914	0.386749	117.51836	2.018692	0.812666237
915	0.47204	116.2218384	1.894481	0.79472047
916	0.228308	129.0600317	2.204858	0.84543807
917	0.415799	117.6462432	1.938298	0.803969552
918	0.37191	120.0181186	2.039036	0.809265112
919	0.381931	121.6251295	2.030843	0.811992963
920	0.295546	128.0439288	2.145108	0.838790189
921	0.433614	116.5297692	1.939464	0.802425567
922	0.342624	126.8388555	2.075776	0.83853744
923	0.371816	120.9307146	2.018281	0.839081226
924	0.370298	121.3196589	2.039838	0.813700567
925	0.36492	126.3805141	2.044817	0.822022189
926	0.291618	125.4967913	2.148519	0.841732485
927	0.466903	114.4335276	1.844912	0.808006374
928	0.316643	120.8407273	2.091864	0.783446177
929	0.399022	118.9519674	2.01111	0.823511729
930	0.276903	128.5417231	2.161937	0.837040597
931	0.390935	116.2876119	2.014438	0.824712635
932	0.333677	120.5265576	2.053522	0.829594139
933	0.346882	119.1788838	2.039372	0.822719421
934	0.347094	119.8658776	2.054522	0.795275915
935	0.380985	116.9300149	2.040575	0.807502895
936	0.390074	115.6534828	1.989947	0.805617943
937	0.403925	116.7172695	1.967731	0.818255607
938	0.394281	124.5302016	1.990578	0.798123202
939	0.448119	118.7562826	1.923884	0.799582684
940	0.343388	116.8079397	2.059627	0.821576906
941	0.367934	120.7808183	2.042319	0.819226515
942	0.390294	120.6006711	2.01532	0.804006796
943	0.350516	122.6846363	2.062281	0.820413013
944	0.288833	119.7334429	2.12824	0.816765656
945	0.424946	123.123783	1.964373	0.816346284
946	0.388164	117.4931152	1.989238	0.823727238
947	0.316582	117.9335334	2.112526	0.814978525
948	0.432511	113.3283593	1.963257	0.805464608
949	0.407237	115.1051205	1.976	0.808876776
950	0.459565	116.8653514	1.90814	0.826093047
951	0.315544	129.2748398	2.113072	0.846761368
952	0.369883	122.49	2.023068	0.822172128
953	0.338855	113.709497	2.066431	0.810654138
954	0.449681	111.8234219	1.880405	0.792789607
955	0.375939	114.1015785	2.003382	0.805829435
956	0.470912	112.3485684	1.881092	0.77943874
957	0.342785	118.2371098	2.076818	0.808265414
958	0.453145	115.1890161	1.920175	0.7936243
959	0.397016	115.6447022	2.01127	0.810902854
960	0.346035	120.8418031	2.033768	0.838456328
961	0.353931	120.0820963	2.046161	0.782885702
962	0.374526	115.9251978	2.015842	0.806416225
963	0.423855	131.5681517	1.895725	0.849528759
964	0.396582	112.0957363	1.994888	0.800096334
965	0.389165	121.3113531	2.030242	0.803198142
966	0.375907	121.0552039	2.065182	0.833216329
967	0.364899	117.897284	2.045274	0.815103565
968	0.269867	123.9062276	2.171422	0.839139661
969	0.355538	118.7007065	2.055445	0.821301931
970	0.279773	122.6924237	2.128119	0.823672631
971	0.437271	115.3224576	1.93615	0.802401858
972	0.38373	125.8445281	2.045773	0.839254788
973	0.401067	114.8601039	1.957518	0.798018675
974	0.310649	126.1623898	2.124178	0.822699859
975	0.40348	123.755332	1.970311	0.828359703
976	0.443103	118.8026382	1.912529	0.813331647
977	0.382218	115.4402618	2.017716	0.807655315
978	0.397613	119.424824	1.986838	0.803277056
979	0.343654	116.2509671	2.033776	0.804744327
980	0.354912	120.8106387	2.05175	0.839539104
981	0.300729	119.3818479	2.108531	0.815303244
982	0.317536	120.9548549	2.09239	0.831586714
983	0.519759	111.3298957	1.788596	0.778030585
984	0.460706	114.9216454	1.904381	0.789228251
985	0.383657	120.5252828	1.993211	0.821989887
986	0.281087	126.6495023	2.142771	0.83649521
987	0.319493	123.5186887	2.102017	0.818673826
988	0.373892	121.121913	2.052154	0.82720753
989	0.262815	124.7668404	2.170405	0.838248516
990	0.496638	112.5563707	1.816101	0.785227569
991	0.382091	121.6042109	2.039487	0.813425198
992	0.412397	119.990801	1.958152	0.803322817
993	0.489387	118.7074911	1.864858	0.812554272
994	0.407428	118.3606096	1.982973	0.806090368
995	0.361737	118.905239	2.059815	0.799449488
996	0.347564	124.9619623	2.069645	0.829173334
997	0.3444	122.6868873	2.096655	0.81928529
998	0.343036	126.9010969	2.093077	0.832788554
999	0.411692	117.3822287	1.943439	0.778580982
1000	0.447111	119.5808835	1.931623	0.803353466