rep aei_left left_area adi_left H
1 0.404041 104.246535110252 1.985288 0.743232899319394
2 0.384433 118.322678705445 2.024697 0.775095813439499
3 0.402106 101.120274790205 1.970964 0.74400755536986
4 0.360076 97.3619545706681 2.038275 0.698040130854208
5 0.561415 103.654439277152 1.707563 0.629869203522744
6 0.437554 108.713998337821 1.965711 0.763087613335849
7 0.461953 100.578323131506 1.925228 0.661723475520099
8 0.429056 111.76806210942 1.945326 0.758137298111742
9 0.319946 118.837535010014 2.129564 0.750791098796181
10 0.298574 114.705493333706 2.160066 0.75999175688069
11 0.399033 109.265296670245 1.998941 0.734377539654946
12 0.236914 122.602812673759 2.207385 0.776785698549385
13 0.21441 135.004625895519 2.22961 0.797703183572357
14 0.41061 121.342650333616 2.010715 0.754303280856655
15 0.27438 124.511382333978 2.172606 0.762188898890994
16 0.182575 138.557950707305 2.246467 0.814083342312491
17 0.30337 119.709996576715 2.157002 0.753643961991295
18 0.312911 115.234806420433 2.099871 0.724137590717048
19 0.314534 117.595224373906 2.131958 0.764416179026622
20 0.241515 122.006759219604 2.207541 0.783988324204956
21 0.490293 127.032312013523 1.87922 0.697491281355143
22 0.397574 121.339294577127 1.985298 0.791025672893316
23 0.473669 107.375623726531 1.88555 0.626517797416345
24 0.359683 110.808170025176 2.031951 0.742097049300158
25 0.179243 120.206090360655 2.244141 0.738817774378184
26 0.285144 117.827503898872 2.170452 0.769341854211011
27 0.377697 108.57890424058 1.986261 0.766176490141483
28 0.23708 126.45800514149 2.213742 0.753713812652297
29 0.30691 119.907737804963 2.144084 0.718409758578248
30 0.477462 110.166916868248 1.879143 0.685279756207127
31 0.499145 115.308595731518 1.829529 0.740669448641994
32 0.305922 113.605763440012 2.137526 0.743357179626136
33 0.308984 121.109190703347 2.148132 0.731757716558954
34 0.537714 112.633649301108 1.783429 0.721640974715201
35 0.373862 114.998645322584 2.046064 0.724676919072243
36 0.486913 109.465952028678 1.842469 0.685374818344271
37 0.124701 115.100844539656 2.274101 0.800604896801331
38 0.252118 117.639307017064 2.19092 0.764329867155784
39 0.398574 106.824995479646 1.966498 0.745946660469589
40 0.316024 112.399159561427 2.110664 0.71156837609956
41 0.453565 121.762563829062 1.956989 0.767545779079114
42 0.423442 107.965331891601 1.969637 0.673075491709731
43 0.55826 105.91836884605 1.742417 0.732823690389138
44 0.28943 107.471415702953 2.122656 0.711260246462745
45 0.388567 110.492297844903 2.021585 0.770633316575468
46 0.395926 110.402824036067 1.993929 0.709234863132421
47 0.622406 113.749310906692 1.573587 0.666399824773262
48 0.456684 107.312098893536 1.954797 0.705960301827437
49 0.301288 126.42264344752 2.141837 0.809577817010933
50 0.483072 106.353108572351 1.828673 0.677710779484664
51 0.334533 112.909418992416 2.047849 0.713488304286162
52 0.286898 105.841418455333 2.170709 0.744397859044447
53 0.411388 113.967553143194 2.027137 0.697643515758515
54 0.434599 99.1463772650473 1.949063 0.680027781950831
55 0.444558 112.570711769372 1.911371 0.72463839557118
56 0.461109 109.921954435882 1.924989 0.689210051046251
57 0.672892 95.2275467838649 1.458579 0.599324857901802
58 0.575659 92.3276475534007 1.680452 0.624334016908244
59 0.3484 115.589635586781 2.099509 0.717289969587469
60 0.400598 110.071681112365 2.017539 0.731848262717782
61 0.315157 113.203943895491 2.130638 0.751061586367058
62 0.37465 111.012696892439 2.066143 0.733401443527654
63 0.162201 123.053255537607 2.25948 0.765745347628745
64 0.166194 109.899058187393 2.258466 0.804106545845574
65 0.66376 105.331321030568 1.481794 0.688549203088294
66 0.390448 112.193516495409 2.000959 0.719969317867786
67 0.341758 108.60047732213 2.051756 0.741263358957769
68 0.671409 101.255372116977 1.410855 0.588821673234699
69 0.318406 115.821806195168 2.094655 0.768819063150692
70 0.419279 112.363017643513 1.998696 0.700262541730081
71 0.641812 110.690308816943 1.53815 0.753733633741087
72 0.26973 115.742827648559 2.129978 0.746534689745319
73 0.392193 111.632547994076 2.01687 0.74335214314635
74 0.353212 112.637428404164 2.086381 0.691686307230615
75 0.39551 115.014150550005 2.002282 0.781094009368382
76 0.480847 112.001129543169 1.875076 0.666403583439799
77 0.425148 106.127169783633 1.95452 0.738099965435384
78 0.498651 111.065841225681 1.856388 0.590970265845101
79 0.395702 123.299799169879 2.013186 0.73805073427332
80 0.51878 98.4027255355778 1.803668 0.666544800891146
81 0.45577 98.3966431626758 1.906611 0.686999924817164
82 0.417148 111.597102485306 1.949184 0.723905320242084
83 0.468183 117.864035015628 1.887518 0.691658271734227
84 0.344274 101.406373495488 2.060928 0.680568181861508
85 0.411686 115.514417029807 1.998456 0.675963902180558
86 0.264328 116.950744176095 2.168076 0.776654478695822
87 0.521753 112.373680052441 1.757157 0.744705747170226
88 0.321831 122.79502637798 2.118728 0.761079878642941
89 0.415382 111.200469541446 1.974508 0.688429388913557
90 0.499664 93.3763964377514 1.846094 0.639963190307631
91 0.454597 112.908039942497 1.903043 0.730220782614315
92 0.668165 110.323330595882 1.44937 0.713021329027491
93 0.553038 109.35717819233 1.747113 0.711804812820129
94 0.595213 101.422217485315 1.660738 0.668113075089495
95 0.399699 101.405707837021 1.966074 0.668590640295182
96 0.533212 114.908863320015 1.808799 0.727823975975995
97 0.521653 116.630687124071 1.823581 0.699222441479849
98 0.367318 110.319271914645 2.033343 0.700203728721161
99 0.4007 120.690206689087 1.984898 0.764942473305653
100 0.333367 124.242479679825 2.117226 0.750394517429569
101 0.517739 121.168907560274 1.843758 0.728185719545013
102 0.534906 101.037945696814 1.784114 0.731735750479772
103 0.567757 106.428726365613 1.732854 0.686639997961697
104 0.457445 99.9597070276179 1.913705 0.712657521872504
105 0.570059 100.696191905172 1.707631 0.695840369353168
106 0.282131 116.499784964478 2.169064 0.730083362440446
107 0.269154 123.230685381836 2.160152 0.731179854987587
108 0.374128 110.445237391559 2.059908 0.704315263879099
109 0.451695 109.115588794981 1.930821 0.716801709030201
110 0.459931 106.578273711428 1.900489 0.765473674933534
111 0.307933 111.660495231887 2.145172 0.750492567134095
112 0.362355 105.298342139626 2.072882 0.67564023265847
113 0.584513 108.961225509276 1.703576 0.679616861194145
114 0.494545 113.245842508149 1.835091 0.711872437225904
115 0.522619 105.34287712076 1.789045 0.68640264852902
116 0.313735 119.519980377542 2.128466 0.742435667231733
117 0.482932 108.378700951532 1.909497 0.686030097288437
118 0.348634 109.438303058478 2.019251 0.746971736084191
119 0.297394 115.684090940165 2.158297 0.684672288587018
120 0.434689 108.638897113653 1.968 0.737239812384992
121 0.494042 112.627607415967 1.862706 0.736589202876641
122 0.307523 112.930694789864 2.13376 0.746184534696705
123 0.728462 90.4313183904345 1.223259 0.617218972328275
124 0.635621 92.6017744262089 1.551915 0.633103572254788
125 0.557332 101.851949240151 1.726199 0.638646552077657
126 0.44075 97.093054799367 1.916145 0.695990144860939
127 0.459423 106.71324278376 1.915499 0.740354050838514
128 0.505029 114.891750105013 1.841839 0.734592354320829
129 0.261421 114.788052450113 2.156397 0.738175411896557
130 0.476355 119.327295384136 1.895868 0.753964522857113
131 0.561459 112.043548512065 1.729551 0.708415897426427
132 0.392696 101.899531944594 2.023577 0.715779298989693
133 0.550773 122.643827542447 1.740236 0.708233303957526
134 0.630215 96.1993427150707 1.569924 0.563652638792621
135 0.405093 110.783691752458 1.980184 0.730909323602887
136 0.362334 108.858241737103 2.058406 0.704616219813405
137 0.206646 114.098922010356 2.227213 0.741953207864121
138 0.610612 106.453878145375 1.606623 0.640604244596714
139 0.394567 106.216919450119 2.039612 0.753181918229448
140 0.37216 116.412642154591 2.004194 0.709295392435359
141 0.510477 112.007443763517 1.844538 0.646683752099193
142 0.350806 116.874110537903 2.102232 0.753222457053146
143 0.294646 113.817055018135 2.157037 0.751683860184726
144 0.213552 135.724602789989 2.231312 0.775034809555697
145 0.272676 119.235356973024 2.177118 0.758627486687832
146 0.291839 113.66090897762 2.14305 0.75772182406218
147 0.413293 101.579439556313 2.004703 0.720874595694456
148 0.572834 111.903670912939 1.694764 0.686786452224425
149 0.43736 115.189673260277 1.93069 0.740124293968241
150 0.470507 116.280335311854 1.871738 0.729876365025558
151 0.329558 126.230811861619 2.08407 0.784120429276397
152 0.458618 96.9594613216566 1.928398 0.714110577446948
153 0.291606 117.077784896189 2.159488 0.761782698424476
154 0.324973 125.329891944624 2.127155 0.785901678767959
155 0.409896 117.121421783016 1.980769 0.737263287678628
156 0.557528 111.366059100278 1.749515 0.677879322456148
157 0.384505 104.874067903683 2.057244 0.752072865077375
158 0.434856 115.055708379452 1.977255 0.728716763966436
159 0.235714 116.564364941694 2.183168 0.711485245192168
160 0.3389 124.468430196208 2.099097 0.753082081740645
161 0.521194 108.63618627481 1.831533 0.698833697922196
162 0.315774 122.883839365082 2.13058 0.735896277860141
163 0.481808 119.943915038909 1.853585 0.718761746402577
164 0.508715 108.839992709855 1.822311 0.753704394844408
165 0.715482 88.8771140851895 1.321206 0.582775883747026
166 0.327356 111.692088419417 2.120783 0.698361787385982
167 0.552597 107.960724513012 1.708867 0.685774946104152
168 0.347218 124.41970438828 2.083145 0.720464861217503
169 0.652093 107.091437816107 1.49038 0.623654027331883
170 0.362424 103.337269050454 2.032896 0.696125354920427
171 0.209223 130.219916876552 2.228089 0.753059949503491
172 0.567032 109.933171466374 1.73004 0.739367008330628
173 0.302893 119.367155883818 2.145446 0.769997458459201
174 0.075557 126.544089394048 2.293056 0.769001437635165
175 0.27823 115.176355194913 2.161004 0.744374993408001
176 0.426667 112.727189536111 1.974988 0.757348011187921
177 0.477987 108.117379561279 1.84837 0.691872925985455
178 0.234894 118.072026183074 2.166268 0.736163087199186
179 0.397969 110.501818172544 1.971002 0.73710911724539
180 0.572234 111.23965698043 1.64084 0.679236407167519
181 0.427482 106.456279670104 1.922632 0.664694608675198
182 0.498764 103.804352655472 1.853567 0.706412285664028
183 0.398184 111.744526359619 2.031263 0.706473903689709
184 0.530708 113.072691225882 1.776599 0.742438373442971
185 0.541561 116.12574594981 1.748707 0.724921359604254
186 0.422966 107.809891240078 1.982791 0.687514317791568
187 0.693171 97.1833945089802 1.367284 0.660097961899157
188 0.443437 111.098917439141 1.930106 0.69172894833668
189 0.350172 112.217266691631 2.044519 0.709381506143943
190 0.577258 111.33379773102 1.681322 0.701650899095829
191 0.471805 107.249758935761 1.889465 0.701791121164551
192 0.530212 121.815542241403 1.779068 0.70145699086321
193 0.605217 105.968207199299 1.648743 0.684215250063039
194 0.311322 108.096502280648 2.062232 0.758695966187429
195 0.616629 112.383851712909 1.593731 0.740013833479112
196 0.30112 124.389506663496 2.152567 0.718402724287324
197 0.487445 112.744000429253 1.862706 0.729092827198251
198 0.444063 106.224687457638 1.903529 0.711260098843444
199 0.335027 122.618298268071 2.124036 0.791375543105545
200 0.485907 108.685360488166 1.898781 0.688303772533917
201 0.707349 110.260263791865 1.354369 0.675001489525777
202 0.483512 102.495405459461 1.877443 0.667235694617908
203 0.384048 113.280031372635 2.047713 0.766331552416023
204 0.509292 102.504045443552 1.820154 0.43723575941055
205 0.494649 96.7163633622961 1.834329 0.713010287229363
206 0.395617 101.743398366283 2.037624 0.702298420911173
207 0.533584 107.297008818708 1.731739 0.716832177910148
208 0.533402 113.750267345217 1.770058 0.726288800011338
209 0.613174 110.603028284231 1.621257 0.750470708470415
210 0.605419 99.4478995144395 1.627301 0.679500899355356
211 0.405789 119.503574325134 2.013336 0.757969546941425
212 0.462102 106.187070186585 1.871367 0.725974749797511
213 0.557642 101.126719737728 1.686022 0.595501071988299
214 0.383161 111.55077417864 2.033099 0.741663036684708
215 0.472322 104.302433305306 1.906118 0.710700396002736
216 0.269922 121.972469782787 2.171692 0.781948654523414
217 0.481335 117.562474564175 1.897789 0.746412388089204
218 0.484106 115.070212917089 1.872882 0.697472276399039
219 0.30351 115.439333971768 2.125237 0.708201435891404
220 0.374193 106.50385978603 2.017948 0.730778890050645
221 0.29696 112.707536151588 2.130264 0.745203242263409
222 0.464218 111.386778748403 1.919245 0.670079028778158
223 0.562254 111.875310368863 1.747149 0.750584851453487
224 0.369567 106.042868227082 2.058851 0.740881066531603
225 0.280887 122.637531840425 2.169 0.77393446974886
226 0.654248 92.4067621017092 1.471719 0.60234933037497
227 0.46222 106.966412215171 1.871728 0.705597178593242
228 0.517192 101.389755119755 1.817229 0.734117233505969
229 0.573439 120.74971979343 1.701525 0.765563192618968
230 0.325312 117.922571027795 2.103641 0.746584118170568
231 0.637859 99.2877764607637 1.532537 0.658695730105569
232 0.614504 99.6109561359032 1.622982 0.690007556887943
233 0.329421 115.629221474329 2.100196 0.71962887630206
234 0.279626 116.092120210379 2.159575 0.771062115243208
235 0.421973 111.577959381911 1.985693 0.694902710130854
236 0.483974 117.571836452996 1.878191 0.711039356575824
237 0.417083 110.545579088094 1.993145 0.639792271785963
238 0.459616 107.649701096718 1.89068 0.710997067071701
239 0.254279 126.624120528824 2.196566 0.749684340825874
240 0.325393 126.271580196919 2.134501 0.783996142642618
241 0.562873 110.449093645869 1.737648 0.672799467962122
242 0.402797 113.886547060946 2.034951 0.715559104506577
243 0.305834 118.40183714772 2.137732 0.777237409877383
244 0.425225 102.012548291181 1.95365 0.687791526222326
245 0.519972 103.416624504463 1.845672 0.709082490750547
246 0.261177 119.313950581577 2.194424 0.782311446680599
247 0.152389 119.5684816008 2.265028 0.739172218261204
248 0.223678 120.317562437346 2.144462 0.727351955020784
249 0.481884 116.920628152617 1.860343 0.75223067008889
250 0.402127 109.846064512676 1.993943 0.774790682803814
251 0.339594 125.484343792997 2.083425 0.732703260086097
252 0.482111 107.902130901565 1.875424 0.683390539953446
253 0.362721 117.852583932759 2.02892 0.742549765251449
254 0.509423 117.46919984949 1.807295 0.73543606874027
255 0.503685 109.38454099149 1.791384 0.70064088962677
256 0.600394 110.586598684564 1.664591 0.72180693257641
257 0.380604 113.982230677322 2.061711 0.727704184801595
258 0.244242 115.75573009165 2.160793 0.745611721653369
259 0.399863 109.66508189165 1.972685 0.758577869790938
260 0.475058 122.800235069859 1.892285 0.743795394225668
261 0.353368 118.930287132185 2.083442 0.715912889932771
262 0.505182 111.434099667637 1.811479 0.749605373241976
263 0.400881 115.183927293758 1.978048 0.759919498155058
264 0.380528 105.11190190093 2.042555 0.703203243814397
265 0.605881 116.450922306943 1.623708 0.694426978874543
266 0.670536 102.779922836494 1.3845 0.687292224355487
267 0.509692 117.076613618617 1.855395 0.718227071969073
268 0.495842 103.956963110539 1.832031 0.743073585356773
269 0.697857 106.762921492923 1.371745 0.64670274642038
270 0.620128 96.501509034577 1.573481 0.707946496867329
271 0.229168 127.661441089854 2.208794 0.731599884446913
272 0.480698 107.41394080499 1.905727 0.728567480446854
273 0.525576 120.546814089747 1.83242 0.777568444250519
274 0.471953 109.534453896028 1.849052 0.729423605240079
275 0.342027 101.052220848948 2.108425 0.69449455044659
276 0.300125 110.864055745219 2.114978 0.746044082634872
277 0.504475 96.3111859067907 1.825882 0.645797899188022
278 0.230789 122.044838119855 2.21485 0.773110063923499
279 0.454713 112.619946391603 1.899425 0.762441692286192
280 0.376577 123.690888092475 2.073932 0.716593348201029
281 0.568399 104.945350410482 1.70635 0.73846654812108
282 0.498307 102.864477976932 1.863097 0.713105444443905
283 0.480823 114.724906242981 1.873545 0.697956190041881
284 0.479218 98.9398738115543 1.887256 0.735320436659567
285 0.396845 109.420980182774 2.015761 0.737816693892851
286 0.428477 124.725184770656 1.998582 0.744932147738273
287 0.37661 119.49080766166 2.064121 0.700076636465962
288 0.237778 127.037473400502 2.204564 0.776281387729206
289 0.505678 111.429265109776 1.837342 0.695119109790375
290 0.424842 115.782212546441 1.958447 0.730837278995606
291 0.436902 97.3848173360604 1.945379 0.712113683522844
292 0.577194 108.745716912935 1.689954 0.679389472259371
293 0.377127 118.736919787001 2.058826 0.704136192374511
294 0.251015 122.171283433893 2.195172 0.755207406856273
295 0.292374 122.681060360038 2.153938 0.73920810034698
296 0.573303 106.021466081077 1.726216 0.702532776018957
297 0.449807 100.357675990149 1.931996 0.69662918921124
298 0.421186 93.8332321679779 1.925842 0.677973704596153
299 0.514471 110.692066262503 1.811342 0.681523045067083
300 0.401968 110.042986784956 2.036874 0.766627139408662
301 0.453809 111.488913156348 1.913336 0.580210764396194
302 0.541905 107.46886363332 1.77592 0.683815685276107
303 0.270714 120.86265154728 2.166442 0.728363164672032
304 0.484614 100.835737601554 1.868948 0.669385387556095
305 0.4366 122.016429647654 1.965937 0.703866594268909
306 0.441289 113.936341947173 1.884652 0.749466773597439
307 0.477181 118.485040131719 1.916425 0.730991176649886
308 0.52297 117.798581986931 1.76747 0.775915243840616
309 0.239909 112.898424158034 2.188967 0.73998189603315
310 0.530239 98.9914928912305 1.764847 0.698152887233652
311 0.272172 122.496821864866 2.172555 0.737258741346904
312 0.171423 138.091069957523 2.252493 0.813794192769748
313 0.419225 109.964911901283 1.961761 0.67279337192477
314 0.312523 116.603630356781 2.138055 0.737293165547739
315 0.44855 105.954070378057 1.931847 0.697308130156989
316 0.436983 115.605949071505 1.976744 0.672794253385024
317 0.413507 119.084005972665 2.006186 0.684499251270509
318 0.629596 102.232462157403 1.537275 0.674861940782675
319 0.194357 115.807115390024 2.241221 0.794998788552031
320 0.429695 112.47805249088 1.953572 0.702144659995421
321 0.58889 93.6608450301594 1.642435 0.610633272777018
322 0.404482 120.731121436351 2.034984 0.771500211576125
323 0.553685 106.626498332732 1.738686 0.702239801774777
324 0.339606 107.761676256875 2.104332 0.754672015884467
325 0.365006 105.731682016333 2.022425 0.708478146855135
326 0.741927 94.238266892629 1.194156 0.564989244285327
327 0.470586 101.867736370395 1.85856 0.723023789317579
328 0.410109 111.253047263658 2.011396 0.689341736575476
329 0.418678 106.092570239917 1.951715 0.767091895070918
330 0.413092 123.558203746544 1.991725 0.690696307554657
331 0.224613 105.419041171342 2.21931 0.733131135652954
332 0.453597 113.125073039467 1.914889 0.688164830336059
333 0.161576 129.387252650354 2.261038 0.756144026012247
334 0.278064 115.527866852654 2.162062 0.739091146408634
335 0.38775 111.323875639686 2.031326 0.708757290810222
336 0.271112 121.745687756889 2.174076 0.744442731634254
337 0.397047 112.403220951456 2.027707 0.742948396479721
338 0.177324 124.269082921207 2.228338 0.731355632228246
339 0.485566 105.440459423597 1.846062 0.727222410020363
340 0.489229 112.771494350277 1.854634 0.716497665161562
341 0.546217 104.776653012055 1.755946 0.722954060777059
342 0.419608 110.42082885222 1.993781 0.741555789553045
343 0.375884 110.722356051416 2.050855 0.741000648239704
344 0.263388 125.22603555357 2.193977 0.772965816986966
345 0.3458 119.711960321881 2.11041 0.757466821712179
346 0.444357 108.310641274263 1.965334 0.645864122510714
347 0.404125 108.954729353549 1.99064 0.687479373395967
348 0.468829 104.872660711359 1.885446 0.74799092085156
349 0.53186 110.521818872927 1.811927 0.73490447373083
350 0.492011 111.574083626917 1.884857 0.736343529538726
351 0.403476 109.894739468947 1.966525 0.710491117570548
352 0.263858 123.91137091546 2.185543 0.769080257324093
353 0.405082 106.362460186159 1.966636 0.739494058206075
354 0.518681 95.6251545161916 1.814548 0.662205398751495
355 0.571303 107.132675856581 1.698799 0.706940395793462
356 0.400151 118.698624091042 2.008353 0.738810033732606
357 0.554215 102.504674544783 1.694375 0.664056237915878
358 0.473899 124.22592618323 1.928809 0.748654647956741
359 0.348455 118.173630388577 2.052393 0.718167818707287
360 0.431321 104.217581751134 1.930479 0.711745901885362
361 0.268284 122.979743844711 2.164267 0.760309337450804
362 0.501716 122.448015852776 1.85308 0.739048115645221
363 0.519415 107.456280973304 1.818044 0.73746600410319
364 0.522233 102.700088835533 1.843212 0.730797898505506
365 0.345972 120.109454441038 2.049444 0.757375241314668
366 0.467707 109.758717358094 1.875441 0.634884733795773
367 0.449765 112.449392346789 1.940613 0.75336771517263
368 0.320942 126.330242850357 2.127869 0.778608847955107
369 0.333184 131.116399382068 2.103471 0.753482745039592
370 0.53013 109.210793290803 1.77446 0.719496292680524
371 0.423044 107.989470397859 1.895904 0.672571051749615
372 0.416876 102.895479499331 1.982158 0.707185527188489
373 0.474159 112.404728752725 1.863505 0.732707821898406
374 0.353081 111.313747987961 2.090918 0.722385249411846
375 0.409234 106.695849499915 1.975089 0.722098074171727
376 0.389548 117.272280150186 2.00682 0.758356047446243
377 0.614222 97.2002003015715 1.607316 0.650388080677721
378 0.445428 105.898844116666 1.924524 0.718660544406694
379 0.48474 119.219778320598 1.904791 0.709767285900751
380 0.289468 108.177779659264 2.119121 0.73911054871796
381 0.627684 99.8562095318908 1.533788 0.714505779120187
382 0.31376 111.920681081471 2.115154 0.726230195593462
383 0.536364 89.8254039799828 1.785428 0.656135223493715
384 0.439037 107.766987423307 1.950963 0.708237563250177
385 0.40507 97.9303240752939 1.980274 0.743896057764165
386 0.462816 114.927668742532 1.885953 0.68938577274449
387 0.359159 119.781502456909 2.070356 0.734672021792863
388 0.406786 112.51008657036 1.987377 0.750541318681549
389 0.421872 120.319765076052 1.943739 0.703061896537039
390 0.385172 116.079459650773 2.060971 0.705558253279334
391 0.470339 106.743726210429 1.915015 0.69898615113554
392 0.316911 104.944223587426 2.079787 0.716789445881289
393 0.135031 122.459150715486 2.273954 0.803521138346858
394 0.467658 116.25506036736 1.921722 0.723304368314484
395 0.40416 106.948859235277 2.00563 0.693044594417341
396 0.250214 113.116747138456 2.187299 0.728082804545624
397 0.372871 106.348101401701 2.011863 0.699531843229029
398 0.518147 103.780073071389 1.830927 0.678945932922675
399 0.232177 120.160231548925 2.189457 0.699977947193544
400 0.448221 109.578335678705 1.942134 0.714015948054885
401 0.440051 107.92278364436 1.947411 0.701242683668356
402 0.243664 105.064490356664 2.20434 0.734065558614269
403 0.246993 117.969298794199 2.17595 0.738949259272217
404 0.465717 125.674572535211 1.903974 0.745714295162914
405 0.388195 121.56204572179 2.026708 0.754426731545432
406 0.39261 111.413009199308 2.038511 0.659333234967231
407 0.506565 103.35812803902 1.788209 0.694897385061077
408 0.423279 123.523364148521 1.993838 0.759780400971721
409 0.439764 98.1571806858934 1.951951 0.681602065517743
410 0.682881 109.116390296798 1.424571 0.675650494800883
411 0.475329 107.673741649058 1.875784 0.740852335791103
412 0.279784 122.341108526914 2.152028 0.783000974347199
413 0.401169 101.489620276853 1.979124 0.707591990282676
414 0.29942 118.075183797586 2.144145 0.783650638624489
415 0.519516 103.249070809907 1.743904 0.708712860208714
416 0.147567 129.139052317801 2.268039 0.772268038263861
417 0.403646 106.773092266373 1.968513 0.716618686581496
418 0.446003 109.822507699813 1.955004 0.706283697306089
419 0.345779 120.027151147005 2.108496 0.742640292574394
420 0.495767 118.708864412874 1.870587 0.733024249942213
421 0.421006 117.802499463919 1.997077 0.773638920880548
422 0.46235 107.064266827311 1.869399 0.675998063954335
423 0.466812 109.520005181072 1.893224 0.738725012699484
424 0.476498 104.565038267732 1.883813 0.733359561040227
425 0.394303 118.003824455491 2.039637 0.70658206822047
426 0.528541 91.7982202259015 1.779266 0.708292620074126
427 0.289141 110.150969003198 2.12297 0.76410497688438
428 0.258565 126.582941929268 2.192724 0.780658069340952
429 0.270571 120.088636985228 2.177488 0.81381199002593
430 0.412057 103.617032847738 1.983963 0.725579272998762
431 0.257142 125.138655224979 2.16329 0.75873348435197
432 0.427234 109.345549853386 1.932207 0.744941588600028
433 0.182381 128.228847153394 2.232741 0.754131063216375
434 0.487537 110.138969567746 1.899525 0.723700088113966
435 0.143011 127.117562601533 2.261643 0.745105366830602
436 0.497139 117.255151330344 1.878918 0.677258932833672
437 0.468434 111.610343003394 1.908596 0.726065576741508
438 0.367685 109.975968169128 2.056649 0.751320729259419
439 0.513675 113.745732299982 1.851956 0.761156548189541
440 0.331853 120.352276019689 2.125944 0.755713489529866
441 0.494158 116.194160095144 1.878541 0.756581050111534
442 0.349549 109.551708518628 2.091561 0.731561976113478
443 0.52964 85.4827709684713 1.737231 0.6179611398075
444 0.307607 120.472532754686 2.125215 0.730752982394413
445 0.444206 112.185009274664 1.951777 0.73773977002257
446 0.475219 107.286849668317 1.859442 0.705525277733305
447 0.440809 121.402164226744 1.975614 0.725689897253668
448 0.320724 115.421596090388 2.127966 0.728410324482069
449 0.479316 125.438541277974 1.90301 0.748195382176432
450 0.377862 120.272747755394 2.062113 0.757270977699208
451 0.406112 113.403506485571 1.96749 0.719109748095624
452 0.422961 119.452423807494 1.956549 0.704861857435708
453 0.501798 111.456805029008 1.868555 0.701501916107912
454 0.390644 113.644879315084 1.997762 0.740561313265253
455 0.39956 120.488143434881 2.023131 0.749272153076206
456 0.470354 99.9070695867525 1.889951 0.702627639920999
457 0.358389 118.619562805623 2.07337 0.754895471047631
458 0.572209 98.202100997607 1.657232 0.682155334708232
459 0.370414 115.823251972124 2.017004 0.766378733597389
460 0.296164 117.974430204633 2.1519 0.733632013079527
461 0.205906 113.868502500086 2.226745 0.769672402080527
462 0.225008 114.775159727689 2.221347 0.728629273379411
463 0.508611 112.297661247192 1.84901 0.750482743750754
464 0.35153 107.6449121027 2.054327 0.734976104720941
465 0.589471 106.875740271372 1.667415 0.691332615951446
466 0.475531 115.929472404567 1.920371 0.740114609872619
467 0.44831 120.333831628762 1.962029 0.765296413430663
468 0.226467 139.228902416195 2.20875 0.812732065697008
469 0.283499 131.571600230678 2.15956 0.748175964584291
470 0.441117 97.3717239439986 1.942514 0.721648935618962
471 0.560203 109.216263594795 1.69465 0.708750036811651
472 0.437947 115.593155119798 1.935043 0.729842780416031
473 0.590976 107.96093948443 1.649211 0.668029444768062
474 0.451339 96.7954882361345 1.897758 0.671704278542259
475 0.355691 116.246241263245 2.080065 0.730723346126225
476 0.48999 94.998425222352 1.86529 0.674675538148306
477 0.412677 112.719524372614 1.989952 0.728892150953806
478 0.463386 100.669245065435 1.923036 0.7140504789681
479 0.4293 111.812155902764 1.951857 0.725284804008343
480 0.327695 116.721264042285 2.119026 0.776288486167948
481 0.416205 111.370865281203 1.996925 0.626969170568202
482 0.46511 116.60894969812 1.904276 0.709348457027473
483 0.537501 112.81562828715 1.785625 0.723442743102632
484 0.546844 108.244988487981 1.754372 0.729245089282247
485 0.30442 123.831066279352 2.144969 0.772144766798347
486 0.422405 105.21724206179 1.928934 0.699549684668731
487 0.601949 92.0070118534261 1.615431 0.645719101404253
488 0.487885 110.43821411321 1.877254 0.709782504299438
489 0.374253 119.791715636882 2.051558 0.729344402082028
490 0.165479 112.913711859157 2.256225 0.775330415685107
491 0.336365 113.239794507528 2.066387 0.735040686737572
492 0.368134 110.233330100565 2.042678 0.743916884333507
493 0.259564 115.125652002602 2.180136 0.732657555535161
494 0.51682 118.525545942786 1.82154 0.690023699242236
495 0.45647 115.711882478328 1.943951 0.761981822705441
496 0.418855 98.7871640109151 1.969762 0.685607923136483
497 0.427423 117.279641757386 1.978307 0.76561644307127
498 0.444759 113.998598445307 1.922888 0.749589420675387
499 0.532726 85.9171072621657 1.733458 0.615175482627591
500 0.510467 117.562237164974 1.822414 0.759929267395208
501 0.488247 106.076051663849 1.843318 0.752352473123722
502 0.601322 94.4980622809962 1.623972 0.565736672771008
503 0.497317 104.892458815217 1.821717 0.700894146858272
504 0.407152 106.396375882561 1.95522 0.715257733690338
505 0.365685 109.762543186103 2.047475 0.746357986814472
506 0.365164 113.308003982471 2.083139 0.707111100368996
507 0.506052 118.596025690229 1.847447 0.735478620940841
508 0.455327 108.597542456377 1.937492 0.72828501879539
509 0.645902 103.761575523864 1.485334 0.712935810348943
510 0.624716 97.6724089094613 1.519392 0.623742756237505
511 0.181778 132.946454283487 2.247446 0.75931340203421
512 0.410652 112.821747798383 1.982915 0.682477655773208
513 0.442862 112.053562889213 1.851142 0.756004062873168
514 0.448262 112.439262421208 1.90157 0.708599819524629
515 0.483028 112.057538992367 1.863572 0.686477693919404
516 0.306372 115.428023514258 2.148327 0.770784623047087
517 0.657566 109.560267910144 1.493491 0.710211937453395
518 0.394096 117.820028827121 2.02712 0.755449864383893
519 0.465321 118.576797968724 1.930462 0.747637086886212
520 0.504937 116.34776913008 1.794467 0.714258997862078
521 0.398371 115.518391381447 1.994725 0.732355258531665
522 0.726182 99.2926184520795 1.275035 0.559540867308555
523 0.471045 112.479038236955 1.895027 0.730985694809522
524 0.341188 116.945158694566 2.113421 0.774948181588993
525 0.62535 96.5311959327718 1.551158 0.681872927285359
526 0.261222 115.294247216688 2.187053 0.767098347743795
527 0.305142 125.250180634219 2.138039 0.762958388751492
528 0.396253 114.778363346026 1.994173 0.753433502823267
529 0.462954 110.873789957295 1.917198 0.732312857647792
530 0.464481 110.836548663314 1.879566 0.710260027613655
531 0.32006 121.30441006223 2.127567 0.735633502398582
532 0.392097 125.558232791935 2.050266 0.750160832500786
533 0.271783 118.731463052172 2.175417 0.746102410107248
534 0.578063 115.981202576763 1.711619 0.698780401626747
535 0.190868 126.315815724458 2.237139 0.784206782416885
536 0.462046 91.8198438082322 1.930742 0.693781509892659
537 0.276225 125.266932368784 2.179568 0.769092150005898
538 0.202108 128.246626628745 2.238881 0.775586242524253
539 0.588149 105.895201117646 1.673393 0.668474519268507
540 0.524833 97.9579347748639 1.80283 0.644809724711152
541 0.439482 104.998203160045 1.941148 0.590945264361952
542 0.465914 117.573255042996 1.93014 0.719277086920526
543 0.332857 112.989042097887 2.117739 0.743912121614923
544 0.571173 103.293949874362 1.724369 0.69882516559982
545 0.485192 122.666288297475 1.860609 0.700864677243539
546 0.544381 85.1669685847658 1.719864 0.724853639636028
547 0.536366 113.612937757651 1.788907 0.720338198681791
548 0.371918 109.899880509581 2.031798 0.728598684774463
549 0.366176 119.153759307282 2.082417 0.730506555870418
550 0.360359 112.183624607206 2.071996 0.684389286924037
551 0.59985 110.22212143857 1.643386 0.723510859290247
552 0.496393 105.481172054261 1.862347 0.701922143465434
553 0.534096 107.067049186169 1.74339 0.721623747878675
554 0.406414 107.112419259984 1.979656 0.720324254737523
555 0.315742 106.4502014616 2.132155 0.703879427720072
556 0.456028 112.565576210362 1.955085 0.730889280266455
557 0.543841 108.331885362207 1.75766 0.679724204737429
558 0.330072 95.2281205716022 2.090985 0.713362339419876
559 0.45514 102.936111099783 1.938505 0.70054323158985
560 0.486373 106.392692204404 1.863915 0.666429649305705
561 0.546867 99.7837375283938 1.724438 0.679942517270667
562 0.624718 93.5206677549828 1.518486 0.369027113150318
563 0.203395 117.889517933768 2.236145 0.766060958948525
564 0.484089 112.192449448092 1.874868 0.71870459718834
565 0.460149 112.863146408586 1.946399 0.727335156819358
566 0.511277 110.168746336667 1.815588 0.695184752215149
567 0.486241 114.279936678175 1.910838 0.733685860459693
568 0.622574 102.212522100392 1.571721 0.694456305639066
569 0.434052 98.2529481089096 1.964785 0.677214649396747
570 0.196581 123.848973034518 2.240147 0.795000167209822
571 0.41765 98.3809435693595 1.968589 0.668057194819696
572 0.511497 108.849112873392 1.776911 0.758937167046651
573 0.525894 102.761322797748 1.807558 0.653163387076285
574 0.387225 112.868399254504 2.038158 0.722846728357195
575 0.13631 124.03901592495 2.271988 0.756769642530729
576 0.497261 117.059528601395 1.86041 0.715510505265454
577 0.464115 112.410119202728 1.93948 0.701071514423416
578 0.384839 115.004653746554 2.031976 0.737612316670461
579 0.670739 101.723327388903 1.432656 0.662815627763679
580 0.375163 106.936833265286 2.047239 0.732162768156115
581 0.260642 124.068456915617 2.193288 0.762305351431946
582 0.422075 114.497724544621 1.971049 0.745513947700059
583 0.48062 109.663162330452 1.855903 0.720018991353458
584 0.391455 102.204527643182 1.952343 0.712505013437725
585 0.423521 102.439656493424 1.991303 0.66144708340309
586 0.262397 119.910481994912 2.170707 0.751192665368408
587 0.484536 108.727403184804 1.862239 0.679234247861189
588 0.366362 102.397583084482 2.073484 0.66076401478372
589 0.312836 114.137630858403 2.126857 0.689311066739842
590 0.597179 105.203618629116 1.663015 0.626581314675961
591 0.259447 115.463578057232 2.181045 0.773855567744891
592 0.488961 104.841872536045 1.792532 0.669397153677919
593 0.519639 112.761890130686 1.788732 0.701632145906384
594 0.354341 112.584439216766 2.076583 0.726045473033984
595 0.420708 107.108495860973 1.933211 0.716426503298991
596 0.39232 120.88233953411 2.045783 0.75257355538324
597 0.450567 101.416602209503 1.934578 0.701136078899741
598 0.446872 110.760550639386 1.906912 0.650384480579965
599 0.454474 99.2760983102516 1.873622 0.701596844397031
600 0.535472 101.776332242404 1.795357 0.645880898783916
601 0.292942 120.349194677515 2.106891 0.732926805776413
602 0.46867 115.324213263332 1.903431 0.710046276897407
603 0.446912 111.768457892054 1.962388 0.729990929647135
604 0.297769 124.285745927081 2.116187 0.758236509477515
605 0.644788 108.771625136972 1.514818 0.716113572254412
606 0.35941 123.151474324143 2.055069 0.720603769356757
607 0.410225 114.086047415538 1.976551 0.641928721883477
608 0.460294 113.043568626032 1.904649 0.72244726830641
609 0.454251 103.469010184548 1.935566 0.711086387794011
610 0.550591 109.084617212532 1.694237 0.737420568873429
611 0.257238 117.687458384488 2.152426 0.73327636309697
612 0.163123 127.160078540939 2.260885 0.717759860072028
613 0.627261 115.709155547244 1.583993 0.705576444964387
614 0.444018 99.7135634045008 1.936791 0.696403133620354
615 0.535572 99.8139616805237 1.782366 0.669546869710947
616 0.37217 110.559479787992 2.037057 0.706135556599464
617 0.646144 81.7876674855696 1.502147 0.626951024679977
618 0.492971 109.190867264116 1.862541 0.743099267040909
619 0.41291 105.474273661609 1.99429 0.725645574454176
620 0.286919 108.883779787267 2.152015 0.750170067405804
621 0.633841 94.5886707379139 1.544012 0.626345576428728
622 0.234677 113.013522041955 2.207401 0.731158370128081
623 0.419179 106.478160088603 1.956539 0.708527288445999
624 0.358155 119.839723884947 2.059335 0.745658464100477
625 0.36875 106.488058785789 2.018083 0.682182768673703
626 0.540188 112.826332771381 1.800043 0.679894567915795
627 0.398551 119.258968194706 2.034514 0.744656634782274
628 0.354581 126.764152113826 2.095834 0.771404221700608
629 0.529583 98.8497299860302 1.770236 0.703444393898186
630 0.379288 108.919189362316 2.057062 0.686939890758751
631 0.376562 109.43085874527 2.015164 0.589362796930889
632 0.540565 102.25167588042 1.782556 0.666422400230588
633 0.32833 120.864477648551 2.092865 0.769810309727457
634 0.392579 95.2066747238345 2.040906 0.599430585747156
635 0.541674 99.4281797132635 1.78284 0.65926722765027
636 0.437511 113.537703150448 1.978588 0.752752346655162
637 0.423354 111.911431024619 1.935118 0.7284591681144
638 0.38831 125.141186509719 2.047752 0.733284210484603
639 0.497819 109.253892778431 1.84372 0.694379035911591
640 0.531941 109.73646388552 1.761018 0.681345910639739
641 0.435028 106.065850750386 1.966564 0.709123929065894
642 0.335454 110.944549909511 2.102794 0.731181408168392
643 0.308992 110.26829666999 2.125996 0.722547202506385
644 0.563216 107.164488453427 1.740177 0.652369324755564
645 0.42559 122.111337509974 1.988787 0.743042620882634
646 0.482479 114.036928220878 1.879457 0.737158237339319
647 0.436621 112.365186653634 1.981189 0.686453931394199
648 0.570189 102.077083604185 1.724571 0.725516502914823
649 0.369717 102.041839773149 2.036871 0.725538834058184
650 0.399818 108.718388472963 1.979953 0.741057221414412
651 0.454713 105.345094000937 1.924713 0.683705655119622
652 0.576099 104.159317883346 1.688555 0.664847919286035
653 0.45133 104.144286177396 1.917862 0.673511770789066
654 0.2103 112.403704373999 2.207622 0.72685530185993
655 0.312907 115.472781022364 2.12245 0.758095259434722
656 0.403542 117.616868332819 2.028666 0.750911286696515
657 0.51931 106.380639035813 1.7289 0.73547089908629
658 0.211445 128.060959226593 2.230663 0.794455439279971
659 0.358296 100.774474489309 2.078959 0.697680475833694
660 0.426231 107.90627253274 1.936039 0.704364620110993
661 0.447998 100.404889913412 1.944521 0.726544518309781
662 0.42441 106.578029143548 1.966324 0.721327775246946
663 0.454075 114.653089231211 1.883649 0.681721105323723
664 0.440541 105.640466906521 1.9358 0.720817797383689
665 0.3731 122.444786780207 2.07244 0.782787187518377
666 0.554446 109.415107009725 1.747625 0.726049412618914
667 0.2226 118.937652113823 2.206334 0.760205178241301
668 0.293979 111.120622293945 2.158474 0.732217145696775
669 0.122659 124.120267393819 2.278595 0.763909421031112
670 0.395518 109.919900254556 2.027918 0.727920118557535
671 0.344273 117.022138751909 2.108289 0.745866569381068
672 0.382676 103.020420536395 2.030669 0.707679660999823
673 0.272133 111.190970406197 2.171203 0.729815143139097
674 0.216859 136.822313172975 2.226976 0.776460440776612
675 0.474981 110.785873268654 1.853752 0.714886824192575
676 0.291204 110.368180256988 2.156935 0.73644007289686
677 0.462547 114.788271031772 1.924224 0.696238880960825
678 0.403715 123.199038622818 1.988069 0.757914731985456
679 0.23 123.788732570162 2.216992 0.801159415009017
680 0.518469 119.637036057958 1.838501 0.687744101802833
681 0.46216 113.332907441639 1.944673 0.706353415766441
682 0.329655 117.642253081247 2.106081 0.749412727186353
683 0.320602 115.350569853321 2.08522 0.765235267341735
684 0.370641 119.487649208747 2.064607 0.709486855418614
685 0.561294 106.309697848498 1.719583 0.681606023182414
686 0.478464 108.329167353882 1.908276 0.756113695582336
687 0.332474 118.693300658324 2.10118 0.723603339998258
688 0.459628 102.919088711428 1.930743 0.692660099422463
689 0.463909 115.039979334318 1.872583 0.705677994300055
690 0.308816 112.362953069059 2.123201 0.746464550212371
691 0.244916 112.54946705217 2.207481 0.704253536997147
692 0.417171 112.076059164644 1.993765 0.696128400483615
693 0.495272 108.910229183808 1.859342 0.719472035955467
694 0.536029 112.432701891472 1.743887 0.670387149812891
695 0.45143 118.441050537505 1.936974 0.748295004063503
696 0.435802 116.168758761862 1.97711 0.734443167996848
697 0.448876 98.986737501987 1.923054 0.663212703811615
698 0.347901 121.684113670641 2.098926 0.752725808925067
699 0.471625 107.699017844933 1.918305 0.675288443718734
700 0.441787 122.726990196999 1.977441 0.69137451605768
701 0.496577 111.066879706551 1.864909 0.730614565857703
702 0.497512 104.995176770214 1.851517 0.729328655596292
703 0.416251 121.589624600603 2.00211 0.695957323716053
704 0.465426 110.559630086448 1.942922 0.737086135186474
705 0.412384 110.927230306452 1.983907 0.767199206179686
706 0.488097 115.387210394961 1.877736 0.689991869957048
707 0.347848 113.858047495701 2.090239 0.764772935465003
708 0.4325 100.573879196737 1.980468 0.753187580750625
709 0.523281 122.63983046093 1.820702 0.722897574356189
710 0.49294 109.64242174283 1.851153 0.743707656968233
711 0.556693 109.524440083903 1.731645 0.664406323017357
712 0.478735 111.708711465648 1.904472 0.717883762572878
713 0.507091 102.408596154884 1.85488 0.65957773531985
714 0.346616 121.447682835251 2.097426 0.784944971730801
715 0.530331 111.072938329969 1.739044 0.670515993414256
716 0.31334 124.299014348148 2.14512 0.727422437411786
717 0.425916 118.965426897074 1.970579 0.718771171405183
718 0.579369 104.224848668248 1.692402 0.696658198470327
719 0.542514 105.511445754056 1.784787 0.681541857333571
720 0.637712 96.835363491575 1.530018 0.594469387915356
721 0.571798 90.6461287707297 1.684212 0.650560397942811
722 0.228781 125.571696396859 2.214524 0.744367308931463
723 0.389757 110.194828228531 2.011121 0.664094730199607
724 0.29683 117.682653672372 2.142558 0.749870564811168
725 0.289104 118.165958659666 2.165585 0.805781829919513
726 0.409352 107.324881572697 1.991793 0.668157587084989
727 0.299999 123.906162680691 2.151638 0.762761924459296
728 0.312803 113.862219816288 2.130721 0.743931130164589
729 0.617199 103.942658201138 1.609689 0.582660095499672
730 0.527921 106.036744138121 1.791315 0.638302908364199
731 0.457996 116.971757723336 1.911766 0.708109142777003
732 0.466615 127.887024364402 1.930082 0.738968582470679
733 0.443374 111.418919886514 1.957013 0.742593588457629
734 0.514004 119.971932630848 1.792245 0.684776021429166
735 0.434216 110.95779240695 1.948229 0.704305080699783
736 0.397943 117.052659504209 2.008033 0.687254191050563
737 0.512125 104.604321298757 1.833035 0.708951463022293
738 0.402855 112.798949362344 2.014701 0.725657156952429
739 0.300076 111.275018589516 2.149318 0.703670419660145
740 0.406438 110.660851257031 1.991228 0.706092863822986
741 0.46935 118.837884473191 1.917482 0.781858361945714
742 0.540301 111.271662541139 1.77231 0.629993701093837
743 0.435632 115.939121769938 1.961339 0.695397370067734
744 0.438561 108.10187832827 1.958633 0.665630651094273
745 0.606354 103.895736825694 1.632168 0.577837059175486
746 0.243072 117.036853151517 2.206415 0.74802875661549
747 0.415952 132.371937229208 2.015014 0.685454780760141
748 0.29626 113.601936810571 2.130283 0.671995789606724
749 0.568328 104.49954914921 1.734393 0.700857396750651
750 0.580614 112.01661896323 1.613444 0.625057798927015
751 0.390529 115.402766585777 2.048615 0.760301876395645
752 0.287823 113.087495723218 2.156763 0.760897163652826
753 0.409104 113.124092383757 2.005013 0.72708821596635
754 0.090251 124.978598240086 2.289011 0.798678253359945
755 0.424033 104.869844034425 1.93443 0.682455141682271
756 0.468933 111.852008315811 1.928446 0.740678979163679
757 0.132969 132.928045809602 2.275143 0.775608574375747
758 0.636928 104.653295372108 1.548575 0.6781460974021
759 0.454811 112.169617269909 1.92355 0.715989324454513
760 0.15983 119.073343103842 2.260926 0.763123166527844
761 0.286844 126.097393821889 2.157646 0.752833351284732
762 0.581321 112.776586504932 1.704121 0.74855563781061
763 0.40133 106.647936976129 2.009229 0.736880116711072
764 0.363296 111.844069595198 2.054502 0.732276820601785
765 0.321393 110.739956263245 2.108257 0.727846252170353
766 0.505835 95.1342874104431 1.784683 0.660998097202922
767 0.311838 101.884115457447 2.126728 0.657718468114624
768 0.459288 99.7661488472646 1.900585 0.6848300950903
769 0.546658 104.254146055054 1.756255 0.626573239084611
770 0.441279 111.265910925193 1.964636 0.698958747972159
771 0.598853 99.6805881857811 1.657541 0.63447315487586
772 0.342768 103.660429632666 2.052801 0.70741223941204
773 0.288458 117.784159789999 2.103667 0.728339673871178
774 0.236466 120.44601336874 2.203368 0.762711167328678
775 0.5132 117.770987127103 1.797721 0.712941740377136
776 0.487946 98.5685027463178 1.864451 0.713618933259004
777 0.658772 105.312240428145 1.510973 0.644009627224499
778 0.578789 98.0508690269501 1.676283 0.672910322203003
779 0.546275 114.225020192785 1.729038 0.712044151920657
780 0.433107 120.223203007826 1.943429 0.734301139491738
781 0.437053 127.683673392081 1.977785 0.766568478457956
782 0.431681 112.26016833157 1.951723 0.717902982386123
783 0.316508 115.521607546948 2.121292 0.738222462504468
784 0.394753 117.270600510826 2.030876 0.796533185899408
785 0.432064 110.413537363636 1.961158 0.748814504731983
786 0.642728 97.7366348130541 1.533189 0.674672006872761
787 0.488899 101.64718226077 1.843781 0.676621447644472
788 0.578294 107.163309903744 1.67427 0.472635064686925
789 0.364948 102.336327229803 2.019217 0.730290621231126
790 0.186112 121.748815335572 2.219347 0.731105795124289
791 0.245024 118.079271299213 2.193904 0.731911867504862
792 0.294044 122.029056062154 2.0779 0.755586760983035
793 0.430431 117.028628733872 1.941484 0.734133680033658
794 0.350318 119.051524540423 2.044985 0.738897987128631
795 0.473957 105.012158705267 1.913945 0.716921750828675
796 0.355137 100.729278032628 2.034569 0.691770877965987
797 0.495394 102.254070558238 1.865691 0.681816893862409
798 0.457131 114.194273186509 1.928824 0.704507053888718
799 0.456713 102.567284801332 1.921624 0.690543610072015
800 0.373754 117.236355965595 2.050867 0.746071384503866
801 0.077979 143.674100983557 2.292127 0.796841462264088
802 0.133352 124.11641545087 2.273754 0.800664854903522
803 0.610145 108.772148738176 1.630007 0.677036989879798
804 0.512348 97.6014284890418 1.807881 0.726948205869879
805 0.380063 116.08973979485 2.031097 0.75010941806644
806 0.432192 113.07993218435 1.925345 0.685383758249255
807 0.488426 112.861223593305 1.862128 0.736452493552583
808 0.275409 118.371099881922 2.171988 0.698380533717884
809 0.448048 100.718971049276 1.923804 0.698648802191182
810 0.356958 112.363173588155 2.063589 0.718422786861763
811 0.420216 101.958214835339 1.933507 0.715295454379624
812 0.490684 108.028986853598 1.868359 0.738218285728079
813 0.491322 96.7672711616448 1.859933 0.668819949349041
814 0.416481 115.26342008269 1.969302 0.740843794515095
815 0.564499 94.9880364043199 1.714642 0.646169774560284
816 0.390099 109.887108622793 2.006675 0.752425012816415
817 0.458994 109.44375284343 1.878348 0.732236154563106
818 0.472203 104.680084165381 1.894279 0.706606040737193
819 0.463567 113.112662653304 1.928618 0.716463369660154
820 0.397563 122.341133107887 2.016449 0.750194054958197
821 0.31919 120.220251893599 2.105311 0.732887600061697
822 0.468807 105.917925471467 1.904923 0.703491595443731
823 0.447819 114.416823684737 1.941755 0.747311473166827
824 0.190568 132.227030667951 2.239765 0.796665636793126
825 0.283908 126.97929381499 2.172431 0.783133075811927
826 0.608924 108.479507325961 1.639006 0.659508709159214
827 0.49559 107.961071662603 1.855097 0.716351477977107
828 0.388055 119.428332685509 2.031754 0.746983818757075
829 0.49723 103.691965349518 1.852151 0.724558468779416
830 0.430675 115.028431644862 1.963299 0.775355373701087
831 0.498048 113.433403867024 1.863293 0.718405454299523
832 0.34817 110.632237253754 2.097028 0.744586443603442
833 0.4629 112.880197190755 1.928942 0.713131301013135
834 0.437742 105.207081333489 1.947559 0.736298579209052
835 0.611005 98.8074035559097 1.610956 0.697985389609022
836 0.503389 109.552400604317 1.830001 0.716768081109071
837 0.308938 123.582638900817 2.143378 0.77229582242057
838 0.337644 117.205022753059 2.072848 0.743590451054473
839 0.484955 116.497856187658 1.882868 0.720415393934927
840 0.41676 111.851514070584 1.995337 0.7161701555205
841 0.497222 113.375800929544 1.845575 0.738109191421672
842 0.570922 103.319452812591 1.724778 0.709906499318137
843 0.390889 121.034801141804 2.053061 0.733166516043317
844 0.543813 102.362356777882 1.751478 0.67800589916863
845 0.289106 129.407524179356 2.166698 0.786954881725061
846 0.637243 105.812702329816 1.559536 0.664554505435814
847 0.728259 104.703911242934 1.252731 0.631306422198103
848 0.441708 109.276121938269 1.933448 0.730073275628051
849 0.694745 103.592255858677 1.378108 0.72482885582318
850 0.507741 110.117689985784 1.823514 0.743560235144268
851 0.419031 101.275505009156 1.970237 0.681722244871256
852 0.556571 105.659342174727 1.715686 0.715990935496012
853 0.442586 113.446858065551 1.954557 0.734458464665127
854 0.692772 100.15732193537 1.374965 0.5757896926117
855 0.314577 120.262432238187 2.131302 0.757186406324829
856 0.58054 101.080965378046 1.651001 0.688494377903987
857 0.561014 95.1617729928971 1.690012 0.594188734370118
858 0.445768 107.558123188703 1.95334 0.691076802305103
859 0.337621 117.594746996157 2.110128 0.723316655499731
860 0.471548 106.916279154314 1.914868 0.662494661027605
861 0.59441 111.508185414498 1.669097 0.687621793479115
862 0.362823 116.473528413253 2.033256 0.740362458536206
863 0.576937 97.3910109574465 1.673536 0.613227767253273
864 0.439498 103.697961530354 1.930637 0.677098260412318
865 0.398571 105.881498913946 2.036674 0.718262150805012
866 0.241271 110.314838799361 2.174886 0.727976150986827
867 0.39507 111.251269075959 1.959548 0.72156333497403
868 0.363955 117.19923588734 2.050113 0.756848182412669
869 0.48258 107.917037111562 1.888265 0.610971113093866
870 0.38001 122.337022633748 2.052532 0.72654734042215
871 0.342568 112.771364593544 2.030063 0.7257185209769
872 0.713636 102.852099113247 1.279575 0.663133769792179
873 0.552269 109.881659127371 1.73453 0.651344599517442
874 0.366975 123.929021531512 2.041954 0.717301314481422
875 0.399771 105.684038315233 1.987931 0.670037968975145
876 0.535504 103.628071125014 1.772079 0.683252387496678
877 0.32436 119.85588598761 2.123141 0.737690251233503
878 0.431636 114.312401721828 1.990089 0.6902545640084
879 0.286509 119.862169762505 2.160179 0.760899121523051
880 0.352105 120.028599079943 2.101628 0.728928631286448
881 0.481501 112.319665929239 1.891335 0.726779569130519
882 0.368037 105.428542799997 2.072158 0.707048804225343
883 0.469977 108.099429873781 1.910042 0.704512880977677
884 0.588312 110.120715509012 1.649661 0.650911601997276
885 0.572278 104.71317553778 1.716004 0.615905884911107
886 0.402906 118.958855978353 2.025368 0.773968643528651
887 0.557265 119.17649190538 1.750489 0.690470212424421
888 0.534046 105.69190586284 1.795496 0.631228523662261
889 0.585048 96.6956867391542 1.666539 0.658942615631251
890 0.561227 105.267029696092 1.738766 0.677605604267827
891 0.288327 116.012107027746 2.135768 0.740433557010908
892 0.335291 115.959226109266 2.073703 0.761415517540286
893 0.621312 101.004537165693 1.583374 0.640519648610336
894 0.263533 103.037717538446 2.16336 0.655435061335521
895 0.433511 101.551318787241 1.932844 0.725096348859654
896 0.609554 111.068097320061 1.633016 0.673979784658011
897 0.432367 107.733876546045 1.981247 0.724973811345377
898 0.493173 103.420027289289 1.826131 0.559914067732387
899 0.585673 98.1208781706175 1.689188 0.646899534301825
900 0.555709 109.670788312698 1.742726 0.720878321749313
901 0.182321 123.929048512662 2.250617 0.803802402973776
902 0.607305 113.323120270069 1.604047 0.722101418998747
903 0.62498 120.066498005334 1.601879 0.645167613313406
904 0.338806 116.883345954406 2.074447 0.757828158944892
905 0.464806 95.3760141281779 1.915268 0.718180682637145
906 0.240531 117.831622771678 2.201345 0.777689042168963
907 0.400221 114.491952374159 1.989337 0.750201610809911
908 0.235958 117.87195174712 2.197551 0.766518135607675
909 0.432386 108.423488155079 1.979019 0.6999436569961
910 0.282016 129.757389108391 2.177374 0.804488410397412
911 0.592085 103.32429216968 1.664157 0.672272390031679
912 0.321131 115.79887312528 2.118414 0.747322537410302
913 0.456256 117.991082405683 1.916691 0.7343681301276
914 0.572174 112.096191050584 1.689147 0.670840391332981
915 0.437942 107.838725317333 1.9011 0.699685470139411
916 0.428333 115.128724149506 1.977613 0.747839433641841
917 0.375934 112.891367880941 2.017959 0.745402363880836
918 0.317129 122.868947029019 2.14143 0.763755474113687
919 0.471533 119.245951179932 1.92864 0.710679698204563
920 0.458837 103.925361020618 1.921171 0.665278435287476
921 0.610486 87.5971026921032 1.633569 0.607253743100532
922 0.434582 127.324916422635 1.986382 0.777127955534752
923 0.408211 122.851202569211 1.999598 0.724841853534855
924 0.161163 120.167985246698 2.257423 0.776832428084423
925 0.444232 101.920473644479 1.942558 0.725281716443317
926 0.496368 115.667799937229 1.842958 0.73280290388732
927 0.478937 109.657528531376 1.839043 0.71700968103549
928 0.599493 98.6872608065639 1.657165 0.647182707364835
929 0.113895 119.099734215113 2.279536 0.789109221449468
930 0.468248 108.412284477108 1.854198 0.690844909508138
931 0.482056 107.75758282289 1.861132 0.743253223190487
932 0.36558 110.396519202994 2.076714 0.763405776750631
933 0.558891 109.883394589041 1.697123 0.694214082535678
934 0.620417 103.790262055563 1.548297 0.640633127201676
935 0.397335 106.227954615269 2.026939 0.726531274363392
936 0.446795 114.207336250264 1.945931 0.756899315219329
937 0.482368 117.278766060753 1.878227 0.740201164754742
938 0.498999 109.460980390508 1.869628 0.735496705761534
939 0.423563 105.361085307904 1.970416 0.700561214006312
940 0.381074 115.765055171805 2.021691 0.732843111422124
941 0.452989 105.400613110145 1.88765 0.709687989917375
942 0.442968 107.581075062857 1.917312 0.708436750703897
943 0.533759 117.241746384253 1.793531 0.695351371556401
944 0.483879 114.16233244169 1.899265 0.704691815130181
945 0.481956 110.911649777007 1.856882 0.744677516098047
946 0.360705 110.919436855566 2.038018 0.76955605041137
947 0.536509 90.3121994891752 1.749388 0.640146598564752
948 0.368724 114.732169332314 2.071967 0.691799510018982
949 0.309197 123.385214764235 2.150461 0.739089733568245
950 0.320259 110.579459011584 2.130178 0.738719904839708
951 0.49032 106.594560725348 1.868082 0.73462510379718
952 0.580723 108.494104506413 1.67243 0.721039456483489
953 0.445464 125.585844404811 1.968762 0.77011391022929
954 0.575767 107.989425240659 1.695025 0.706184492112939
955 0.503863 113.705957157277 1.861258 0.75437817458366
956 0.362526 114.54694324485 2.051066 0.662618893939419
957 0.268105 113.477858942391 2.175459 0.717669749405626
958 0.699329 95.1835395828306 1.348138 0.634048950113238
959 0.509057 101.238891435293 1.810527 0.595158835358449
960 0.453691 104.25167890902 1.921032 0.676086380938966
961 0.504212 109.604218832548 1.812067 0.764686887176591
962 0.431482 108.142697066845 1.941016 0.741438564970593
963 0.282024 123.8913361599 2.106599 0.74406719583146
964 0.401962 110.791399835798 2.00215 0.71243499401573
965 0.514909 110.297813945201 1.804369 0.646614427145759
966 0.387572 112.976189347486 2.005819 0.690492017287848
967 0.33083 116.630029906318 2.090759 0.712055128192187
968 0.393295 107.720948070041 1.996927 0.723250223707944
969 0.480702 115.062572519928 1.90872 0.719345635393846
970 0.418687 112.030652444959 2.007559 0.75145356148261
971 0.322986 118.040245795437 2.113263 0.767836527333279
972 0.435591 120.439946327181 1.969069 0.732573113490557
973 0.411703 116.446600420194 2.024913 0.772673260992932
974 0.444175 108.877239245365 1.908687 0.676382583563894
975 0.568367 107.995130815764 1.708141 0.686404487661626
976 0.444684 101.013773103001 1.893387 0.674860183694136
977 0.422316 96.1683478279735 1.911324 0.688022437700595
978 0.502507 112.097382030656 1.840977 0.755971674451827
979 0.383212 109.087712419415 2.024603 0.747525013306931
980 0.500962 110.13460699564 1.843973 0.732577884632709
981 0.495669 100.728358978283 1.835892 0.708278471848664
982 0.545981 102.033579074234 1.739939 0.672365977625323
983 0.444755 106.233991382527 1.94737 0.74836048058319
984 0.370353 112.628283325144 2.054346 0.755182914216039
985 0.483928 110.143414269491 1.903306 0.755130233591303
986 0.313578 113.640149686301 2.085211 0.706097445706489
987 0.394564 110.900951885567 2.043499 0.711694231081169
988 0.22835 115.464257319508 2.208573 0.759727340633732
989 0.423317 111.541733795892 1.983459 0.729210471167925
990 0.374414 101.338772186375 2.031486 0.721327161200028
991 0.516094 101.004480373047 1.784057 0.701494522477042
992 0.403321 110.750283517269 2.023131 0.73675948391048
993 0.348757 109.339062015304 2.070875 0.723977830392413
994 0.386766 122.247248864899 2.010916 0.771943330798222
995 0.534486 99.8875504323456 1.749665 0.675419384635835
996 0.424386 108.79193085154 1.995877 0.654312093731228
997 0.435379 109.085167122463 1.955314 0.721321458951617
998 0.378121 113.799693063921 2.03257 0.699657465993432
999 0.187234 113.922116292511 2.243242 0.762301550375238
1000 0.629073 95.447879971505 1.560399 0.630434131655014
