rep	aei_left	left_area	adi_left	H
1	0.237381	127.0527801	2.176478	0.847376824
2	0.301293	123.7788966	2.126317	0.83013108
3	0.35317	123.6765778	2.039541	0.843635215
4	0.342729	126.0992648	2.077762	0.834837355
5	0.295316	119.3079706	2.064857	0.807381173
6	0.302787	125.2834457	2.134679	0.839207214
7	0.385271	115.3875225	1.975463	0.811313411
8	0.334506	123.8550759	2.085409	0.83430053
9	0.414869	121.2706604	1.971033	0.817062601
10	0.406876	125.4887665	2.013339	0.819187694
11	0.36992	118.6872077	1.995524	0.802824503
12	0.306371	120.6772364	2.111177	0.829978149
13	0.308048	120.5776974	2.102709	0.828752136
14	0.428138	119.6364141	1.931205	0.821208775
15	0.428493	115.6482368	1.923859	0.792568681
16	0.309117	122.8339698	2.106036	0.843581372
17	0.298864	119.7300032	2.121075	0.840835151
18	0.343096	119.1282185	2.066446	0.809797092
19	0.308856	124.9170239	2.111049	0.842505199
20	0.310593	120.7372683	2.102214	0.825582843
21	0.344933	116.8381411	2.044777	0.823690366
22	0.458024	118.6353617	1.870904	0.816493165
23	0.383229	120.7198648	2.01852	0.832955752
24	0.377995	119.657466	2.030027	0.819481197
25	0.352233	121.1812765	2.037524	0.825412667
26	0.391541	120.3604385	1.992229	0.822204445
27	0.457666	119.1817534	1.901835	0.80222002
28	0.30192	122.9333746	2.093308	0.838179776
29	0.376399	116.0034286	2.01362	0.817253442
30	0.325368	122.2606552	2.098321	0.834326614
31	0.393616	119.7422785	1.999491	0.825784123
32	0.485168	114.0853299	1.843168	0.804462597
33	0.346056	122.9415467	2.067008	0.828205579
34	0.281647	121.704114	2.135703	0.836285654
35	0.389449	115.3471937	1.976331	0.810618316
36	0.465388	118.0861671	1.903373	0.803483022
37	0.325573	123.9271965	2.100251	0.83526734
38	0.367222	122.5322833	2.037031	0.812495271
39	0.331617	120.2095639	2.066312	0.833417445
40	0.436357	119.0670373	1.915161	0.802600249
41	0.381775	120.0164131	2.014179	0.822984614
42	0.459458	116.5647747	1.838434	0.797652421
43	0.492828	115.4333524	1.837722	0.779441612
44	0.356745	116.7267385	2.039139	0.828626032
45	0.338743	124.4832119	2.074473	0.832497685
46	0.282713	122.8204581	2.14766	0.838653566
47	0.27691	123.4928526	2.140312	0.830177593
48	0.328713	123.022552	2.079824	0.836956253
49	0.402737	119.9265612	1.957416	0.817354102
50	0.463235	122.0611549	1.925026	0.789068574
51	0.355344	119.5849257	2.053573	0.829167448
52	0.304858	117.2487966	2.090206	0.818288143
53	0.275128	122.7851992	2.128599	0.829708771
54	0.408223	117.9010045	1.976446	0.810579235
55	0.341073	123.8410365	2.068224	0.83074951
56	0.249714	124.4672511	2.164497	0.843840417
57	0.407874	115.7432524	1.976975	0.798708939
58	0.325151	118.7518427	2.040707	0.82503416
59	0.446735	117.8233888	1.916668	0.810578816
60	0.349933	118.3490337	2.018353	0.808788695
61	0.413155	115.5074491	1.930288	0.810297842
62	0.371152	123.2422707	2.04357	0.823316124
63	0.389724	120.8318659	2.013112	0.823991058
64	0.25609	120.3690369	2.148848	0.839878058
65	0.406476	116.7322745	1.998905	0.805441003
66	0.37833	118.7212606	2.017154	0.821856426
67	0.355843	119.2058898	2.03741	0.824717098
68	0.435166	119.0538317	1.945128	0.789830729
69	0.273393	121.2890352	2.121706	0.834298746
70	0.40784	119.4898935	1.945269	0.819838682
71	0.346131	123.2160335	2.072434	0.823638237
72	0.367746	118.7400825	2.028304	0.833439559
73	0.374254	119.132364	2.01362	0.801703986
74	0.274288	120.2105372	2.099294	0.833497272
75	0.452271	116.4138133	1.905336	0.788843754
76	0.397967	120.779507	2.016575	0.821574481
77	0.320602	121.7603512	2.097817	0.832115681
78	0.381446	116.8596013	1.989213	0.819927363
79	0.348992	123.1226395	2.03448	0.838298341
80	0.385542	122.5668613	1.998441	0.814088722
81	0.249338	121.5983725	2.166104	0.836503906
82	0.34205	125.4216095	2.096111	0.827791283
83	0.338474	123.2761631	2.076868	0.828783369
84	0.367337	118.201147	2.023578	0.808205499
85	0.389467	120.5467356	1.97324	0.816409406
86	0.304991	118.6755283	2.065585	0.838555896
87	0.342275	123.0294361	2.070881	0.831508046
88	0.351046	120.8137603	2.060004	0.821111355
89	0.433948	119.1029317	1.926109	0.820907821
90	0.348148	121.2643852	2.064988	0.82994634
91	0.249263	132.6430039	2.170027	0.859844574
92	0.417707	121.0815086	1.948416	0.818020302
93	0.380096	119.4559822	1.997901	0.828695886
94	0.359643	125.1433015	2.053235	0.802933387
95	0.340901	123.1187058	2.083636	0.845230685
96	0.301463	122.3524907	2.081524	0.825607679
97	0.361486	118.5701406	2.000352	0.800564936
98	0.404633	121.6892642	1.971574	0.830166757
99	0.358729	120.5323046	2.013239	0.819824621
100	0.433193	118.9703794	1.947371	0.795255485
101	0.380392	120.5710999	1.992232	0.827244798
102	0.405625	118.2581163	1.953177	0.815926298
103	0.246642	123.5920903	2.184868	0.838900868
104	0.302328	119.4977484	2.126398	0.829305612
105	0.266148	125.7797778	2.170264	0.840691421
106	0.523242	119.5720312	1.812107	0.811482478
107	0.37686	118.4856891	2.024443	0.831309502
108	0.451867	115.9389399	1.901349	0.77856399
109	0.309144	126.0800024	2.109868	0.833532369
110	0.325393	127.2481396	2.089376	0.838478795
111	0.297326	124.2985008	2.114207	0.844732836
112	0.381248	118.9034499	1.999503	0.799212787
113	0.33072	124.1070843	2.106943	0.816913881
114	0.388717	118.2482494	2.004161	0.816012635
115	0.279504	121.3154739	2.142979	0.836988687
116	0.394961	123.0096857	2.011195	0.833611053
117	0.356674	121.1481088	2.030063	0.819201854
118	0.347185	118.4619075	2.056865	0.806842138
119	0.345828	121.4019591	2.069328	0.831530235
120	0.298108	124.8559562	2.097824	0.842708865
121	0.327513	116.9106514	2.081271	0.827667008
122	0.406228	119.74987	1.962009	0.803212769
123	0.363404	121.4778243	2.05742	0.831565909
124	0.350806	118.2518358	2.037939	0.823020649
125	0.358261	123.1109151	2.044732	0.843441264
126	0.389662	115.2092285	2.005015	0.818853072
127	0.275426	118.5936668	2.145505	0.830442013
128	0.280477	123.1278075	2.147775	0.836390031
129	0.324628	125.398997	2.084414	0.855656941
130	0.27552	122.3676338	2.122407	0.841868492
131	0.332209	120.3880036	2.0481	0.827710207
132	0.368092	119.5864302	2.025537	0.829562316
133	0.339525	124.755072	2.078034	0.820572739
134	0.307993	125.7379664	2.112409	0.822259212
135	0.379694	116.2523003	2.005117	0.805774004
136	0.451078	117.1417543	1.922862	0.819931876
137	0.361055	123.5011391	2.052418	0.829824168
138	0.374421	119.1363441	2.047606	0.827547049
139	0.402807	122.3366162	1.980387	0.820278367
140	0.389165	112.6483074	1.971383	0.798494362
141	0.287551	120.6337982	2.130365	0.836265282
142	0.34184	119.4901608	2.074222	0.826207802
143	0.355505	121.7260781	2.030963	0.840312878
144	0.332026	125.347195	2.08049	0.845947852
145	0.370338	119.604857	2.051141	0.824230746
146	0.414614	117.628488	1.947402	0.780137748
147	0.434877	119.0326095	1.956504	0.806189957
148	0.292647	121.1138464	2.120424	0.827542857
149	0.310072	119.5947876	2.102945	0.826576392
150	0.329985	116.176574	2.051398	0.819977263
151	0.273131	121.272122	2.161116	0.829786104
152	0.330343	119.0985736	2.08628	0.832075896
153	0.336624	119.8230763	2.068616	0.828030694
154	0.410372	120.9680429	1.986271	0.831640647
155	0.387185	119.750279	2.028813	0.821730239
156	0.463101	115.3078441	1.848783	0.793722598
157	0.384935	123.968734	1.996445	0.829045883
158	0.383414	120.1335862	2.015548	0.819392856
159	0.363282	118.5456196	2.044167	0.809024064
160	0.428446	117.110526	1.932283	0.797287977
161	0.381279	121.7762664	2.01519	0.810915138
162	0.315665	117.7063967	2.095805	0.822498268
163	0.41841	116.4822608	1.959646	0.80494169
164	0.329915	120.3323423	2.042179	0.828714879
165	0.345935	118.4833564	2.064243	0.825530711
166	0.341614	124.6339178	2.074747	0.848000717
167	0.309149	118.3373669	2.092807	0.820518311
168	0.415579	117.667365	1.943056	0.825340976
169	0.348422	123.4141332	2.069722	0.838229611
170	0.385529	123.7587889	1.995212	0.843953444
171	0.328321	121.1499168	2.099657	0.827658009
172	0.379279	125.6089699	2.028606	0.832145877
173	0.398543	119.041281	1.980229	0.813387458
174	0.391791	118.8442716	1.968869	0.827473021
175	0.359727	120.9403326	2.03334	0.829018067
176	0.459423	115.8510917	1.876058	0.816914343
177	0.444967	119.8184829	1.892189	0.806287251
178	0.360111	116.2580363	2.017454	0.827362895
179	0.343817	122.2245393	2.046028	0.825519851
180	0.393824	120.0079195	1.978431	0.828922216
181	0.371718	119.7045241	2.052157	0.809664975
182	0.451028	114.0311006	1.904018	0.792609123
183	0.317699	125.3981618	2.105212	0.829099747
184	0.372318	123.7498678	2.030097	0.818900977
185	0.404567	118.2347961	1.962096	0.803803468
186	0.468028	123.1452326	1.88014	0.819793515
187	0.323884	126.9977513	2.064272	0.854510359
188	0.382908	119.5630554	2.010176	0.825843987
189	0.26422	124.294267	2.17435	0.844497369
190	0.42137	119.9823067	1.93763	0.813617369
191	0.336906	126.5079623	2.095852	0.841531116
192	0.276808	123.2836441	2.152197	0.844091426
193	0.364395	118.9564012	2.013236	0.818938556
194	0.328012	118.9546971	2.074184	0.822253347
195	0.399125	113.457804	2.007662	0.793840985
196	0.329145	125.0289255	2.08712	0.833064313
197	0.396628	121.1040733	1.980566	0.820661747
198	0.392454	118.8846178	1.989456	0.809552528
199	0.379567	120.449227	1.992416	0.832965597
200	0.292005	123.3477199	2.127351	0.841213058
201	0.335207	120.8544592	2.060364	0.812773
202	0.372473	118.5676086	2.039532	0.815301619
203	0.271081	129.734326	2.163694	0.85283143
204	0.358774	121.6129723	2.055192	0.819702247
205	0.33477	118.9721858	2.051483	0.802058898
206	0.32994	119.9737082	2.083827	0.829915395
207	0.313842	129.3132257	2.119361	0.819603971
208	0.367283	115.0977957	2.038195	0.80749346
209	0.321893	124.0818221	2.094093	0.82357339
210	0.331887	118.7838875	2.085135	0.829144546
211	0.391785	114.0777239	1.966215	0.795368037
212	0.379322	118.2484008	2.014795	0.81800048
213	0.340064	118.6955593	2.056083	0.826920865
214	0.428441	113.9317913	1.952953	0.812941837
215	0.412055	119.4767059	1.969017	0.803978669
216	0.347959	120.0271035	2.050761	0.821524999
217	0.35027	124.5752709	2.051252	0.83463669
218	0.39004	117.8344855	2.019339	0.803620439
219	0.383224	123.9373885	1.989261	0.828217994
220	0.323477	122.1120732	2.08176	0.840685294
221	0.300422	121.4808054	2.110362	0.831151799
222	0.311538	121.8771175	2.085173	0.826161844
223	0.467644	113.044116	1.911492	0.783926836
224	0.229528	127.019509	2.180801	0.840053762
225	0.313161	118.9431024	2.089674	0.825828334
226	0.358192	123.282043	2.030177	0.832654289
227	0.449714	116.3192496	1.893026	0.792825599
228	0.376629	120.6101249	2.005945	0.826567946
229	0.406913	118.8985706	1.998661	0.818331112
230	0.315345	124.2626991	2.112908	0.822497674
231	0.397868	118.7913512	1.983747	0.818838303
232	0.285592	118.4105046	2.139347	0.819610745
233	0.283827	124.6218777	2.114524	0.84333857
234	0.293733	119.4759659	2.121208	0.827347406
235	0.380006	118.6063665	1.983485	0.828398531
236	0.422843	119.5043312	1.957043	0.819798375
237	0.324065	123.9149337	2.060871	0.844749279
238	0.300533	122.1667835	2.101572	0.841698606
239	0.283603	126.1067018	2.155366	0.850935734
240	0.307658	117.8317174	2.090947	0.823237577
241	0.293094	121.3596033	2.12529	0.83634249
242	0.323738	121.7569052	2.05233	0.822656128
243	0.268332	121.7853237	2.135742	0.838188359
244	0.342906	120.8053079	2.069628	0.832120288
245	0.372949	121.2940383	2.036545	0.813599607
246	0.3644	119.9537637	2.026072	0.830423493
247	0.342219	121.2852455	2.055954	0.831084249
248	0.406571	119.9870103	1.984866	0.811826275
249	0.420755	116.2906549	1.947433	0.781333703
250	0.374751	121.942395	2.031358	0.803070016
251	0.377502	119.5230291	1.98658	0.818042426
252	0.346814	119.9181472	2.041758	0.825727862
253	0.344028	122.3471054	2.035624	0.821750953
254	0.448344	118.1202421	1.918838	0.789816453
255	0.481792	118.30049	1.88065	0.792670995
256	0.37173	118.3414649	2.029013	0.809796346
257	0.483751	115.8545258	1.844789	0.803930857
258	0.295669	117.6966946	2.092883	0.828607346
259	0.295388	126.0297764	2.146178	0.840453031
260	0.386269	117.79432	1.993855	0.800246024
261	0.388046	120.5815833	2.025366	0.832475108
262	0.337419	120.181811	2.069078	0.827330829
263	0.342645	119.4977914	2.070625	0.827768421
264	0.379651	117.1024914	1.990265	0.83003175
265	0.315702	121.3497477	2.093466	0.828186297
266	0.372004	123.0376172	2.029959	0.826305948
267	0.349786	118.4992506	2.06912	0.806943968
268	0.43469	120.7548317	1.938853	0.813806688
269	0.361784	121.5685854	2.056214	0.809554649
270	0.35122	120.1081044	2.054395	0.833441483
271	0.367986	121.1526872	2.037583	0.832469356
272	0.317153	122.4721557	2.10418	0.842001138
273	0.362251	126.1086601	2.047575	0.829466199
274	0.379132	123.1641923	2.014987	0.812557456
275	0.341087	117.7103477	2.044369	0.82243131
276	0.456854	116.5394637	1.897151	0.813029404
277	0.384465	120.5499521	1.988619	0.823929741
278	0.4515	114.8834275	1.894187	0.789721106
279	0.324388	122.238196	2.076299	0.839256102
280	0.451774	120.2224228	1.901033	0.780908647
281	0.37323	117.6855125	2.029263	0.805250936
282	0.37073	119.7682824	2.028195	0.828455292
283	0.518556	114.5542194	1.794155	0.793602852
284	0.319248	116.7316333	2.024356	0.78777773
285	0.243972	125.3852846	2.192766	0.842207502
286	0.324879	122.5195204	2.081453	0.839508152
287	0.376837	122.2125608	2.05229	0.818024715
288	0.404796	117.9310662	1.969381	0.81397668
289	0.246455	122.0213676	2.167471	0.837302479
290	0.372965	119.4129515	2.017718	0.818100964
291	0.383177	122.5826786	2.01864	0.837389612
292	0.377468	115.2858709	2.001101	0.813613737
293	0.370453	116.7789145	2.013213	0.805939949
294	0.303225	123.3489481	2.121206	0.825333422
295	0.362853	120.2903251	2.037324	0.834411319
296	0.341429	122.6945237	2.070975	0.817105664
297	0.413949	118.996874	1.978197	0.80533862
298	0.353859	119.1530955	2.040699	0.828865891
299	0.344698	118.0611743	2.052476	0.813147208
300	0.377532	124.6687008	2.053894	0.823794173
301	0.34353	114.8188619	2.062725	0.815872063
302	0.40825	119.7612675	1.96138	0.80810654
303	0.283795	121.3906314	2.131262	0.840551493
304	0.389844	122.6218823	1.999403	0.833575844
305	0.328151	118.9283807	2.058092	0.814324393
306	0.333706	122.3548071	2.066978	0.827274765
307	0.307553	125.0708798	2.106824	0.846007639
308	0.404179	118.9197842	1.990559	0.816996947
309	0.515173	118.4238524	1.79891	0.807659441
310	0.309345	121.2475538	2.103749	0.822261102
311	0.326782	131.0408343	2.123307	0.84372601
312	0.312917	124.7669465	2.11932	0.841652161
313	0.377016	123.465895	2.003242	0.834780647
314	0.353539	119.6939605	2.041037	0.830305481
315	0.353678	120.0018593	2.037506	0.826748666
316	0.354601	117.8851072	2.051775	0.818114338
317	0.369184	124.7774781	2.026752	0.817123151
318	0.351531	119.6982083	2.042158	0.8297792
319	0.286299	120.8555387	2.14354	0.829171733
320	0.408288	117.9546636	1.965489	0.804777884
321	0.342364	114.9222904	2.045654	0.822206346
322	0.42005	118.0570931	1.961774	0.803794312
323	0.297266	123.2122926	2.149935	0.839121819
324	0.322769	124.7717107	2.098435	0.851444529
325	0.370578	120.3724216	1.997233	0.803291367
326	0.403055	121.8083888	1.975603	0.810360255
327	0.330048	120.225677	2.072902	0.83476808
328	0.399426	120.16187	1.979635	0.834222548
329	0.361624	119.3569576	2.062807	0.80965606
330	0.31242	119.4108489	2.092198	0.840678078
331	0.440044	116.4373697	1.892562	0.792852898
332	0.420421	119.5023716	1.961528	0.818141533
333	0.290108	120.0266303	2.127466	0.832231129
334	0.354314	121.2763303	2.040932	0.826534297
335	0.356979	119.9745296	2.042552	0.819051185
336	0.377676	116.2052106	2.004306	0.811318063
337	0.345264	117.0317532	2.05478	0.81621214
338	0.387658	123.9701457	2.010606	0.810618417
339	0.235557	123.8250892	2.190847	0.842410935
340	0.420513	117.5683508	1.953054	0.784740662
341	0.556285	113.9954381	1.740153	0.742356074
342	0.382462	119.4196845	1.991702	0.807807086
343	0.260353	126.5217985	2.148332	0.851292092
344	0.263296	126.5436671	2.150475	0.848250989
345	0.372306	115.8745717	2.004122	0.816289792
346	0.336657	124.0644132	2.069971	0.814496747
347	0.337195	120.6878339	2.086921	0.834459133
348	0.395934	119.2291204	1.97266	0.803832154
349	0.429855	116.4840042	1.904986	0.804594913
350	0.37726	124.0512984	2.006575	0.835673507
351	0.424484	119.3327583	1.965451	0.824225916
352	0.360593	123.4125596	2.03918	0.825085074
353	0.406241	115.0427469	1.969745	0.812669634
354	0.378026	119.164374	2.015704	0.813082744
355	0.403132	117.6703553	1.978347	0.805846039
356	0.315523	127.2031469	2.099571	0.845221872
357	0.305095	119.094669	2.130646	0.827767655
358	0.235797	128.6866701	2.179025	0.848411374
359	0.279613	124.6925571	2.08754	0.834880127
360	0.30704	120.3673184	2.100935	0.835256561
361	0.359415	115.2812617	2.009726	0.807421324
362	0.398678	116.7303595	1.983309	0.799827879
363	0.46111	116.8882783	1.865729	0.813800306
364	0.235174	125.6593808	2.191407	0.835118724
365	0.341764	125.6239395	2.060085	0.849631525
366	0.448325	115.5562775	1.922357	0.775925193
367	0.305516	120.2441731	2.093926	0.831096801
368	0.398876	113.9540295	1.977177	0.810926446
369	0.306606	122.0957666	2.114312	0.832246327
370	0.32944	120.8296449	2.069811	0.824256896
371	0.394658	116.9275263	1.978604	0.825227518
372	0.358406	121.9743682	2.032015	0.824722008
373	0.42571	120.0576731	1.94659	0.815156043
374	0.379787	111.6966468	1.980293	0.804512996
375	0.402748	118.2069093	1.966366	0.821447606
376	0.332938	121.4590989	2.078647	0.828953012
377	0.397495	120.2621418	1.987536	0.804137849
378	0.390585	115.8717165	1.979831	0.804150233
379	0.369326	119.9500668	2.022055	0.827675328
380	0.395671	119.3340103	2.018339	0.815730339
381	0.382578	116.6199221	1.994376	0.809878256
382	0.38265	113.5288299	2.000382	0.800615717
383	0.413784	119.4626054	1.949404	0.831509871
384	0.414438	117.3367182	1.970457	0.821196723
385	0.415994	117.0143224	1.952202	0.81546399
386	0.350375	120.2938333	2.0488	0.81668263
387	0.38607	114.3515862	1.965202	0.80009524
388	0.409966	117.1422716	1.971551	0.803426079
389	0.376389	118.8568105	2.001807	0.829405014
390	0.42176	118.1890808	1.959032	0.786705579
391	0.358152	117.770105	2.039241	0.819504142
392	0.401646	123.6104726	1.966299	0.821244228
393	0.353614	120.6796757	2.052196	0.822850948
394	0.326122	122.8306981	2.106737	0.83214159
395	0.384541	115.0848356	1.994163	0.806451537
396	0.366107	121.3012361	2.045881	0.827612886
397	0.348513	119.5700088	2.051932	0.821752152
398	0.331038	123.6839081	2.074041	0.84207075
399	0.29677	124.7933827	2.12557	0.846377453
400	0.427401	118.3548056	1.926677	0.812853494
401	0.363246	120.8360416	2.02481	0.799704278
402	0.364883	123.5347255	2.044864	0.811976503
403	0.343895	118.8598577	2.058318	0.822812765
404	0.33242	118.824369	2.063337	0.83217246
405	0.419242	121.9809436	1.931588	0.824638385
406	0.411026	113.8031305	1.939398	0.802327966
407	0.34819	117.4786879	2.042128	0.821485264
408	0.365616	120.8756231	2.032996	0.82330306
409	0.303468	120.8084104	2.130547	0.841378074
410	0.340817	117.8757775	2.014918	0.830950995
411	0.380363	119.2937915	2.023473	0.815696937
412	0.379302	119.5100273	2.017582	0.824512211
413	0.38712	116.0699476	2.00186	0.798826831
414	0.251239	126.0829667	2.158203	0.839567681
415	0.346182	119.964712	2.049651	0.828756933
416	0.382187	116.4910652	2.019281	0.782439354
417	0.308478	118.4329176	2.095518	0.825733131
418	0.432535	123.6822905	1.93797	0.820735954
419	0.365319	121.2327745	2.042956	0.826197427
420	0.293186	124.7506565	2.132417	0.844678374
421	0.383705	119.4860468	1.981462	0.82785667
422	0.327702	118.5217697	2.065675	0.828143161
423	0.390538	124.9448069	1.9757	0.851320736
424	0.390478	119.0054381	2.023641	0.816690906
425	0.343698	125.3139553	2.062276	0.83528364
426	0.314805	122.6352733	2.095048	0.8235298
427	0.442397	121.4596602	1.920703	0.812771857
428	0.305597	121.8201616	2.091211	0.832397395
429	0.392975	118.0357422	1.998023	0.810757079
430	0.329827	123.718537	2.069581	0.840123738
431	0.333251	120.2501969	2.079668	0.834208715
432	0.359588	122.3056689	2.046594	0.827633652
433	0.355221	118.2415545	2.07181	0.81293714
434	0.219018	129.068949	2.193764	0.848156803
435	0.362334	121.4542863	2.021652	0.82814166
436	0.318831	119.7067119	2.085873	0.83311413
437	0.306014	118.7687392	2.108849	0.836014244
438	0.372471	116.3242354	2.013342	0.812461196
439	0.311537	121.3097092	2.12238	0.830100478
440	0.253858	123.9612689	2.179427	0.838909588
441	0.328554	121.9004385	2.075596	0.832823546
442	0.410053	122.7400667	1.972589	0.829295457
443	0.366324	115.8635368	2.011153	0.814180588
444	0.381879	120.214716	2.017859	0.819335515
445	0.404884	121.5800617	1.97113	0.802949338
446	0.377369	122.3745459	1.98326	0.82474301
447	0.448068	120.2340769	1.904126	0.816011555
448	0.413125	118.7200568	1.956139	0.808989438
449	0.379859	117.3043393	1.999432	0.79788505
450	0.386691	116.2547661	2.023097	0.819260965
451	0.340698	121.728938	2.073273	0.838862131
452	0.386173	116.7873387	1.967107	0.815017252
453	0.402801	118.1707754	2.001458	0.808767859
454	0.299695	127.4728525	2.108226	0.827173657
455	0.262852	127.9300069	2.171159	0.84256227
456	0.35718	124.0353194	2.045216	0.815135416
457	0.43041	117.6720055	1.938583	0.815217427
458	0.376735	122.5814884	2.049217	0.812517979
459	0.27245	125.6536116	2.16489	0.849438801
460	0.425147	120.8053211	1.957904	0.817226505
461	0.332595	120.0935722	2.080059	0.83328857
462	0.2712	120.4850935	2.152309	0.834931767
463	0.239969	124.9041433	2.185725	0.847578274
464	0.331581	119.6247016	2.088068	0.805841957
465	0.332169	123.0217692	2.07752	0.823947532
466	0.363732	120.0308021	2.024791	0.827685298
467	0.353172	115.735102	2.017298	0.804245549
468	0.375312	119.9792541	2.017967	0.830735928
469	0.302361	122.8943682	2.121459	0.829351214
470	0.384103	120.2191084	2.017292	0.797336817
471	0.259816	126.6116464	2.152112	0.839500751
472	0.40125	118.3388661	1.965608	0.816264366
473	0.294258	123.0206963	2.103061	0.833419024
474	0.355901	116.8570785	2.031401	0.823677147
475	0.394401	122.8865985	2.006013	0.81279119
476	0.347358	121.6494582	2.036423	0.834297323
477	0.380588	117.0655709	2.021752	0.805777808
478	0.247167	122.5658947	2.15786	0.843272344
479	0.349101	126.3161266	2.075373	0.841866938
480	0.367165	123.7328184	2.041482	0.822245811
481	0.324772	124.187905	2.061599	0.813092697
482	0.428959	117.8932233	1.961885	0.819779636
483	0.300709	121.6221711	2.115017	0.832661059
484	0.391243	119.8891547	1.990673	0.809440451
485	0.393986	116.6266503	1.970041	0.798212298
486	0.263653	126.3606732	2.16259	0.841286966
487	0.304541	124.5886171	2.134934	0.834363815
488	0.397911	120.5371337	1.973399	0.814794091
489	0.397436	120.8420755	1.96697	0.818600745
490	0.423459	118.6827161	1.960732	0.821026622
491	0.310976	122.4258136	2.095678	0.83898813
492	0.37439	119.274011	2.018893	0.819564356
493	0.424379	113.5079117	1.951844	0.802889925
494	0.366854	122.8193677	2.044647	0.842024712
495	0.274324	125.0734249	2.157355	0.847487741
496	0.358654	115.9584874	2.004427	0.824901659
497	0.340961	115.8563045	2.063342	0.814198773
498	0.369744	121.756157	2.027516	0.815185589
499	0.277079	119.8059831	2.149038	0.830122277
500	0.30264	120.7699319	2.099894	0.842010259
501	0.369441	120.3369999	2.02832	0.806711686
502	0.481707	113.9235089	1.815938	0.798562065
503	0.30456	120.3067374	2.123642	0.821721195
504	0.361011	120.9918186	2.03289	0.833188503
505	0.394578	119.3013517	1.981838	0.785736453
506	0.331087	119.7196569	2.050657	0.812754707
507	0.313111	124.2732399	2.124695	0.82778163
508	0.424882	116.9765711	1.972851	0.810470563
509	0.342114	121.9095875	2.075955	0.821427327
510	0.290467	123.6540141	2.132414	0.828882133
511	0.436775	118.9112465	1.918638	0.820712996
512	0.529105	112.8209794	1.787436	0.783266489
513	0.383243	119.777367	2.027623	0.806540078
514	0.339533	117.8655436	2.071536	0.814732807
515	0.297485	123.3478981	2.127283	0.840544022
516	0.381467	123.1438786	2.010702	0.831667304
517	0.388362	121.9247087	1.989096	0.843309301
518	0.367341	114.7814869	2.008548	0.821650211
519	0.349176	120.7946973	2.051797	0.820235025
520	0.342071	118.0338642	2.056404	0.807346721
521	0.368938	124.5978773	2.030864	0.839541259
522	0.26055	124.8922172	2.170397	0.819405112
523	0.339482	123.6611331	2.082842	0.847916442
524	0.376808	117.121598	2.013698	0.808150291
525	0.352951	124.6927511	2.055892	0.816311835
526	0.357131	118.7270384	2.047159	0.815628103
527	0.360851	122.1489401	2.031173	0.832605953
528	0.380856	117.2049334	2.025628	0.804692868
529	0.329326	121.6995855	2.066586	0.829240538
530	0.402347	124.4019335	1.980572	0.837717301
531	0.299965	122.0053327	2.095759	0.836282299
532	0.348911	121.3423307	2.055632	0.830232958
533	0.329696	121.6748503	2.07077	0.834330574
534	0.296215	132.1992048	2.13381	0.857384251
535	0.402623	120.1125729	1.982582	0.820251886
536	0.366864	122.0894082	2.042739	0.844628083
537	0.476958	121.0629669	1.871711	0.803089961
538	0.376953	124.3028925	2.053414	0.81101003
539	0.312809	124.435679	2.135338	0.833161376
540	0.331517	120.8072956	2.081843	0.834006124
541	0.322539	121.3616366	2.078873	0.827570471
542	0.373865	120.4575361	2.008972	0.824973416
543	0.364325	120.506609	2.033417	0.832627361
544	0.313127	128.1105775	2.13031	0.835305862
545	0.386406	116.5473506	2.000434	0.82412106
546	0.434565	117.34212	1.919626	0.808101561
547	0.400452	119.7882012	1.970603	0.81644946
548	0.312314	130.6537759	2.127084	0.853278228
549	0.365069	117.0277185	2.005423	0.81025984
550	0.341344	116.88929	2.066778	0.807947865
551	0.431082	115.8558864	1.929863	0.809063162
552	0.413748	120.8418482	1.939555	0.82519409
553	0.333667	120.142289	2.077278	0.825856079
554	0.313985	119.2651793	2.078864	0.822270482
555	0.275396	120.8416394	2.117653	0.829311741
556	0.397955	119.501897	1.985217	0.81621865
557	0.330205	113.928241	2.0736	0.813694465
558	0.370209	118.2242361	2.036397	0.828368768
559	0.388913	120.0678658	1.987033	0.819632448
560	0.391179	117.1409286	2.007592	0.814876609
561	0.288488	120.391521	2.122426	0.84216722
562	0.41552	119.6044711	1.954775	0.812724159
563	0.355421	120.674412	2.053089	0.822142739
564	0.315029	115.5952919	2.122598	0.805720413
565	0.333884	118.2616172	2.088011	0.823283261
566	0.394602	122.9668857	1.975663	0.83225208
567	0.347245	120.2002869	2.051824	0.831089302
568	0.383703	120.8771947	2.003147	0.832236822
569	0.367679	115.8775122	2.046661	0.821302185
570	0.386518	125.9892834	2.02703	0.797418786
571	0.339789	121.727722	2.077139	0.835247515
572	0.416946	112.7316676	1.948556	0.810764287
573	0.391354	120.9759057	1.977882	0.825243374
574	0.340468	115.4067506	2.040047	0.803825553
575	0.400139	120.223185	1.973637	0.821314887
576	0.385247	122.7504233	1.987098	0.841068799
577	0.383964	117.4881262	1.978263	0.816138002
578	0.421661	116.1420011	1.956263	0.811850395
579	0.442841	117.3596951	1.942695	0.803969088
580	0.409349	119.6520953	1.995253	0.80488771
581	0.286936	125.7996656	2.151567	0.844008624
582	0.403913	115.6811807	1.966866	0.821061178
583	0.356302	120.5190077	2.064266	0.829875231
584	0.313713	121.9892787	2.089663	0.829101631
585	0.367641	119.2242812	2.016851	0.837775375
586	0.521284	116.1760527	1.799025	0.772814772
587	0.319633	122.2436631	2.077627	0.824002985
588	0.26132	127.0750499	2.168589	0.84737562
589	0.285497	123.867957	2.105974	0.842638977
590	0.321891	118.5469454	2.088707	0.814698501
591	0.257484	121.497906	2.164302	0.837072435
592	0.34087	116.8503741	2.039231	0.817308415
593	0.311266	117.2393884	2.089118	0.824245163
594	0.304167	129.2098901	2.134335	0.853859575
595	0.384658	118.1398063	2.019197	0.825231539
596	0.275095	120.9502914	2.140956	0.834776957
597	0.343815	119.2846112	2.064182	0.823459179
598	0.359806	116.3559798	2.060046	0.809776811
599	0.336693	119.1565643	2.048703	0.82467839
600	0.246416	125.9310755	2.185542	0.850262408
601	0.327891	124.5261834	2.088604	0.832546098
602	0.423883	119.0663834	1.914018	0.806692348
603	0.328382	120.4957537	2.102967	0.819791638
604	0.227968	123.5169634	2.207195	0.848954208
605	0.376737	116.4210642	2.021149	0.805684811
606	0.304578	121.6689263	2.122605	0.83311715
607	0.384736	116.7389685	1.993665	0.819043106
608	0.384513	119.9545042	2.017936	0.836539301
609	0.345948	118.3656306	2.065346	0.801844952
610	0.339632	119.373608	2.036737	0.820409501
611	0.390978	121.3277318	1.995996	0.828449673
612	0.401097	119.2501859	1.963605	0.824651692
613	0.245548	126.2749077	2.183739	0.841517246
614	0.329213	122.6469233	2.085444	0.838014595
615	0.314677	118.1018903	2.100195	0.837016208
616	0.371609	118.4350947	2.028808	0.817561032
617	0.384629	119.3102693	2.024183	0.814870806
618	0.379064	119.9206574	2.02494	0.821523394
619	0.339354	122.4023962	2.074272	0.826315026
620	0.372646	124.0111496	2.034823	0.839078157
621	0.219512	129.1209185	2.19036	0.850902013
622	0.350237	119.2440473	2.036133	0.823637482
623	0.318384	120.2070274	2.10143	0.83490974
624	0.379794	118.8832839	2.006664	0.805228615
625	0.456222	115.8682106	1.887514	0.800528252
626	0.423082	117.9765041	1.943717	0.809572806
627	0.355361	121.2288162	2.052896	0.826889041
628	0.38368	121.2723712	2.029235	0.824375975
629	0.29383	123.4983765	2.121248	0.831412272
630	0.300669	124.77876	2.12746	0.83974299
631	0.360754	119.5639336	2.037993	0.827011195
632	0.369197	118.7471467	2.013104	0.825410148
633	0.254701	121.717154	2.172815	0.831708828
634	0.386565	118.4558356	1.996214	0.81829303
635	0.354102	126.7286986	2.015935	0.82743266
636	0.298305	122.3109684	2.112806	0.823633676
637	0.390466	118.5930438	2.009094	0.825916387
638	0.265808	121.4763587	2.125556	0.827569274
639	0.279808	121.3714971	2.136053	0.846528251
640	0.316772	121.9807008	2.087753	0.822991052
641	0.344314	116.3348766	2.057315	0.813714629
642	0.269433	127.6944669	2.172752	0.84431425
643	0.351181	123.1333313	2.049854	0.829325485
644	0.408489	116.1906474	1.962548	0.809248955
645	0.338233	120.7653617	2.042623	0.830339559
646	0.305336	119.8448991	2.119779	0.824396838
647	0.366535	119.1244712	1.998119	0.829418503
648	0.392351	119.4986667	2.022105	0.814403493
649	0.38524	120.2489871	1.995032	0.828835518
650	0.262689	118.870897	2.140301	0.824419849
651	0.475709	121.399572	1.892141	0.804473492
652	0.339867	114.7843596	2.006655	0.797444152
653	0.371038	116.9720315	2.020082	0.821141942
654	0.417377	120.4392244	1.946385	0.788646781
655	0.3707	117.2458605	2.008773	0.825607463
656	0.316402	122.6793645	2.08006	0.840052369
657	0.368571	118.2739168	2.029684	0.817363129
658	0.335338	122.2985487	2.07141	0.845496687
659	0.276226	126.130216	2.145809	0.847865127
660	0.314957	120.8396291	2.099749	0.839886756
661	0.420501	117.9329636	1.944455	0.830609373
662	0.414825	119.5922007	1.955777	0.811575487
663	0.360675	121.8140096	2.048561	0.828458225
664	0.3133	123.5222147	2.10666	0.824244095
665	0.322296	121.6119241	2.089834	0.818180963
666	0.299656	122.4501213	2.132828	0.844909451
667	0.366054	120.6901932	2.053601	0.819795758
668	0.341224	119.6070457	2.06659	0.826283774
669	0.407804	123.0048193	1.952115	0.807253014
670	0.394665	118.4366048	2.007429	0.82605828
671	0.322127	122.2819776	2.109593	0.824908627
672	0.330165	122.2957788	2.09647	0.827906903
673	0.384553	120.0316763	1.968245	0.825102757
674	0.343589	115.631864	2.048434	0.820003765
675	0.365393	119.1038576	2.034736	0.823481153
676	0.36	119.632075	2.020244	0.821631317
677	0.34768	118.1190261	2.021742	0.820924021
678	0.391108	122.0668841	1.970694	0.81072773
679	0.410158	117.938283	1.954257	0.815471961
680	0.332621	123.7929155	2.07179	0.831845707
681	0.355721	121.4921684	2.033	0.829884339
682	0.405001	120.8159355	1.948265	0.822301261
683	0.298713	125.6523167	2.114896	0.842328721
684	0.296792	118.1189176	2.103148	0.822713814
685	0.37647	119.6233707	2.013934	0.797708499
686	0.454626	112.4217009	1.901065	0.79890892
687	0.387678	119.0248918	2.017618	0.816318769
688	0.279252	124.9072706	2.162724	0.839887965
689	0.266966	117.9944696	2.09073	0.813449615
690	0.352432	115.5206991	2.041853	0.810232216
691	0.388492	120.640459	1.996905	0.811216004
692	0.379086	116.4744041	1.994909	0.807015609
693	0.340942	123.5593578	2.058373	0.829928545
694	0.299601	118.08296	2.101365	0.829035933
695	0.353679	122.0402752	2.052234	0.82319788
696	0.192436	124.214359	2.242357	0.853979043
697	0.430727	120.9543496	1.94446	0.812528398
698	0.262988	127.7900679	2.190151	0.854242029
699	0.402215	121.3385377	1.998869	0.827140337
700	0.408015	121.6513599	1.987341	0.815554201
701	0.409152	117.9656173	1.95667	0.82018629
702	0.265792	123.9460154	2.148715	0.84475479
703	0.315027	118.4410656	2.08629	0.809594114
704	0.30578	120.0430061	2.062741	0.821685933
705	0.358621	119.5695302	2.021821	0.824470763
706	0.266423	127.297476	2.164098	0.821006425
707	0.45712	123.4102531	1.903587	0.830870771
708	0.358564	120.3220382	2.042185	0.819251223
709	0.349848	121.7625649	2.066415	0.84401884
710	0.542927	114.4020952	1.768864	0.772377395
711	0.32962	117.072408	2.047575	0.827336571
712	0.280944	124.1581611	2.133237	0.838009756
713	0.42118	118.3440426	1.971048	0.805296989
714	0.387836	125.8461607	2.025007	0.826806634
715	0.393299	117.8570396	1.989068	0.812420338
716	0.293454	119.5371428	2.091051	0.829147645
717	0.321065	118.875588	2.086012	0.831336128
718	0.333619	125.2811285	2.073391	0.833423368
719	0.404153	122.8456158	2.010304	0.812908487
720	0.346655	118.3443019	2.050279	0.821787488
721	0.389647	119.1171529	1.984155	0.826032169
722	0.369145	122.9268076	2.018589	0.853017431
723	0.301328	122.2090708	2.118301	0.832552092
724	0.356062	118.0658631	2.051443	0.819456437
725	0.351502	120.4098489	2.038458	0.816745824
726	0.422945	113.6678657	1.940907	0.800022818
727	0.381539	118.6723294	2.00221	0.811029241
728	0.363365	121.3900954	2.030475	0.826967896
729	0.409297	117.9295835	1.966254	0.820386193
730	0.374371	120.2710657	2.026564	0.816455432
731	0.354443	121.0241189	2.04569	0.817585793
732	0.265968	124.6434681	2.15143	0.838570722
733	0.336462	118.7483738	2.07936	0.830905788
734	0.314326	123.2059969	2.10068	0.825807998
735	0.422145	122.4617362	1.958291	0.825195366
736	0.429096	116.9342388	1.924213	0.807409878
737	0.305553	121.5037397	2.110637	0.842087364
738	0.319059	119.9077102	2.077719	0.828382185
739	0.296506	121.3000573	2.074027	0.839671781
740	0.283773	125.080583	2.13901	0.840461467
741	0.265397	124.8728526	2.110709	0.842848579
742	0.363636	120.3387772	2.040433	0.817046798
743	0.352544	118.1296652	2.047945	0.827910253
744	0.43678	122.9529942	1.918239	0.793911622
745	0.326165	118.8855932	2.070921	0.828505294
746	0.290559	117.3667568	2.110555	0.829869996
747	0.379169	118.3043544	2.012668	0.815756554
748	0.363673	115.9277972	2.037252	0.816389909
749	0.354613	120.4349733	2.038717	0.820492828
750	0.276899	125.5403661	2.15717	0.841984249
751	0.39417	122.8542584	2.003601	0.825360783
752	0.370569	119.2421113	2.024941	0.829316804
753	0.326099	119.6720526	2.073982	0.831977584
754	0.370007	121.24306	2.054096	0.824875614
755	0.32458	126.8006867	2.114065	0.844847007
756	0.309993	118.1249694	2.089875	0.828726708
757	0.347654	117.8972109	2.064543	0.831540736
758	0.32927	121.1272115	2.104132	0.815719455
759	0.307562	119.2462616	2.082198	0.819644979
760	0.369244	116.2784141	2.025212	0.80862111
761	0.323676	116.4046845	2.083607	0.827822458
762	0.381092	123.2220162	2.017074	0.83314068
763	0.372943	113.2302721	2.00711	0.820652987
764	0.331769	123.8334526	2.078977	0.851497137
765	0.399741	120.0451528	1.960663	0.817974663
766	0.375602	119.3433411	2.020172	0.826891597
767	0.36053	124.3247918	2.059999	0.834095986
768	0.400784	118.217582	1.971829	0.816517337
769	0.358702	124.3688927	2.035942	0.833790155
770	0.211816	129.9733318	2.190754	0.852237161
771	0.34255	120.2259026	2.085573	0.818564306
772	0.194442	132.783341	2.232703	0.861492035
773	0.239366	121.5470215	2.158939	0.842831927
774	0.261706	122.6299554	2.158291	0.841494132
775	0.448439	118.4553939	1.89672	0.81033708
776	0.375083	122.417506	1.999029	0.833186086
777	0.35033	119.8760866	2.071775	0.824804831
778	0.308802	124.0116041	2.118461	0.844092509
779	0.310422	120.7278065	2.098998	0.837585944
780	0.339536	115.0953682	2.034257	0.821549864
781	0.304608	121.5398602	2.107022	0.840163215
782	0.49182	117.2207793	1.845851	0.752721195
783	0.250143	125.7181139	2.178615	0.848373099
784	0.25657	127.0381792	2.174047	0.849647565
785	0.402097	115.1952995	1.965361	0.800277871
786	0.413229	119.1513775	1.988682	0.828374952
787	0.368252	118.5119169	2.020889	0.824811966
788	0.420173	118.7271347	1.961872	0.810141148
789	0.31459	123.9449779	2.086062	0.83504793
790	0.359859	118.2000707	2.035327	0.821244906
791	0.335234	120.0540822	2.061215	0.836658625
792	0.406636	120.2751251	1.965831	0.829905217
793	0.410879	118.2455397	1.955554	0.809144752
794	0.345966	122.305489	2.024304	0.843724917
795	0.298657	119.4857963	2.126703	0.830575235
796	0.379944	122.0149006	2.020601	0.833038107
797	0.299694	117.8706095	2.110754	0.824166581
798	0.284494	120.5961891	2.142407	0.832595179
799	0.381735	116.4403811	2.003896	0.812731376
800	0.364884	124.7000617	2.049124	0.841225475
801	0.350074	126.0311151	2.077333	0.832409567
802	0.381862	120.7865867	2.020915	0.83719604
803	0.361749	119.4301455	2.029826	0.822126477
804	0.341029	123.3981672	2.049629	0.823315674
805	0.40495	115.6460645	1.96805	0.814319353
806	0.419581	117.5647685	1.959828	0.819298868
807	0.316676	121.0234991	2.098626	0.824769671
808	0.393071	121.3416176	2.006427	0.803998724
809	0.376057	118.7084123	2.006591	0.81783117
810	0.279284	122.0828544	2.1369	0.832088421
811	0.248704	125.6871301	2.154838	0.832480521
812	0.336925	126.9161089	2.085027	0.844485035
813	0.321415	122.1361471	2.066834	0.834891719
814	0.375651	117.2159751	2.011	0.797166395
815	0.327154	123.6273837	2.091723	0.845235082
816	0.408539	117.7940441	1.967801	0.809860708
817	0.334066	121.7424912	2.063044	0.837885278
818	0.39931	118.7500173	1.972206	0.785678903
819	0.325891	119.6934162	2.01926	0.815410828
820	0.343625	123.5801908	2.078717	0.826176975
821	0.312953	121.9277497	2.110499	0.826339885
822	0.44702	119.5662376	1.911125	0.814823807
823	0.338273	121.453507	2.061162	0.817761086
824	0.35247	122.2399747	2.055653	0.827798858
825	0.3393	119.4575636	2.059641	0.826262721
826	0.29624	123.7943788	2.092443	0.836175988
827	0.301932	123.7935237	2.131404	0.824701733
828	0.305925	128.6215712	2.130482	0.854199849
829	0.29421	117.9272807	2.114444	0.818246824
830	0.395975	117.7487367	2.003628	0.809360893
831	0.416968	119.643551	1.940683	0.819638613
832	0.353582	118.8126034	2.032157	0.82165998
833	0.441954	117.613577	1.918245	0.810593188
834	0.300181	123.5767942	2.116991	0.828011895
835	0.404853	117.3963158	1.970532	0.812693787
836	0.404958	114.8729775	1.971225	0.821657876
837	0.327565	117.9652726	2.111176	0.806096676
838	0.286399	127.1308493	2.14746	0.843355108
839	0.384774	122.354452	2.031	0.831328716
840	0.459425	120.2198918	1.91275	0.813396818
841	0.320723	126.7334372	2.115334	0.847286151
842	0.383853	118.8508069	1.986726	0.825885041
843	0.300637	120.0705887	2.12774	0.828071743
844	0.368633	115.4460426	2.015183	0.816976475
845	0.232566	125.1823775	2.184151	0.844096593
846	0.38323	122.2134161	2.033433	0.827458344
847	0.395132	116.7164351	1.966046	0.815759289
848	0.373898	114.4797077	2.006499	0.812392491
849	0.366755	120.8968995	2.036817	0.812263499
850	0.308508	120.6492517	2.085013	0.818832134
851	0.379119	123.991841	2.048548	0.811115333
852	0.357872	121.8707115	2.054817	0.829823532
853	0.277797	122.1401465	2.145213	0.830365321
854	0.477247	117.7781265	1.859325	0.794754878
855	0.340302	119.531168	2.065391	0.829463946
856	0.400819	114.6827338	1.96591	0.814114155
857	0.370259	118.3782037	2.022822	0.821161901
858	0.305055	126.2086774	2.129168	0.843673315
859	0.344841	116.6218767	2.041146	0.822127212
860	0.380299	124.9478146	2.028905	0.851649556
861	0.439194	118.9439634	1.946057	0.825851677
862	0.37107	116.6586194	2.033705	0.813898955
863	0.389654	120.0574375	1.979205	0.828803683
864	0.303891	121.3448391	2.113284	0.837433334
865	0.417567	114.7318557	1.923354	0.812283748
866	0.258477	118.7845358	2.119448	0.834306151
867	0.329381	122.9330412	2.045635	0.815355867
868	0.40474	116.2168115	1.976061	0.822909705
869	0.295133	122.1899825	2.10263	0.839110253
870	0.368529	122.3001928	2.005974	0.813376819
871	0.367227	118.6471177	2.03297	0.81792337
872	0.328799	117.8395312	2.082933	0.821583665
873	0.309317	125.7959235	2.110201	0.842386922
874	0.332699	116.3071284	2.058295	0.824670542
875	0.425036	117.3189462	1.953615	0.828566615
876	0.33377	120.1762977	2.096067	0.830792109
877	0.294369	123.5278807	2.124848	0.846045551
878	0.351997	121.196518	2.051836	0.829806146
879	0.363533	125.053866	2.035577	0.80846972
880	0.256288	119.072923	2.151941	0.839877582
881	0.290929	119.5444022	2.086588	0.832008653
882	0.295569	115.984605	2.095387	0.828760941
883	0.417149	120.4623037	1.959261	0.818453816
884	0.393075	120.0426895	2.008561	0.810030255
885	0.366894	124.5593833	2.019588	0.821126749
886	0.408277	117.2084321	1.977576	0.806786579
887	0.363101	125.3321814	2.044839	0.829913459
888	0.37736	115.0842783	1.999262	0.805423365
889	0.321731	124.0131617	2.089646	0.824137732
890	0.34667	118.4270541	2.045207	0.825263564
891	0.321669	116.6313833	2.098222	0.831154628
892	0.352137	119.0930614	2.045389	0.813471794
893	0.342298	120.7854689	2.066171	0.821291049
894	0.323683	123.4148657	2.084077	0.83493371
895	0.368813	118.9215317	2.01842	0.812316859
896	0.407485	116.5916676	1.966643	0.80204325
897	0.334389	122.0686355	2.057006	0.823337636
898	0.352851	124.0092805	2.066281	0.830267799
899	0.39514	118.9103751	1.995982	0.802640451
900	0.271566	123.7389875	2.155069	0.845607554
901	0.361622	124.7096233	2.038744	0.831914092
902	0.290695	119.9640256	2.117635	0.827396406
903	0.383764	119.3690225	2.00774	0.808190532
904	0.32575	126.9596102	2.098083	0.837611928
905	0.411213	116.3930244	1.976773	0.814031129
906	0.426669	115.3305951	1.911816	0.799900795
907	0.453464	118.4381273	1.912256	0.810922712
908	0.423931	119.9029316	1.926895	0.814216823
909	0.412796	122.2341838	1.955011	0.81541613
910	0.288289	128.1526869	2.136006	0.851455583
911	0.361574	121.8436745	2.050838	0.821838125
912	0.26844	119.5144595	2.144047	0.831096961
913	0.358326	122.3846213	2.069127	0.830149159
914	0.380282	119.9285069	2.021793	0.819720722
915	0.373688	121.1313836	2.032839	0.817232888
916	0.414452	116.5172468	1.915476	0.787487268
917	0.373717	118.3195807	1.986378	0.812198605
918	0.285867	123.7999954	2.088073	0.83311268
919	0.363063	119.3938451	2.042393	0.829355606
920	0.499504	117.0364995	1.8553	0.795867577
921	0.326468	123.462355	2.074395	0.840492487
922	0.289694	123.6148808	2.148307	0.828801061
923	0.334918	119.5080747	2.05662	0.834130718
924	0.431066	122.3800557	1.955482	0.817596474
925	0.396961	121.0650151	2.025027	0.817984832
926	0.337666	119.8407901	2.089252	0.822521673
927	0.409672	118.090618	1.973696	0.814649388
928	0.280814	120.3283595	2.111869	0.825384545
929	0.294129	121.6436538	2.093288	0.838416121
930	0.263136	123.4893834	2.157781	0.841018702
931	0.333622	120.0863334	2.041904	0.8331236
932	0.394169	118.8615173	2.004381	0.82746393
933	0.328828	122.1960736	2.101204	0.836823358
934	0.331588	125.2540237	2.085721	0.829801347
935	0.467749	117.2895475	1.884773	0.807239963
936	0.459862	129.1819757	1.884508	0.841033296
937	0.341736	116.766594	2.036681	0.819897222
938	0.343767	128.0791044	2.075366	0.842664531
939	0.288184	121.9824643	2.1275	0.832553304
940	0.370797	122.9708122	2.032347	0.827920259
941	0.332594	123.9766096	2.056917	0.846981723
942	0.352225	116.6228961	2.001839	0.816996262
943	0.367172	117.3688496	2.017353	0.820150558
944	0.390118	114.7928173	1.969258	0.79649398
945	0.405811	112.0914266	1.956199	0.81656823
946	0.362539	119.3785217	2.050841	0.820107588
947	0.393221	122.564258	2.011278	0.823176949
948	0.379464	114.2221464	1.977105	0.816390389
949	0.365017	124.7145706	2.065485	0.827962885
950	0.325302	120.6899824	2.091716	0.825275572
951	0.396269	120.5831907	1.96786	0.822850903
952	0.292017	120.8437008	2.138544	0.823143026
953	0.324716	121.0104337	2.092131	0.811583072
954	0.402826	117.0739625	1.935644	0.822653579
955	0.260804	117.8392761	2.134768	0.818100001
956	0.271944	128.7749251	2.158776	0.868254737
957	0.223724	127.4223032	2.211005	0.854232007
958	0.359969	115.4511211	2.010295	0.809481109
959	0.375103	123.16669	2.016831	0.807422565
960	0.321977	122.1497798	2.072819	0.828626635
961	0.343914	119.8323781	2.068928	0.830895681
962	0.332056	123.0132985	2.061917	0.837925544
963	0.302509	124.3630645	2.113589	0.831853943
964	0.271689	124.1490042	2.167676	0.840103445
965	0.440902	115.7184055	1.907183	0.797943959
966	0.430431	120.3572063	1.933294	0.795384792
967	0.389872	123.2817714	2.005692	0.825630046
968	0.380473	118.3292953	2.021069	0.804602981
969	0.357287	118.3439338	2.007879	0.817194778
970	0.387958	116.8623026	1.985028	0.802135295
971	0.284297	120.5203238	2.132672	0.834493474
972	0.349329	119.8518635	2.058574	0.821772521
973	0.294281	123.460896	2.128716	0.848196061
974	0.272504	126.0580049	2.126914	0.848727104
975	0.308706	121.3950812	2.106839	0.832738895
976	0.331729	127.9863092	2.050907	0.852551142
977	0.394406	116.9813456	2.005638	0.802359737
978	0.321664	117.2844575	2.062658	0.821887986
979	0.304298	119.7758972	2.075821	0.826802945
980	0.279959	134.118411	2.15661	0.867530144
981	0.376165	120.3096887	2.008674	0.828537864
982	0.414947	116.7205306	1.983466	0.804168326
983	0.359131	122.8113102	1.980243	0.820177742
984	0.302428	119.6257271	2.129622	0.837250548
985	0.383298	117.393468	1.969111	0.8262669
986	0.435245	118.1494578	1.93724	0.791751965
987	0.263462	123.2357636	2.158196	0.838470289
988	0.349895	114.6112261	2.05783	0.813260453
989	0.385928	119.6387426	2.00787	0.805699462
990	0.310133	122.7562957	2.11752	0.833243333
991	0.447073	117.3325296	1.904526	0.791749749
992	0.360928	119.2657653	2.032065	0.822527072
993	0.343945	119.3648783	2.039949	0.836194575
994	0.36746	124.0209236	2.034868	0.835939215
995	0.386171	117.8605805	2.025863	0.807136012
996	0.380595	120.2180758	2.020389	0.809461658
997	0.445732	116.4604825	1.885807	0.81755383
998	0.436475	117.4627383	1.915051	0.814798927
999	0.393403	117.803598	1.985049	0.817796292
1000	0.442037	116.0879503	1.915642	0.812841676