rep aei_left left_area adi_left H
1 0.416059 97.3266966844717 1.965441 0.72176760376451
2 0.299634 118.883475286702 2.141894 0.80763493406414
3 0.373265 111.541721319499 2.036705 0.782585630839261
4 0.528589 112.646016112444 1.757403 0.750764216747558
5 0.367284 113.358635775788 2.01929 0.797826976025795
6 0.498619 99.9430996225946 1.866247 0.690245579610334
7 0.424936 124.652612639353 1.983783 0.808777449087459
8 0.300897 117.758397051855 2.123848 0.815136148538021
9 0.474877 110.576925873724 1.852651 0.762345969269542
10 0.525803 118.991214971412 1.831666 0.740988280620738
11 0.575841 101.389699801857 1.697778 0.743935080435478
12 0.478123 112.161083714889 1.887269 0.764983095448321
13 0.450201 101.368462880892 1.9486 0.758822401086375
14 0.340346 124.272967538874 2.112282 0.825857045920355
15 0.316217 115.652743785369 2.119315 0.775780382802321
16 0.399699 120.06927217936 2.024957 0.777346499977908
17 0.249352 124.490749590456 2.200121 0.815326368073694
18 0.342369 118.900300367752 2.103253 0.773536032330356
19 0.433039 115.649082985699 1.992509 0.782487674095059
20 0.420851 106.352686638552 1.959915 0.779387218407299
21 0.35457 128.592395278788 2.097784 0.805403255391598
22 0.354031 122.090436694877 2.078881 0.813595233296758
23 0.281067 118.819528043535 2.104056 0.794839577693505
24 0.378302 119.0819775822 2.046545 0.792000132338227
25 0.2311 129.115447374667 2.213318 0.83188112043203
26 0.304434 115.879787320054 2.140753 0.797312019660359
27 0.372806 122.050806829084 2.069369 0.813872220805729
28 0.437033 112.832303274881 1.941549 0.746362407216951
29 0.379114 121.406445092974 2.023913 0.815350586964925
30 0.462501 117.204916977009 1.946605 0.80835522778887
31 0.388542 119.251541730233 2.041398 0.800548024096766
32 0.345693 118.00556881468 2.085681 0.801052030366015
33 0.293546 111.699231941137 2.078904 0.796998690225663
34 0.330981 113.127943329765 2.097031 0.79498233933898
35 0.493218 111.339044665296 1.874267 0.753153864294889
36 0.331045 120.498705676617 2.117668 0.823729836768603
37 0.439734 115.278047420291 1.958586 0.782716084637043
38 0.380458 115.300942596423 2.040401 0.780563922907729
39 0.172789 126.373164563373 2.256224 0.832698903691789
40 0.363084 116.810094931151 2.048684 0.770184676904243
41 0.465961 117.763005333901 1.923071 0.781499902890772
42 0.386116 109.514774917856 2.022046 0.75682106892327
43 0.307897 118.823185194628 2.146777 0.793490065182543
44 0.505718 114.631600793205 1.790878 0.746135725779953
45 0.397726 116.860436497902 1.992767 0.811019698995734
46 0.300221 129.281799650421 2.154947 0.822583747792867
47 0.440277 116.658499232203 1.939727 0.781155472651139
48 0.430149 115.499446164601 1.962181 0.728681591712663
49 0.304551 127.534469565444 2.150067 0.785876865126312
50 0.718706 98.3702364014862 1.278848 0.698983521947407
51 0.356744 123.802397757602 2.052807 0.807480986665303
52 0.46259 113.520270163867 1.925819 0.775723309652729
53 0.434236 113.399373103264 1.960048 0.78320598030675
54 0.293749 123.531910052939 2.151572 0.760853242589208
55 0.474223 109.839782462699 1.870815 0.732627022429157
56 0.357256 123.788373578777 2.090564 0.79459043680019
57 0.384262 111.657309468841 1.975833 0.756457036922372
58 0.480061 106.586274000286 1.887323 0.758539258358715
59 0.312469 115.118299868118 2.11621 0.791475573384847
60 0.580217 109.039694773343 1.705805 0.687554826396046
61 0.241056 120.787810239176 2.204865 0.829018006103681
62 0.316295 112.988317745349 2.101919 0.80379073447069
63 0.423049 110.965174727775 1.902533 0.762042958632883
64 0.266433 121.045760822753 2.15863 0.808336169252122
65 0.236188 123.488782155632 2.206151 0.826687443552026
66 0.564445 110.264955762779 1.69494 0.748814674538076
67 0.332699 124.624672823258 2.126546 0.796279015297976
68 0.398836 110.044225370874 2.015777 0.768548826807867
69 0.37151 112.340271901818 2.040078 0.778278209696772
70 0.32242 116.610006525975 2.114315 0.793284773107138
71 0.349845 115.588631169865 2.038722 0.782749372539985
72 0.332518 119.980895898113 2.1018 0.793871100970055
73 0.385349 123.587009663512 2.052555 0.790536604483157
74 0.501077 107.952811140417 1.871012 0.735080695245493
75 0.225272 119.51053217261 2.202351 0.780993122348903
76 0.484491 117.963778103782 1.908486 0.759140622254036
77 0.430797 111.972481630718 1.934495 0.762513317190757
78 0.343812 118.830194464292 2.064554 0.811177438345109
79 0.343953 108.946941536255 2.031683 0.776085859310556
80 0.405236 114.818461339812 1.983427 0.780064583777305
81 0.445191 117.210018559193 1.891374 0.782597407538424
82 0.446321 112.625963004618 1.937303 0.783633564803438
83 0.253428 120.89751640848 2.188856 0.804340884667845
84 0.393595 121.826144804518 2.039074 0.77176855385157
85 0.439836 110.780284211592 1.934921 0.789293676081967
86 0.432324 115.787347303964 1.947523 0.734794429228085
87 0.466292 116.241333323354 1.890895 0.772170774271316
88 0.321606 119.07980273463 2.116316 0.808910426268912
89 0.417045 114.35440075983 1.958837 0.737984102514289
90 0.338834 123.810417658485 2.093153 0.816183749062449
91 0.364851 118.275793314941 2.038837 0.766642344862846
92 0.49004 107.079155217007 1.811876 0.787706085042797
93 0.403907 127.235985107778 1.950777 0.785110004025839
94 0.294658 126.863932338109 2.161318 0.791664273912094
95 0.446349 112.020534489656 1.927268 0.76701130948895
96 0.558384 106.960774056917 1.693057 0.71925855738414
97 0.283325 120.221178701911 2.167461 0.789634636829063
98 0.465264 104.772259615559 1.905408 0.757225905131947
99 0.492935 121.377057700165 1.834897 0.804107565730789
100 0.458495 110.489184764735 1.914855 0.771049709448101
101 0.330172 116.836765381699 2.12276 0.786537463956751
102 0.515807 109.444168764369 1.840514 0.782767834695284
103 0.385706 124.047752178682 2.015938 0.827941659945776
104 0.351543 117.890577534917 2.048416 0.791409861410092
105 0.370546 111.665868932677 2.055072 0.809470341355871
106 0.484855 112.374993644006 1.884702 0.780867064116011
107 0.468675 112.602872459027 1.884642 0.788093658188229
108 0.44415 113.63182228792 1.901861 0.738296504178372
109 0.610344 113.626486778629 1.639527 0.73073951284213
110 0.3703 124.272116557308 2.070715 0.772595586104349
111 0.448077 110.663607357108 1.929627 0.769761247849562
112 0.294087 125.707420987782 2.146126 0.809613868856174
113 0.493616 110.433429465442 1.829798 0.784760671937579
114 0.303822 124.536795084952 2.14489 0.807316246461868
115 0.378835 110.855107198111 2.025325 0.763849624298761
116 0.242218 113.396157742999 2.169483 0.78693665840272
117 0.454061 117.053649599481 1.928959 0.798389897263366
118 0.637577 109.122749594535 1.534549 0.756463009891472
119 0.327976 123.985392033861 2.103668 0.790535694479958
120 0.371849 112.785154569889 2.047937 0.794257580749719
121 0.306415 127.823766487235 2.151407 0.796725037087818
122 0.466508 113.600504560552 1.932097 0.727033309916928
123 0.353037 118.105224618691 2.040604 0.797534032181644
124 0.406344 120.452201458042 2.022274 0.81101658887689
125 0.415517 118.650182405874 1.981243 0.77518202787715
126 0.454685 107.080242600466 1.921735 0.759790425239364
127 0.529352 109.529287907325 1.796979 0.753964324119612
128 0.643679 112.067346697406 1.529306 0.73492629263613
129 0.359156 125.670877840959 2.046243 0.797151066325873
130 0.296577 126.963435344469 2.146683 0.819900639125267
131 0.450015 109.969421439036 1.940688 0.76360810034018
132 0.397854 108.805165649855 2.025844 0.765333518835046
133 0.47259 110.233130801035 1.903425 0.760470746803757
134 0.448369 112.39920400534 1.920745 0.749196995714933
135 0.466776 120.332891334192 1.91468 0.778850262604044
136 0.501551 112.746289825041 1.855625 0.788443234627774
137 0.535433 120.275491403081 1.779354 0.783645451907406
138 0.247668 121.682849706359 2.197042 0.801779309551138
139 0.465012 117.943817511622 1.914888 0.731952163948977
140 0.353254 120.091958447916 2.082476 0.775458945156753
141 0.60386 114.424398327217 1.651541 0.697678771086099
142 0.385955 120.595769895757 2.025545 0.782980795916148
143 0.367101 119.293793929485 2.030653 0.797385603613845
144 0.485254 111.634433226547 1.842857 0.764729672575367
145 0.534342 112.403099831039 1.761643 0.784086201974033
146 0.362799 114.535242973994 2.04799 0.758839558679415
147 0.330331 115.035863235938 2.099818 0.771560080116424
148 0.519465 104.061305232267 1.82935 0.741914604116605
149 0.475884 106.800763834647 1.853348 0.749146295313867
150 0.409425 119.866663709527 2.013648 0.7701021580868
151 0.640781 103.763658407171 1.519369 0.708204125423584
152 0.306219 118.716505761317 2.105532 0.812941637495558
153 0.594067 117.460092785892 1.678501 0.759953862558315
154 0.465689 115.789501619424 1.936329 0.718994502243775
155 0.466359 113.39954391497 1.90431 0.725818006925941
156 0.359776 118.85109547683 2.067264 0.783381533924606
157 0.414143 114.852951313723 1.994256 0.773370414167239
158 0.481367 111.941237622742 1.910847 0.755919450348441
159 0.288273 127.534241723615 2.162962 0.814359806581361
160 0.612293 111.447766093513 1.635255 0.708107276262549
161 0.490018 101.329283778951 1.841505 0.654816475063374
162 0.38057 112.793743652331 1.969768 0.736120008738599
163 0.480552 121.171873400727 1.890179 0.803374402428446
164 0.490677 109.382989591046 1.818814 0.763691938183101
165 0.499413 112.891747544466 1.827616 0.757252859661992
166 0.322207 119.892872654074 2.120318 0.823206549678769
167 0.246074 122.616303993944 2.176233 0.799855962860758
168 0.371437 125.742744915177 2.00912 0.838525467429715
169 0.394639 114.477863525103 1.980563 0.784573900078936
170 0.447907 117.287031629723 1.901556 0.795003388788733
171 0.350773 113.124943166369 2.075924 0.797604755326647
172 0.457271 116.484868633966 1.902179 0.738789565829975
173 0.532236 112.608828314514 1.805031 0.758571462387654
174 0.32166 123.798766755926 2.134786 0.836235956347536
175 0.431853 110.530961322751 1.967086 0.740676583840904
176 0.368927 124.214687603733 2.078721 0.787103653403334
177 0.336793 123.736554669437 2.096832 0.807506012486229
178 0.298039 118.609463048372 2.094666 0.798792000942268
179 0.515434 115.597388099975 1.795087 0.777248840676204
180 0.332942 117.055723255971 2.104959 0.767787566295291
181 0.39012 117.720268450877 1.985507 0.781341904322887
182 0.448259 117.867024132032 1.927359 0.789811183880648
183 0.321876 115.884023708408 2.109467 0.791525200997177
184 0.621851 101.133116108924 1.579704 0.709697664300152
185 0.664482 106.512078987405 1.488194 0.68343509476101
186 0.589231 108.504680806841 1.635391 0.769615537430962
187 0.373403 110.921532129394 1.984837 0.762077793094567
188 0.35267 124.569135971134 2.094241 0.804740602353466
189 0.615597 114.992343621316 1.584658 0.709259666525412
190 0.735799 110.124977548089 1.187296 0.706057632265269
191 0.569547 104.573219626346 1.68874 0.717631972771213
192 0.361185 124.330280522778 2.069266 0.80443210623872
193 0.499666 113.22907404504 1.820611 0.76378615442251
194 0.420018 114.832544553856 1.974488 0.652843370256871
195 0.311287 121.981594128013 2.139591 0.781796420327456
196 0.351275 120.042786045334 2.06376 0.810535009013964
197 0.503191 107.846106878103 1.799266 0.725983089969397
198 0.535478 103.43315356318 1.781062 0.731859176214497
199 0.425623 112.840065621869 1.958845 0.78020610355685
200 0.259963 120.3158244424 2.196645 0.810887353198643
201 0.432853 114.88749764713 1.963765 0.763626937138152
202 0.397737 117.466333494426 2.026351 0.78774944908415
203 0.460093 114.259759633272 1.935943 0.768638229995065
204 0.498808 107.000299046405 1.794596 0.752987068575981
205 0.358594 113.610581519709 2.056699 0.784873484609576
206 0.273594 124.250179716107 2.183785 0.820447045717196
207 0.32206 115.990132813988 2.123637 0.800868220267826
208 0.459162 110.55992467344 1.926345 0.724231202725357
209 0.218411 125.744633257688 2.208593 0.828649075583351
210 0.596033 120.315392071161 1.670369 0.770630734675812
211 0.601837 113.322509945278 1.654171 0.762434068682493
212 0.534265 105.407621351705 1.78967 0.662712984798758
213 0.496948 113.53121608919 1.85746 0.754739965388922
214 0.49044 113.386914547755 1.864925 0.728106288260183
215 0.566889 107.595658717318 1.739528 0.746085060562573
216 0.235446 116.377542266388 2.209546 0.792746519033931
217 0.404333 113.363462259183 1.997023 0.76501803907804
218 0.467031 102.965834049572 1.856292 0.764225090917947
219 0.45864 104.001148052155 1.93936 0.784088547143396
220 0.355108 109.529401027087 2.06605 0.779181330241202
221 0.400158 121.524427738835 2.018682 0.762562046721731
222 0.470327 110.594733957717 1.904241 0.7495089342839
223 0.39885 111.755546392358 1.962435 0.742237343233016
224 0.664745 109.209531222579 1.457762 0.718380431676587
225 0.486167 110.715341724228 1.864723 0.768931939853818
226 0.356992 118.870839389858 2.077661 0.792879543109671
227 0.538011 112.264086065848 1.780615 0.714128153383018
228 0.39321 121.302379251421 2.001888 0.799862982261818
229 0.336179 129.05624112639 2.114393 0.827170910942159
230 0.554569 109.038724753235 1.762562 0.735787303780042
231 0.3821 107.933359105596 2.017775 0.758135529321358
232 0.37623 115.60356548745 2.072816 0.836158485104581
233 0.410121 119.853163933233 1.985109 0.780717381241712
234 0.381065 106.839381093891 2.041986 0.759664155973949
235 0.628548 115.862204662695 1.548252 0.666546584447155
236 0.546832 114.834332117392 1.77104 0.763195798854404
237 0.315099 123.624955386744 2.129344 0.814506339505185
238 0.427688 118.740394210584 1.9725 0.820745318484146
239 0.52421 110.010106749576 1.827432 0.784553473202678
240 0.459319 103.00984249274 1.896368 0.752879947561196
241 0.437937 105.879181338591 1.917358 0.760388472545867
242 0.378934 111.02669000507 2.042461 0.799545877186357
243 0.558671 96.658399526262 1.69554 0.713022439439087
244 0.612388 111.267155075074 1.619241 0.688165483974952
245 0.383307 115.591236090166 2.038652 0.756055528414587
246 0.462203 121.570256792944 1.887572 0.668858439166374
247 0.354946 116.079148388683 2.069457 0.781216918542316
248 0.384196 112.243065838893 1.990284 0.762456070761286
249 0.623205 108.865854544504 1.598477 0.726306239305219
250 0.309689 113.668226239887 2.092616 0.762489591882469
251 0.521976 125.849309274572 1.809208 0.780059086434881
252 0.410547 113.346779874369 1.960331 0.777173198201415
253 0.442294 112.924318392261 1.939624 0.75371165094152
254 0.467777 106.641638970996 1.932439 0.768300943290574
255 0.499887 112.056236497301 1.863416 0.774788885484635
256 0.361075 115.013841791934 2.076888 0.789069938716232
257 0.489814 104.149035410922 1.880381 0.735712003368195
258 0.526446 109.369688242793 1.78191 0.761453938452392
259 0.257391 131.206360596933 2.194156 0.830679740726961
260 0.446465 105.360384679358 1.909074 0.756055450072161
261 0.411488 118.933027179347 1.965812 0.764562450741349
262 0.487046 105.214591336719 1.854131 0.75996354570114
263 0.554565 107.62791055995 1.747905 0.737803015161886
264 0.507505 107.328278535735 1.831995 0.775258874110897
265 0.415947 108.401549018855 1.985473 0.770472928313451
266 0.238223 115.171066704679 2.179666 0.806727012957624
267 0.374002 123.394216489211 2.02071 0.792130950350125
268 0.446394 110.732491188122 1.930699 0.764608809646867
269 0.441971 116.493813051052 1.938934 0.787332134478576
270 0.504373 105.608358799314 1.8689 0.707290280832083
271 0.381593 126.663598385941 2.064188 0.801521686037809
272 0.329672 122.460103093253 2.082787 0.784599788943415
273 0.384008 119.305517888741 2.022231 0.752054667453422
274 0.530578 111.631922507387 1.772796 0.706096402975519
275 0.383934 111.194766963845 2.03459 0.78531820232979
276 0.537884 112.210112447865 1.762598 0.79840389963538
277 0.387616 113.975166318767 2.040135 0.797220202678102
278 0.341996 110.169133240996 2.069555 0.759646244506844
279 0.355807 116.073865497369 2.060039 0.807401698514036
280 0.267466 126.922921906402 2.159777 0.79531562319437
281 0.352109 125.182518768799 2.09927 0.812284037892908
282 0.375291 120.595928944417 2.064041 0.806624463120042
283 0.464616 101.884167861911 1.916501 0.716472866943157
284 0.409999 104.231260503539 1.907801 0.752253953040506
285 0.37167 114.907701242221 2.069643 0.791506412771098
286 0.599085 110.592018058098 1.650923 0.783963932930462
287 0.490463 110.373549436005 1.830308 0.74772661972
288 0.444229 111.433476294954 1.927388 0.767293776853985
289 0.219076 119.917015155496 2.18234 0.794791862853167
290 0.350007 128.042860661973 2.094892 0.79547991401132
291 0.360571 124.757386831752 2.075018 0.839975320766152
292 0.500915 110.220985184977 1.873222 0.751919007162087
293 0.464028 114.03855034761 1.945029 0.743631297397824
294 0.502888 113.190879144291 1.826658 0.736646850611631
295 0.402474 118.238431681106 2.000325 0.818101629228599
296 0.34906 120.566303082225 2.052796 0.800637254461359
297 0.256725 124.13623314758 2.157083 0.812840068372211
298 0.309813 124.844141009555 2.140023 0.824308562245999
299 0.348823 113.726969830227 2.097316 0.776803382209973
300 0.416955 113.900365362864 1.973356 0.775490527000856
301 0.569424 101.206953081417 1.703657 0.744593769174175
302 0.513989 112.187166344322 1.848478 0.771427000236944
303 0.363174 120.960514086543 2.04297 0.781607343727888
304 0.257429 120.435823569698 2.179781 0.802480693415647
305 0.606504 111.98440238128 1.622625 0.717615066588143
306 0.246101 128.359710929793 2.208279 0.826758940719491
307 0.480201 119.697860287436 1.865851 0.808343877874774
308 0.621103 101.735897835565 1.559498 0.715133476487281
309 0.309751 115.11360271168 2.136854 0.789604094927587
310 0.49773 99.6900902242409 1.840657 0.706479726914302
311 0.407845 115.332953188461 1.983203 0.793108121816802
312 0.466108 113.575107859377 1.900598 0.738168133761298
313 0.313295 125.042029808673 2.142934 0.793548380426062
314 0.37141 120.425438149084 2.07924 0.794552585571307
315 0.520156 110.112824787203 1.785497 0.739833523982998
316 0.545922 111.692792099151 1.777226 0.738432017849006
317 0.30813 122.895390745701 2.122595 0.801051255858599
318 0.26624 124.660642932701 2.188348 0.793328419622123
319 0.363571 127.182398615354 2.078226 0.809588941604568
320 0.385307 117.676863768761 1.990224 0.783157047806096
321 0.177431 125.91832901834 2.253044 0.836520695095118
322 0.364206 114.647523181109 2.037983 0.74995688712979
323 0.500707 121.658668512496 1.86868 0.781640174538727
324 0.259748 108.599364746307 2.163984 0.77063886592137
325 0.54871 107.943451621232 1.762292 0.728939607016863
326 0.389632 119.546573235307 2.023267 0.770695084574586
327 0.229787 124.660365548803 2.216369 0.783780541247794
328 0.519067 118.345920037568 1.834008 0.793001219612358
329 0.38876 112.931129601768 1.993064 0.788595477696775
330 0.434936 107.254746492624 1.92764 0.765060094184455
331 0.354335 115.262794654659 2.044403 0.786270726020302
332 0.532105 113.335386341229 1.782469 0.751683904763098
333 0.373115 122.913332621722 2.044318 0.810285720166024
334 0.425523 105.572148682427 1.939685 0.756537991742603
335 0.404651 118.457891690589 2.012058 0.778287193351276
336 0.640333 105.062880255857 1.532388 0.742627326418015
337 0.426547 110.951306902758 1.967147 0.783409679365803
338 0.351322 124.913100232564 2.091962 0.823297747909345
339 0.513161 121.377081495027 1.827128 0.774972843315211
340 0.403418 118.329112092915 2.003653 0.770004759896679
341 0.454059 116.411950322159 1.942572 0.824127301845655
342 0.459695 106.958290633072 1.90141 0.692559075556098
343 0.342879 122.144296761734 2.061786 0.79500699472585
344 0.419896 123.20686504991 2.00683 0.819570991743214
345 0.426551 116.838601580936 1.945686 0.798293618121063
346 0.500381 119.869630471856 1.84781 0.790100356482987
347 0.282043 119.101525290434 2.165253 0.791892138953072
348 0.244604 121.861427045945 2.163777 0.810044812661193
349 0.271469 116.833493021123 2.139044 0.792413125063639
350 0.375288 118.097140245718 2.03043 0.771701996735186
351 0.321035 121.458574303836 2.076608 0.825800550163174
352 0.454308 110.889035087875 1.919181 0.757787546591524
353 0.398573 111.839018853683 2.016238 0.768618194830709
354 0.301404 125.028457201526 2.157152 0.821931468523479
355 0.531517 105.912578898042 1.807712 0.721111358957548
356 0.212859 129.374803737636 2.220214 0.831648627288698
357 0.530651 116.494425583852 1.811269 0.75722827130279
358 0.484945 116.09209738951 1.888452 0.791905155957632
359 0.544385 110.282421045211 1.750807 0.754101591303938
360 0.361857 117.908645459159 2.083382 0.781861086538142
361 0.434419 117.827548266776 1.968627 0.780130046675584
362 0.473462 109.83213531672 1.870564 0.773039494455005
363 0.573795 115.365053077349 1.714404 0.74691556794313
364 0.514349 107.82294782302 1.810101 0.766175662289304
365 0.608616 106.287678620012 1.607548 0.7390344769389
366 0.437946 121.96699815258 1.964219 0.755109309591445
367 0.477023 117.37679864602 1.891488 0.745353023106076
368 0.569828 116.186577658853 1.722338 0.731056513747928
369 0.169735 132.278756211039 2.257521 0.838818550000774
370 0.439479 126.647157013494 1.976205 0.800460070873614
371 0.486609 113.750098777528 1.904758 0.733883249373873
372 0.627362 113.173541393159 1.543924 0.75119927816187
373 0.372233 105.442888215113 2.056724 0.762470322082678
374 0.4566 122.488503069959 1.918523 0.756199301759599
375 0.460345 113.674373832038 1.916363 0.749814348991485
376 0.254207 122.52004540405 2.181572 0.814153383359167
377 0.431172 122.647137201939 1.976203 0.785425782429098
378 0.280655 125.416000201503 2.151912 0.796785103166549
379 0.420491 114.331665304108 1.996451 0.768279542040579
380 0.340755 125.178992895259 2.102624 0.803313783517862
381 0.378125 122.817308447218 2.011791 0.779383703186935
382 0.302014 129.207702153156 2.150277 0.783128366420641
383 0.553325 106.434879964343 1.739203 0.737563509070274
384 0.157084 128.211649797949 2.258268 0.796521479350282
385 0.430582 119.808060348462 1.949619 0.797518941708564
386 0.335751 118.090298433245 2.106078 0.762761855433237
387 0.534143 122.484763298547 1.803162 0.715213559743016
388 0.41165 123.554225636532 2.021132 0.787921252039045
389 0.357485 121.155546418021 2.085614 0.815906789694401
390 0.344093 114.570364293648 2.053162 0.736891183307516
391 0.400663 118.479824651525 2.007856 0.773810090496267
392 0.313745 113.558170744497 2.124766 0.778135826847363
393 0.459478 105.58770973615 1.879429 0.768582982976878
394 0.383168 121.584313970943 2.014179 0.775939173585984
395 0.411574 113.234640957314 2.007451 0.778207532435454
396 0.339339 119.611587527749 2.08152 0.812782776380872
397 0.492566 108.622239886844 1.814537 0.774689243596073
398 0.611492 99.4894883390288 1.622817 0.703561076414598
399 0.407128 113.419718646973 2.022648 0.763534382513854
400 0.361628 122.138709455412 2.088982 0.819878309757869
401 0.35752 127.291717946928 2.088489 0.800788230220466
402 0.459299 110.879075317245 1.906529 0.776042262158601
403 0.547812 111.906546121074 1.761714 0.715519712991953
404 0.592787 111.489382788491 1.618844 0.671519819953737
405 0.469068 117.049141122717 1.901333 0.766947504638262
406 0.438036 118.356681472786 1.958391 0.782048359641812
407 0.436559 110.643831486891 1.95018 0.783494237125624
408 0.615485 104.513080262088 1.60795 0.70851958648331
409 0.405289 112.102644866994 1.94011 0.742005261363784
410 0.199323 128.537756485983 2.237608 0.840597594830505
411 0.392676 120.540140356276 2.020323 0.785649843041287
412 0.481841 106.920304930167 1.88303 0.775974217080345
413 0.493953 103.905149318077 1.843546 0.758190971408861
414 0.522312 105.070736419991 1.779065 0.715838634684461
415 0.24201 124.226612410137 2.187369 0.797524209470423
416 0.456812 116.981708375767 1.949444 0.775176653362876
417 0.354328 112.198727136015 2.09074 0.775723568757177
418 0.476477 112.678679443929 1.872159 0.779484910463898
419 0.307396 122.275139703186 2.112303 0.805985919095135
420 0.434532 110.299608949148 1.95851 0.790113776866826
421 0.334835 120.346786368531 2.083929 0.80627995920943
422 0.460491 119.091945540349 1.911955 0.818607869643468
423 0.365235 120.184035101172 2.074268 0.814045001959636
424 0.432593 116.21955650101 1.938595 0.73853922349127
425 0.444391 112.247385165466 1.945246 0.763312570063298
426 0.39848 121.153973843865 1.99652 0.795507679534475
427 0.650774 104.565819302764 1.490462 0.739722554882453
428 0.226554 132.151966957291 2.216535 0.808065464947812
429 0.441553 110.46425221133 1.969453 0.786657914675973
430 0.443924 120.869402413136 1.96334 0.790839627346199
431 0.294879 133.085775261767 2.163056 0.84253886411854
432 0.471902 117.453630090741 1.912947 0.779427640110012
433 0.280978 130.010135117984 2.177582 0.784495934091442
434 0.580858 117.082968503524 1.703852 0.765553280786975
435 0.350441 119.850036003382 2.061097 0.791544717899212
436 0.252099 122.74032811457 2.202652 0.819397205456912
437 0.511382 113.035932633839 1.847998 0.791066134133201
438 0.343567 113.089136669696 2.08227 0.79611070990887
439 0.381003 121.540640842077 2.057148 0.789584860963299
440 0.365446 121.805558077175 2.012249 0.801515756210592
441 0.428728 121.92011361618 1.993338 0.803791136836974
442 0.411141 114.968322929384 1.952013 0.759013374119441
443 0.36818 117.139091467805 2.064317 0.831840805772837
444 0.388998 118.834031819912 2.0333 0.803590171479091
445 0.318104 132.712786462335 2.139867 0.809342115365415
446 0.369582 120.854555841834 2.069871 0.77496028955508
447 0.375872 126.203941576703 2.063773 0.829898039434922
448 0.498748 119.873453855324 1.865557 0.757620908710835
449 0.327556 120.173842520913 2.099409 0.791997809548696
450 0.387875 118.698922885548 2.017369 0.77659589012705
451 0.438457 121.155363478971 1.916031 0.781763118414756
452 0.401281 114.164962248855 2.015206 0.760759884238087
453 0.642953 101.177976782395 1.510774 0.637668583586213
454 0.526256 106.660660774066 1.802482 0.745526884050597
455 0.361432 119.482089755007 2.083692 0.804818894393319
456 0.438889 116.370651741597 1.934058 0.786622196113553
457 0.548725 99.6733718434391 1.733377 0.734134165462231
458 0.564839 117.397751824582 1.706884 0.782163490576908
459 0.339529 120.05945172906 2.103355 0.80038054024748
460 0.530783 103.651050432044 1.715418 0.750061707543835
461 0.401527 117.596789129793 1.941281 0.785647685662642
462 0.451794 112.925223080222 1.946632 0.745579240253153
463 0.495323 116.483624972469 1.843847 0.771425283655345
464 0.380275 112.12922784073 1.998 0.765675083193415
465 0.423852 124.861918920378 1.961588 0.801875021329588
466 0.483563 115.652386686518 1.84798 0.778815086496192
467 0.429358 113.817207501893 1.959395 0.79590866076577
468 0.357381 116.337789227905 2.079835 0.781658798648073
469 0.448412 114.002288520752 1.95115 0.770746871301747
470 0.361419 113.878597290106 2.012899 0.783923562873291
471 0.531947 120.304344009443 1.808678 0.785999551797547
472 0.499252 109.814512150713 1.84979 0.730004883460476
473 0.540669 113.947222658233 1.747197 0.795294505877426
474 0.462722 113.226759581492 1.915266 0.688871865831978
475 0.396574 117.22382630971 2.03216 0.784079450363353
476 0.387555 108.746685619193 2.037185 0.752595984050702
477 0.20438 129.718978645578 2.222688 0.824925522177423
478 0.461664 104.281910309248 1.876604 0.753058059512214
479 0.271479 122.091883967138 2.14936 0.814522592382358
480 0.239484 118.552967436131 2.210254 0.795264869764806
481 0.413387 111.475590500415 1.958461 0.766449861675992
482 0.500488 102.143081210721 1.802555 0.712505776974906
483 0.477757 115.11243323492 1.869087 0.792330359290588
484 0.327156 122.918547942122 2.122831 0.762330646478102
485 0.383035 122.471109896196 2.017335 0.80816162122183
486 0.482344 109.272237375709 1.910151 0.759871161267747
487 0.391307 109.884831659919 1.963483 0.765682699328849
488 0.479626 102.953787940981 1.857454 0.760563275556781
489 0.473027 104.983732012451 1.857434 0.767937575228192
490 0.307665 125.20792414385 2.149007 0.819232382450565
491 0.503447 115.964092586565 1.827087 0.772600154298742
492 0.324873 126.302407158028 2.129061 0.823495806606671
493 0.302439 122.942140912343 2.141657 0.802694277865146
494 0.421234 113.413910957889 1.959896 0.790695152759648
495 0.37635 123.531677265806 2.042804 0.770597432838467
496 0.396026 124.485429020509 2.023646 0.786968117971805
497 0.350571 120.096865838551 2.088987 0.793879733309388
498 0.343821 128.109674981023 2.111271 0.788087917140832
499 0.411162 117.841951467898 1.98224 0.721067201899406
500 0.360315 115.185052863113 2.065588 0.785018833006028
501 0.386533 121.240255608878 2.02102 0.811886476655031
502 0.407661 108.63014375954 1.99841 0.752509784265008
503 0.450013 119.767408726202 1.924953 0.795109348086018
504 0.393862 109.025932345705 1.987363 0.784211535180402
505 0.252813 121.22129707476 2.201381 0.83693502745951
506 0.423493 113.822673862923 1.989387 0.763362900616597
507 0.687261 107.018812389739 1.406256 0.71937049948968
508 0.440325 115.502759170846 1.947455 0.778342680733189
509 0.53014 117.402536475993 1.720897 0.694708195928239
510 0.450827 115.323170966093 1.957671 0.778520987737332
511 0.362564 121.915343600234 2.078045 0.809929982579838
512 0.561426 109.18655678016 1.731499 0.763188524462598
513 0.4416 118.682040165486 1.921875 0.78950450801214
514 0.311644 122.280952814055 2.115699 0.810868130305022
515 0.427944 112.699541614334 1.952667 0.745474460135401
516 0.450774 118.125973169474 1.928561 0.784713930507066
517 0.396489 114.777254289867 2.012809 0.790220043899636
518 0.451989 113.202864021822 1.945066 0.797343000781898
519 0.487282 116.905642927696 1.88865 0.789679751090175
520 0.506983 115.220325770271 1.783675 0.770530338964207
521 0.467106 106.786256964483 1.842468 0.649246431158093
522 0.395726 121.928206069546 1.986197 0.803303121168052
523 0.228595 124.418171020013 2.203907 0.815708686440468
524 0.63836 104.08706345206 1.560696 0.755444627656009
525 0.291702 121.340045222437 2.166184 0.776874185063647
526 0.612482 103.766884684285 1.61183 0.734347152017141
527 0.311539 122.443038778672 2.110551 0.793662551791844
528 0.461457 112.638450181246 1.878291 0.711617680002654
529 0.399701 111.895984281584 1.970252 0.742902276624066
530 0.594879 100.978567095523 1.647804 0.701948893163656
531 0.399516 116.884649881115 2.016181 0.791336642497589
532 0.379638 119.28334192777 2.038834 0.793233451174133
533 0.407326 120.946569532321 1.983537 0.778821790387045
534 0.461506 116.350144131961 1.905577 0.77170337596266
535 0.430237 106.312581506745 1.943919 0.759683546636226
536 0.475378 117.486089765611 1.84693 0.788695178466312
537 0.406267 118.465127229145 1.974165 0.815496097111933
538 0.387753 118.585764767255 2.03907 0.807060457724259
539 0.376428 113.78323476487 2.049544 0.78672085682015
540 0.453249 113.757276801724 1.942517 0.716450272448762
541 0.379821 119.223889104191 2.061044 0.814867794763855
542 0.489167 117.371696726804 1.85811 0.744359594989944
543 0.406031 118.158726944502 1.990742 0.740773412248875
544 0.41752 116.40091224211 1.98056 0.771681809581384
545 0.526449 117.400975560666 1.820572 0.797094895758288
546 0.24723 126.881003568686 2.207085 0.826425197634288
547 0.371666 116.098973066636 2.06173 0.793629701965307
548 0.460247 121.166128758503 1.929709 0.770342254161121
549 0.440942 108.624032554807 1.94242 0.771975276116606
550 0.412685 118.411197944677 1.978231 0.801038669478826
551 0.229451 125.506992059273 2.209482 0.805304221121977
552 0.4879 107.924365226412 1.86499 0.745255473422133
553 0.483387 123.397354247203 1.910779 0.754525739647401
554 0.281316 126.995749251278 2.147483 0.831335406631081
555 0.614962 109.101747373426 1.627546 0.719769227340009
556 0.299929 121.742663689552 2.155167 0.809470430362891
557 0.336878 115.524585937271 2.062795 0.78437103741158
558 0.354662 118.032674337581 2.084626 0.79919028072375
559 0.436075 117.201730644475 1.9509 0.723963798759104
560 0.597994 111.745056995901 1.676005 0.74746360324551
561 0.421837 113.828791770933 1.978322 0.784438466521692
562 0.537611 106.093835633865 1.779633 0.732433175593138
563 0.196079 124.970836428805 2.224245 0.835607793693692
564 0.419011 123.5786044102 1.949923 0.752770199938027
565 0.356611 125.673574437044 2.053062 0.801354057849978
566 0.246857 124.956545870914 2.196783 0.83171135919138
567 0.404444 111.959908631525 2.00022 0.803789026029612
568 0.304295 124.292026468854 2.133786 0.821109088233041
569 0.347945 119.337640175047 2.024508 0.73415607782839
570 0.416126 128.044366241122 2.017641 0.768196868853551
571 0.476871 102.743102635844 1.907235 0.750092229248838
572 0.479357 114.256893085728 1.824795 0.789467614379493
573 0.341608 126.961916543179 2.110672 0.786660340748605
574 0.374112 113.743672099529 2.022972 0.776280206343947
575 0.391285 108.650537540827 2.037092 0.784720958347401
576 0.541948 111.029059676024 1.767389 0.715325398812561
577 0.279192 122.483173053754 2.158771 0.826422116692569
578 0.570067 106.246502783936 1.649877 0.610042207401105
579 0.517989 110.596746851694 1.816598 0.764217905729635
580 0.40538 118.795376299218 2.013924 0.784244282037437
581 0.284418 117.717573679711 2.127811 0.825557123862788
582 0.478795 121.325744192673 1.865959 0.793111943340831
583 0.451271 121.848998471463 1.964782 0.793903327470128
584 0.472389 102.377788357999 1.865041 0.760652016068067
585 0.519436 109.36147758762 1.776704 0.739718060438189
586 0.490406 112.468121433449 1.883965 0.746696937408995
587 0.452669 110.321064417279 1.929099 0.759837463872082
588 0.467359 110.126340653278 1.85601 0.806367374450322
589 0.537567 115.200337424062 1.78983 0.752524567656319
590 0.403627 118.140018201856 2.028187 0.766237230746154
591 0.447926 108.39938323068 1.969977 0.781842320097156
592 0.611529 107.129368228117 1.594661 0.686189555411147
593 0.325747 115.78936598267 2.130458 0.77275670503531
594 0.568043 113.527299335989 1.709225 0.75865006318564
595 0.330149 114.505586384139 2.119525 0.783949553504793
596 0.418865 116.039455826446 1.975151 0.791490521958569
597 0.233768 124.749152667052 2.188694 0.820940040832207
598 0.364434 119.831058950999 2.035612 0.772966934335831
599 0.268304 125.139969852625 2.179122 0.838117850990976
600 0.53851 111.910422244099 1.77677 0.771476576743974
601 0.553855 108.944271604831 1.76185 0.746781111348498
602 0.284608 112.764425311503 2.17036 0.78803174428598
603 0.339015 110.084018985334 2.048097 0.777778484664666
604 0.332758 125.08444001422 2.107716 0.811179462984745
605 0.456691 113.450281039173 1.869698 0.741438914966617
606 0.223335 120.399663435468 2.210449 0.829093961816285
607 0.398291 108.574820931314 2.008548 0.733717825872648
608 0.53561 116.422858081588 1.789421 0.744604515241053
609 0.440444 112.002111451201 1.91771 0.780486732673153
610 0.24091 124.418795012153 2.137563 0.787734459294103
611 0.481078 106.083289527179 1.893671 0.738317024946316
612 0.278338 121.748716536672 2.15138 0.79951098685607
613 0.310898 121.015953489979 2.140781 0.826179528380416
614 0.502377 110.675600742064 1.787235 0.770494613653851
615 0.350398 121.770086691322 2.086765 0.806470621031557
616 0.501589 112.940973558806 1.854987 0.799989664881316
617 0.272008 124.803254678891 2.149207 0.799493988955019
618 0.364502 122.835247238155 2.061886 0.781496102751555
619 0.423552 118.946969164491 1.976922 0.765310122884307
620 0.466438 117.590545158981 1.925479 0.774543121120233
621 0.48072 100.944465703435 1.851359 0.775218754828186
622 0.392209 120.878014717861 2.044566 0.736450052541526
623 0.657475 112.673635706803 1.479439 0.71998671753612
624 0.45157 112.491625408752 1.92668 0.751025608337809
625 0.450413 107.075089671149 1.950576 0.775360565746073
626 0.63038 111.921350533838 1.533817 0.773668955732171
627 0.671835 114.253964210292 1.457323 0.626464117525034
628 0.54139 109.943514405988 1.790944 0.752072669354146
629 0.389592 112.949266221037 2.008934 0.798605127614911
630 0.550086 105.707997351293 1.755449 0.747351533509573
631 0.499515 110.414185213672 1.807068 0.729825059421618
632 0.365412 121.311451196976 2.068302 0.80119423196327
633 0.415832 108.491389019798 1.96734 0.778169683859142
634 0.483117 103.764749544035 1.894239 0.770020011692492
635 0.415131 112.563723495357 1.984732 0.771753507475737
636 0.433161 118.533134223082 1.981003 0.768690785540711
637 0.350309 102.888420278808 2.099119 0.802610712924807
638 0.413718 112.558878739728 1.970364 0.783250121276531
639 0.319453 116.125433991358 2.109157 0.78905939059052
640 0.440987 104.436680532198 1.89637 0.756047490613899
641 0.348106 117.552302667334 2.079662 0.783042418811663
642 0.591887 115.560703284708 1.652654 0.716985882790783
643 0.474993 107.334618232346 1.865071 0.749417768629878
644 0.478626 112.500003143386 1.884252 0.768549135541383
645 0.600333 104.750110863574 1.660672 0.707674669446273
646 0.459312 103.936603103951 1.906234 0.716199001779752
647 0.395539 98.8192587797108 1.95206 0.783925922721303
648 0.359527 124.982832839188 2.089206 0.799089729037441
649 0.366493 116.154349451301 2.054928 0.78950214988915
650 0.476428 105.687753749316 1.865276 0.766169980193579
651 0.525796 116.582924858641 1.770922 0.74760386827408
652 0.47846 109.994844485985 1.876428 0.71865000368277
653 0.290515 121.799050313103 2.153586 0.826599904963383
654 0.492414 112.341481037404 1.87505 0.746891576187973
655 0.50888 101.921182485439 1.814569 0.683048541247119
656 0.477171 122.24476751815 1.91211 0.791469549176402
657 0.381253 115.051315539245 2.039298 0.790613753352436
658 0.429741 116.741391269023 1.93155 0.787907217959818
659 0.461147 110.294770019711 1.911157 0.761738591374993
660 0.281261 125.036958783943 2.176028 0.78917583885649
661 0.379805 118.249539597829 1.992562 0.791497884989507
662 0.524537 115.552582597824 1.830923 0.76813631887957
663 0.367757 121.686789191034 2.032309 0.819975623776231
664 0.34759 121.892949532636 2.074442 0.814220965364175
665 0.349757 121.453973470066 2.078051 0.802051194976278
666 0.492612 107.822458034655 1.860505 0.709692840359917
667 0.268308 123.874375732344 2.178001 0.815470854865795
668 0.467286 121.253306644366 1.916042 0.770671421788523
669 0.33493 121.117995801811 2.114039 0.771165551134457
670 0.42523 109.782022467976 1.94645 0.713385936817152
671 0.385085 120.059001947875 2.013509 0.80344806027585
672 0.488432 115.287095333677 1.884289 0.788445258395656
673 0.463889 112.643895103691 1.920576 0.752170188189819
674 0.248606 128.047440698493 2.202422 0.831563991858611
675 0.509376 114.222656539927 1.835069 0.778744395000703
676 0.501823 110.111144773081 1.825156 0.694101438356566
677 0.31236 128.307150978996 2.140945 0.805870491539876
678 0.233769 135.386283831418 2.215606 0.858918745656607
679 0.43383 107.924026635445 1.913526 0.762259348599974
680 0.362227 119.878436599488 2.023438 0.782743709268775
681 0.44152 120.519851114619 1.943561 0.748716586418422
682 0.368415 122.005815384649 2.062202 0.805633155194027
683 0.641157 98.7451484023792 1.541019 0.736237057378804
684 0.447653 122.123193289664 1.964185 0.79824835788669
685 0.600001 96.5139891951807 1.643159 0.682589079933228
686 0.419504 117.42480575656 1.992585 0.784906194177451
687 0.419741 115.869489023203 1.952456 0.735709425459778
688 0.424501 116.894726618408 1.998389 0.791685429224055
689 0.429532 115.201969094123 1.998661 0.798185147560523
690 0.427019 110.907203873851 1.940447 0.761497334689996
691 0.553994 116.625520315694 1.748552 0.745685224024318
692 0.424216 106.667515108925 1.998173 0.79718719729264
693 0.369628 124.884747401168 2.076279 0.819292945788951
694 0.630836 106.770119393525 1.532528 0.738752974989906
695 0.318083 112.643280679944 2.076432 0.789474927963931
696 0.433967 113.916810918409 1.946427 0.802252678246724
697 0.495149 99.1449803034509 1.867548 0.743114710599519
698 0.490564 103.394864250604 1.875287 0.725879927197234
699 0.387426 108.942694356356 1.979576 0.762555974899775
700 0.459027 114.632551172897 1.91979 0.77534183136512
701 0.412075 112.989095275682 1.977728 0.781519181139116
702 0.276151 119.312589497003 2.143712 0.766766077766812
703 0.424559 119.700275221011 1.966388 0.775367567460243
704 0.508893 108.031614808494 1.817309 0.754658642891999
705 0.570214 119.955454081965 1.727027 0.757852244040867
706 0.448355 120.191389353341 1.91336 0.764335508642748
707 0.450301 121.970338017503 1.918081 0.769588140691639
708 0.371067 127.325473448523 2.063869 0.785016391848061
709 0.495005 104.319996970556 1.857055 0.713577528273417
710 0.249868 131.203930796034 2.203629 0.827398192713545
711 0.242377 123.618019954379 2.195296 0.810424243556075
712 0.518064 103.031138730343 1.773452 0.760409650752548
713 0.458856 110.912143688037 1.90712 0.761877355869171
714 0.311323 119.142895364666 2.120043 0.794595675338068
715 0.399531 113.520882473133 2.03012 0.773631157604989
716 0.404884 117.105237271311 2.007397 0.777345595201363
717 0.403364 109.159394454885 1.98159 0.759735947252067
718 0.446789 115.030171034865 1.951632 0.761421809714326
719 0.410223 112.031144119975 1.994622 0.78995759332433
720 0.4208 108.073022111473 1.90267 0.767199666593523
721 0.318061 117.119066801318 2.112252 0.816148866058277
722 0.375734 121.060417516676 2.05478 0.777512876872392
723 0.408867 114.590235349927 2.004373 0.788513204468436
724 0.33626 122.868179081591 2.081092 0.803928469122464
725 0.60121 104.623440687705 1.642526 0.722705873876175
726 0.475004 114.673418960356 1.875652 0.755435312733745
727 0.549537 117.841212998692 1.746558 0.754130537989512
728 0.408413 119.7715625951 1.997635 0.790682163431088
729 0.438584 118.750631230701 1.939025 0.793725679232528
730 0.373918 114.340119009521 2.035605 0.783858863550725
731 0.272447 129.861805043407 2.168406 0.849421871799789
732 0.375297 109.39753568665 1.984693 0.786398533215548
733 0.428077 115.884667693164 1.944974 0.761785506996684
734 0.548749 111.953463735932 1.778213 0.750081003096961
735 0.273934 117.715823604147 2.13529 0.813959719898061
736 0.392231 126.294895230898 2.046033 0.855173354914772
737 0.484761 120.699069978721 1.863905 0.803890802403509
738 0.405897 118.995378833297 1.964551 0.77711035147134
739 0.476001 113.326342979114 1.867677 0.761611977745967
740 0.606189 103.228934081228 1.622047 0.7176895251636
741 0.628942 112.582968404516 1.581214 0.725561078227423
742 0.353462 117.034950395279 2.000841 0.757205210473939
743 0.513706 104.356229116455 1.76833 0.744686773942608
744 0.297286 125.867434707704 2.137142 0.835131948500026
745 0.497904 113.679538756126 1.815525 0.725647129143295
746 0.451989 124.713040728707 1.960598 0.77744418971429
747 0.474143 118.429311016907 1.894144 0.750140470347289
748 0.438052 110.411287651914 1.915696 0.716549369533218
749 0.265957 118.064594735175 2.119474 0.793789698100299
750 0.493477 111.574461389285 1.887054 0.772070585871922
751 0.474429 118.068189673006 1.875095 0.778920807893603
752 0.269938 118.124933161589 2.148752 0.794467617614032
753 0.522898 113.771874487927 1.818799 0.734190830691988
754 0.409879 119.408917914628 2.021999 0.789154994031966
755 0.446359 120.343762363607 1.961571 0.809601037621785
756 0.46625 117.618042398521 1.914997 0.798089722635398
757 0.474028 111.053268063796 1.87424 0.760589191857145
758 0.380533 118.366907758963 1.978725 0.776691096506998
759 0.493848 118.41764263712 1.870908 0.724320091665147
760 0.453524 118.474262628563 1.90274 0.803331809588554
761 0.431478 117.711781196926 1.929052 0.76022463479071
762 0.375273 116.060076716268 2.062457 0.773636162846728
763 0.39057 117.176075388597 2.046101 0.665264998265046
764 0.317667 116.010160325943 2.120576 0.790827912381991
765 0.346059 116.515338696023 2.068326 0.825316921793738
766 0.356954 120.963376892247 2.069749 0.76058943554207
767 0.599693 110.658815206961 1.648652 0.7468916461703
768 0.31375 118.975066218157 2.118095 0.815177754895752
769 0.43082 110.35802455861 1.943113 0.743953774211134
770 0.391047 132.264691414179 2.007737 0.824378514520738
771 0.350612 113.640066903207 2.069864 0.784434531573192
772 0.7242 98.1409620672782 1.292839 0.644633894949795
773 0.513984 109.225366853761 1.790807 0.750688683282478
774 0.508502 105.856515742135 1.816579 0.767059275173436
775 0.430898 124.902395996471 1.982918 0.791758260069453
776 0.441401 107.831766373378 1.908891 0.748414711640254
777 0.484836 115.907039388488 1.898176 0.794264548758773
778 0.400576 109.678798279339 2.035482 0.772956989542778
779 0.409215 114.792883663813 1.980276 0.740135917206105
780 0.463741 124.316059196865 1.888779 0.772514006360544
781 0.48193 115.51814980368 1.872791 0.746751223037092
782 0.257987 126.869582801029 2.189918 0.821190576662179
783 0.500363 109.660819794661 1.865316 0.739519970907129
784 0.34928 117.687645654807 2.082458 0.78086251765337
785 0.504093 108.541148620134 1.787785 0.726448774559615
786 0.158908 132.277659129215 2.260906 0.835269405767148
787 0.466823 115.41217642263 1.919418 0.75620799014295
788 0.358168 120.643250350259 2.074683 0.794128585778969
789 0.343745 123.676731295109 2.094016 0.800642327197582
790 0.318984 108.918867525218 2.111414 0.801239910530836
791 0.404672 108.75080621782 2.007043 0.745369264064233
792 0.40965 122.687501798305 2.027923 0.787884131652632
793 0.479574 122.698473317435 1.910563 0.737371308960036
794 0.352571 122.337465752326 2.083345 0.818323535633157
795 0.330903 116.571168966134 2.113858 0.787599310596456
796 0.395893 110.350268543726 2.012779 0.764603760905791
797 0.433815 112.277068591126 1.968235 0.749541942413729
798 0.628253 111.053641534489 1.571838 0.701666573694457
799 0.380601 118.320607657946 2.023436 0.796412171854973
800 0.490972 114.323792484722 1.849371 0.763331804402912
801 0.463939 112.87716521501 1.919987 0.762990641562556
802 0.565244 113.987567467726 1.713698 0.776055315809832
803 0.405496 116.515288606398 2.014605 0.784926655163948
804 0.665757 110.768326601906 1.460303 0.746895634760217
805 0.507813 116.502227224243 1.829896 0.735111743514249
806 0.464716 122.717649052662 1.939348 0.763679998365373
807 0.331206 108.181847196044 2.085967 0.741476831598324
808 0.331037 115.115249591187 2.078763 0.74961875168286
809 0.516047 112.48981712479 1.785265 0.717667562647522
810 0.476012 114.612019220548 1.853944 0.765304456010856
811 0.368322 108.053970980986 2.025013 0.754689956493936
812 0.334675 123.694218206267 2.093587 0.802126348200261
813 0.338491 124.114439453776 2.110474 0.808112340152197
814 0.348364 120.691381703983 2.103428 0.772924805317918
815 0.417935 108.25658956826 1.980576 0.754053447734669
816 0.53739 102.700828991829 1.780537 0.735417568063198
817 0.352144 113.125091041385 2.035796 0.768428082348718
818 0.250378 122.256531294426 2.197478 0.84678802345546
819 0.358779 118.338452481989 2.029814 0.799543270644822
820 0.393577 116.34732426781 2.020365 0.807135207534437
821 0.386759 124.514075826435 2.010018 0.803983612347316
822 0.496101 118.066043253859 1.86638 0.795454293203158
823 0.4519 109.361227844962 1.91602 0.785259491244493
824 0.459824 116.945628779244 1.908828 0.766028045180711
825 0.372403 121.084524510794 2.071986 0.819152580641234
826 0.354727 122.219244256047 2.088355 0.829548162773676
827 0.47465 105.663039469874 1.90681 0.777606745531187
828 0.328931 114.93405099084 2.058091 0.805649857514583
829 0.393377 121.431601767822 1.962913 0.798162570535675
830 0.407683 119.270623839509 2.012584 0.788831313356557
831 0.529594 119.414025596969 1.776324 0.759598643225575
832 0.373146 109.940769455432 2.009526 0.738609580794233
833 0.44779 111.529774123222 1.941003 0.752604961346047
834 0.49862 116.917192504412 1.842971 0.738659150657992
835 0.504498 109.531513376064 1.828125 0.768539870367486
836 0.5846 108.695940186987 1.663216 0.743084884801567
837 0.611217 115.513471996906 1.634196 0.768315056138873
838 0.500602 116.162291517945 1.852658 0.77106521280755
839 0.395764 126.193725375345 2.020543 0.813666742009366
840 0.416442 108.234807660837 1.973958 0.752512500747691
841 0.557886 106.048994668228 1.687003 0.7097167474697
842 0.447854 115.909950140483 1.958544 0.717205888150837
843 0.369173 118.376048516173 2.05689 0.789713933329794
844 0.461961 113.035641608273 1.891293 0.785771455079587
845 0.59502 104.448294753191 1.668072 0.71091354809175
846 0.339205 116.507136183467 2.083919 0.772300650150184
847 0.361265 114.922981457016 2.074441 0.790157745701626
848 0.470605 119.627757976646 1.924263 0.787016311448971
849 0.370919 124.862058496596 2.081593 0.831953620864874
850 0.594453 110.802221509477 1.670345 0.772389095910763
851 0.411001 113.141053382011 2.016367 0.754197620777672
852 0.246867 131.305052405156 2.194228 0.847405606615008
853 0.379407 116.060524872394 2.01539 0.790050182439157
854 0.612236 95.3157941714981 1.621175 0.726173552325824
855 0.390842 118.720950500931 2.018407 0.762784074108679
856 0.493889 110.393327116588 1.750636 0.712487260798548
857 0.514637 113.504363661845 1.845515 0.761454073352197
858 0.336433 124.012575611265 2.113985 0.815771291005576
859 0.541929 111.4917887919 1.768123 0.76353565830209
860 0.329567 117.674937503844 2.122733 0.802880954868227
861 0.581109 100.202015259524 1.665307 0.73970653649973
862 0.465827 111.049765504774 1.926747 0.750964109818249
863 0.19739 129.042521679967 2.204476 0.818759948304396
864 0.55235 114.963859671386 1.741234 0.757695436537551
865 0.545413 104.725322815265 1.747928 0.751178365050263
866 0.507097 110.757848465868 1.797255 0.781525451670991
867 0.449361 117.358616096625 1.96185 0.762328095982725
868 0.460263 114.739434547138 1.902347 0.747660013971033
869 0.513353 117.683064144696 1.832754 0.782379576124497
870 0.255251 118.913043758292 2.186468 0.792146433698356
871 0.329983 121.49798766885 2.067927 0.792446042292618
872 0.413797 121.611333366185 1.970987 0.761868626293554
873 0.669028 104.593349439463 1.436692 0.709149627804197
874 0.493274 114.973485760431 1.850001 0.773108390614279
875 0.428646 117.104329909165 1.915703 0.792387407061275
876 0.354802 117.740858984459 2.048268 0.781405490017941
877 0.218718 121.305308083975 2.196616 0.820252045188987
878 0.353661 113.919312527117 2.076003 0.779800504588702
879 0.336802 117.701431899384 2.076273 0.805374974350762
880 0.530448 108.938420966899 1.786319 0.750722602448903
881 0.495046 118.467917286446 1.851319 0.732175164394152
882 0.609725 113.646518466373 1.641788 0.732405293996286
883 0.533024 106.320056389149 1.775215 0.760521381121667
884 0.393055 108.625115294647 1.999476 0.793871926847589
885 0.390153 117.413190464509 2.031483 0.789322122624719
886 0.442276 113.273044195763 1.95265 0.726430186474081
887 0.392164 117.140645262154 2.020841 0.826416534036933
888 0.36794 109.840543636712 2.032183 0.78014447012828
889 0.549521 99.439973500519 1.706948 0.703872412394997
890 0.483687 103.827252602615 1.881407 0.748710903204178
891 0.466646 109.623324772674 1.879287 0.772102401056527
892 0.447216 120.053032564983 1.957271 0.774330923185403
893 0.436258 110.957783519423 1.985503 0.783922796018801
894 0.407649 121.812451694238 2.021153 0.785045193584972
895 0.418138 120.709019180805 1.993208 0.760163673873211
896 0.563041 119.436387890557 1.739167 0.707555751829079
897 0.461363 112.52098937834 1.899124 0.715744461309915
898 0.376928 113.024697321921 2.046753 0.748625960712099
899 0.326266 112.679171807313 2.071839 0.776560523805871
900 0.424093 124.570290474178 1.994673 0.812979286359156
901 0.300718 117.569309354671 2.094631 0.752560257588895
902 0.425643 116.766898475124 1.895341 0.765904674473325
903 0.578011 102.689223612124 1.649317 0.737097667661918
904 0.470656 120.575840026869 1.930715 0.76293858054955
905 0.371865 121.302111311929 2.070109 0.786190201312694
906 0.364827 122.066910613637 2.071049 0.828723866363273
907 0.312123 118.392061978451 2.09583 0.775328980451245
908 0.376503 120.072808657303 2.039089 0.785119954219791
909 0.449777 114.466801523302 1.944774 0.775777781100086
910 0.384693 115.98168439477 2.029646 0.795459641435832
911 0.453625 112.041233183843 1.897151 0.743643191934019
912 0.521654 104.918105767197 1.776226 0.733020880561301
913 0.391415 118.47602841808 2.021771 0.788766769389049
914 0.483689 104.720182123699 1.87353 0.66040569406378
915 0.600717 112.938310334708 1.635504 0.759395540831788
916 0.508126 116.743317940829 1.850355 0.754837998934736
917 0.483721 116.283343452881 1.893218 0.77264644949287
918 0.630602 104.236874753337 1.567761 0.681003224956548
919 0.380263 113.857286487913 1.973019 0.78380788487083
920 0.417453 116.637857000872 1.983664 0.775801343445286
921 0.497226 111.205793916023 1.855215 0.719438595500489
922 0.300577 121.851754333681 2.150617 0.771063287186231
923 0.560378 104.710379701765 1.723426 0.754576458960702
924 0.373547 112.905700919123 2.029175 0.763825880229152
925 0.209201 126.64881833746 2.220488 0.828911765377077
926 0.404397 121.79331219278 2.028747 0.806802581270759
927 0.506012 118.468245353286 1.866644 0.792668861766141
928 0.435163 113.232816043921 1.951264 0.778877978638508
929 0.309323 121.291960326619 2.141034 0.795551257003679
930 0.464248 105.824542540743 1.913602 0.726598590372876
931 0.35977 118.773398068092 2.043437 0.752978759067345
932 0.322716 125.153568004441 2.132042 0.814148531803184
933 0.4375 103.516528920218 1.918703 0.743883908544029
934 0.388289 115.741317305805 2.044008 0.775615395348459
935 0.386734 124.234581170487 2.00617 0.775924329974376
936 0.498186 116.822883570252 1.855272 0.753682941884345
937 0.420767 106.471295157508 1.946301 0.757134570247214
938 0.372093 112.480911645848 2.060375 0.743596889430184
939 0.411018 112.332749528328 2.002165 0.768467999132448
940 0.36091 115.032842899265 2.053691 0.784897060696209
941 0.438724 114.431252460547 1.967744 0.777981605074714
942 0.302102 117.129059606003 2.117264 0.783178392036765
943 0.260122 123.068825541764 2.179265 0.78591205321307
944 0.465143 112.741068352655 1.904616 0.760294999246874
945 0.416631 120.224745091377 1.993626 0.802315375153497
946 0.335354 119.323052349115 2.091775 0.791151523246717
947 0.465151 113.567676301149 1.903364 0.760869564428074
948 0.364395 124.222909593161 2.033695 0.801706777692094
949 0.374148 105.463449673521 2.044385 0.757968812440795
950 0.539859 110.856651388441 1.778702 0.740559199732272
951 0.30449 109.614778444115 2.122305 0.781861764612609
952 0.476572 115.660245495996 1.89152 0.795265721972443
953 0.415093 124.511155756957 1.966915 0.788516939638773
954 0.338423 112.145652082996 2.083343 0.759422677653786
955 0.455924 118.177160755673 1.950948 0.765806154216068
956 0.441646 118.550786911733 1.925129 0.779694196651365
957 0.315563 109.798730937002 2.102807 0.770184842418847
958 0.422912 105.559620331666 1.978536 0.778431373808165
959 0.501643 110.189424853684 1.837762 0.725154531645389
960 0.35441 112.054555928885 2.046256 0.786965632927628
961 0.491533 115.447634945708 1.874348 0.785100780952448
962 0.412282 117.696768859822 1.980836 0.780277391419059
963 0.370875 118.579539588316 2.045263 0.802337496333837
964 0.584903 104.187305035075 1.662678 0.717047587245105
965 0.23047 125.665083549341 2.209549 0.833492495286625
966 0.455255 120.530994980388 1.940071 0.786989279452075
967 0.367401 119.678234495126 2.059709 0.800141050567356
968 0.408363 104.418139988868 1.909178 0.74675291124019
969 0.346837 121.538412695004 2.105405 0.74463515688832
970 0.405383 116.503571397606 2.005598 0.765634274455177
971 0.404361 119.566287601213 2.001069 0.791972083949457
972 0.430373 112.276198638264 1.936497 0.77670264348107
973 0.281413 121.277389958236 2.139984 0.785161381154438
974 0.404479 116.984369868159 2.000109 0.77923589731753
975 0.49722 110.253583062779 1.858051 0.75567282761192
976 0.486922 112.801557212986 1.853245 0.781452972893247
977 0.414041 117.194995599696 1.999919 0.7574271502221
978 0.365656 114.483357089802 2.018535 0.778310175855691
979 0.468888 110.593763383724 1.900823 0.744231176586788
980 0.430369 115.831294105038 1.997865 0.778723361852647
981 0.342683 122.923592078035 2.069969 0.818526873445019
982 0.357527 119.868348629928 2.062938 0.798147259900246
983 0.357651 112.095872683966 2.037808 0.774102748510438
984 0.488901 118.19943006271 1.867746 0.811043275670909
985 0.347742 124.113454336345 2.099632 0.796867816712515
986 0.468 101.642042730203 1.845251 0.74312683101486
987 0.376342 110.691632942471 2.016116 0.760672315064159
988 0.393097 113.266927769306 2.019585 0.801178836947751
989 0.608203 107.683953396972 1.605082 0.742547032678619
990 0.494548 111.55238067324 1.890351 0.706797081523991
991 0.430152 112.879682405007 1.903546 0.728520979061307
992 0.451813 110.083207813342 1.910992 0.75594022744355
993 0.364816 116.594874149705 2.051295 0.807764060530128
994 0.436002 110.578947135646 1.951161 0.76443442082415
995 0.540085 107.602060043707 1.747706 0.699433343936227
996 0.351104 119.57501855599 2.07894 0.812001931479807
997 0.385094 119.785566442332 2.053248 0.762172755087662
998 0.373129 104.882967359836 1.990728 0.766497037918583
999 0.332748 121.579694617573 2.104014 0.794540591669489
1000 0.429372 114.663161155572 1.959467 0.78337450368269
