rep aei_left left_area adi_left H
1 0.430383 124.512687205951 1.973332 0.778138282945202
2 0.481176 113.429001572554 1.854192 0.794984876543401
3 0.402395 120.565942299187 1.988252 0.805324079496453
4 0.237686 131.664777906726 2.182913 0.864413801234019
5 0.341665 122.279012565327 2.067455 0.801334294418928
6 0.348616 123.545048233105 2.104875 0.79631080095424
7 0.290273 116.878208450084 2.132996 0.802257445146565
8 0.265615 122.885540998259 2.180277 0.838436757954202
9 0.406109 123.403012126232 2.012668 0.803963308197834
10 0.471938 116.675969743616 1.874902 0.728421785717094
11 0.33171 117.975486086821 2.08683 0.809287668869475
12 0.4341 125.888916015748 1.964733 0.81090613943199
13 0.431733 112.828026338685 1.96344 0.80125504361094
14 0.3665 117.207411049287 2.072202 0.791462923977065
15 0.305784 120.602408184526 2.135757 0.806342530186828
16 0.265532 124.319629433734 2.148638 0.828867773111034
17 0.4087 114.751609798704 1.974097 0.801896278801427
18 0.4681 115.80547629974 1.89056 0.81379196001852
19 0.252584 120.666054465918 2.20245 0.839633151844832
20 0.445681 116.483430122873 1.887995 0.783681669099376
21 0.345925 122.853061207535 2.08182 0.809679569781961
22 0.442136 116.528778182161 1.958407 0.816841148326172
23 0.365285 118.033489412534 2.041376 0.817570919447004
24 0.403819 116.755205875022 1.962534 0.788164321520153
25 0.471605 115.569566976258 1.872303 0.787562878943223
26 0.396564 113.47209547106 1.989949 0.801184099231344
27 0.450092 120.908364421909 1.930458 0.78457072476662
28 0.370813 115.513560254675 2.05776 0.797669024408662
29 0.437716 125.135184866354 1.972158 0.854115964695493
30 0.271103 116.726557033778 2.13112 0.795052164308553
31 0.594943 115.899456043259 1.663691 0.777655869342324
32 0.502885 118.181137778809 1.808129 0.798377187808681
33 0.322128 117.37887818171 2.096307 0.818530749558678
34 0.410859 120.620708900087 1.97461 0.814730457150765
35 0.393969 117.457508894044 2.023281 0.793320759640462
36 0.217775 125.397052217602 2.220196 0.846754180218126
37 0.18033 125.127681893533 2.250338 0.849573892998214
38 0.393651 123.910104609532 2.016603 0.831962562785848
39 0.383861 119.314304963364 2.005356 0.802881600944627
40 0.519425 125.729344763883 1.810345 0.818751794257554
41 0.286055 124.809763954225 2.143877 0.816439270349947
42 0.404251 124.645502889923 2.032127 0.848823925215302
43 0.279037 119.317886927237 2.169186 0.825368033101544
44 0.364778 119.553479363929 2.043564 0.820847360853766
45 0.314368 122.146034324149 2.131115 0.826807417534661
46 0.560052 115.836833046606 1.721525 0.765646188531362
47 0.366486 116.866967741877 2.042265 0.812502378419667
48 0.408199 115.110402724161 1.992664 0.76373963356452
49 0.384579 125.059370810158 2.058192 0.804631043501571
50 0.420392 117.654804692838 1.971286 0.804582549006939
51 0.336794 114.926359440371 2.084415 0.812034667619125
52 0.289611 121.482016731956 2.138366 0.825300903803016
53 0.467119 117.171361069566 1.883827 0.797543929500655
54 0.393923 121.14264927109 1.993617 0.791613506052359
55 0.405528 114.385295488157 1.986469 0.79382949217421
56 0.424657 119.192016912172 1.980801 0.805503282797073
57 0.47355 116.723038211114 1.896689 0.767626296020754
58 0.468878 118.810920323077 1.925934 0.792368181312099
59 0.458572 111.168667951139 1.869725 0.765645483398846
60 0.326214 114.966604888149 2.08944 0.804409235883817
61 0.265699 120.864325542748 2.178965 0.821246255701355
62 0.413965 115.570886355757 1.977204 0.822245147941512
63 0.561132 108.966270246263 1.708786 0.769718850794526
64 0.352856 118.444469965955 2.067688 0.802691843758873
65 0.421957 118.972486780677 1.966594 0.797372142521615
66 0.372015 116.021292506098 2.012611 0.799029538996614
67 0.337074 118.649332361042 2.108604 0.794453386913379
68 0.295564 126.115453776589 2.138341 0.85230617438811
69 0.394665 111.320114714259 1.989952 0.797378614813365
70 0.45506 107.983572331394 1.884135 0.766879533626054
71 0.424348 119.418523614053 1.985985 0.803905783811226
72 0.40463 117.728399074756 1.992727 0.818820407239662
73 0.386673 120.92128398451 2.024041 0.820661766076159
74 0.45228 116.362354537884 1.901613 0.792565475775413
75 0.398588 120.089402464643 2.009965 0.802973170060661
76 0.310082 118.846452741691 2.131228 0.836775894065119
77 0.555279 111.051793734633 1.768011 0.763373688609396
78 0.355012 117.669507239467 2.084632 0.830604499562805
79 0.343356 118.136764296334 2.053104 0.822483074831389
80 0.393265 114.263550739387 2.038757 0.795099905435446
81 0.563694 109.737493842919 1.665165 0.774146658698956
82 0.446659 122.412652195113 1.951858 0.790543532740821
83 0.574351 121.346426437098 1.698083 0.789158178836765
84 0.35084 114.158308432812 2.053025 0.808795338089254
85 0.404525 115.904462566214 1.997198 0.798577543792965
86 0.456478 117.876603639237 1.915443 0.78705195409195
87 0.356867 118.438133206604 2.050059 0.812762711867362
88 0.260768 120.743767185434 2.186092 0.810525872561073
89 0.527859 118.30705768262 1.78469 0.81630227692036
90 0.384027 110.352155367374 2.004064 0.799462302320501
91 0.444946 112.849148940975 1.89029 0.79917884167328
92 0.396962 120.0988893967 2.016464 0.820678604977101
93 0.420164 114.945923490025 1.982709 0.784687625720483
94 0.262014 122.66900908207 2.178518 0.85708035697
95 0.370021 114.565534856806 1.998156 0.769037709282992
96 0.559372 104.96616516528 1.738894 0.734851899310411
97 0.419766 111.52279608613 1.958099 0.794327070158165
98 0.438296 119.442860751748 1.963941 0.774061913330579
99 0.253663 129.486511880605 2.159827 0.846130794340314
100 0.363911 115.924772143853 2.074414 0.808389215610034
101 0.415559 123.100000183374 2.01853 0.827864452572934
102 0.30731 120.26058025339 2.132667 0.834431395675845
103 0.486576 112.053150063751 1.798208 0.809691181244178
104 0.328864 120.930236599217 2.087678 0.818450442523624
105 0.457823 111.728322899796 1.906544 0.759382236408202
106 0.366905 110.957387007613 2.029363 0.768424220397194
107 0.418558 115.116652449607 1.930293 0.804970657329893
108 0.485346 113.306135723871 1.82945 0.774833110489759
109 0.448199 111.713194284148 1.936344 0.784707086321845
110 0.432765 113.669699050554 1.897526 0.791148892565485
111 0.346066 117.074355513918 2.052103 0.790571090977498
112 0.44038 109.478692337242 1.890609 0.769308839569744
113 0.393565 114.689443481939 2.033563 0.807725816685227
114 0.569257 111.698234679848 1.711323 0.741859701220996
115 0.385001 116.608772822293 2.015338 0.816453787621745
116 0.36763 123.256190487184 2.07316 0.807587424228526
117 0.426758 111.233938251036 1.947276 0.792282720084892
118 0.388504 109.112639657939 2.010601 0.792628665654381
119 0.435794 118.16289966921 1.939214 0.770324272751611
120 0.431982 120.083503910613 1.936424 0.76847255774251
121 0.270213 118.167321674002 2.123225 0.807571153304851
122 0.418722 113.827021378101 1.969488 0.811499977887538
123 0.338858 124.937133270201 2.116224 0.79479795867071
124 0.419579 126.154432806505 1.987242 0.823781125666623
125 0.3995 111.19341335278 1.985938 0.786026229210786
126 0.388054 108.645955177902 1.974731 0.785325746357632
127 0.490861 117.835010624949 1.843985 0.76562663244209
128 0.359017 124.224328087858 2.081078 0.811503971872188
129 0.378646 119.52875459535 2.02595 0.800434549380269
130 0.366974 118.656521744344 2.036733 0.811032465214695
131 0.306578 125.545914729887 2.091531 0.826394187110548
132 0.406191 119.249244731341 1.939117 0.821748235213844
133 0.332304 121.475924156518 2.1225 0.799995592064291
134 0.286861 128.972081041248 2.138306 0.839619847710505
135 0.238101 115.66065817544 2.171722 0.804022991151426
136 0.40089 110.47139224162 2.01238 0.779633074150934
137 0.395607 117.438812241863 2.008668 0.812178529796956
138 0.328958 113.274238744933 2.097545 0.79357631791815
139 0.397437 120.196254210803 2.034292 0.783837819824011
140 0.26347 129.369018696673 2.171295 0.818989174871751
141 0.263792 127.509217748384 2.188749 0.84214890476802
142 0.444202 118.844032208617 1.940073 0.782839216389145
143 0.410046 118.79726799927 2.001937 0.806143915790611
144 0.269086 123.737306660926 2.175406 0.814285546343475
145 0.343464 117.161742888213 2.065552 0.758000074126165
146 0.363376 114.726569959912 2.05082 0.805915052710181
147 0.335513 117.499402232469 2.066415 0.824840904873025
148 0.542225 114.396749254413 1.748821 0.817627480713022
149 0.33243 117.034902809705 2.060259 0.801974507910418
150 0.358215 117.08753738282 2.047838 0.803733305087694
151 0.473714 116.203247305154 1.855473 0.767252001753924
152 0.425106 116.677791819762 1.973704 0.797189003141154
153 0.352911 117.116754298441 2.046448 0.828193522471611
154 0.407898 118.090572604404 2.024462 0.800402211898619
155 0.32055 127.370042607907 2.117408 0.847481568214078
156 0.525436 105.742923891508 1.794163 0.757008712795212
157 0.454812 112.46259619399 1.908478 0.797258716717423
158 0.428967 116.548643138998 1.994113 0.773566861122392
159 0.55921 116.041395039797 1.724023 0.74873105065246
160 0.316948 117.623082148308 2.132594 0.787090764278927
161 0.472975 111.060379057294 1.871834 0.761932864957239
162 0.397297 119.650762401304 2.041248 0.809446687430886
163 0.287129 120.607540324587 2.123587 0.843407981248283
164 0.44834 117.943259306354 1.926469 0.791314054894544
165 0.39149 117.812514972097 2.016825 0.819991608688113
166 0.5342 120.327583513217 1.793194 0.830525851739303
167 0.340346 114.761491150109 2.07856 0.820523152578374
168 0.495979 118.078180270998 1.840622 0.779676094989873
169 0.395255 117.540165023888 1.964498 0.802206927131004
170 0.40364 115.411442982243 2.031248 0.797930294418701
171 0.455309 112.376568232007 1.920887 0.768242633644311
172 0.485979 109.487129933123 1.849487 0.741273487033003
173 0.31833 129.624447495011 2.141184 0.840732308382275
174 0.455693 115.385127145603 1.89883 0.782199346590671
175 0.486278 117.418832885976 1.8898 0.819348159906955
176 0.419206 122.510064797568 1.978393 0.806197981596937
177 0.526896 111.393536588356 1.776037 0.770217386007953
178 0.332482 122.03395092433 2.11473 0.816639257929234
179 0.441562 115.483664803334 1.908385 0.805272095244013
180 0.40099 116.075786558768 1.998814 0.813288763302069
181 0.355653 120.639779556774 2.056712 0.838327838759987
182 0.383796 121.950208854867 2.024699 0.788098244302719
183 0.363246 119.390436808793 2.083211 0.757235990041571
184 0.339877 118.412883804094 2.068871 0.834469241279219
185 0.453878 114.456254777875 1.912382 0.762879905054187
186 0.402858 119.785086816107 1.994972 0.814654638552853
187 0.321488 115.620060316485 2.105082 0.812596350912395
188 0.197955 130.807753291578 2.238994 0.8463153451093
189 0.305702 116.807266235966 2.13318 0.834455135955262
190 0.544635 107.057201804394 1.740827 0.765146577242571
191 0.465933 112.877483429561 1.845111 0.779300925881359
192 0.615275 103.729386016573 1.621313 0.716092057976628
193 0.40252 119.7286641207 2.0059 0.818375035499449
194 0.361672 120.609490496617 2.032421 0.808870686703866
195 0.397257 117.690019457752 2.012631 0.800001118182736
196 0.404232 119.008981891819 2.00147 0.796512559547
197 0.430169 108.931340608542 1.925352 0.781120458657728
198 0.411075 125.842092037896 2.004919 0.801732914241548
199 0.554342 109.996722586765 1.751704 0.757058082314462
200 0.264027 124.905211429043 2.190069 0.834909014635899
201 0.307878 122.733662160897 2.138938 0.805165578213309
202 0.208262 129.463722451027 2.219349 0.851344119704819
203 0.388721 118.225246183273 2.03875 0.795714678142
204 0.275099 118.130208755498 2.170454 0.826405401975232
205 0.271941 124.398500931228 2.158138 0.830354594856906
206 0.458066 109.224093827009 1.880615 0.782473537332874
207 0.494786 122.226193824886 1.851181 0.77645508497586
208 0.394715 119.057274480052 2.031183 0.801412670318401
209 0.344906 112.887214281373 2.01053 0.74767020953283
210 0.4655 113.658797730206 1.892356 0.799582754863143
211 0.451374 110.588887009344 1.926579 0.767463465633887
212 0.473904 113.987817928099 1.86422 0.787238806345483
213 0.420508 117.005485194744 1.977524 0.793397493729874
214 0.388245 117.010221825281 2.031974 0.805709930352527
215 0.481677 114.621456854006 1.890913 0.795544441644315
216 0.394375 115.693770606776 1.966188 0.771661186494457
217 0.388828 126.136191272354 2.052584 0.777456371355284
218 0.549477 109.563237227424 1.759815 0.722044485951197
219 0.342111 118.975706680539 2.099202 0.834208218081938
220 0.485323 112.512789732135 1.873613 0.776856664071995
221 0.344362 120.912046562535 2.071429 0.819483939415874
222 0.304277 121.275855402772 2.114307 0.822274301000478
223 0.447877 105.964206383178 1.898944 0.741174354758206
224 0.466701 113.762517710091 1.856663 0.774781085175638
225 0.288797 123.639277731469 2.144191 0.845711302218715
226 0.522683 115.144156184521 1.821266 0.762463652849645
227 0.481753 116.398411166707 1.873523 0.796774147044562
228 0.363545 118.117169872058 2.037822 0.809995568067968
229 0.255051 123.491361814009 2.188095 0.83172000531731
230 0.299366 120.30122396405 2.151689 0.803725831865506
231 0.328674 120.334805322813 2.080842 0.796896253835546
232 0.278683 125.309366764308 2.166887 0.85319274422634
233 0.217463 123.701283835523 2.222909 0.846725889419873
234 0.379359 122.594044049594 2.011241 0.809374441432064
235 0.313463 118.469932256275 2.130249 0.785409422601107
236 0.382842 117.949959221911 2.047067 0.802262638336699
237 0.488938 114.32509204706 1.877909 0.768437185345684
238 0.342226 126.777923260593 2.105357 0.811804026401981
239 0.485064 120.782250357119 1.877276 0.785951796804623
240 0.41771 111.38985240322 2.003601 0.808722241753184
241 0.426927 118.63175238405 2.002141 0.769281058385601
242 0.419586 117.500846146851 1.957427 0.806030456324394
243 0.453567 117.932446365352 1.928902 0.786123847535794
244 0.482021 105.918986751482 1.860346 0.777829009066772
245 0.449216 115.774626776397 1.931938 0.784290539243
246 0.304913 126.045124690694 2.142005 0.8491097740799
247 0.475278 118.395901662558 1.879053 0.690274789204185
248 0.433684 114.915967812681 1.907465 0.790425125471728
249 0.346198 115.587155323149 2.104395 0.830576675769772
250 0.306089 126.95439420991 2.153962 0.821534010716333
251 0.455131 110.027972912981 1.920336 0.784652567143093
252 0.35482 119.264401438852 2.085793 0.817686175436573
253 0.381603 120.010471777812 2.006646 0.796216609765406
254 0.466681 110.249067509898 1.933925 0.760577553833562
255 0.420759 120.560219074911 1.948794 0.805751059632922
256 0.39409 114.912440287144 1.992892 0.762671415372708
257 0.445174 103.621500385221 1.927958 0.784548701164098
258 0.406888 117.638152329164 1.974794 0.812995905272215
259 0.252589 120.643631952881 2.170504 0.822078314683379
260 0.297839 118.274434397487 2.107995 0.821589711472343
261 0.383803 120.992564594484 1.998778 0.820921400186618
262 0.304282 119.633999501166 2.137125 0.805817214705443
263 0.350577 112.999920627726 2.076423 0.809434003907122
264 0.384555 110.797224982873 2.022275 0.811584944539115
265 0.498282 116.48154839741 1.84252 0.779484279511419
266 0.374826 116.183429821152 2.067213 0.763266016207219
267 0.405806 118.905689603177 1.993591 0.795819273695321
268 0.510041 113.924982414849 1.832059 0.790791352245316
269 0.474314 113.689821017038 1.918076 0.757032779391397
270 0.472384 116.839447155477 1.923972 0.803713521283342
271 0.397048 118.781351131754 2.013294 0.802133902250274
272 0.339194 114.448305692599 2.069374 0.791661777598405
273 0.327384 111.280776973385 2.083901 0.814569222694805
274 0.491113 118.123399792624 1.869323 0.796255988488136
275 0.376145 122.394092198192 2.056241 0.826322025943832
276 0.28988 127.848788294129 2.143034 0.8358845630026
277 0.564334 108.702033115958 1.727884 0.786232679907632
278 0.627428 123.694958656975 1.597176 0.773583354140081
279 0.306196 119.007292453987 2.09582 0.80182442183878
280 0.382497 129.810857667235 2.063333 0.81792331213858
281 0.367689 120.186247060785 2.048861 0.812977056305922
282 0.323699 115.79351477496 2.117174 0.800721292958318
283 0.340312 125.254177255393 2.116596 0.815460395582575
284 0.396118 119.806790453512 2.021968 0.819324944694339
285 0.368765 125.2141858996 2.056918 0.81601979058673
286 0.482304 120.617768625183 1.882671 0.824120405497319
287 0.426197 115.414012736035 1.928904 0.790578908792528
288 0.486807 110.002546077174 1.869595 0.714918747947853
289 0.475019 109.391668146147 1.905939 0.774520243705844
290 0.396778 114.767226945335 2.008096 0.812056486002966
291 0.502225 112.072305917859 1.857419 0.75106848172433
292 0.317058 117.441471492133 2.089756 0.852010555157013
293 0.361913 119.311591212029 2.047509 0.816249427484915
294 0.288292 119.485912654896 2.14744 0.804124910418422
295 0.373923 124.051827952398 2.047858 0.834802931428518
296 0.351346 109.246164707641 2.078351 0.798608353086664
297 0.479499 119.560606512634 1.895802 0.774369208549387
298 0.353994 114.580516982797 2.028363 0.787315366652875
299 0.291598 122.388278219046 2.152114 0.813705321559559
300 0.363607 111.164056166063 2.078405 0.820244198915195
301 0.531116 118.252351672234 1.801076 0.806863114737292
302 0.356708 116.569575891379 2.038234 0.816372061008391
303 0.339741 121.40718219816 2.082618 0.815785657243676
304 0.43442 117.838268378879 1.959242 0.79937833099661
305 0.417427 118.139897246016 1.96867 0.779771084734549
306 0.459006 117.423409275127 1.951302 0.78946396947355
307 0.295069 124.916149237441 2.133971 0.832803563456953
308 0.256566 123.720127843022 2.134244 0.828034799204111
309 0.506188 109.605812443821 1.769918 0.751046573877811
310 0.375505 114.844252044443 2.037449 0.795926892768808
311 0.458704 107.029071270681 1.925934 0.802630869829583
312 0.309889 120.828263571223 2.104019 0.807666294160076
313 0.431246 115.967764852166 1.955981 0.79398512817276
314 0.46431 121.988492336605 1.932996 0.797068692034487
315 0.449255 117.092052505171 1.924392 0.800721225783823
316 0.390698 117.61834562258 2.031929 0.791881575164104
317 0.351559 120.423147110862 2.057706 0.822768436277778
318 0.388172 112.612153212805 2.028632 0.816098147769704
319 0.331159 123.796641934769 2.097001 0.835672853062407
320 0.493256 116.953720370429 1.874988 0.785500560167952
321 0.138672 129.406592866812 2.265667 0.853582951685278
322 0.5169 116.841085694517 1.819476 0.819084992174751
323 0.303979 121.689134370253 2.104045 0.822233151780244
324 0.255181 117.124555799132 2.185244 0.834184197719139
325 0.422681 114.029962420367 1.965343 0.79343558229271
326 0.505248 117.08045620077 1.839579 0.751607508380455
327 0.589813 112.120876121838 1.653019 0.738867515975173
328 0.440773 116.374839720672 1.94706 0.782348104841569
329 0.364136 115.564656931602 2.046129 0.793431041886465
330 0.328981 121.624406423349 2.099825 0.828479856337785
331 0.243926 122.504274823705 2.185012 0.824263684088572
332 0.412889 120.473026787537 2.003717 0.80307011950088
333 0.538981 118.761609572205 1.774863 0.782574280036641
334 0.491057 111.417196170292 1.854559 0.754562646684826
335 0.343612 119.016891160018 2.035782 0.835189042321916
336 0.455454 117.345116063966 1.939656 0.806482983708328
337 0.406652 114.515706915959 2.008725 0.790101376098012
338 0.178722 129.830650582026 2.235842 0.848922507109392
339 0.32446 127.075051000501 2.111215 0.822186873113659
340 0.555079 109.53570199918 1.719635 0.786173284193817
341 0.662126 109.973371331844 1.481359 0.742745907249131
342 0.444044 110.496352892487 1.93483 0.79035404870677
343 0.497397 103.813556290831 1.841398 0.781940096737692
344 0.538668 114.809901930802 1.757773 0.747496585250167
345 0.461176 118.065261044613 1.945775 0.767663555105179
346 0.418951 117.235502363941 1.973032 0.798599307543595
347 0.446364 115.964406810545 1.939352 0.780601444290707
348 0.477794 104.677728052189 1.860201 0.776963136513573
349 0.543983 114.827190882692 1.768438 0.786338082109947
350 0.479157 106.964416785548 1.892472 0.758063548586751
351 0.350526 122.501355620634 2.043363 0.803003606739674
352 0.332165 122.110460507315 2.111596 0.799266707904675
353 0.508879 111.831810420103 1.789832 0.774081570968603
354 0.310287 119.08771519509 2.092492 0.793527473994208
355 0.374629 118.71396791971 2.068875 0.816761642436357
356 0.408398 114.421521333087 1.941652 0.801292949998034
357 0.235048 124.096137039166 2.170817 0.814161275805591
358 0.468222 111.1780890067 1.891549 0.773696614091959
359 0.329579 115.754318769459 2.066044 0.816647015447281
360 0.34488 118.684020605323 2.075695 0.775942833606582
361 0.423219 114.648045237011 1.977767 0.789072297711155
362 0.340018 122.587872133237 2.090913 0.814405909208718
363 0.341983 119.482971484877 2.080386 0.815413306642324
364 0.318065 121.111514243465 2.122062 0.815778882579715
365 0.415943 115.788701716413 1.98524 0.79046845162376
366 0.425661 112.587025018307 1.941676 0.789984151041613
367 0.398977 112.875934908281 1.969414 0.79105914787965
368 0.426611 110.832379587563 1.940838 0.786716877117953
369 0.508233 112.988447996176 1.792854 0.750568552759887
370 0.430902 113.371579176898 1.930029 0.786286376406203
371 0.410982 116.537572640998 1.984178 0.814324446421767
372 0.587011 103.186216335638 1.68654 0.693316321742219
373 0.385201 125.083928770321 2.017343 0.828972055344837
374 0.368932 120.927284261834 2.062012 0.815985576240151
375 0.603189 109.849174076433 1.622043 0.760935592403505
376 0.508506 115.528872991525 1.830005 0.762777034737513
377 0.43677 108.259970266213 1.944042 0.783501879199281
378 0.287472 121.569051393364 2.12861 0.833795224491501
379 0.424042 114.433811726919 1.951003 0.743263625443574
380 0.426147 113.925955021547 1.970088 0.791004519566162
381 0.362254 123.582989961171 2.076844 0.801807165186865
382 0.29647 122.175275175033 2.153054 0.81517351044518
383 0.351633 122.474013540984 2.052952 0.783683104996611
384 0.304708 123.948166212981 2.137317 0.839652099116832
385 0.462874 111.046652097809 1.939767 0.771001436021505
386 0.460614 119.425682740254 1.945067 0.773250377544324
387 0.37002 120.62258629097 2.065638 0.838735838707435
388 0.202171 129.090749325434 2.226423 0.845223839606672
389 0.251953 127.573877567378 2.19714 0.825477426751695
390 0.506196 111.767348636607 1.851933 0.728899702934613
391 0.520797 118.982939750929 1.807185 0.781039738810004
392 0.336006 115.165261465892 2.053244 0.815261889605244
393 0.525924 109.911997321812 1.80725 0.745880218544387
394 0.435287 123.063531500488 1.96689 0.786381748150474
395 0.293682 116.158598683096 2.057892 0.816675971383606
396 0.33757 116.14533769349 2.05216 0.796778474230166
397 0.333534 111.513205951818 2.091504 0.802372613440798
398 0.437131 112.792972623329 1.967637 0.797547171338635
399 0.472585 114.647509221655 1.915654 0.794266512780326
400 0.408255 111.244456361962 1.96299 0.79363841944362
401 0.455282 120.383988790288 1.946881 0.806943099981305
402 0.484156 109.763213396543 1.838983 0.764202920187994
403 0.445357 117.714797254872 1.944284 0.804233538753788
404 0.413875 119.592562261165 1.960121 0.78927579739545
405 0.425843 115.403488503365 1.959527 0.789306321801064
406 0.421537 112.642435474189 1.982888 0.779354858713509
407 0.443224 117.680430766802 1.91446 0.810391794726969
408 0.322193 123.825261890276 2.108093 0.79664061145303
409 0.295962 124.539498278455 2.15287 0.831436468032898
410 0.424593 112.314908892547 1.92436 0.798818728481937
411 0.385217 114.611275732832 2.006468 0.803899297297287
412 0.275049 121.358697655897 2.174235 0.830239382892216
413 0.511043 118.020080970217 1.778369 0.78962563384601
414 0.364906 118.405480630173 2.029768 0.813401748269588
415 0.269433 123.823459289025 2.164292 0.827982951547052
416 0.312379 124.938725395928 2.118179 0.83951548336071
417 0.308284 128.971779165102 2.139413 0.856029390843204
418 0.220673 127.998653170657 2.190523 0.830590310140469
419 0.437617 112.220498878975 1.91969 0.793859204454511
420 0.334129 118.470863845557 2.121098 0.8084825011437
421 0.432109 113.82114493952 1.991764 0.792304873859527
422 0.374359 112.484524001939 2.00203 0.787968127022861
423 0.358441 119.187195269026 2.04707 0.802625609588844
424 0.430927 121.509570233464 1.923873 0.817680496118755
425 0.49324 105.413632352941 1.872339 0.775516536844871
426 0.384635 108.816991291526 2.014221 0.795875800817598
427 0.304292 120.685036814603 2.056896 0.80836213478137
428 0.484192 111.590828286534 1.884987 0.774610044774874
429 0.362203 111.900917577329 2.052732 0.790002586734962
430 0.464406 118.498099003426 1.920427 0.772878436719025
431 0.50093 114.360123584251 1.852205 0.750556501593482
432 0.518113 112.553762182281 1.832463 0.785940904923061
433 0.359673 125.98630813339 2.076808 0.82463337100917
434 0.354327 114.796140240289 2.033009 0.796323994215729
435 0.231461 126.290396124567 2.201128 0.836971676747899
436 0.475297 112.724515960442 1.831315 0.79018395825028
437 0.359364 124.005384916649 2.068032 0.789595733893271
438 0.397835 116.262036594479 2.041041 0.797904462707692
439 0.39704 121.296832880976 2.01745 0.814638451571153
440 0.361897 120.655775567714 2.085118 0.793847142210532
441 0.430773 119.440435523857 1.978798 0.8036544529453
442 0.423214 122.6033873376 1.977243 0.80586030083063
443 0.463808 118.701409581024 1.909576 0.807467080038233
444 0.41273 113.683918867512 1.938672 0.777157094999815
445 0.326791 117.312111350011 2.106244 0.811233276265475
446 0.393412 114.695879199334 2.015634 0.789942932006254
447 0.226306 130.902564149589 2.186381 0.835356886588766
448 0.339241 120.018329845723 2.067441 0.806433188592309
449 0.558025 108.011284503555 1.729059 0.741281886050629
450 0.43347 120.799925193736 1.987144 0.780445070970096
451 0.485072 121.069190456395 1.886346 0.770606984244707
452 0.408724 117.963088476613 1.955662 0.789080362968339
453 0.225949 123.514851217391 2.181728 0.806036989072561
454 0.452949 124.506475699536 1.956611 0.826719242998775
455 0.450578 116.96158254802 1.923126 0.780060832536793
456 0.398649 118.871818440605 1.967281 0.804803228895401
457 0.303094 121.704979980494 2.139559 0.82957082598722
458 0.464915 117.342523984529 1.905708 0.77025120357707
459 0.384468 118.53285915182 2.053029 0.807171281859055
460 0.392736 121.604031189062 2.030671 0.796819034507323
461 0.37452 120.048897035958 2.0587 0.806242893151101
462 0.477431 111.209728895608 1.905717 0.769167762723672
463 0.363087 118.57583204454 2.046024 0.806777947265154
464 0.315702 122.845440686188 2.137757 0.805836689859272
465 0.489699 112.431523094483 1.834582 0.789846189396356
466 0.626482 112.420336638884 1.582563 0.752192650680359
467 0.539476 113.081533148229 1.790722 0.753030062567605
468 0.377456 119.516266535523 2.042488 0.794960076627711
469 0.43557 116.860475951908 1.981894 0.799455168623319
470 0.289062 115.560624139762 2.142384 0.835520576213949
471 0.390323 114.998111812926 1.998921 0.805241610522942
472 0.58255 108.642418044484 1.706189 0.729690348430128
473 0.345986 123.057267335093 2.065138 0.798911550279125
474 0.470758 109.743267595221 1.830129 0.788259093207727
475 0.424888 117.617655377497 1.947593 0.813637366018984
476 0.458258 105.94203435874 1.911327 0.716851549500659
477 0.19043 121.309879249954 2.232727 0.830228561111466
478 0.425509 116.685215238853 1.930309 0.815187019714703
479 0.488803 117.557224958772 1.886695 0.80588280015817
480 0.371297 117.444800735568 2.041577 0.790749658069162
481 0.378413 121.790173365783 2.009165 0.805102494284495
482 0.402231 121.565894484007 1.98381 0.802709107293934
483 0.371853 119.303362857714 2.03416 0.81179441175596
484 0.345682 125.66034744581 2.091517 0.809122707391939
485 0.461992 120.710022243147 1.906961 0.792903307717686
486 0.36372 124.654448263207 2.075528 0.837326146922976
487 0.384555 120.560156320527 2.04856 0.814533431830698
488 0.412031 114.423494747938 1.969448 0.780362650087734
489 0.501908 122.442173305539 1.868961 0.80951159960789
490 0.313164 124.526512131648 2.143992 0.827722885934739
491 0.333536 116.438270237474 2.107691 0.814690442789665
492 0.41631 121.256801105761 1.965345 0.805504952594545
493 0.501456 112.148780978242 1.837534 0.782197826496302
494 0.4777 115.49207810286 1.926497 0.816728547476518
495 0.308583 124.892016259786 2.13449 0.829544606212801
496 0.491046 115.716583181228 1.868314 0.740266260357696
497 0.579713 109.242750313774 1.695843 0.764941316644416
498 0.406268 123.600583694322 2.001816 0.793052943794207
499 0.421244 118.259639332924 1.970247 0.812665501743229
500 0.264296 128.41514988937 2.18479 0.832945343840899
501 0.478992 117.037126088272 1.834089 0.747384409204012
502 0.416903 119.150103814686 1.9992 0.786974958422629
503 0.292696 130.388603438273 2.128669 0.825630570571406
504 0.452959 120.94756705465 1.920461 0.802288220271246
505 0.392148 119.161424382577 2.018711 0.811393192838811
506 0.366493 122.27507582843 2.048319 0.793680036812199
507 0.34099 119.743858603171 2.013779 0.792021729794415
508 0.499199 113.419179922152 1.856767 0.779628686637504
509 0.438754 115.657956186794 1.972874 0.7831717368356
510 0.51974 103.947516869807 1.801377 0.743825209822141
511 0.438462 113.372100853729 1.946231 0.792744919204523
512 0.269951 122.92912498276 2.156576 0.831719324953666
513 0.36905 116.987116302951 2.039485 0.807438178028558
514 0.345362 128.172498866262 2.097402 0.842968870257556
515 0.4194 115.451218796503 1.976755 0.78141257378194
516 0.310179 120.98815437979 2.125234 0.833852621024798
517 0.318426 123.081907974068 2.121377 0.82139284337845
518 0.205537 131.388198830964 2.232298 0.857686856752836
519 0.472964 115.128400398468 1.870909 0.789273948031075
520 0.350045 120.591953293126 2.070922 0.815865633010068
521 0.403661 114.57244171765 1.980757 0.806567983866974
522 0.309613 121.845030056198 2.113618 0.787287836500606
523 0.308722 117.45957230134 2.10761 0.809330008423393
524 0.405787 119.58326404958 2.028586 0.805350414008927
525 0.424394 113.6048489817 1.961852 0.805376336915727
526 0.517608 110.984115958201 1.751686 0.767579832262177
527 0.493375 112.580664545589 1.881829 0.762073205761873
528 0.417897 118.854544420469 1.982511 0.804958295570908
529 0.450588 116.558546426737 1.944305 0.802760553569195
530 0.439171 116.497005898403 1.954904 0.802109762098009
531 0.44362 117.582598319727 1.961171 0.8059990906169
532 0.407762 126.651685143915 2.014309 0.840245527688861
533 0.457696 109.077823031889 1.9097 0.777144280667518
534 0.560492 111.000817418275 1.722453 0.793072535985708
535 0.334338 122.930005967165 2.053218 0.834177031553852
536 0.5141 110.827895661856 1.757818 0.758097851451032
537 0.399119 120.478016764226 2.01751 0.80327207887242
538 0.397854 117.696778169181 1.948949 0.819776648859061
539 0.186821 128.295713084692 2.237008 0.855575861321179
540 0.362839 119.473179767671 2.081805 0.777574889920408
541 0.536154 115.319073197201 1.765213 0.736250083755255
542 0.385045 112.457971145337 1.99875 0.802826546975313
543 0.420579 117.551754544872 1.945646 0.802921335019109
544 0.315825 119.716043932026 2.094519 0.795195930272068
545 0.417696 111.007561239134 1.997935 0.791517888935435
546 0.399362 120.509870714569 2.026161 0.817274945135933
547 0.409182 115.457031625694 1.963695 0.812383555446728
548 0.275337 126.143600398301 2.179569 0.839752891890183
549 0.313901 120.632917673759 2.099475 0.812261280130826
550 0.260134 117.467086514729 2.17019 0.79982899501626
551 0.335377 123.95617920151 2.074033 0.835236839601938
552 0.430877 128.441356195457 1.978626 0.832602878774396
553 0.421435 117.583480427065 1.982956 0.788819970844486
554 0.376808 119.040457883648 2.043262 0.812845184219428
555 0.304015 115.6400168851 2.068622 0.803667360925146
556 0.271916 123.562724066998 2.117767 0.821097072364953
557 0.43383 116.381435646115 1.94366 0.822957850528879
558 0.340478 119.882556551254 2.056966 0.809382382984905
559 0.385755 114.263312901242 2.015823 0.783071187501145
560 0.435905 108.359553768289 1.95026 0.791647434895306
561 0.409486 117.356306648723 1.986048 0.793877803101873
562 0.521858 109.112212371896 1.798244 0.79198771753403
563 0.433151 117.810012666083 1.930407 0.789082391797408
564 0.486472 111.125300535659 1.86163 0.782927531193111
565 0.297918 123.606099921236 2.145273 0.813048820657077
566 0.338859 119.456090208857 2.068176 0.812662772433563
567 0.477863 110.579951512524 1.856955 0.795710088207438
568 0.448938 125.512287575761 1.886745 0.804914403462717
569 0.255256 129.545958698472 2.186775 0.822868827449141
570 0.430267 120.073340084988 1.967607 0.835533721995842
571 0.396042 111.106390976889 2.003676 0.78845956632554
572 0.555309 107.186977894365 1.741501 0.752750284850341
573 0.509318 109.308134044191 1.836416 0.769934828522995
574 0.561875 111.394888863997 1.706198 0.787377986773931
575 0.405698 120.128333122756 1.957244 0.832625091167178
576 0.507477 113.277769557944 1.839162 0.778294962683419
577 0.313005 124.022398209065 2.11726 0.786189734828104
578 0.32583 116.895410661315 2.09281 0.812035071104508
579 0.298497 129.045117512432 2.131885 0.835924456803389
580 0.598839 113.941695265369 1.663095 0.752456797950926
581 0.562887 118.089854641757 1.709584 0.726421641242221
582 0.434033 110.401421531877 1.904999 0.8051064921672
583 0.403072 119.11047106774 2.032392 0.796862750325858
584 0.350856 116.205356942993 2.047492 0.816464983516075
585 0.28237 111.354112703952 2.13128 0.804816613174113
586 0.374299 115.314720150973 1.995074 0.824738823765055
587 0.466917 112.867401090552 1.88393 0.816701722817808
588 0.44665 121.179220512059 1.965298 0.791179120504215
589 0.430371 120.53273272063 1.94764 0.833581846742823
590 0.34007 123.33107463495 2.108099 0.83636635134243
591 0.427396 118.633406392147 1.935458 0.796269120884506
592 0.283769 129.532527024949 2.16134 0.809690702102052
593 0.316058 121.193407879644 2.123969 0.830719074713517
594 0.419012 121.776995753125 1.955833 0.80656308681645
595 0.498913 109.134993149624 1.829104 0.777405670440908
596 0.344048 120.200954340348 2.077858 0.793839799530945
597 0.459794 114.317037158864 1.859599 0.724478559224536
598 0.32973 112.500077559668 2.097687 0.805357075046227
599 0.477778 105.541476179922 1.866682 0.771997910953367
600 0.275544 118.440342788798 2.16226 0.821566042378591
601 0.380693 112.266965449851 1.987635 0.801729867672513
602 0.415094 120.612163592771 1.990155 0.809883209544698
603 0.486008 114.621543141255 1.828522 0.778995745781064
604 0.348391 116.093005450688 2.038407 0.790386848273846
605 0.301498 126.706153947168 2.12881 0.848222482126401
606 0.440273 119.98978425845 1.957075 0.798842803299661
607 0.459141 117.653207811278 1.952232 0.789719813479914
608 0.425278 111.293548761563 1.948436 0.77478605674398
609 0.390972 114.342417611788 1.964091 0.814077954947709
610 0.238873 125.468881607393 2.212703 0.837748595593664
611 0.325338 117.233496418498 2.105687 0.807901915025265
612 0.406231 116.852901302278 1.992036 0.811091476997779
613 0.228434 125.120323834602 2.202162 0.842430013984761
614 0.270214 118.483779010358 2.133469 0.8190878422082
615 0.52011 114.303977684527 1.821139 0.745202057668666
616 0.381432 125.435718542494 2.046306 0.823281747315564
617 0.450545 114.349835916963 1.940613 0.779668081304926
618 0.416453 122.027378287862 1.970733 0.807709696023371
619 0.446352 119.055080149616 1.938041 0.793903792666147
620 0.414677 117.041360997515 1.98925 0.816645854493773
621 0.355183 117.347059061855 2.047509 0.822564785754504
622 0.44877 115.715855406101 1.939428 0.798109491195081
623 0.376309 124.408966420544 2.048363 0.812831516341479
624 0.461253 111.260946349958 1.904417 0.769791377078412
625 0.32093 123.436242960517 2.106746 0.833532022305658
626 0.347565 120.904585353565 2.102516 0.797719776489099
627 0.260657 127.381418694679 2.189214 0.829606812732147
628 0.37058 117.000612406748 2.022553 0.794489358862781
629 0.394787 116.633621691883 1.999674 0.790404629765187
630 0.310182 126.456220882403 2.137269 0.815693461394075
631 0.497773 117.220976824846 1.874243 0.763673262296586
632 0.375768 118.505939729544 1.991237 0.831531973422658
633 0.588658 113.293249858656 1.679501 0.761854813644473
634 0.507079 112.436188110747 1.823581 0.717301947655483
635 0.282489 122.077942518708 2.13898 0.83322716707922
636 0.410761 122.95650652089 1.986438 0.8174292525149
637 0.400004 128.959783921282 2.018179 0.84565780009699
638 0.4338 114.809460278805 1.956927 0.787884749643308
639 0.348577 108.640064635566 2.068312 0.817282813917918
640 0.429687 120.300435853971 1.921928 0.773437592202742
641 0.349238 114.422496801843 2.06796 0.75566145749818
642 0.401439 117.263235824585 1.964044 0.770458982742606
643 0.282976 127.883051743671 2.144924 0.838854923919618
644 0.44507 119.210998373795 1.922827 0.79003823122071
645 0.397742 118.853065863653 1.989556 0.794114764333546
646 0.173486 131.109993510574 2.241111 0.85306411147526
647 0.358319 119.817039454711 2.082845 0.8223840563118
648 0.398891 114.446375155906 2.029848 0.780362428866352
649 0.431418 123.080746273852 1.949501 0.817405227894379
650 0.361143 117.359182608824 2.048547 0.800505994487514
651 0.360906 119.355715429799 2.082709 0.812982904234098
652 0.181024 125.699646403513 2.244563 0.844414282339766
653 0.420157 114.155414402184 1.984663 0.772662236186702
654 0.426908 121.06527878671 1.978833 0.806591057328891
655 0.353584 115.045325938195 2.071638 0.798126091853888
656 0.198925 125.948239954544 2.232128 0.830462399140397
657 0.242531 119.999474705903 2.200663 0.842847364573832
658 0.41619 109.225657505377 1.955834 0.7736643555199
659 0.335653 124.632620925154 2.073203 0.838072854223782
660 0.393949 122.682250667775 2.007871 0.786159103648083
661 0.236475 127.328331581186 2.213094 0.855299278357994
662 0.389991 116.538235654954 1.980084 0.813328905618725
663 0.363387 121.292045849768 2.06996 0.804376236110771
664 0.528914 116.297766316998 1.802982 0.797268747089069
665 0.390006 116.740820431617 2.019461 0.803845506034344
666 0.388628 114.264884098054 1.999765 0.802210388672666
667 0.43051 117.262212987603 1.942334 0.773714083449464
668 0.486681 112.296691806059 1.869314 0.770387207591179
669 0.318485 120.978172974974 2.081509 0.837731268219921
670 0.528519 107.853390036658 1.805643 0.749524252792814
671 0.537479 110.848650352446 1.775095 0.765342117651377
672 0.340361 115.203448209602 2.01686 0.812063573167309
673 0.496193 107.968168976678 1.860975 0.739473147477473
674 0.481437 111.388255819049 1.842908 0.748021730622162
675 0.307568 118.609567616162 2.113195 0.82211861226989
676 0.518554 113.96868109517 1.777276 0.792379526603573
677 0.28918 123.392497343737 2.135476 0.810006314034532
678 0.409796 115.740955805131 1.991739 0.779612061036215
679 0.369552 110.55508433167 2.012441 0.797943381605198
680 0.466055 115.576072213837 1.92181 0.79456990892432
681 0.465538 116.105617621316 1.925261 0.805636047567303
682 0.391071 116.112418087843 2.001415 0.822113164681976
683 0.436732 119.629470598639 1.979694 0.81239124568792
684 0.337051 112.449080201608 2.074348 0.800269784176569
685 0.498391 115.372746314483 1.832914 0.776849391776123
686 0.463442 109.994281648734 1.856317 0.767829628815966
687 0.315534 117.791653087453 2.111759 0.818555198643991
688 0.455569 110.293726600257 1.95593 0.756353563315191
689 0.324823 122.14405504762 2.12192 0.819906845243371
690 0.344832 117.516212927595 2.071911 0.803807700711578
691 0.313209 112.380458221014 2.039685 0.778436541768975
692 0.433577 112.794635832135 1.949574 0.776863811933822
693 0.470193 122.713786573533 1.908138 0.802357644873878
694 0.277946 126.369351210229 2.160299 0.827676587531303
695 0.380337 111.335961872626 2.01122 0.802642575569379
696 0.264764 124.679197079003 2.142764 0.834796483580167
697 0.36547 117.760582075457 2.051037 0.814968399572779
698 0.458739 115.897336179474 1.947034 0.769973848821574
699 0.544146 115.554227386399 1.770676 0.788456667464497
700 0.389903 121.449661824907 2.038614 0.812855153015806
701 0.356511 122.100195200652 2.087494 0.799833435965364
702 0.504503 114.36782386925 1.863665 0.792870738901645
703 0.397985 114.369124019985 2.026286 0.77917578879472
704 0.518955 114.310264159008 1.803518 0.771787024316475
705 0.418353 106.293480770255 1.920317 0.792266421657415
706 0.573456 107.105367512071 1.674585 0.771869293657219
707 0.234961 116.796385815129 2.196406 0.819897959624917
708 0.314464 120.901050223478 2.123301 0.825928220923295
709 0.441611 114.376121643662 1.960611 0.798373145792982
710 0.354913 114.37609863019 2.041576 0.784434232475541
711 0.354608 116.061694109335 2.026537 0.810387863120128
712 0.471161 119.692635133565 1.906635 0.798070085388332
713 0.408168 120.972818237326 1.983708 0.779713902485472
714 0.454388 112.937301265473 1.923871 0.775948152080769
715 0.410052 123.178977328558 2.007542 0.79254091466015
716 0.397375 110.679809571489 1.978733 0.798996438386766
717 0.34997 122.255876553961 2.071855 0.832684888545553
718 0.396943 117.603730047734 2.013809 0.783700534826571
719 0.397002 124.014672722924 2.003389 0.845862314989306
720 0.446743 118.819130106424 1.940723 0.795145850720106
721 0.355319 118.154827111379 2.042191 0.810737589426471
722 0.458733 111.318742260518 1.893236 0.786858823515996
723 0.210663 122.529931546702 2.231331 0.816423955622197
724 0.443783 112.855744527188 1.849939 0.791391477110216
725 0.318081 122.010185184395 2.129028 0.832368108261783
726 0.547634 117.335335527092 1.771869 0.770501689813751
727 0.495521 113.700037547159 1.872516 0.758476884440986
728 0.293597 118.128899648053 2.14411 0.814153886136202
729 0.357313 120.44219909395 2.085158 0.81753474447924
730 0.498071 112.339605684577 1.847543 0.773413236688927
731 0.395866 112.799338928732 1.981625 0.807575506935504
732 0.406811 110.224807423991 1.956225 0.787822073963338
733 0.442391 117.48566793661 1.921969 0.802941552998416
734 0.470797 111.155168703783 1.859836 0.780406909899687
735 0.498006 109.30761666371 1.803965 0.770044443427166
736 0.549338 114.886718786921 1.754403 0.757632878465182
737 0.387963 116.078319133001 2.024384 0.773403154339721
738 0.407584 119.541892589879 1.978045 0.724078619639172
739 0.393243 123.803225971176 2.020132 0.817101074745597
740 0.332126 117.987981866203 2.070796 0.83222805599897
741 0.424323 115.760290801952 1.956552 0.802788102461134
742 0.337233 111.194833869738 2.07415 0.801882324621923
743 0.603522 119.550537403795 1.654702 0.745907485351255
744 0.386391 119.586885730316 2.017914 0.787344184362224
745 0.396945 115.612675992862 2.007637 0.81197399494234
746 0.375419 113.779183570032 1.987803 0.780455686701246
747 0.252593 129.676931562178 2.197583 0.86984306324416
748 0.293336 125.17175667536 2.127357 0.834887416933735
749 0.329045 121.969387029864 2.090449 0.782563142352911
750 0.3974 114.788968957439 1.955677 0.777996041963013
751 0.354055 119.368745285338 2.076158 0.811448040992132
752 0.213644 124.434895651695 2.21755 0.834769371851584
753 0.29964 123.2847589653 2.131495 0.840921720208765
754 0.254807 123.517530731057 2.190384 0.832213652743065
755 0.347155 112.482460783972 2.037902 0.800494358908914
756 0.328404 127.579617766719 2.105701 0.813948765506333
757 0.394292 116.946173115011 2.015296 0.812599691504481
758 0.302259 122.178266797112 2.110235 0.833108796835359
759 0.331802 117.912574953471 2.113233 0.818039359311179
760 0.389968 118.046604962043 2.015467 0.780052838560596
761 0.328982 122.093969738955 2.131278 0.836003443976759
762 0.446368 119.583895796171 1.941181 0.797272625378168
763 0.444913 111.82784670901 1.933694 0.790062612772146
764 0.516927 114.211754819529 1.811918 0.799746711198164
765 0.405936 120.099857403461 2.006436 0.816017350346035
766 0.511223 113.033682477652 1.782989 0.790022258834282
767 0.527953 113.575155143823 1.778362 0.790602983386487
768 0.437605 109.744947401527 1.95054 0.776193940532108
769 0.496145 110.063397631749 1.847243 0.770473204154718
770 0.378222 121.390950602134 2.029786 0.806930389328005
771 0.553272 110.709184987255 1.751929 0.739768979135607
772 0.380485 111.436470537206 2.019904 0.794864316904805
773 0.245232 128.640543995623 2.201621 0.84831219259025
774 0.273151 123.914627481888 2.174024 0.827116539014935
775 0.241552 123.216216564149 2.166027 0.803391975254002
776 0.315979 121.004441708683 2.124581 0.817844700417134
777 0.577627 116.054430654248 1.689912 0.768704367327349
778 0.419848 111.289850761137 1.949994 0.780070813348329
779 0.487271 108.925007710726 1.835605 0.791423975040352
780 0.465756 114.060893677611 1.920015 0.745406640203763
781 0.477127 118.6390804815 1.883297 0.805951822307181
782 0.449229 116.802887244522 1.915032 0.774787337421725
783 0.323104 118.517577194809 2.092519 0.795861987917787
784 0.23618 124.525988240594 2.188844 0.839663786811716
785 0.400883 117.9978011793 2.001356 0.798255015586279
786 0.419184 114.829375730652 1.957052 0.807356451976044
787 0.44295 114.785525255559 1.927197 0.765076809968127
788 0.37615 116.225938172129 2.043614 0.789890032355016
789 0.496826 120.645177567387 1.874867 0.799633546321637
790 0.361976 125.67818374745 2.028725 0.827041670511668
791 0.503369 107.527002029101 1.824772 0.752471848081133
792 0.312761 118.006393099976 2.113178 0.831910848989474
793 0.397523 129.007341181187 2.045432 0.816236309554549
794 0.274196 126.430552629868 2.17362 0.826583495385397
795 0.523893 106.912645369948 1.767391 0.761064421312174
796 0.284087 117.044220170234 2.150771 0.812790822770705
797 0.280127 122.066313050141 2.166166 0.829885035702195
798 0.366608 119.126697216847 2.071906 0.81469745243819
799 0.362129 124.209605083996 2.065435 0.815781238865254
800 0.311475 117.305973668262 2.083231 0.81335532239383
801 0.353648 112.011148843546 2.061489 0.800942357809616
802 0.429113 116.604096689515 1.923255 0.787507373197126
803 0.227721 131.59303025832 2.208765 0.859643803940998
804 0.327294 111.10811848549 2.086317 0.806609205241664
805 0.322073 117.282970934804 2.108226 0.80511411764649
806 0.425871 109.316551392655 1.90195 0.774341246781488
807 0.323228 125.744624199405 2.122075 0.803054415286669
808 0.184851 133.156102168567 2.246027 0.85918139571101
809 0.329571 122.894893090705 2.096345 0.811544744902744
810 0.38184 123.239782021996 2.067009 0.779863880026887
811 0.30705 112.426495897853 2.08342 0.78923759399331
812 0.509848 114.118190033016 1.819718 0.772225696248038
813 0.40254 111.739597104956 1.977844 0.775511241936308
814 0.221416 127.036034208322 2.195686 0.848205043072036
815 0.274084 116.018161149041 2.169374 0.824867111826563
816 0.339025 115.880679542498 2.082904 0.789159265384252
817 0.544405 108.467325673373 1.754643 0.773185956675604
818 0.460604 118.407263236777 1.928072 0.787797690969884
819 0.312615 122.210277203584 2.1335 0.822861733583357
820 0.368558 112.295525466889 2.00715 0.836576510787292
821 0.347541 116.415369405066 2.063422 0.80962678862566
822 0.415168 114.431532653397 2.003596 0.813936395929718
823 0.351586 116.672529824514 2.049372 0.811700025683836
824 0.39956 108.857331942229 1.947751 0.779834819972434
825 0.370526 120.213166711309 2.06184 0.818154633979987
826 0.357059 122.151882554443 2.054575 0.828390272358506
827 0.394918 118.417752961123 2.00499 0.806699986295649
828 0.295719 118.410671931083 2.116598 0.807087598237746
829 0.412338 110.694083969236 1.99129 0.800817871581097
830 0.258512 121.624145253254 2.174741 0.826114079964291
831 0.448838 119.497165759068 1.944633 0.791740045319413
832 0.305099 114.948742412323 2.133614 0.825520750086622
833 0.606604 109.730653202914 1.621791 0.752297891673483
834 0.351456 126.718252618549 2.074219 0.778286440784213
835 0.302807 117.006060577511 2.143242 0.838376078789504
836 0.481379 121.303951153283 1.906619 0.783749847219165
837 0.521694 112.892880432374 1.812831 0.798728209110786
838 0.408452 116.603666159286 1.982175 0.809192373464084
839 0.252705 121.355776794541 2.108765 0.809323331522782
840 0.349916 120.215554666183 2.079354 0.821088836411603
841 0.392284 115.938284391317 1.999427 0.812774859966385
842 0.338516 111.435831581019 2.058914 0.796488205676381
843 0.51679 116.681905480363 1.825585 0.773746132877079
844 0.531907 113.727633529048 1.792519 0.796303358557352
845 0.406326 116.015416469672 1.974511 0.795272853645713
846 0.430573 115.01424876522 1.924426 0.782327463227337
847 0.218721 124.459228461621 2.223385 0.849646205230809
848 0.399772 118.530530163666 2.019272 0.81285219696064
849 0.484861 118.695259210074 1.868277 0.810108961653785
850 0.409775 116.627701706903 1.994345 0.823559137404074
851 0.374327 125.470612294108 2.042427 0.807731951449517
852 0.406637 114.592368017876 1.968423 0.793575201199102
853 0.292265 131.44162585876 2.167865 0.839237971672867
854 0.52005 109.070899969473 1.810297 0.732375992224566
855 0.382937 114.766916707605 2.016271 0.7960193839294
856 0.253535 122.650357565965 2.134719 0.83551584372195
857 0.400346 120.811918519486 1.977116 0.792493968568425
858 0.382986 116.776338612696 2.051791 0.791642798118712
859 0.408284 115.760513228133 2.025522 0.77632883280949
860 0.539474 114.963775111754 1.769096 0.76596082058945
861 0.379811 121.230762937671 2.052545 0.819685938476954
862 0.495834 116.475775586339 1.877014 0.798626533346725
863 0.396132 115.845544035926 2.005238 0.805940699951143
864 0.378223 119.797856997313 2.030213 0.815025487514314
865 0.30027 123.032123958041 2.108546 0.824839473239012
866 0.527379 113.863156817095 1.789196 0.773320110729457
867 0.223042 130.57034875343 2.217249 0.853718698996613
868 0.430187 119.17386566878 1.976733 0.779689217496362
869 0.172005 122.132697672014 2.22926 0.797035429595761
870 0.473946 114.906527118648 1.871416 0.796720152148452
871 0.583073 107.877637697399 1.698718 0.74889991090393
872 0.520426 105.099918908318 1.819669 0.732651319236273
873 0.479713 111.744564308479 1.87723 0.790756164154753
874 0.514475 117.441196953885 1.801861 0.773403167645156
875 0.367542 120.375943856219 2.071449 0.791736730773688
876 0.223273 125.79140669013 2.213526 0.858968980666316
877 0.386507 117.112851439964 1.996695 0.798269303328459
878 0.251423 120.277699334711 2.175034 0.831298780495177
879 0.167575 128.223463748785 2.250775 0.860584599619746
880 0.493375 119.101540295144 1.877513 0.778256833535703
881 0.296217 123.290132079828 2.1375 0.815272369666062
882 0.359252 121.362016390369 2.075771 0.819675401945792
883 0.506993 110.380804786206 1.768877 0.760407953067414
884 0.438697 112.841493071956 1.930173 0.782813980150196
885 0.450886 114.693057724935 1.956958 0.799109337190631
886 0.35076 122.034413442174 2.054137 0.830424275735707
887 0.47814 106.606134231774 1.846283 0.779734818219334
888 0.410475 118.901930188935 1.974635 0.800152654939909
889 0.414652 115.819588317424 1.974219 0.780463911852253
890 0.498451 111.289845612861 1.803925 0.74140449943271
891 0.347166 118.334075240239 2.079626 0.804439157069248
892 0.349232 115.631327857684 2.068874 0.790945417628629
893 0.538503 106.375888679452 1.762077 0.720284107705458
894 0.544657 108.82610604735 1.739437 0.74058101486574
895 0.364441 118.228826966578 2.037285 0.809625655186114
896 0.429056 110.922652086113 1.984746 0.773482185175715
897 0.450575 112.93681920668 1.944291 0.791595583697767
898 0.44036 118.992228890801 1.936615 0.79975947290476
899 0.469486 114.516013600539 1.897831 0.768827062530538
900 0.393898 114.400663489459 2.01674 0.796961773255055
901 0.356177 121.961695480479 2.068038 0.823485981735285
902 0.488689 114.442481891455 1.865752 0.770690192382493
903 0.233474 126.096190349027 2.198368 0.844759248331037
904 0.516125 115.747269197693 1.846208 0.765276573634002
905 0.455461 114.566669536694 1.937099 0.809494044870597
906 0.338063 120.422670915494 2.088968 0.809994025577882
907 0.414864 115.17739711329 1.933545 0.798848466435154
908 0.368374 118.352901714084 2.023488 0.80462821259334
909 0.421547 118.965251078286 1.954855 0.808357324089448
910 0.398554 122.585346067618 2.021415 0.796693836586164
911 0.484096 118.192549968506 1.828451 0.807760473541823
912 0.526409 108.294411325986 1.780716 0.742660699674776
913 0.559517 113.606073496562 1.702537 0.789935309205949
914 0.417942 122.989821823289 2.0091 0.806361179159431
915 0.447317 118.584716573343 1.959607 0.772369237916773
916 0.44384 121.691719361018 1.965164 0.78002099889774
917 0.392929 125.02164380923 2.035201 0.833946109575825
918 0.400116 127.22425248324 2.013264 0.835096149137129
919 0.373887 116.850503211358 2.039618 0.822924986312999
920 0.399677 117.2596863055 2.017559 0.804621046319683
921 0.486453 115.01089882599 1.859296 0.764488769511192
922 0.432512 118.289875352555 1.972322 0.791789409562924
923 0.335059 122.759016603143 2.111236 0.791751432944507
924 0.400121 119.177023040123 1.970694 0.801975038700385
925 0.496854 108.783574132288 1.80969 0.784539929486282
926 0.548871 110.57931466902 1.723053 0.738239154024899
927 0.394536 112.256155260908 2.014071 0.745270489050644
928 0.341234 118.986098936868 2.080973 0.782390357405951
929 0.499081 110.575629314214 1.835362 0.788828073183436
930 0.352106 122.695037207777 2.06133 0.80323252937015
931 0.212605 126.666921656345 2.207788 0.844288787207062
932 0.399873 121.099786978821 2.016219 0.79618517863197
933 0.490232 110.062158849478 1.859679 0.762983379161716
934 0.230245 125.933314833046 2.209129 0.809460690698094
935 0.413182 113.43332113606 1.996054 0.804535720628594
936 0.512148 118.012472081996 1.826595 0.789923549291655
937 0.427607 111.398101715287 1.961072 0.776851523724417
938 0.421609 111.483458464629 1.938593 0.787210975422226
939 0.469188 114.355424061195 1.814222 0.810701281757325
940 0.250778 117.743572700911 2.134995 0.826701777097544
941 0.453262 114.824857338531 1.892443 0.759704280912366
942 0.423406 120.914935396196 1.950716 0.798375914171304
943 0.476264 112.991942931885 1.851419 0.767598371575152
944 0.354954 111.21587872656 2.03397 0.813676668341133
945 0.533938 109.818393695039 1.767398 0.753229989423404
946 0.44008 104.349507155413 1.897628 0.769316435341381
947 0.296461 117.108549012674 2.13376 0.80971918234891
948 0.36453 115.427519136608 2.038395 0.812736355015961
949 0.436603 117.991114850241 1.94255 0.796023698453213
950 0.351104 119.720668956549 2.077305 0.824632993454076
951 0.382843 119.605100634008 2.050901 0.823110196500627
952 0.487749 114.92538279764 1.892518 0.766251627216358
953 0.427649 118.432474423069 1.973177 0.774688928083439
954 0.23731 121.228016001951 2.215089 0.832903724514274
955 0.386093 112.625349119588 2.000105 0.808737264229674
956 0.474826 109.897315774987 1.876646 0.78277682243959
957 0.257514 131.240809996508 2.197292 0.844369918796967
958 0.35245 109.152656270581 2.073893 0.810858447153763
959 0.43412 116.519001324139 1.958219 0.799486955365197
960 0.304921 126.17127456689 2.133793 0.836532642120232
961 0.481379 122.810395813916 1.919525 0.793997078491961
962 0.379074 117.154275522594 2.047094 0.790801701539786
963 0.344336 121.066680065327 2.077655 0.806265718222926
964 0.283185 128.835701748253 2.141937 0.828091095102369
965 0.450829 114.996676832785 1.91218 0.788169034503572
966 0.367435 112.089459472255 2.050892 0.795256005181227
967 0.498427 111.914715364519 1.876383 0.733302585066089
968 0.349091 115.701185324666 2.04564 0.777442042312559
969 0.347446 114.830842140789 2.078959 0.82622533314582
970 0.378676 118.662284531657 2.037384 0.811189946366232
971 0.410662 124.28932755959 2.000287 0.789262796047242
972 0.329068 120.32069495142 2.073337 0.83048542082635
973 0.479403 114.965726612949 1.892284 0.769836033062916
974 0.420018 115.793104192607 1.940392 0.787183714385464
975 0.425257 118.702720396745 1.996224 0.808970362742676
976 0.515092 110.969209239581 1.771738 0.758130875984303
977 0.4128 110.357879939026 1.977863 0.77133101560252
978 0.532208 116.253765795465 1.747883 0.783428046010639
979 0.340029 122.212067288015 2.102175 0.822354152803136
980 0.357836 125.411286276447 2.085748 0.835946104796926
981 0.320706 118.361972644123 2.127968 0.822649315965572
982 0.353351 119.608549092937 2.048768 0.825924937905757
983 0.299222 123.848226885353 2.134676 0.819483059818584
984 0.318594 125.535384878031 2.105517 0.82122886786614
985 0.384543 121.869194150825 2.036908 0.801470620798124
986 0.363342 119.385631170627 2.075799 0.809254753054585
987 0.392209 119.985411781582 2.019682 0.788264349968362
988 0.450171 119.726561593067 1.949894 0.75645884353985
989 0.36855 114.527246433095 2.02962 0.807879019314886
990 0.37215 119.450571818371 2.04757 0.811377456310664
991 0.39324 114.874922430494 1.974554 0.779294870095004
992 0.36323 121.702993564876 2.059826 0.828851155279676
993 0.385006 117.266634726353 2.019401 0.813178337692935
994 0.479577 120.825170293433 1.884491 0.782825856004736
995 0.595563 106.035932692796 1.649388 0.74778909595624
996 0.363272 122.808905618661 2.060333 0.796137618816459
997 0.448673 121.634440030307 1.965501 0.787215385338255
998 0.226708 122.390908748048 2.203852 0.829383845332455
999 0.499539 121.756503740771 1.877559 0.797754220362983
1000 0.567353 108.152828122736 1.680248 0.76439815294891
