rep	aei_left	left_area	adi_left	H
1	0.374806	115.8046939	2.010555	0.809646721
2	0.455436	118.5759816	1.907136	0.800949301
3	0.3894	117.2612394	2.017066	0.817923751
4	0.339913	117.4724173	2.048098	0.822961357
5	0.395427	117.0387339	2.012435	0.805710554
6	0.312146	116.7420323	2.108432	0.820929148
7	0.375118	120.3953754	2.056282	0.800472525
8	0.393	120.3956791	2.008863	0.813126248
9	0.342254	121.8511812	2.040111	0.822826571
10	0.421891	116.5126022	1.958634	0.79754153
11	0.376216	118.6669733	2.036208	0.805947369
12	0.251831	120.852564	2.161368	0.848946815
13	0.393557	124.2317787	2.019795	0.824487628
14	0.219399	127.7946835	2.216259	0.854082116
15	0.303696	118.2262839	2.117027	0.830439818
16	0.451042	119.9486937	1.908534	0.784231985
17	0.278584	119.5959447	2.151002	0.82500319
18	0.365804	116.3179618	2.070179	0.814962962
19	0.453596	119.7996172	1.906031	0.824140448
20	0.512716	118.6177097	1.834139	0.804522614
21	0.356693	124.0054661	2.056195	0.812740029
22	0.396541	122.2506575	1.980377	0.816420916
23	0.404575	115.5272001	1.972675	0.805822796
24	0.294941	122.3358052	2.137835	0.823842641
25	0.430564	120.6682963	1.944338	0.825292203
26	0.334321	119.2924779	2.111323	0.81081732
27	0.370148	132.8609504	1.998126	0.84481362
28	0.389384	113.4060594	1.991201	0.800729112
29	0.475025	112.8558633	1.854073	0.801457897
30	0.353889	119.5189672	2.0737	0.802388816
31	0.353106	120.7192635	2.079133	0.847261311
32	0.351835	123.9862773	2.071524	0.830374053
33	0.328611	120.8339538	2.091871	0.83612164
34	0.34731	121.5066874	2.062348	0.826380269
35	0.337455	119.7279928	2.093417	0.815232802
36	0.426656	115.363395	1.958633	0.813380386
37	0.43782	117.7565163	1.914219	0.822130957
38	0.389832	113.1393461	2.013016	0.813413896
39	0.384608	122.4019854	2.007105	0.814687659
40	0.37625	116.4119309	2.006741	0.825044842
41	0.357506	119.7246882	2.058723	0.816357946
42	0.34894	118.0434011	2.090291	0.818265868
43	0.504607	110.5384942	1.841615	0.785013213
44	0.304062	125.3969019	2.137198	0.854633561
45	0.384932	119.1672329	2.020751	0.810125019
46	0.361445	115.1015776	2.055468	0.805421052
47	0.417399	118.7572397	1.946608	0.807898192
48	0.308135	122.412859	2.124033	0.841791234
49	0.370412	121.9556759	2.046854	0.817466386
50	0.399548	120.414122	1.969918	0.824617307
51	0.3995	124.8301886	1.943621	0.831670294
52	0.425094	116.9380454	1.958983	0.803098326
53	0.399463	119.7693946	2.026706	0.807277771
54	0.410962	118.6750068	2.001747	0.805225463
55	0.511022	123.5782987	1.852593	0.813042685
56	0.260359	121.6526139	2.143188	0.825910266
57	0.442501	116.3036899	1.9362	0.804467559
58	0.338394	123.9457266	2.103985	0.81502688
59	0.345125	122.3445917	2.086809	0.814597902
60	0.317047	119.3763856	2.102596	0.837021695
61	0.406193	117.6123541	1.978275	0.817923635
62	0.416044	116.8560505	1.973941	0.817836646
63	0.370856	119.1448166	2.043226	0.816037479
64	0.414185	115.5116683	1.940355	0.811675728
65	0.41178	112.4249316	1.969356	0.804095176
66	0.342201	118.2508369	2.055997	0.822112147
67	0.377585	121.2066814	1.989606	0.814616277
68	0.26416	121.6382532	2.173214	0.846395459
69	0.438056	116.7817498	1.920414	0.797707705
70	0.387646	118.0937757	1.994483	0.811121889
71	0.356522	122.1022826	2.062929	0.809967679
72	0.375218	118.2541277	2.018818	0.813653445
73	0.363823	120.3103956	2.022518	0.810984246
74	0.303885	121.8860376	2.106629	0.820590521
75	0.449321	115.651702	1.938477	0.801718344
76	0.409058	121.9430011	1.960275	0.823953083
77	0.387025	115.1992833	2.002509	0.815724749
78	0.318282	119.1441447	2.103697	0.81727371
79	0.397129	117.9993306	1.991005	0.817698511
80	0.339647	118.4419285	2.086081	0.81444123
81	0.346283	124.224299	2.066114	0.83537203
82	0.382871	121.7226863	2.046346	0.821200688
83	0.3618	123.2248164	2.056111	0.819708107
84	0.196967	129.9366309	2.215311	0.855579389
85	0.457218	116.6577724	1.895193	0.808599381
86	0.317865	119.1470655	2.110539	0.823421093
87	0.375946	119.6678777	2.029613	0.81772939
88	0.335445	120.2887845	2.083207	0.797987086
89	0.309007	124.0523306	2.139821	0.814404202
90	0.275538	123.2676499	2.150715	0.832971622
91	0.33259	118.7521943	2.097737	0.821250393
92	0.383509	119.8652215	2.012429	0.811807412
93	0.316481	121.8306285	2.108804	0.839659751
94	0.446231	121.5508442	1.940367	0.823451038
95	0.278279	119.2492907	2.142227	0.836034402
96	0.263497	118.2540773	2.179992	0.851564886
97	0.359837	121.7177884	2.037541	0.829741871
98	0.402472	118.2450192	1.990598	0.820329781
99	0.418826	122.0247422	1.953452	0.809109451
100	0.298916	129.4313953	2.112809	0.844643892
101	0.303245	125.94604	2.122619	0.839782994
102	0.351742	125.1697848	2.086427	0.835148786
103	0.338312	119.1283284	2.059534	0.823106336
104	0.275483	122.8225853	2.114706	0.81525122
105	0.35758	118.0387378	2.028517	0.813725867
106	0.317749	117.2358861	2.109085	0.821722186
107	0.389223	117.6678891	2.019702	0.814942388
108	0.400293	114.6210696	1.998982	0.783465466
109	0.318167	124.6403353	2.103112	0.834707491
110	0.372154	124.0976199	2.042171	0.836862999
111	0.274191	133.137433	2.154028	0.840857964
112	0.326727	123.3242689	2.09097	0.835040494
113	0.432838	119.1504488	1.927958	0.813709461
114	0.356933	120.4589617	2.054642	0.812698056
115	0.289905	118.5817353	2.144447	0.833182908
116	0.44249	118.6165777	1.932256	0.800532503
117	0.344695	123.4334204	2.061924	0.837911919
118	0.481936	119.3097388	1.900934	0.78973952
119	0.451902	116.7040383	1.885756	0.784824262
120	0.429609	122.3962416	1.953223	0.816572911
121	0.287005	122.2030155	2.095329	0.827482567
122	0.406894	112.1639855	1.966797	0.797582254
123	0.382489	118.0248902	1.99358	0.795222798
124	0.375479	117.3498413	2.025717	0.802725854
125	0.278685	121.393241	2.162473	0.846271095
126	0.397166	125.2895912	2.022106	0.820634673
127	0.384167	117.4608682	1.991259	0.812445271
128	0.294418	123.3442626	2.137708	0.844488682
129	0.34207	120.8913435	2.052468	0.824435391
130	0.289104	120.9984749	2.090572	0.808934042
131	0.32876	121.3397224	2.089939	0.828033614
132	0.349741	121.4981194	2.084932	0.820698365
133	0.249613	128.7275624	2.169306	0.848988165
134	0.449495	117.2607369	1.909622	0.780506782
135	0.308785	124.0669064	2.119443	0.835736439
136	0.429287	114.2066024	1.916222	0.741695734
137	0.399663	116.0263996	2.026196	0.820707688
138	0.396692	113.3036121	1.990575	0.799536735
139	0.398316	118.0933085	1.988978	0.810803883
140	0.460488	116.1657265	1.882818	0.810323365
141	0.394402	120.5358823	1.995346	0.784860085
142	0.441724	119.5294052	1.940253	0.819401313
143	0.254018	123.1680609	2.174979	0.837884285
144	0.454909	116.1069844	1.906255	0.808352103
145	0.379495	117.6933261	2.013809	0.818480919
146	0.352808	123.1872351	2.063971	0.820410609
147	0.399664	125.6306836	2.00391	0.830202662
148	0.389509	114.3583815	1.965489	0.810943524
149	0.29192	120.6353242	2.119204	0.824123251
150	0.342568	117.6921678	2.039976	0.81672565
151	0.481841	113.2830526	1.832874	0.769668293
152	0.408177	118.0642859	1.976053	0.802757156
153	0.360311	120.1427483	2.042779	0.818872319
154	0.329231	120.0412992	2.091936	0.819062588
155	0.356402	118.6956838	2.047859	0.827284619
156	0.356289	119.3244484	2.059642	0.818015917
157	0.291134	121.739734	2.144992	0.833634742
158	0.376974	123.1688947	2.032297	0.828658559
159	0.446121	116.8602554	1.881238	0.80663811
160	0.407773	121.5135157	2.006778	0.820660207
161	0.385013	122.4706224	2.04545	0.800454144
162	0.358937	119.0527769	2.05475	0.810731876
163	0.331174	121.8084008	2.07709	0.82404078
164	0.367156	115.6637097	2.042238	0.786413483
165	0.381329	115.5539815	1.998545	0.809832444
166	0.294016	121.0385709	2.128396	0.831048274
167	0.434257	116.6776647	1.899095	0.810262637
168	0.375625	114.9986524	1.986099	0.818309357
169	0.372839	121.6030303	2.060007	0.834170211
170	0.353071	123.9732157	2.089257	0.818153516
171	0.365785	115.2910771	1.984424	0.807956227
172	0.459682	116.1181366	1.875466	0.805315535
173	0.331137	118.7396351	2.090686	0.83694089
174	0.391106	115.1613726	1.979502	0.818536608
175	0.298661	128.7583416	2.139389	0.832629347
176	0.408237	119.3557563	1.955876	0.819666687
177	0.383166	119.3102924	2.021625	0.803062806
178	0.28446	114.1479735	2.121991	0.829024432
179	0.416518	119.7040527	1.967658	0.826655305
180	0.257739	120.596478	2.166702	0.83541455
181	0.364233	117.827101	2.035314	0.808495448
182	0.354593	124.0674357	2.046005	0.821863871
183	0.361356	120.4662428	2.066125	0.818398614
184	0.351219	121.6171411	2.011754	0.802712048
185	0.328422	124.2985444	2.093804	0.835494153
186	0.357711	121.3181835	2.074868	0.814952964
187	0.361151	121.497156	2.045611	0.806966008
188	0.430884	117.2514381	1.910075	0.814188351
189	0.422932	114.0615039	1.934116	0.813516693
190	0.331757	118.141214	2.075144	0.829054592
191	0.438806	115.3202916	1.931848	0.769224177
192	0.34962	116.6016331	2.090477	0.816617515
193	0.427107	113.9961568	1.941721	0.792019882
194	0.263957	125.5400248	2.117773	0.837154436
195	0.329077	117.5832954	2.057859	0.824140992
196	0.408788	118.5434216	1.966659	0.813386628
197	0.374506	119.3095457	2.018993	0.804899347
198	0.424006	121.9474346	1.984338	0.821361367
199	0.414553	118.6467596	1.970361	0.810760908
200	0.299083	121.5258629	2.125446	0.835510887
201	0.346818	120.088967	2.092089	0.815321536
202	0.308275	123.169775	2.06016	0.830212376
203	0.387169	117.8084342	1.981128	0.822458813
204	0.27405	123.1940572	2.158993	0.834101394
205	0.362812	122.280068	2.044187	0.816077554
206	0.406843	115.200269	1.961573	0.809822564
207	0.399514	117.43366	2.015832	0.805059592
208	0.404483	119.5715068	1.975657	0.81681933
209	0.286439	128.183011	2.127635	0.82847928
210	0.288237	124.2655521	2.137812	0.854488845
211	0.394269	116.2815818	1.963375	0.801281512
212	0.352347	125.0721767	2.039879	0.840369007
213	0.373521	123.1644714	2.039153	0.80727637
214	0.254006	129.3332978	2.187033	0.840781017
215	0.418035	115.188258	1.958528	0.801957282
216	0.334851	127.1209655	2.090312	0.844125283
217	0.37973	118.973433	2.012442	0.792073754
218	0.373868	120.9475199	2.011783	0.823051032
219	0.328682	123.8507122	2.113173	0.832924914
220	0.344174	122.349432	2.075877	0.828053049
221	0.393852	121.8624659	1.996486	0.827607608
222	0.511004	116.2268021	1.82611	0.802671642
223	0.344815	121.1399152	2.084915	0.830275636
224	0.40863	119.010618	1.996416	0.816408389
225	0.386387	117.5952595	1.995369	0.810302781
226	0.374641	114.033587	2.02053	0.81824387
227	0.412334	122.5381514	1.992394	0.819080504
228	0.322284	117.6325105	2.085315	0.816527781
229	0.397412	118.0694996	1.963836	0.805189489
230	0.297517	131.9219629	2.13913	0.824860176
231	0.395816	119.2491288	1.996346	0.807728432
232	0.416175	119.6052027	1.963905	0.820089779
233	0.487068	113.9292168	1.833828	0.762325299
234	0.305062	122.9114015	2.115546	0.824908712
235	0.299094	118.2950411	2.110997	0.8309166
236	0.383438	122.7581544	2.048347	0.817679907
237	0.360577	117.2955214	2.013001	0.818740166
238	0.42831	126.9079674	1.968362	0.819643774
239	0.36316	116.7791731	2.030325	0.809030481
240	0.358926	120.3462756	2.055295	0.818760441
241	0.281764	125.3268063	2.12203	0.827135132
242	0.305556	118.2945895	2.111394	0.818916351
243	0.268511	121.6703184	2.170632	0.832934991
244	0.422285	116.5906428	1.944556	0.811087784
245	0.364982	115.4719351	2.04678	0.806825294
246	0.459457	126.053316	1.939545	0.843336329
247	0.436592	117.3855015	1.940959	0.782495708
248	0.375835	122.8266401	2.041151	0.826872645
249	0.391755	119.6574756	1.994932	0.808655497
250	0.43044	118.7119468	1.944713	0.802760414
251	0.32271	124.1643859	2.083881	0.842986873
252	0.405366	119.202048	1.988418	0.822443589
253	0.326914	121.5925558	2.095169	0.840159056
254	0.321079	123.5800962	2.120155	0.824617075
255	0.300193	124.7527724	2.124526	0.834823198
256	0.201277	126.6880692	2.196179	0.841001683
257	0.297308	126.6418835	2.142122	0.840709964
258	0.393074	117.8883775	2.006453	0.81798405
259	0.370633	121.0231274	2.025458	0.827130573
260	0.366339	117.3583688	2.040518	0.808263088
261	0.483149	116.105951	1.87237	0.796774005
262	0.354559	115.2959119	2.039942	0.799143349
263	0.360401	116.2815664	2.027937	0.815697559
264	0.387904	120.9770075	2.035339	0.827153198
265	0.399289	123.5729764	1.966015	0.810728447
266	0.327748	118.0484398	2.076699	0.816984282
267	0.269725	124.0824282	2.118037	0.824925717
268	0.362089	118.8178471	2.063919	0.814626656
269	0.411513	118.1521978	2.006975	0.806378867
270	0.50585	122.1601585	1.867126	0.789180904
271	0.389042	113.7041255	1.986427	0.808143586
272	0.344682	115.2518506	2.044141	0.821857351
273	0.390883	122.4517902	1.975268	0.805818902
274	0.35454	118.918185	2.037573	0.818444729
275	0.394662	121.0691296	1.971428	0.805350758
276	0.396292	118.1894819	2.004747	0.80767776
277	0.255625	123.7412435	2.183233	0.830106622
278	0.442752	123.4552937	1.944806	0.811083811
279	0.422822	116.940733	1.937955	0.812534414
280	0.315102	121.8587209	2.076654	0.815425521
281	0.409584	116.8452201	1.968462	0.801130972
282	0.421466	116.8151447	1.963085	0.78709393
283	0.326323	116.1981929	2.096884	0.821435852
284	0.377251	125.9305378	2.036747	0.81403233
285	0.384105	117.3633949	1.978182	0.797155669
286	0.319725	117.3083506	2.099084	0.809653785
287	0.354062	117.8821924	2.042749	0.817129241
288	0.333401	122.6248128	2.079542	0.823188105
289	0.436326	120.1816742	1.935954	0.807457892
290	0.358811	122.2506802	2.068187	0.82902327
291	0.423542	120.6750652	1.996884	0.820763807
292	0.321856	122.8776287	2.095292	0.843548946
293	0.393266	116.4516579	1.994854	0.799051629
294	0.511033	119.4153803	1.820164	0.782441446
295	0.391872	120.8954142	2.021809	0.808367915
296	0.464632	111.468824	1.87344	0.795017315
297	0.334172	120.0980866	2.038137	0.826016397
298	0.403151	116.584368	1.951102	0.81970351
299	0.443376	118.3399179	1.951378	0.799883362
300	0.41005	125.0130336	1.99561	0.813991607
301	0.337738	115.461397	2.062598	0.81740171
302	0.40154	115.814844	1.992298	0.800316554
303	0.402128	126.9499393	1.979167	0.83682698
304	0.359376	118.9721351	2.030524	0.803219072
305	0.399127	115.7018357	1.96021	0.814952572
306	0.355958	121.0516179	2.03416	0.813941753
307	0.459906	113.4207846	1.89076	0.783133388
308	0.369198	120.1472509	2.05448	0.822982804
309	0.406374	115.9325751	1.974809	0.812558566
310	0.2949	126.0849189	2.153644	0.83623349
311	0.319031	122.8349048	2.121251	0.833837434
312	0.388127	115.6287089	1.997242	0.805354258
313	0.375854	119.1542114	1.996741	0.825608867
314	0.324693	121.0331256	2.097063	0.818945556
315	0.3127	131.8012753	2.135999	0.831016533
316	0.410215	118.4250354	1.99553	0.799673521
317	0.314411	117.1980503	2.079504	0.82871289
318	0.312371	119.1503924	2.104433	0.818176239
319	0.29007	125.6084435	2.156839	0.835255837
320	0.370862	123.6198419	2.048728	0.806146457
321	0.341541	120.6412681	2.06476	0.822966638
322	0.352984	120.1686472	2.050355	0.819516749
323	0.295707	131.7484497	2.11768	0.857963834
324	0.300393	122.7902794	2.103601	0.842707504
325	0.237975	125.5102914	2.192488	0.841190662
326	0.375318	119.2445168	2.028555	0.827071799
327	0.304171	124.1274475	2.140653	0.837967072
328	0.378804	122.0825789	2.039292	0.828664533
329	0.356002	116.2720386	2.022411	0.809011484
330	0.428502	115.5303015	1.916396	0.817383305
331	0.402629	121.0668323	2.001564	0.831886007
332	0.265074	123.9272637	2.15345	0.835584045
333	0.382628	123.2609082	2.01973	0.83136156
334	0.401276	119.5855467	1.992268	0.814077761
335	0.467666	118.2928876	1.904471	0.802824353
336	0.313219	119.384335	2.06791	0.829855702
337	0.300781	122.365067	2.131128	0.823703721
338	0.36034	120.3313261	2.040762	0.820178438
339	0.394112	115.5352587	2.012299	0.799035745
340	0.341689	120.2049646	2.090845	0.823932453
341	0.374276	124.2064422	2.071018	0.837268989
342	0.300355	124.1199623	2.119948	0.837936629
343	0.365582	122.6257846	2.014954	0.826687809
344	0.395654	116.9325886	1.987649	0.802486372
345	0.364451	123.6367663	2.043175	0.831355824
346	0.387846	116.1706141	1.995472	0.809823376
347	0.449943	120.9360388	1.903714	0.821295717
348	0.476355	121.8832855	1.906848	0.795340798
349	0.414074	118.481871	1.947737	0.803015175
350	0.277534	128.0181253	2.159978	0.843818852
351	0.384659	119.3436315	2.021075	0.820193783
352	0.36055	123.0156102	2.053133	0.825281465
353	0.334551	117.7167526	2.065205	0.810600672
354	0.3422	121.6265045	2.081594	0.8176935
355	0.403029	116.8383488	2.000782	0.810898533
356	0.384256	119.4273446	2.008406	0.823798419
357	0.329552	117.6217756	2.080448	0.804175732
358	0.414547	114.6721118	1.965774	0.802463186
359	0.342241	123.466356	2.07216	0.842387671
360	0.27959	127.0338336	2.153256	0.843684417
361	0.36714	122.9015444	2.047864	0.825014552
362	0.313626	118.4633174	2.094682	0.822216163
363	0.384166	121.3165316	1.993521	0.833270859
364	0.404939	119.342497	1.988952	0.817259338
365	0.442693	119.1206806	1.923765	0.817834059
366	0.31732	123.1113689	2.103171	0.838533869
367	0.309283	123.0625295	2.112057	0.83076111
368	0.42771	115.222312	1.944651	0.789790732
369	0.305224	122.6151438	2.126814	0.835305225
370	0.359258	115.3422641	2.042798	0.811980004
371	0.277036	126.8901062	2.150012	0.832996033
372	0.409322	120.0362735	2.017856	0.793231343
373	0.362292	119.4434917	2.067662	0.824556424
374	0.35599	122.5945345	2.079429	0.828058863
375	0.41434	117.7236092	1.978781	0.817927704
376	0.405877	116.5619093	1.949686	0.799500592
377	0.380637	115.0916577	1.997185	0.811977096
378	0.350091	123.5476012	2.076491	0.818890758
379	0.403098	117.5763468	1.974759	0.807736683
380	0.412295	112.6948813	1.934757	0.811097168
381	0.324108	121.9643256	2.09119	0.822194116
382	0.36783	126.0335903	2.055932	0.808974322
383	0.42487	119.303671	1.976604	0.812119346
384	0.373831	116.0119927	2.025175	0.814390657
385	0.275297	123.6537699	2.150584	0.838610828
386	0.370934	118.1299384	2.018715	0.82464619
387	0.416369	112.150602	1.937366	0.793263731
388	0.4262	117.4946515	1.961511	0.79897334
389	0.344686	120.3005615	2.042051	0.823583577
390	0.330142	120.6460534	2.090946	0.82385619
391	0.309036	122.532435	2.126567	0.836877797
392	0.348906	119.3185415	2.048734	0.804038114
393	0.391602	116.2113561	1.992202	0.803656126
394	0.406515	113.8470456	1.97888	0.805863224
395	0.452106	116.6945918	1.900126	0.814826901
396	0.350919	122.087835	2.087101	0.820983865
397	0.35728	118.5614863	2.052768	0.829210826
398	0.463908	121.4417806	1.90445	0.829142121
399	0.321884	129.8779121	2.11759	0.834655885
400	0.402808	118.2372655	1.938708	0.778945841
401	0.37575	116.5323605	2.001284	0.810128318
402	0.393738	118.3753692	1.989637	0.815106531
403	0.378338	117.7334876	2.00521	0.804967048
404	0.332601	123.1165598	2.082192	0.833176156
405	0.324708	122.8350653	2.091056	0.834672094
406	0.426279	121.6388624	1.969583	0.819844335
407	0.363225	119.4349281	2.023336	0.81596381
408	0.344182	121.7754247	2.083884	0.820169423
409	0.299508	123.8052304	2.1252	0.828256873
410	0.368906	121.0701671	2.04899	0.820664294
411	0.307869	123.509952	2.130728	0.836612974
412	0.339874	116.9758549	2.073214	0.823897129
413	0.380678	126.5787017	2.063889	0.80378963
414	0.331857	126.7583743	2.086566	0.8497363
415	0.358663	119.2355733	2.05144	0.812524286
416	0.338014	121.8714359	2.09555	0.832488293
417	0.481271	115.3806462	1.864042	0.774474968
418	0.314875	123.870076	2.120836	0.828113747
419	0.315376	123.5990358	2.104695	0.824988064
420	0.384454	120.4436154	2.028131	0.826637005
421	0.275242	122.526651	2.145545	0.840477632
422	0.408163	121.3444846	1.986707	0.790704556
423	0.37422	121.6186193	2.01997	0.820470729
424	0.428322	117.5557557	1.985557	0.811046356
425	0.327176	121.1726878	2.101604	0.835884285
426	0.381803	116.2418229	2.023236	0.805487829
427	0.401727	115.1639973	1.965968	0.797631845
428	0.371616	122.688221	2.006838	0.821793289
429	0.355568	122.357276	2.061007	0.819582172
430	0.427551	119.0184855	1.957506	0.816714179
431	0.322297	122.7004805	2.114494	0.832834604
432	0.408261	119.8498993	1.982571	0.830960216
433	0.34426	117.2129013	2.067829	0.815569149
434	0.469236	113.8703043	1.87902	0.805558255
435	0.41874	117.7088418	1.935914	0.812322878
436	0.373127	121.1240032	2.024733	0.815599808
437	0.338473	122.9913523	2.078161	0.830321631
438	0.30978	123.2780074	2.107827	0.830124824
439	0.389757	117.0931279	1.996458	0.818072861
440	0.427051	118.7389069	1.909818	0.806442522
441	0.417079	113.8570863	1.961329	0.804183998
442	0.398181	126.2746716	2.024501	0.829737929
443	0.381901	117.2100587	2.026892	0.807467181
444	0.379189	118.1083075	2.029761	0.818661062
445	0.339968	121.1670853	2.083873	0.82077365
446	0.375572	120.8260173	2.027118	0.821625709
447	0.283324	121.5395333	2.133545	0.834163884
448	0.371595	117.8591742	2.006819	0.813969131
449	0.321598	123.1178673	2.08273	0.833622353
450	0.39862	114.8915027	1.984766	0.797622527
451	0.433611	117.2138457	1.913382	0.813138741
452	0.319111	120.3166861	2.081649	0.838286561
453	0.473626	112.1958971	1.863001	0.80500264
454	0.378544	125.8297868	2.051752	0.836773416
455	0.362265	119.4373617	2.057805	0.821682766
456	0.485043	115.0252537	1.850261	0.802830744
457	0.271512	121.0544915	2.128527	0.829859402
458	0.505452	115.8774206	1.806065	0.818930786
459	0.344202	120.3682717	2.061521	0.819409638
460	0.403516	122.1288668	1.956359	0.820249029
461	0.473991	116.8435326	1.873645	0.794127927
462	0.505993	118.7655584	1.856076	0.792214615
463	0.416893	120.9487076	1.97363	0.813848643
464	0.26407	119.6788473	2.166589	0.841282034
465	0.234873	125.9300214	2.204096	0.857514115
466	0.460085	116.3632769	1.929095	0.785834419
467	0.349189	121.4468721	2.03655	0.830305589
468	0.436635	117.3540834	1.955603	0.803904341
469	0.429323	120.6576218	1.966608	0.807292999
470	0.381779	126.5215779	2.019589	0.827871666
471	0.297915	123.8434825	2.130887	0.838352528
472	0.37751	120.2523933	2.02137	0.83459947
473	0.245945	125.8104217	2.185018	0.842922056
474	0.380145	121.0480202	2.01345	0.822954458
475	0.434504	113.5630129	1.91111	0.80593874
476	0.368085	118.3924998	2.039594	0.812185376
477	0.44124	119.6327254	1.95342	0.81792597
478	0.363471	123.5687931	2.041084	0.833376986
479	0.37095	116.8157062	2.007615	0.816747318
480	0.351622	121.2164222	2.073996	0.814973561
481	0.422498	116.9516486	1.955517	0.812074817
482	0.319	122.3442918	2.117921	0.837214722
483	0.410278	116.1831455	1.965117	0.80471325
484	0.407417	121.3156029	2.005735	0.825381815
485	0.329752	118.4684615	2.068814	0.830786035
486	0.401249	117.2188585	1.98691	0.813081182
487	0.473745	115.5972983	1.904372	0.786098783
488	0.394432	131.7613798	2.01105	0.847157194
489	0.40385	115.5587009	2.00622	0.800650434
490	0.372186	121.7761683	2.041696	0.823435228
491	0.284128	120.5941952	2.096128	0.820168146
492	0.33588	118.5683789	2.065859	0.826891729
493	0.238458	126.1467588	2.21092	0.840038777
494	0.252415	126.8645565	2.169131	0.852328113
495	0.327318	118.9268348	2.101775	0.824361289
496	0.359741	117.7454492	2.051725	0.814998898
497	0.405981	119.5078857	1.965998	0.816026439
498	0.367144	120.8509331	2.045075	0.825537293
499	0.335623	119.6878239	2.075013	0.82055624
500	0.381545	120.1671444	2.038038	0.826150825
501	0.370864	123.7565594	2.028802	0.826450811
502	0.415827	117.2998179	1.933728	0.816341509
503	0.311093	122.7801232	2.118089	0.846103998
504	0.359878	118.4610681	2.04781	0.808368334
505	0.377653	117.1864296	2.036123	0.812544732
506	0.349389	119.9759691	2.031733	0.83141438
507	0.345288	119.9724221	2.078956	0.824604887
508	0.398091	116.7675427	1.963005	0.806452036
509	0.448734	116.7992282	1.891788	0.822366436
510	0.332522	122.4408023	2.044049	0.815311024
511	0.377865	115.7864312	2.00754	0.814583543
512	0.400583	118.979116	1.989534	0.777626733
513	0.412388	119.2497955	1.948375	0.814442747
514	0.302137	124.7487048	2.137435	0.832511587
515	0.461487	124.5452009	1.86794	0.806471815
516	0.31941	118.0370491	2.082069	0.825464473
517	0.407758	123.1513625	1.975779	0.821824544
518	0.4358	118.4353181	1.933393	0.820841987
519	0.356191	115.7805027	2.042001	0.817841331
520	0.328274	124.6483536	2.098579	0.844266146
521	0.357337	121.5964732	2.071036	0.831235785
522	0.299746	121.7089692	2.111195	0.831941349
523	0.382372	118.5732137	2.049193	0.81015357
524	0.324847	125.1874963	2.098299	0.847326307
525	0.329996	120.6499381	2.080275	0.819405513
526	0.360529	123.3045117	2.052161	0.825383992
527	0.307424	120.4376914	2.117628	0.83347387
528	0.464136	117.5341503	1.884206	0.794845932
529	0.361411	122.7949284	2.062512	0.82899594
530	0.369958	125.2380892	2.060242	0.823462007
531	0.264105	120.1144714	2.14193	0.822773108
532	0.428052	120.3258849	1.951282	0.828233934
533	0.36228	117.3325303	2.060872	0.795662565
534	0.419735	118.5284221	1.947283	0.806265254
535	0.335145	121.2741745	2.099795	0.817566954
536	0.298514	121.4924538	2.124674	0.826189074
537	0.375999	116.0559825	2.002118	0.813366579
538	0.373768	116.2699419	2.010984	0.807016579
539	0.289331	127.8695636	2.159369	0.831625503
540	0.425849	114.8077583	1.96077	0.79055771
541	0.453016	113.3835367	1.919663	0.765232222
542	0.342796	120.2996078	2.066777	0.813646565
543	0.391948	122.2892783	2.001085	0.82418434
544	0.339336	123.5917253	2.101765	0.819356279
545	0.402121	119.7784916	2.002238	0.824071626
546	0.388807	117.1570944	1.964787	0.801407021
547	0.372279	123.4416077	2.00964	0.80392248
548	0.379006	123.1710771	1.998406	0.819202874
549	0.337158	116.2677056	2.064148	0.803366251
550	0.390198	115.6949776	1.997915	0.802036495
551	0.367874	121.6199117	2.018772	0.839788523
552	0.341796	121.0086767	2.08148	0.821065933
553	0.353052	125.7697474	2.062027	0.827229941
554	0.315838	123.4059608	2.122862	0.833632747
555	0.305155	120.2398493	2.114333	0.82832532
556	0.350726	118.2282315	2.020577	0.809105824
557	0.43343	121.1066138	1.932033	0.82916319
558	0.510758	118.1217923	1.817829	0.807267417
559	0.30935	127.6947062	2.123447	0.841050865
560	0.370142	119.6883521	2.029209	0.820259828
561	0.427656	111.0746596	1.934503	0.796245604
562	0.3311	121.9871278	2.108746	0.831829499
563	0.365457	118.0246092	2.051774	0.80778825
564	0.369535	119.6002517	2.052342	0.826590269
565	0.431815	114.9384273	1.932981	0.783049661
566	0.307785	123.1838937	2.093133	0.821188343
567	0.454991	114.8873415	1.905238	0.805917317
568	0.212554	123.7643258	2.191793	0.835723781
569	0.414837	115.7617273	1.950504	0.812448303
570	0.34061	120.7815878	2.081181	0.821965385
571	0.312148	123.9234376	2.108931	0.838243709
572	0.403519	117.5836489	1.9731	0.799673696
573	0.32399	124.3090668	2.104397	0.827592103
574	0.477216	117.5681035	1.886524	0.79157132
575	0.372521	121.4214623	2.056906	0.854532833
576	0.379339	115.7601136	2.002348	0.811236123
577	0.356559	119.4433908	2.048257	0.815303738
578	0.350083	119.1429212	2.038687	0.820182099
579	0.408688	120.7218669	1.982615	0.811537637
580	0.408951	123.1219683	1.974166	0.830991857
581	0.471202	118.3276121	1.869612	0.796708167
582	0.359674	114.8466335	2.026414	0.816601797
583	0.363804	119.4266232	2.036042	0.822281679
584	0.28698	121.6106501	2.138836	0.825887394
585	0.368854	122.7853313	2.044233	0.820874169
586	0.369281	123.2238808	2.061659	0.81295717
587	0.32813	119.9889644	2.106031	0.836607044
588	0.482052	115.9123947	1.833804	0.788616837
589	0.350598	120.5151484	2.068508	0.826867433
590	0.360978	118.8327494	2.018694	0.820215403
591	0.385756	122.4096503	2.013114	0.778634047
592	0.374634	116.5430859	2.014022	0.812072094
593	0.38863	119.6599161	1.99244	0.821005912
594	0.375336	118.1895061	2.041511	0.807770896
595	0.354264	119.321415	2.069406	0.827478043
596	0.334211	116.8805753	2.101572	0.832001738
597	0.387775	117.98178	2.026436	0.810411558
598	0.371068	121.0908695	2.029675	0.817617677
599	0.410496	119.833892	1.932622	0.821603213
600	0.394572	116.1060979	1.95436	0.808992865
601	0.218018	120.2272618	2.194216	0.834011348
602	0.441007	115.5692633	1.905842	0.790479186
603	0.448602	115.8917339	1.95236	0.784102725
604	0.351566	119.8041202	2.036757	0.83301297
605	0.377852	117.018272	1.997413	0.819441614
606	0.256403	125.3911005	2.186986	0.845093129
607	0.356465	124.8380877	2.052468	0.829846602
608	0.307666	124.4364297	2.117205	0.832403497
609	0.35618	128.9222143	2.077131	0.810453421
610	0.404068	123.2460487	1.994987	0.828281059
611	0.416694	123.3635569	1.969873	0.81687162
612	0.411236	116.7413719	1.99975	0.791004418
613	0.271287	121.9893702	2.156485	0.851345966
614	0.368923	118.4627449	2.049224	0.803633783
615	0.442975	113.5518798	1.883793	0.783470258
616	0.298495	120.9270231	2.075711	0.825174414
617	0.446842	116.9729331	1.938383	0.805393148
618	0.3079	117.1039994	2.06216	0.826403916
619	0.305765	116.1535103	2.110949	0.813425089
620	0.323051	128.2737096	2.103163	0.828839728
621	0.357825	116.3990111	2.030099	0.811356614
622	0.392886	124.3535079	1.998436	0.829432142
623	0.261725	118.649308	2.175406	0.826811332
624	0.44136	124.7401303	1.959101	0.830156119
625	0.341424	122.5765497	2.086492	0.827753828
626	0.474478	116.454566	1.845581	0.796915417
627	0.294337	120.3651276	2.091627	0.831687562
628	0.341021	114.9951579	2.066792	0.819103101
629	0.493746	114.7156264	1.830231	0.782584552
630	0.371073	119.1889418	2.030296	0.811449815
631	0.399202	117.363365	2.007197	0.799248754
632	0.297654	124.9696988	2.118448	0.822173578
633	0.293277	125.2114545	2.112884	0.827390623
634	0.421108	113.8950312	1.985062	0.804665037
635	0.247105	119.3319837	2.134213	0.83438955
636	0.307071	120.7805376	2.079774	0.835950594
637	0.385397	123.9606989	2.007851	0.831113931
638	0.341633	121.6028259	2.076054	0.822692842
639	0.27567	121.53231	2.15622	0.835014389
640	0.379002	118.198248	1.990072	0.815712549
641	0.478764	116.198584	1.888052	0.792327419
642	0.398045	119.1509416	2.000108	0.810828306
643	0.417026	120.1719609	1.985351	0.817748057
644	0.411846	119.0181451	1.967985	0.820137126
645	0.335044	122.7382561	2.059384	0.836239324
646	0.313527	122.083808	2.098837	0.839450208
647	0.380163	123.2727363	2.044589	0.819269738
648	0.385173	114.0855574	1.984971	0.806390674
649	0.445995	112.6974603	1.872465	0.787503571
650	0.352263	117.3741205	2.047518	0.781276055
651	0.344333	122.3184151	2.078946	0.819461673
652	0.337087	120.6472566	2.093434	0.821728069
653	0.390906	113.9511527	1.992279	0.796556191
654	0.442676	119.0603307	1.944866	0.808494317
655	0.368898	121.3528277	2.051387	0.816853449
656	0.338918	123.0771674	2.047825	0.826245343
657	0.435937	118.9656837	1.950084	0.824073757
658	0.439515	112.0918573	1.897156	0.800584916
659	0.374325	118.7864252	2.031908	0.812499558
660	0.360856	118.9626638	2.025725	0.81251558
661	0.282685	127.5312095	2.160785	0.857187171
662	0.369508	123.1793185	2.029263	0.829548499
663	0.32697	119.2282347	2.108508	0.806221839
664	0.396077	115.9749832	1.989677	0.80146185
665	0.419041	115.6979361	1.922601	0.806696567
666	0.328928	124.4630343	2.067839	0.836173001
667	0.354954	120.2531268	2.041759	0.810931065
668	0.300974	123.3152448	2.098373	0.833158452
669	0.324841	124.4380757	2.104716	0.834268701
670	0.360473	125.9621963	2.026245	0.841938843
671	0.310597	124.7381551	2.123249	0.839174947
672	0.438347	121.6418609	1.964802	0.80794705
673	0.416536	115.9360953	1.95917	0.805866108
674	0.418414	114.7921831	1.941741	0.79801011
675	0.33121	124.4199468	2.096669	0.849850738
676	0.310409	116.3527867	2.102274	0.819841435
677	0.286386	122.5486388	2.110652	0.829780396
678	0.266983	132.4445125	2.169319	0.84660707
679	0.35161	122.6327632	2.060892	0.832579606
680	0.410792	118.8513765	1.99212	0.817847862
681	0.428552	120.1552571	1.956682	0.825083319
682	0.394361	117.1529549	1.963459	0.81453028
683	0.315468	122.9667947	2.096992	0.838952167
684	0.353231	122.8492443	2.074733	0.815655068
685	0.331181	120.6820685	2.110716	0.815637385
686	0.282197	122.8180763	2.160747	0.829836326
687	0.319564	128.8564384	2.111383	0.83846982
688	0.42951	117.7630441	1.964204	0.806563317
689	0.330727	124.6343537	2.081044	0.82915718
690	0.290735	125.2290003	2.144506	0.839847144
691	0.356122	117.5047552	2.037042	0.812207793
692	0.304268	121.6939694	2.106913	0.822762372
693	0.376569	121.707454	2.052319	0.815096912
694	0.410602	119.3154693	1.998774	0.810254682
695	0.325272	120.9560876	2.100537	0.825661611
696	0.219093	120.7489502	2.181886	0.833376506
697	0.315993	124.6251674	2.112673	0.827521403
698	0.385981	118.7586716	2.004644	0.806556306
699	0.405661	118.2097223	1.942923	0.820839553
700	0.284784	125.6697865	2.155945	0.843382454
701	0.387947	117.4882232	1.994597	0.807643487
702	0.351211	119.8545793	2.079013	0.835145557
703	0.390366	123.5045875	2.018979	0.818689565
704	0.32434	121.3899951	2.076329	0.83008503
705	0.314446	124.5742811	2.091253	0.84205855
706	0.217353	124.9569618	2.210283	0.85027706
707	0.288859	127.0285995	2.127185	0.836461253
708	0.429489	113.8229287	1.921812	0.798956737
709	0.384362	120.2252695	2.047748	0.816167606
710	0.323039	119.2175175	2.103807	0.828189882
711	0.402608	121.5385005	1.986369	0.825544281
712	0.408079	119.5683025	1.985376	0.815059783
713	0.330992	119.5922123	2.07241	0.830236114
714	0.368728	124.4622815	2.045329	0.847330029
715	0.383371	124.362544	2.006127	0.814062278
716	0.377255	123.7856199	2.003593	0.844916647
717	0.444106	114.2831086	1.934416	0.795527369
718	0.352957	119.6477088	2.059227	0.82531101
719	0.371616	128.1168035	2.061251	0.845891699
720	0.391403	121.0841769	1.998326	0.837027473
721	0.485934	120.8563536	1.873529	0.81065568
722	0.341197	120.7630288	2.057581	0.817939644
723	0.400951	115.0787373	1.964365	0.812651703
724	0.27048	121.2172199	2.138757	0.832220071
725	0.366903	118.1305815	2.031215	0.819523303
726	0.451213	115.5747274	1.890121	0.805880214
727	0.375581	117.4543158	2.029493	0.821219836
728	0.407238	119.3367232	1.976794	0.820947466
729	0.316464	122.8613565	2.118021	0.828906154
730	0.304862	124.1512973	2.132249	0.830945052
731	0.341558	120.102009	2.076366	0.816654586
732	0.339162	122.2050701	2.088438	0.81531537
733	0.389368	124.0905568	2.030635	0.832354413
734	0.353828	121.7096269	2.071051	0.826425722
735	0.293608	121.782146	2.110904	0.834588494
736	0.39544	115.93796	1.962987	0.787800214
737	0.317702	123.4808823	2.134636	0.843746139
738	0.396869	118.2255203	1.992467	0.817819512
739	0.345968	122.4668014	2.063591	0.823810358
740	0.361651	116.4374328	2.036898	0.823373786
741	0.343222	119.1255515	2.080484	0.817761831
742	0.321521	118.1159108	2.099028	0.820574941
743	0.366737	117.9360097	2.056678	0.821525669
744	0.418533	116.5621584	1.982992	0.803765852
745	0.30708	117.8431258	2.081281	0.821261244
746	0.330005	121.0990384	2.064894	0.830279014
747	0.414825	112.6766217	1.938742	0.789808927
748	0.347814	118.12069	2.033468	0.820331365
749	0.397974	115.8693855	1.980874	0.813036606
750	0.301838	122.0136882	2.127629	0.845308928
751	0.383295	117.8948444	1.994633	0.819594933
752	0.334534	132.3399192	2.105708	0.847486048
753	0.425365	117.3275128	1.937779	0.814576305
754	0.372793	115.1512768	2.022466	0.808603311
755	0.454161	121.6073183	1.952785	0.813580731
756	0.394699	113.9112172	1.956624	0.827030962
757	0.305543	126.1556507	2.081761	0.848791385
758	0.374991	120.6262399	2.041498	0.817164093
759	0.380614	123.4207293	2.04959	0.811214217
760	0.337484	125.7952746	2.06234	0.828684387
761	0.39517	120.6124981	1.988612	0.803199966
762	0.31905	120.4624165	2.091729	0.82019507
763	0.328706	119.6420366	2.064305	0.823453208
764	0.342671	120.2295107	2.059666	0.822345999
765	0.346374	124.7230426	2.100888	0.830348996
766	0.339051	122.2856421	2.101747	0.83768647
767	0.347623	121.3156667	2.079918	0.823729195
768	0.350941	117.5176466	2.040048	0.807144026
769	0.343683	119.5590181	2.086929	0.827743695
770	0.255903	124.8439299	2.18289	0.847172261
771	0.323864	126.6983123	2.11682	0.843879093
772	0.445755	120.4186254	1.960418	0.785779637
773	0.381541	118.3577926	2.021052	0.819793422
774	0.311443	124.0100138	2.10026	0.839276439
775	0.38477	119.1880421	1.990628	0.826891087
776	0.447303	112.1098452	1.934336	0.781083458
777	0.290657	124.7355933	2.140224	0.837808369
778	0.344758	123.8184548	2.076915	0.841004396
779	0.339295	121.1500619	2.087596	0.833635057
780	0.374313	118.0906831	2.047878	0.804376781
781	0.357197	118.8566705	2.049593	0.815916995
782	0.344331	113.2222794	2.023241	0.803408251
783	0.413609	119.3202794	1.985223	0.804724308
784	0.431182	116.9548761	1.932542	0.808274051
785	0.260688	127.6581481	2.177014	0.83956045
786	0.396007	118.1264932	2.023569	0.793215211
787	0.313514	122.9618767	2.094584	0.823116694
788	0.344059	125.4000223	2.079519	0.829542915
789	0.428548	117.5401484	1.93769	0.812146207
790	0.333487	123.2936328	2.101246	0.840424026
791	0.332458	123.9800847	2.084805	0.822023279
792	0.364133	121.8089701	2.060651	0.83496253
793	0.291216	125.0794403	2.13726	0.815899759
794	0.363298	121.7436498	2.045697	0.821654015
795	0.330056	119.6635317	2.083219	0.819871098
796	0.343577	125.8421113	2.079522	0.830186405
797	0.31099	127.5387408	2.131064	0.838995781
798	0.30393	122.4379802	2.087629	0.829626735
799	0.303979	115.0559073	2.058862	0.814747934
800	0.325862	120.5809591	2.069243	0.81924998
801	0.419962	116.011414	1.935258	0.816268749
802	0.282214	124.5046037	2.139188	0.856756861
803	0.392059	115.7578931	1.99775	0.810954829
804	0.391069	120.2030981	2.018708	0.813805587
805	0.311008	123.3597304	2.125385	0.844298231
806	0.397832	119.5766972	1.963152	0.816897611
807	0.424414	114.4645136	1.944332	0.795842871
808	0.432567	112.6069313	1.947568	0.795433237
809	0.310677	123.2886655	2.119308	0.822160438
810	0.326948	123.8233631	2.114637	0.843777715
811	0.315557	121.2820543	2.065089	0.829567579
812	0.36394	122.8724719	2.015832	0.816075374
813	0.364016	127.4380064	2.039226	0.840272198
814	0.232571	125.3096395	2.183665	0.833023511
815	0.357883	124.5712222	2.050781	0.81393144
816	0.386126	115.963544	2.012073	0.82065654
817	0.464135	117.6383793	1.885376	0.807388732
818	0.347044	127.2057382	2.087637	0.831647473
819	0.355544	122.3425806	2.059272	0.826816086
820	0.37386	118.4334441	2.006094	0.808244361
821	0.356225	121.2012089	2.036897	0.820131969
822	0.402751	118.2764874	1.9842	0.803522464
823	0.361196	116.3569735	2.038949	0.808914565
824	0.405954	116.8977507	1.96402	0.815395361
825	0.392785	116.2670975	1.971949	0.809991009
826	0.41524	116.6078324	1.955192	0.801467024
827	0.237122	126.897185	2.188685	0.856900948
828	0.308119	123.0365344	2.131226	0.826693984
829	0.367476	117.9883145	2.04957	0.820397245
830	0.305781	127.0442216	2.134543	0.842981234
831	0.214713	126.1714207	2.216844	0.844527299
832	0.325039	120.3936816	2.086938	0.826622302
833	0.338543	118.6854609	2.056883	0.802800859
834	0.267881	122.7777581	2.129078	0.812174472
835	0.428775	121.2342664	1.964729	0.823068837
836	0.368621	121.0387931	2.032824	0.810250486
837	0.236008	126.0005759	2.197407	0.847930418
838	0.32281	120.4923711	2.082161	0.82622039
839	0.351531	119.3022197	2.065524	0.832052492
840	0.335479	121.1634463	2.06765	0.823562375
841	0.350064	124.9645846	2.074157	0.831088581
842	0.336641	121.3360166	2.090961	0.831415115
843	0.491789	115.0234036	1.810576	0.805425979
844	0.267057	119.7389474	2.146768	0.829972544
845	0.384645	115.8426722	1.979224	0.796817885
846	0.419765	117.4525855	1.965269	0.822294619
847	0.416299	119.7714933	1.96992	0.802570239
848	0.29666	122.6556611	2.096056	0.830588697
849	0.367455	122.4424579	2.066758	0.827094216
850	0.283953	125.1783343	2.144998	0.823449224
851	0.3562	122.8565027	2.073074	0.827059983
852	0.398157	119.390632	1.985931	0.811229595
853	0.350473	116.634068	2.045624	0.79602162
854	0.371716	123.489796	2.034241	0.828434224
855	0.349648	121.2498405	2.051605	0.82297546
856	0.280088	119.834687	2.131819	0.833656444
857	0.250668	126.9697579	2.148435	0.84961813
858	0.299656	122.492653	2.140384	0.837654883
859	0.350157	124.9500532	2.073683	0.832946848
860	0.420471	114.9533047	1.925531	0.779030348
861	0.409855	117.271521	1.973878	0.798364792
862	0.272262	118.3595421	2.164153	0.833471943
863	0.383069	117.7065555	1.997594	0.82137061
864	0.365602	121.8837275	2.03139	0.803113402
865	0.29774	125.4486478	2.141103	0.843310346
866	0.375914	120.6557305	2.029794	0.815329266
867	0.438001	116.6938195	1.946591	0.803684106
868	0.392372	115.7273179	2.017202	0.826944947
869	0.409961	118.1787073	1.968535	0.817163895
870	0.358272	119.5926716	2.066912	0.802077692
871	0.229989	127.5351821	2.206734	0.84573207
872	0.404382	119.4139388	2.002772	0.808913376
873	0.332434	123.5473411	2.085696	0.819304896
874	0.29275	128.000095	2.154114	0.845780522
875	0.318709	124.4436074	2.115593	0.834259643
876	0.278312	125.5493697	2.150965	0.835950767
877	0.438512	121.9199666	1.930984	0.82198763
878	0.42844	119.3087496	1.919208	0.781044548
879	0.402888	120.4403067	1.975717	0.826191076
880	0.290475	122.2549501	2.131806	0.838502789
881	0.253083	125.2997223	2.181567	0.8451017
882	0.331808	117.7656757	2.051016	0.824326296
883	0.387325	116.8663162	2.032586	0.791924999
884	0.360803	117.8830785	2.018371	0.800876367
885	0.391653	120.2599947	2.02429	0.81636073
886	0.347006	126.4818661	2.089019	0.841530572
887	0.446497	117.3282702	1.92137	0.807996193
888	0.25661	128.0407272	2.17576	0.851164667
889	0.463999	120.4966322	1.931281	0.792959336
890	0.311353	125.5242948	2.129266	0.832278331
891	0.401511	119.3412406	1.997781	0.804659065
892	0.345386	126.9087561	2.067861	0.826718384
893	0.366781	121.9238614	2.024134	0.82102046
894	0.406305	124.8293981	2.003368	0.814613364
895	0.230621	131.5187564	2.140201	0.832838461
896	0.267375	123.0627347	2.171765	0.846402264
897	0.445557	117.0386525	1.921678	0.814038281
898	0.233306	127.0043396	2.195933	0.846390307
899	0.322822	121.6508603	2.078322	0.831550685
900	0.329758	120.1870753	2.090114	0.838867996
901	0.338415	121.9145354	2.04393	0.835700584
902	0.462352	111.6516984	1.879105	0.792512739
903	0.355686	118.4855728	2.028833	0.814396077
904	0.448397	114.5656927	1.931488	0.801803845
905	0.426259	121.6102688	1.953033	0.819614767
906	0.474887	117.5583708	1.898907	0.7901026
907	0.286503	122.9526151	2.144362	0.827215074
908	0.260411	121.7248221	2.144946	0.833251299
909	0.379886	119.3774554	2.005033	0.804067059
910	0.432056	119.9135918	1.936916	0.82574601
911	0.304252	122.8745015	2.132417	0.835264025
912	0.39727	120.0614799	1.983034	0.830843249
913	0.437852	121.1431462	1.94922	0.808290563
914	0.427806	119.5091138	1.939425	0.830000528
915	0.344652	120.7922354	2.047039	0.823318561
916	0.41274	122.9185196	2.00659	0.831205446
917	0.31173	125.9383011	2.118977	0.832302884
918	0.292908	125.4541038	2.138124	0.830245809
919	0.381323	115.8709921	2.006361	0.805519959
920	0.400687	121.8073204	2.019887	0.817596958
921	0.363752	124.232963	2.034281	0.82179847
922	0.415973	114.6692358	1.956767	0.790448192
923	0.37747	116.2133519	2.007493	0.816709863
924	0.383793	120.2902412	2.040228	0.818031761
925	0.292174	122.8435132	2.134311	0.838735873
926	0.443498	116.7139344	1.91689	0.792277953
927	0.394196	118.4642232	2.004309	0.816665875
928	0.379791	119.9228432	2.005687	0.801542227
929	0.381529	112.5496307	1.986232	0.807113144
930	0.316179	121.4310706	2.089331	0.825334833
931	0.406348	116.6462662	1.958061	0.799086886
932	0.390286	122.0358135	1.991269	0.798605766
933	0.301477	117.7874061	2.104265	0.821598505
934	0.42209	113.0527952	1.923818	0.80935832
935	0.340628	124.9924674	2.089965	0.843616941
936	0.431449	120.7955412	1.976786	0.828877004
937	0.397593	119.3025092	2.003047	0.812699171
938	0.392359	123.467116	2.012788	0.823630681
939	0.366252	120.6040452	2.019901	0.83019292
940	0.377161	123.6774495	2.032801	0.83515845
941	0.346306	119.3393661	2.041583	0.829874466
942	0.337423	118.3663828	2.062901	0.826942198
943	0.428869	123.1013035	1.972946	0.811725291
944	0.447428	114.4041911	1.905445	0.798658283
945	0.3627	117.9606188	2.04899	0.818272562
946	0.332729	123.1097932	2.088345	0.841112732
947	0.379504	114.9990238	2.015698	0.807372957
948	0.431618	126.2642589	1.950027	0.818531293
949	0.363393	120.6334449	2.060268	0.829515047
950	0.452226	120.02599	1.928098	0.802743577
951	0.349172	120.8859912	2.077477	0.824159264
952	0.33539	118.4396118	2.075449	0.813220682
953	0.370935	121.1046231	2.049578	0.818980842
954	0.441831	122.3657071	1.945887	0.834375974
955	0.32682	122.5321729	2.099196	0.814468923
956	0.365661	119.4470681	2.045971	0.811417952
957	0.385015	117.8535807	2.007648	0.81746965
958	0.407397	118.1625591	1.972543	0.8170618
959	0.411868	118.1814005	1.976897	0.811479662
960	0.391778	118.1365761	2.021895	0.820713866
961	0.423904	118.9715773	1.968579	0.789417049
962	0.357549	118.9563033	2.043957	0.821757389
963	0.425651	118.3384936	1.975303	0.811284849
964	0.302213	120.5347161	2.111048	0.81415324
965	0.315821	122.3396832	2.067409	0.838432314
966	0.360166	116.6455866	2.054656	0.819909169
967	0.363277	117.6961387	2.040396	0.826122455
968	0.360667	118.2175326	2.016452	0.8076336
969	0.419319	121.9996263	1.964128	0.817768878
970	0.387337	117.9051331	2.012253	0.801825018
971	0.378655	121.6063142	2.029207	0.811339806
972	0.342536	120.2596867	2.059581	0.823400611
973	0.392964	123.4881826	2.028308	0.832576494
974	0.431326	117.8890427	1.922375	0.814129267
975	0.448056	116.800865	1.884942	0.801982
976	0.371517	119.6305965	2.018933	0.817202611
977	0.34418	114.6274137	2.078878	0.822141423
978	0.402986	118.6479015	1.975395	0.815353311
979	0.40506	116.3032355	1.97595	0.809643133
980	0.336463	122.3721424	2.062465	0.834983309
981	0.417841	120.8815843	1.968226	0.838350927
982	0.385285	121.6794339	2.014683	0.814182446
983	0.500141	112.3423503	1.811185	0.793358585
984	0.345238	119.4002773	2.0703	0.8102635
985	0.345949	121.28388	2.078285	0.815455234
986	0.360137	120.0003609	2.019301	0.821636768
987	0.282651	121.7794363	2.146381	0.823788237
988	0.421984	113.1432228	1.933982	0.797144193
989	0.428183	114.4774861	1.953175	0.808092686
990	0.27235	125.7437884	2.161493	0.850979105
991	0.321961	126.5603912	2.092486	0.842220299
992	0.320845	124.8229041	2.082943	0.841434187
993	0.37993	119.9270987	2.00315	0.82702065
994	0.396994	116.513709	1.966774	0.754125453
995	0.392067	121.4881837	2.006074	0.828208921
996	0.365938	115.2736544	2.021834	0.817069768
997	0.424881	113.4744837	1.944348	0.801743201
998	0.485269	117.1904206	1.834681	0.816901072
999	0.271625	120.8826445	2.167662	0.833442109
1000	0.307504	123.4354085	2.132141	0.834976143