rep aei_left left_area adi_left H
1 0.284779 120.613150280781 2.159856 0.779697133928131
2 0.544691 108.635392307677 1.770934 0.725795321001543
3 0.30588 132.800620838877 2.151519 0.828320647106955
4 0.452144 111.428500198971 1.951387 0.741786752645691
5 0.442093 113.189411348588 1.93841 0.735980628859494
6 0.344431 120.242312054472 2.052879 0.831311935554465
7 0.542913 109.140767440554 1.784401 0.751220223578788
8 0.366009 122.213626140403 2.050759 0.825820346844382
9 0.551546 106.716124676564 1.7618 0.752928878015312
10 0.613492 106.811463900039 1.592613 0.721331229150059
11 0.430989 115.719796038931 1.968538 0.802117995928343
12 0.271692 121.38727974356 2.173486 0.782702352838424
13 0.577712 107.129740095457 1.691866 0.700484212507045
14 0.361968 117.166745507196 2.05973 0.783039761517294
15 0.382716 125.17026987447 2.063958 0.796039700611058
16 0.465148 112.329365702809 1.87448 0.786254835345067
17 0.56619 104.402399563527 1.70463 0.688804728184577
18 0.444118 120.271262137428 1.943996 0.817284370387991
19 0.304012 117.041339120012 2.110179 0.755366671715735
20 0.347517 120.919185007227 2.094807 0.813427595320713
21 0.275665 131.355711974191 2.178406 0.783272351578538
22 0.388588 112.462336272151 2.053706 0.785535388618268
23 0.561486 96.4289134650191 1.673846 0.700124393687519
24 0.412534 108.732996899219 1.966633 0.755575368463324
25 0.610863 110.517233893483 1.635472 0.731666248778356
26 0.275042 127.827842173736 2.150816 0.827000496926375
27 0.456485 115.427266816379 1.927509 0.72977067062478
28 0.452006 116.464406307492 1.949155 0.778469191828553
29 0.534218 100.927910797816 1.790409 0.723338598405931
30 0.42381 108.516621273013 1.919693 0.749343675011715
31 0.491314 104.255828387549 1.866708 0.730622734846187
32 0.409195 112.892468091358 1.990011 0.747368948433444
33 0.624945 107.22153600223 1.573551 0.647207734053359
34 0.274767 120.978347469921 2.174206 0.7749379954085
35 0.281585 119.38283583832 2.146702 0.799560986077649
36 0.600586 116.197906595714 1.64984 0.769472576087884
37 0.316895 121.640389632799 2.121959 0.767851519248357
38 0.424858 114.998951129485 1.992248 0.743728882166822
39 0.471588 103.16464176134 1.873115 0.739705657052467
40 0.509906 110.219463383276 1.82782 0.743919539802737
41 0.330259 107.043277421911 2.082432 0.76571199636495
42 0.224349 125.023614999227 2.223648 0.796562217621972
43 0.511019 117.595009678171 1.837863 0.770074044178142
44 0.415484 100.222522770997 1.977952 0.755309325281756
45 0.483339 106.133669777233 1.893326 0.766534874832497
46 0.500259 100.266563652726 1.827316 0.743115244141756
47 0.319905 121.94577402934 2.12071 0.804632171184958
48 0.338917 117.382105132534 2.110347 0.786284438817372
49 0.343181 110.035987248672 2.038409 0.751177356803106
50 0.232225 119.021416800086 2.205608 0.820881800946253
51 0.142956 132.536763456358 2.267274 0.853657220214782
52 0.456328 116.094518151498 1.938524 0.760093173351442
53 0.449713 115.33890917683 1.945175 0.776571567809592
54 0.429444 107.553870987616 1.943835 0.764331198588106
55 0.456585 111.886767357331 1.925969 0.776342770534507
56 0.429939 105.753245231769 1.937281 0.744679232686612
57 0.476729 114.853635864292 1.8791 0.747408557478842
58 0.394797 108.806709852339 2.012899 0.755451283659086
59 0.503181 101.592184116755 1.820326 0.72905667936896
60 0.365752 113.106905719785 2.058042 0.786415925380108
61 0.488645 118.808851450243 1.863747 0.799004708127497
62 0.418717 110.423646152375 1.986228 0.729921998468526
63 0.133149 125.81329586535 2.274702 0.848110436813514
64 0.454627 127.449587650239 1.950818 0.770791243939481
65 0.427297 109.836652560856 1.973298 0.754243700259518
66 0.817162 83.4655029910912 0.848797 0.572209832988809
67 0.471906 109.376731692332 1.922646 0.73504205686517
68 0.341333 115.970858112035 2.07946 0.785786376223251
69 0.358333 121.31057708703 2.060678 0.768613747373577
70 0.290646 120.844068654517 2.151849 0.788590023344934
71 0.490511 121.037094766174 1.887555 0.768221749588373
72 0.402834 111.737540579854 2.025933 0.763757270200757
73 0.596606 109.046966439348 1.682672 0.759663601322247
74 0.519339 97.1167619850244 1.816925 0.743070963762667
75 0.288807 118.198847526064 2.162506 0.801485130714376
76 0.496595 107.085658400226 1.835009 0.765888058683229
77 0.335214 115.566149641479 2.113861 0.743053123603506
78 0.605406 115.543563290366 1.618993 0.725232529856997
79 0.495296 113.792309929328 1.857962 0.743189305804224
80 0.399079 118.256070610255 2.022916 0.795845614491214
81 0.38731 101.143106277436 2.011956 0.760492173238356
82 0.529434 101.97698510646 1.792932 0.755369147725535
83 0.407503 114.962991788735 2.006654 0.761602968876406
84 0.631919 112.842650229552 1.51947 0.742953212729103
85 0.493965 109.795115803046 1.881931 0.69890677459815
86 0.774559 104.948559122788 1.038332 0.653086443337374
87 0.242018 115.621855965507 2.206705 0.833507806479721
88 0.444398 111.407607001181 1.943024 0.701408201827034
89 0.446352 115.192030247742 1.913775 0.75790990929384
90 0.346895 113.099694021273 2.067952 0.766572451042566
91 0.353074 120.85394822432 2.076203 0.760156013073267
92 0.532371 95.9030459332918 1.770964 0.707906167121516
93 0.61511 113.853045657679 1.594145 0.733456057151159
94 0.444249 118.852329456739 1.967137 0.770652034246734
95 0.401405 116.501214107157 2.028779 0.77670958727036
96 0.447109 118.466881087678 1.921794 0.783653600043489
97 0.378195 115.624030126327 2.045576 0.795167363121805
98 0.494808 102.587421149933 1.823613 0.74380396364113
99 0.299796 124.569191883838 2.104581 0.823726449146981
100 0.500364 114.610325450226 1.843739 0.76937586705303
101 0.560563 108.673691750463 1.695493 0.713333351586603
102 0.415816 110.991322020084 1.979484 0.792943167229162
103 0.407765 114.439669951119 2.02615 0.730380585949038
104 0.328309 117.870417845038 2.123916 0.754077509474738
105 0.54092 114.981869117107 1.75589 0.799026279748553
106 0.675986 94.696108849135 1.396322 0.657768048977306
107 0.571075 107.190601760407 1.741929 0.696755025851303
108 0.581553 107.776641391208 1.675983 0.656699377858704
109 0.544 112.284910619628 1.784513 0.712937822213146
110 0.328565 115.120242525634 2.099239 0.803336148493165
111 0.484731 104.448290243893 1.859078 0.760346958769495
112 0.424964 103.335993094076 1.930842 0.727575778992783
113 0.4477 110.368697161495 1.930721 0.729304999340483
114 0.385021 117.668696564619 2.03555 0.745651043501833
115 0.430549 117.483255325468 1.971822 0.720563093256741
116 0.424703 114.202559011333 1.981284 0.756745559312904
117 0.294797 130.037888978353 2.162558 0.809207001078965
118 0.641373 117.247323921722 1.495676 0.735083817621207
119 0.509503 112.25239296015 1.859469 0.816276901995557
120 0.473251 117.451049951239 1.910326 0.723680558826164
121 0.472541 105.866417851141 1.892521 0.756716698145186
122 0.145362 130.57975747425 2.262437 0.808851643007788
123 0.559387 106.136953725298 1.756073 0.711255561622798
124 0.354568 116.163301974332 2.059298 0.795546559707503
125 0.477669 118.862353760736 1.898154 0.7421347248683
126 0.177659 125.13452691216 2.243189 0.817502215908894
127 0.527289 108.400844509487 1.769043 0.772721099708072
128 0.323395 123.037657977876 2.124325 0.809656707246751
129 0.426458 109.175979479067 1.98807 0.746424072234064
130 0.394568 111.478135567879 2.010554 0.793963275933855
131 0.631302 104.419602609269 1.561114 0.739278774326913
132 0.278398 112.001144267991 2.169519 0.805934725070759
133 0.514537 105.648238002764 1.836139 0.749930011250758
134 0.50906 113.549074409092 1.847206 0.762072870702354
135 0.407447 98.4792045833842 2.027114 0.738854668001979
136 0.368236 108.159956972982 2.056275 0.7696782635491
137 0.310504 110.576830308887 2.131367 0.689788060953056
138 0.575715 104.214041637659 1.677663 0.736547800614862
139 0.427163 118.615040291165 1.965173 0.782534185167797
140 0.504376 103.461823358198 1.798721 0.738169168938413
141 0.45224 113.191844125775 1.916784 0.747722838228607
142 0.178442 123.335155853634 2.247271 0.830120665596393
143 0.369816 116.771385801259 2.070628 0.78418052841345
144 0.486455 110.696921761526 1.862676 0.741902708475406
145 0.331036 117.089814276294 2.104783 0.7789572434254
146 0.55191 110.77868583513 1.775275 0.73106543594677
147 0.340766 104.502737477459 2.071219 0.732670608266771
148 0.465349 114.566719585503 1.915932 0.761366454821619
149 0.469097 111.571619612849 1.894442 0.747708154458013
150 0.543839 109.828686967495 1.750071 0.749327645818623
151 0.332551 112.636504959136 2.07691 0.730858647871249
152 0.261909 116.449719823449 2.167052 0.770250673867183
153 0.317114 124.112120813804 2.134995 0.821963122298645
154 0.645036 97.1276331060659 1.541906 0.658548628290603
155 0.514035 102.800082714363 1.827662 0.748174074456231
156 0.556815 109.143307596531 1.750133 0.742208504313112
157 0.390977 112.099108678592 2.02234 0.752026490522856
158 0.59291 97.9796282222022 1.654989 0.684455400491619
159 0.225429 128.971055110501 2.222954 0.81362491707665
160 0.591137 115.861676101749 1.628129 0.690190349695243
161 0.635768 105.989856734773 1.578486 0.700755239546016
162 0.166147 130.91724858749 2.248674 0.832369573800751
163 0.353576 116.669030420997 2.065766 0.787383994360262
164 0.610513 106.669372495312 1.635443 0.783324400670544
165 0.546173 108.619752756433 1.712298 0.729038597200357
166 0.384894 115.472535151974 2.00956 0.793651964998028
167 0.561023 102.904867812754 1.723164 0.67115584768911
168 0.260875 134.483164249968 2.186469 0.80566980734061
169 0.553453 106.114906628983 1.75078 0.710511168202957
170 0.417585 126.971722266367 2.010438 0.776058825291504
171 0.208423 115.352192198301 2.210773 0.774141525987616
172 0.411514 120.667889758309 1.996905 0.775426633088115
173 0.375219 117.095963724025 2.052866 0.782473912575157
174 0.50156 114.383802466359 1.87161 0.724642423483784
175 0.38975 109.24393436627 2.050871 0.766753060614396
176 0.30785 121.688112441267 2.109604 0.780942176452664
177 0.473253 113.947476664727 1.886643 0.760670467951377
178 0.362708 122.387069164371 2.061962 0.759980022144002
179 0.374257 121.301289724319 2.060455 0.700177038459303
180 0.396212 107.380886433811 2.011225 0.739590361580988
181 0.480251 102.84654034683 1.875217 0.727711598106032
182 0.467596 94.3921685283793 1.905245 0.733184265167781
183 0.670414 105.374338237117 1.472353 0.689893482787258
184 0.595645 93.8394121508433 1.651674 0.705136454991488
185 0.524959 112.514638880969 1.798735 0.776781453346622
186 0.370809 116.427151288948 2.037012 0.785981865712023
187 0.452052 111.352168894235 1.920702 0.772558921818942
188 0.495149 112.595037944457 1.842724 0.777855067822597
189 0.35136 122.296268593606 2.095458 0.765036660488569
190 0.46325 113.747231887593 1.912566 0.796458991581481
191 0.450628 99.716297954057 1.923202 0.752196874306136
192 0.34535 111.034123642384 2.06561 0.760914085860683
193 0.732096 96.7403911803061 1.25569 0.664940434870171
194 0.424516 117.390185915841 1.987582 0.773775974552536
195 0.405128 106.969161934414 1.966464 0.750629471699693
196 0.350196 124.419674145547 2.104932 0.782015035092624
197 0.552613 98.3789406629991 1.731283 0.737360773341975
198 0.477075 115.344918780378 1.862822 0.805102542796731
199 0.204105 129.305269958992 2.223444 0.814657722776473
200 0.469573 114.1252820698 1.925993 0.75460242796836
201 0.455396 118.063841040348 1.953399 0.738973554568198
202 0.460562 118.060493075367 1.895409 0.814480550072325
203 0.3862 120.307105750644 2.005219 0.777680796762945
204 0.226092 130.402736122443 2.211403 0.827449219551862
205 0.159176 132.566544190226 2.261404 0.819088645497678
206 0.269735 126.166259682992 2.183627 0.790124433218782
207 0.424671 106.563786860544 1.986949 0.752562509129519
208 0.371557 121.277492267374 2.07118 0.805501086727933
209 0.33671 108.977219192656 2.102058 0.779842029204612
210 0.398012 115.315561762573 2.028203 0.741846814894197
211 0.358427 111.509096223347 2.074543 0.765044604463987
212 0.53653 103.091379043454 1.792612 0.723135462698172
213 0.388126 105.574130822317 2.003771 0.775542581845768
214 0.204766 120.105841151606 2.227751 0.768440252190164
215 0.397826 115.092429431556 2.027301 0.729285426304572
216 0.522524 112.929854296977 1.799664 0.701555938760206
217 0.369955 101.275048929565 2.001359 0.738293653518897
218 0.408833 114.607656519221 1.99863 0.755132652913578
219 0.349103 112.897799024211 2.091086 0.769383932290508
220 0.458035 120.317350947451 1.953264 0.779862231998225
221 0.350158 123.27736106878 2.083508 0.79992530862855
222 0.480693 111.668737456266 1.901805 0.765767501240573
223 0.50069 101.163329204807 1.867377 0.711510700912335
224 0.3368 116.513037280674 2.106029 0.753431297074796
225 0.382313 112.712132129871 2.05471 0.757349520654063
226 0.534077 114.355044194434 1.805479 0.754339189081886
227 0.714545 108.416167883088 1.1757 0.629582249360067
228 0.654258 101.197801577937 1.496549 0.719711484692464
229 0.397722 106.1984914759 1.953256 0.743141248193087
230 0.296412 112.2918499597 2.161354 0.790177220313475
231 0.57277 106.483379036105 1.729577 0.665977401667493
232 0.389671 107.846579058306 2.057078 0.70973091882043
233 0.544876 115.402501912292 1.780542 0.752281848986227
234 0.416694 105.378029834662 1.974836 0.75716811803775
235 0.496229 114.043171262184 1.882915 0.795494585470097
236 0.433698 103.962633691089 1.978341 0.756449172171097
237 0.266813 120.560529038801 2.178513 0.793609389073058
238 0.720142 106.443837578065 1.266398 0.80642782576857
239 0.542885 109.401190523604 1.778229 0.724574600725353
240 0.330736 118.906345535663 2.066207 0.780309657878144
241 0.415822 114.914348941126 1.957573 0.760047356186005
242 0.463523 105.491540764983 1.900766 0.708016939080959
243 0.662852 99.8588163964709 1.463763 0.61616980443732
244 0.330667 119.80045163765 2.126533 0.802475820890824
245 0.329643 112.0038086335 2.098886 0.727895900277174
246 0.317312 115.674727049774 2.116846 0.770255836697808
247 0.64499 98.6507814585378 1.49129 0.688659734304445
248 0.333791 118.950290107057 2.091565 0.791441021394714
249 0.304178 122.450858553172 2.136311 0.796609561758204
250 0.410513 119.424440685726 1.996502 0.777728735690874
251 0.371366 115.636469743844 2.048319 0.781248074616925
252 0.472596 110.036565528435 1.917583 0.737773782756787
253 0.363483 112.733900175472 2.072552 0.789464956930963
254 0.319726 123.305825579678 2.135702 0.808673369524037
255 0.541185 89.6460424821371 1.74942 0.677837070060983
256 0.617471 100.377963262321 1.540095 0.67533935286443
257 0.571545 114.053647750916 1.710955 0.767806955936819
258 0.513431 108.508426019813 1.824501 0.694315605901639
259 0.442896 105.981294735672 1.919361 0.751496866267175
260 0.31751 107.64840548462 2.07649 0.770707852550859
261 0.297349 121.32987530336 2.153091 0.765517805380243
262 0.420646 103.48662091318 1.95359 0.704762153758074
263 0.33389 130.916943380451 2.114237 0.800342292240853
264 0.427034 114.794683340591 1.953 0.767010543918413
265 0.41298 117.329554307066 1.969387 0.776538398591349
266 0.551686 121.91333841039 1.764138 0.770563740390345
267 0.310956 120.694138123364 2.119297 0.763528933078226
268 0.420268 116.759897277428 1.997441 0.768936979965254
269 0.54224 101.089981023399 1.738042 0.738364639946891
270 0.604634 106.144333760651 1.630891 0.729618148029235
271 0.587194 105.567601104252 1.690724 0.753466114475798
272 0.378116 117.134614988195 2.023837 0.810016250122768
273 0.593028 111.201751545638 1.618677 0.806137198355073
274 0.359972 110.813634131529 2.062633 0.763586262474235
275 0.469573 122.751639894641 1.929926 0.747559268218632
276 0.431533 117.371983386268 1.993559 0.682930039944684
277 0.439159 121.295934656716 1.928199 0.763614322168905
278 0.472945 109.414414959948 1.90137 0.788959755596441
279 0.53394 108.559441079525 1.776592 0.739811271962583
280 0.584288 108.009942689905 1.660996 0.724740243692831
281 0.285401 127.43619708952 2.16799 0.811535948758771
282 0.218767 132.440200101309 2.226336 0.773594155983564
283 0.242674 122.781261024026 2.202486 0.793196639980719
284 0.395412 115.05389167338 2.043396 0.78236597745593
285 0.513953 111.713348081463 1.844581 0.752597558541382
286 0.594189 108.872079445216 1.636593 0.743302102297301
287 0.695344 99.3696172861203 1.370778 0.653202456093142
288 0.607247 107.426087383185 1.608035 0.703552835803047
289 0.698372 88.0557374478592 1.382058 0.627317893388661
290 0.492528 112.610687410244 1.883322 0.766134453395954
291 0.565962 105.141521787993 1.694983 0.720707065753743
292 0.387095 117.038770078026 1.996023 0.796006814225302
293 0.483701 92.9279924906359 1.873888 0.726149035168892
294 0.378431 98.7101675719435 2.045061 0.78009094125612
295 0.496198 113.985542427676 1.888979 0.684781812492499
296 0.400109 119.570747206367 1.992 0.708837032710224
297 0.432606 119.255149102146 1.987898 0.786342979102631
298 0.423301 122.021861550952 1.964388 0.782652319469368
299 0.395789 113.69595717825 2.020042 0.759839361133577
300 0.362473 116.596346220107 2.06697 0.713956502474939
301 0.510376 108.119916460441 1.820691 0.734098241264889
302 0.233139 116.831405148164 2.180013 0.77095718952403
303 0.449929 117.626758542967 1.9179 0.808435883838642
304 0.394397 109.057848847144 2.029971 0.774246783207805
305 0.45694 109.210586016046 1.894461 0.818760903853709
306 0.448838 98.2603077837469 1.892422 0.751627830694575
307 0.382783 120.022327931689 2.029564 0.779451556974586
308 0.397109 113.517829948707 2.040784 0.755009840638999
309 0.55988 111.118000681322 1.752065 0.70995616388474
310 0.317275 114.710575058563 2.083832 0.761894366913711
311 0.394505 102.039035175756 1.966599 0.753976922852966
312 0.104778 131.167701050065 2.279705 0.826881711616394
313 0.427076 113.122172626206 1.990206 0.744053617832661
314 0.368958 124.460797434108 2.07195 0.799988929018564
315 0.255017 123.673910542813 2.195572 0.774038021596988
316 0.36505 111.988433619222 2.051155 0.753149836102373
317 0.592803 102.926972966327 1.669637 0.635249483167314
318 0.4615 111.650940501402 1.875843 0.752317063461234
319 0.428681 119.29935567133 1.934092 0.822821545659287
320 0.493608 110.386842620949 1.851901 0.747333092843363
321 0.361382 122.293178427195 2.083591 0.823444316221447
322 0.43198 105.445429336275 1.952064 0.741108453824545
323 0.614776 117.351669502677 1.601079 0.767190937391892
324 0.395783 113.923047729757 2.032842 0.772728114564473
325 0.310467 120.61315574658 2.121966 0.8122168236488
326 0.18146 129.010695063292 2.22991 0.811158072794648
327 0.576025 112.412245216218 1.712219 0.778853857621482
328 0.243205 113.204889923213 2.162705 0.78234825041441
329 0.444213 107.960078908847 1.925997 0.71347330401237
330 0.228376 120.957424379784 2.205897 0.781060151053396
331 0.299588 128.300427080609 2.158061 0.803367772675673
332 0.440546 118.212629765079 1.972425 0.763177854243565
333 0.442995 109.796364524849 1.936782 0.773153995983049
334 0.456024 107.712163364729 1.882137 0.741015094381808
335 0.425797 110.99664025507 1.989121 0.731412566257854
336 0.437764 103.984879953291 1.932116 0.728534749781876
337 0.572256 108.451893946187 1.694815 0.739570214631821
338 0.595898 99.1344322838341 1.613761 0.698125493640319
339 0.512557 110.719784252825 1.836113 0.749964043618623
340 0.290193 121.566805199753 2.134404 0.781462184437107
341 0.61228 97.6877284187702 1.618034 0.715242681553317
342 0.668053 112.838911956279 1.452656 0.751190434776908
343 0.548004 121.979395771369 1.748751 0.730654887079301
344 0.34908 127.511131640818 2.10406 0.829624127670295
345 0.432119 113.511424631899 1.946324 0.781138071744685
346 0.584239 117.704348117598 1.703851 0.770585520626581
347 0.377205 115.56171632155 2.017591 0.752748185718622
348 0.399647 113.284671276262 1.986718 0.677998589158739
349 0.527694 120.972811368828 1.764077 0.777665420155648
350 0.468952 108.405006504128 1.882038 0.77054208885678
351 0.594454 104.856738491321 1.598426 0.751345008842728
352 0.472882 108.097980235658 1.881887 0.744054910512973
353 0.518535 108.479252687167 1.842941 0.763216490447148
354 0.579756 112.258569383676 1.675257 0.725013147236879
355 0.589491 102.208647984666 1.627574 0.726758301448549
356 0.495918 102.79641260833 1.875148 0.716092353145622
357 0.471428 109.439081499936 1.900906 0.772649817684805
358 0.44214 114.905040257338 1.955571 0.798035145843897
359 0.506105 103.717048192688 1.840932 0.745767061834311
360 0.374509 115.202920976439 2.036318 0.780718068676127
361 0.445742 119.92388037973 1.973957 0.716831856067654
362 0.231905 130.780594667351 2.218525 0.828005943082989
363 0.30747 119.219888316888 2.122838 0.78442080179055
364 0.669925 100.495746878695 1.465761 0.696350461849063
365 0.473126 106.951197350534 1.892395 0.738678069080563
366 0.474728 110.384067732719 1.90922 0.758766622027296
367 0.636618 102.077343345321 1.531871 0.72880761495767
368 0.339713 114.971821101703 2.083864 0.796979462710874
369 0.530897 117.274621140264 1.739707 0.729843929533716
370 0.572413 106.683342619884 1.713136 0.757279691441148
371 0.297373 115.967059938584 2.142018 0.761527032116158
372 0.537808 107.628740314518 1.792082 0.771468364247771
373 0.390321 111.962816545594 2.052903 0.735987814508468
374 0.501684 111.423615388271 1.871816 0.743107411834547
375 0.359406 113.615695121624 2.035842 0.761213053859577
376 0.43742 111.733391366593 1.927327 0.741581191102326
377 0.370291 121.547302123623 2.049305 0.775091502866322
378 0.615545 114.821447591117 1.588153 0.734103593166001
379 0.515336 112.522248459297 1.827182 0.768218985654555
380 0.558153 99.982081898534 1.74249 0.709285976848491
381 0.468509 105.379597738584 1.886693 0.725750884111605
382 0.517398 100.943536956082 1.787775 0.734617859781185
383 0.406904 110.301412865709 1.992904 0.765492331192108
384 0.609266 105.808379937847 1.606177 0.694090781567802
385 0.235201 116.891196580864 2.190553 0.8086053415363
386 0.430532 109.340795881031 1.932221 0.748654184807275
387 0.697735 92.4396912220139 1.351677 0.675913923776912
388 0.126597 137.663335228797 2.272154 0.854195479600598
389 0.465548 106.830391021803 1.831314 0.769440095001569
390 0.514992 102.346950395077 1.828292 0.64463734747069
391 0.342178 121.090844608006 2.103768 0.783706882590444
392 0.351842 101.92890649689 2.071649 0.771617024815845
393 0.436466 111.010929751384 1.970256 0.713290171848484
394 0.48023 111.168883354123 1.871949 0.735617656555838
395 0.35124 116.649862638227 2.049176 0.782702045609045
396 0.452413 124.086428028511 1.926812 0.774965917980679
397 0.334749 122.265845082136 2.10653 0.789769775424321
398 0.491006 107.725879805561 1.88837 0.737013082815155
399 0.428218 117.371990108772 1.931029 0.740921012574587
400 0.570808 114.621260078901 1.723809 0.708676275038047
401 0.346045 118.918579971389 2.102284 0.823469929329552
402 0.547724 97.610374545456 1.758129 0.647007033957086
403 0.281041 126.118775594527 2.17811 0.801055744687826
404 0.390795 120.033683509471 2.055302 0.760587104859511
405 0.501142 106.221152906873 1.849599 0.731586269483852
406 0.266277 120.641938822135 2.166147 0.789353237808835
407 0.573539 110.48840306509 1.707208 0.720415098492166
408 0.473007 113.331998553802 1.868516 0.786451740563971
409 0.563155 107.333983183104 1.695997 0.729055171630889
410 0.527757 111.105207612322 1.765388 0.662337220348823
411 0.545073 114.313570352338 1.769105 0.798887862267552
412 0.222787 130.300105396412 2.225238 0.8332455335334
413 0.378227 113.337164033413 2.015308 0.778679950659164
414 0.431927 122.281330644093 1.978451 0.79895531824161
415 0.577629 100.702568307986 1.705878 0.691172929345911
416 0.597261 104.384541372315 1.656932 0.689306235397101
417 0.591005 108.983388587772 1.688617 0.725335018345269
418 0.309334 120.502075033877 2.149956 0.75207521056764
419 0.379058 128.12290807041 2.066832 0.790632581876844
420 0.341898 124.361277957778 2.108116 0.808361970139485
421 0.365449 122.998798421044 2.04982 0.768663379564687
422 0.481425 113.616406403803 1.890511 0.727331377950903
423 0.429389 113.981896465257 1.970126 0.763072784745457
424 0.460726 114.512422131267 1.923318 0.760759718264251
425 0.565983 115.838461829039 1.688445 0.757278741695213
426 0.381722 128.476616453277 2.056298 0.818414815071555
427 0.489343 106.469616590866 1.827919 0.731201968732803
428 0.566888 109.796183099542 1.726877 0.757566329540827
429 0.439721 102.866639902174 1.919425 0.707916775960732
430 0.448586 117.606366280109 1.960605 0.778255301714134
431 0.384363 109.955402999207 2.052238 0.763293688014126
432 0.630062 103.634066541571 1.580029 0.708122833824958
433 0.35441 115.022911377155 2.076451 0.693347798558657
434 0.488261 106.924332605653 1.892124 0.747199465622971
435 0.390751 116.505966863771 2.019183 0.773710693867992
436 0.548151 104.678033317944 1.758057 0.735295597535317
437 0.418708 113.215037836441 2.013762 0.765933171272684
438 0.486426 115.727742142568 1.899871 0.798139529391999
439 0.471858 113.008364851385 1.908813 0.782555639193545
440 0.448559 112.353482270802 1.943437 0.77764949223236
441 0.363476 117.548547659807 2.052338 0.780883552120925
442 0.528455 98.156705676658 1.824038 0.701001104358391
443 0.406463 117.67256901544 1.980816 0.78248524325672
444 0.53141 119.072703831881 1.791111 0.760778238113157
445 0.469983 110.602230185518 1.854386 0.771778504573124
446 0.49036 108.271968663195 1.859917 0.767968950488937
447 0.589617 107.222692699098 1.66623 0.694676048999408
448 0.264662 114.669558088566 2.15442 0.772043665692033
449 0.709298 102.536405331859 1.301901 0.709553671365265
450 0.527847 110.979679162388 1.77628 0.700309189614633
451 0.442126 110.070609261524 1.956884 0.770039097905775
452 0.682761 106.613381114079 1.376838 0.741790694839435
453 0.45487 112.569557846013 1.939628 0.769583301148468
454 0.510925 98.4846939540385 1.844738 0.556956833380741
455 0.40331 118.193044750807 1.999517 0.792968284710985
456 0.179323 127.902733839727 2.242434 0.839069503361562
457 0.365344 119.627129808873 2.025399 0.803573266221498
458 0.376796 114.548462063805 2.025184 0.773677780037366
459 0.352119 120.87842078631 2.091102 0.785168281449391
460 0.609168 117.052619562584 1.589511 0.764304240586758
461 0.360416 108.356815516488 2.072813 0.759800565255989
462 0.441791 115.284984511403 1.967907 0.740087448616479
463 0.454326 98.1421185984509 1.925014 0.733707654958318
464 0.318722 116.296492924228 2.134114 0.784222100010654
465 0.3118 131.597676803836 2.13806 0.802217719549308
466 0.360035 128.034294646383 2.065473 0.803405964286367
467 0.432399 115.450667682226 1.910038 0.735580889875354
468 0.455118 116.208666208772 1.912294 0.747521942380111
469 0.346113 122.394896016727 2.10717 0.799505075744555
470 0.46416 114.714016439326 1.884744 0.77381188203135
471 0.35719 114.850376897723 2.051519 0.769452875413597
472 0.324857 115.555047339055 2.114928 0.801019472810707
473 0.339982 113.935461855099 2.105554 0.769557432216282
474 0.61641 110.892086611919 1.591188 0.738625953096327
475 0.479689 116.560847353033 1.890522 0.783232865715121
476 0.550332 113.897813865868 1.761066 0.712127048554745
477 0.352177 112.100785382707 2.078189 0.74921243341578
478 0.532718 113.314676242342 1.796176 0.741124151597025
479 0.430054 118.080148156772 1.990668 0.767814694698855
480 0.589864 114.870805822127 1.675369 0.670166455278374
481 0.450834 111.686321633557 1.93288 0.72817298262982
482 0.339939 112.80895601112 2.088938 0.828981646208284
483 0.680552 108.176342461885 1.401842 0.674509899539014
484 0.194212 129.763963985999 2.21744 0.80030553595295
485 0.55554 111.290648963157 1.748709 0.723243470898301
486 0.298517 114.442301246779 2.149639 0.818108864485037
487 0.413842 112.357672046005 1.994277 0.765066844048508
488 0.144951 129.52009308911 2.270035 0.79485087922619
489 0.572949 113.727259891585 1.705394 0.741077097674256
490 0.557777 115.882138705729 1.752927 0.727105828909892
491 0.445732 117.075343526691 1.945706 0.738945073311945
492 0.375002 114.003692037309 2.053232 0.736566138957121
493 0.084508 125.766549000881 2.288227 0.822472759100446
494 0.400624 106.649464373343 2.021922 0.730971522427977
495 0.328018 112.300551564369 2.074251 0.777450504182405
496 0.533356 115.423947188016 1.791423 0.709832343478511
497 0.440241 115.939730545863 1.909464 0.75058878823088
498 0.413006 119.101478212322 1.980237 0.77417639332621
499 0.434812 113.766488700708 1.951468 0.771553319690409
500 0.209243 128.184394555259 2.227048 0.825398014081408
501 0.631102 100.840763598455 1.553722 0.714802749921048
502 0.426048 110.309835943551 1.94386 0.777049349859873
503 0.603557 106.324082663331 1.604801 0.743287638017494
504 0.562367 112.324982674706 1.700491 0.750426324489333
505 0.398354 123.744323151732 2.005295 0.769737464530163
506 0.42782 123.16526732838 1.978952 0.759221050961955
507 0.453368 114.240366019554 1.912001 0.77074683814183
508 0.394535 111.340702186161 2.036532 0.779210278507476
509 0.490605 112.308249086604 1.874858 0.752767311574111
510 0.575913 112.284681079172 1.702392 0.605030688130681
511 0.518317 117.30093435185 1.817463 0.722956831607965
512 0.497005 109.426570392582 1.86916 0.7399473322843
513 0.320248 118.970176766284 2.126862 0.756495229465803
514 0.504025 112.678108823625 1.864346 0.805677343580728
515 0.536124 103.647092467176 1.768908 0.752243137603646
516 0.363752 116.166568526523 2.0504 0.796217407232025
517 0.499488 115.562218795191 1.855352 0.716770037756733
518 0.440166 102.315513101114 1.927863 0.765770317117236
519 0.473116 114.39775143101 1.9162 0.756600940768779
520 0.423575 114.805598456203 1.970974 0.796460654811625
521 0.268609 117.492490853255 2.18763 0.803080900055572
522 0.361046 108.286587461131 2.06332 0.77195544028781
523 0.317355 115.738894887204 2.132145 0.787901329797777
524 0.413462 114.616818465645 1.97352 0.777396852046356
525 0.450494 124.300308588563 1.946629 0.769441311059827
526 0.489003 112.672188101406 1.847286 0.761677795191195
527 0.520503 110.813146616364 1.819004 0.736049010190373
528 0.50318 114.035777034479 1.844747 0.733072279956464
529 0.348385 120.014852234413 2.109169 0.800803748915794
530 0.547559 106.583160991462 1.714061 0.752709582343717
531 0.439985 114.892787939286 1.94708 0.754516351524842
532 0.56544 118.499525239851 1.738272 0.745642934390493
533 0.266586 112.598525097542 2.156442 0.779377911049223
534 0.54344 107.380886705395 1.783215 0.730520172955357
535 0.739878 98.0927562636818 1.204774 0.661023795598668
536 0.542498 104.301724363883 1.790473 0.733375975973953
537 0.431387 113.648617309938 1.968503 0.765438328976243
538 0.414161 122.832458574704 1.950401 0.81846625833026
539 0.411497 104.367126428067 1.97733 0.752812615844859
540 0.434064 113.080699881894 1.97264 0.775619530147107
541 0.42226 115.424399916368 2.003898 0.702920335455191
542 0.440614 119.577694311963 1.908861 0.762941200078555
543 0.36038 121.89899633716 2.065183 0.823899128721219
544 0.238741 121.493855560324 2.185292 0.787881887468213
545 0.543973 108.014813778147 1.768543 0.741665460663379
546 0.594396 105.975163151917 1.674926 0.734893197752755
547 0.381668 111.775261795274 2.017736 0.759990670265571
548 0.38772 112.234359384654 2.027975 0.759144736323495
549 0.388746 119.435472374356 2.045783 0.779098602692369
550 0.460298 105.461885668148 1.916241 0.773439469150665
551 0.263548 117.219144371677 2.190143 0.7323716229895
552 0.502136 121.705001990588 1.834552 0.767163981536753
553 0.465296 110.386962325079 1.890594 0.75737242572661
554 0.457708 112.935066527799 1.915763 0.785700051271583
555 0.542884 112.318412657914 1.786011 0.731382325550721
556 0.332027 120.736033894813 2.085516 0.789334005366349
557 0.414396 113.002779832212 1.957652 0.742317127392654
558 0.26641 119.545934195393 2.166108 0.797621594331135
559 0.430866 115.849359677214 1.968036 0.778839667115402
560 0.470929 103.81431509813 1.858866 0.740952670623898
561 0.441569 118.557191650039 1.948492 0.750334482125657
562 0.573032 105.913034266968 1.704241 0.713012958701336
563 0.514044 112.065955633365 1.844115 0.751366292757498
564 0.410438 114.524075468243 2.011152 0.750505325257701
565 0.533703 116.350220009073 1.79379 0.645449325110996
566 0.435194 114.14276378611 1.928477 0.772578444580638
567 0.496401 107.240571950897 1.88082 0.748959142806564
568 0.575323 109.465651232566 1.723657 0.682678784613957
569 0.555773 116.696305161957 1.752614 0.799977764863169
570 0.326085 120.960244661655 2.116569 0.763263241355161
571 0.546313 105.157992094709 1.765025 0.724815177906053
572 0.423332 118.804558076091 1.977264 0.782494710466165
573 0.153948 122.008577451385 2.257841 0.815533893624477
574 0.500189 98.669003183731 1.859911 0.726750211981653
575 0.431406 120.516367903557 1.993257 0.791187614333036
576 0.216461 128.799129410195 2.227087 0.835014350231532
577 0.418618 118.704864914943 1.999371 0.762769482185415
578 0.509235 110.024760932137 1.827729 0.757590015772562
579 0.549095 98.3377882941218 1.770106 0.708494770280043
580 0.491409 107.604567700868 1.82608 0.740899757503098
581 0.74479 89.4997694927991 1.193825 0.610683963373456
582 0.47915 113.348642763675 1.908204 0.769672021337288
583 0.483738 114.219017518173 1.906517 0.738705297260973
584 0.408474 125.947879551555 2.027025 0.732703756308363
585 0.486184 117.862427933168 1.904103 0.76904792144777
586 0.778921 101.308017290783 1.022308 0.568904303250339
587 0.527755 105.318743578536 1.81677 0.722352273526538
588 0.493327 112.593566057792 1.834575 0.749089768613691
589 0.213854 126.186340292475 2.229199 0.818963668725789
590 0.205742 117.143839477636 2.194573 0.790720138148775
591 0.45935 115.85615202558 1.936263 0.768253069143189
592 0.39166 125.939940124797 2.026209 0.798748038933117
593 0.657679 105.239292438648 1.468025 0.726890830041702
594 0.283545 127.566420827146 2.166775 0.801240375537286
595 0.280927 119.308990688397 2.176536 0.801477574269455
596 0.515639 111.120419726134 1.842755 0.734248365778536
597 0.625405 115.375287118972 1.561022 0.752304409410706
598 0.584782 103.341121857246 1.62066 0.686429853112033
599 0.330576 123.63945314184 2.121032 0.818872064205299
600 0.379355 107.623673919457 2.04849 0.780801560336262
601 0.47109 122.668802700366 1.88563 0.780491608498435
602 0.686421 90.0663136779723 1.406938 0.650541731943745
603 0.369999 109.873330294414 2.063437 0.752702615675594
604 0.453848 115.623930627369 1.922863 0.705866084177359
605 0.443431 103.247594866145 1.945493 0.75413082123644
606 0.34355 118.085789858918 2.085158 0.798327979008936
607 0.442463 112.13995935763 1.93269 0.750813989984878
608 0.38982 109.224552583588 2.009252 0.753836143058362
609 0.653437 105.617824567933 1.509919 0.714137060443785
610 0.444991 114.303349990753 1.945177 0.71655187961239
611 0.440925 107.696578599011 1.965287 0.725582715474025
612 0.414184 110.229065029898 1.996813 0.770947576138715
613 0.540786 96.7284342732366 1.770691 0.698210073955874
614 0.332549 116.340985577505 2.110225 0.740005298881985
615 0.462303 120.470228542592 1.948706 0.799090022624903
616 0.551789 106.819501638848 1.73286 0.744194717775925
617 0.37005 108.861917859902 2.064922 0.761516528071676
618 0.178452 132.749830355121 2.24418 0.849761209433638
619 0.776164 102.448998733061 1.067923 0.750418500731268
620 0.503125 121.477881350663 1.865598 0.746730092106959
621 0.342355 126.06075608988 2.10669 0.81619379611982
622 0.450048 107.081302816204 1.943335 0.765127458415443
623 0.592976 103.617317644148 1.627556 0.707536117806654
624 0.380556 106.618044833838 2.010759 0.675496537961414
625 0.651396 116.204073356444 1.506736 0.767989428655219
626 0.547355 103.096301601216 1.74172 0.751677771999232
627 0.414359 117.929527656088 1.994441 0.803911961484972
628 0.559632 101.599748649746 1.752803 0.764806639669917
629 0.601044 105.995073747839 1.541468 0.665984764829051
630 0.320278 122.235233446533 2.137498 0.798645032139697
631 0.452927 106.089037829486 1.920116 0.756675715803791
632 0.304231 120.077816738665 2.146786 0.823282175899663
633 0.490187 117.141877994909 1.890291 0.761850698190391
634 0.339281 108.708807330554 2.064111 0.759456605071928
635 0.283043 128.616953458732 2.174057 0.772458425888302
636 0.563703 126.675887024628 1.744399 0.779760849676271
637 0.296737 120.353502297874 2.154612 0.786122992552076
638 0.454999 120.735345472196 1.929983 0.776348981348259
639 0.628749 113.366265522342 1.554674 0.751266861290678
640 0.533819 111.105936573601 1.774935 0.768340838465502
641 0.474298 116.190181141643 1.903075 0.710362090953216
642 0.454207 119.331461322009 1.943674 0.796788879151599
643 0.491599 124.581592407038 1.887323 0.795772739537612
644 0.60148 88.2780416121123 1.625701 0.648807186483215
645 0.492631 114.363512997414 1.853399 0.780624546552951
646 0.227311 124.316214477953 2.219303 0.833603293935776
647 0.51058 108.524040264618 1.835709 0.762704751063452
648 0.417068 118.155707922551 1.993597 0.760301958340287
649 0.491875 105.834429598617 1.836905 0.754650198234372
650 0.590442 98.1814605318199 1.676876 0.663176692411891
651 0.318482 119.964751685493 2.121345 0.788139147713731
652 0.552879 109.229179115391 1.756896 0.743774879320374
653 0.392299 106.632511692928 1.989936 0.754843739543958
654 0.359137 116.199084317112 2.076288 0.799533904540746
655 0.442109 111.272371577003 1.903466 0.759344650503347
656 0.435964 115.240218642355 1.952593 0.786222737248115
657 0.501752 118.792874597749 1.840612 0.754303238687519
658 0.499597 111.938332003458 1.853537 0.754144503070347
659 0.492744 109.873979415224 1.875766 0.747075307059599
660 0.526995 104.908939758741 1.791026 0.721260968166135
661 0.479065 108.353234581361 1.837722 0.68788609484803
662 0.501198 109.166110856988 1.830403 0.787391530103828
663 0.331921 118.218112813244 2.122865 0.776117391306545
664 0.442662 106.369720798326 1.960847 0.751669328224663
665 0.578901 105.486272002507 1.700728 0.751855266991914
666 0.416598 105.102389230783 1.947154 0.762156915805656
667 0.42616 116.124179570097 1.988334 0.76370573788994
668 0.599731 106.123003239041 1.641443 0.750100311574515
669 0.49539 124.332307266918 1.865945 0.761326344746831
670 0.474385 113.2629038067 1.883709 0.782229642427669
671 0.386691 124.400267948651 2.039537 0.838023678125298
672 0.513618 110.106302886416 1.78371 0.751675947407425
673 0.510659 101.844242209178 1.785683 0.744051423561966
674 0.498124 105.62076820181 1.807227 0.721251989490308
675 0.45401 105.238598906629 1.932402 0.722650003384411
676 0.380309 110.096285937837 2.025007 0.761385425947268
677 0.408702 122.848120787472 2.025634 0.787015009582193
678 0.485789 125.420341364667 1.888397 0.806844368729272
679 0.424634 103.853215886202 2.001609 0.72667144972856
680 0.56095 108.13606113448 1.726073 0.746333184286721
681 0.577879 106.571222436575 1.636729 0.62410647178079
682 0.533093 109.781458020726 1.774277 0.67974890255972
683 0.270367 113.320781878083 2.163942 0.781635217426599
684 0.587065 106.644102242727 1.683665 0.744528094018814
685 0.57039 102.645330551819 1.698751 0.722723122084505
686 0.166573 131.168178748629 2.248521 0.812115590181585
687 0.36404 115.301489720402 2.026701 0.754372050196728
688 0.325651 120.742154641478 2.088673 0.787264176468682
689 0.419166 116.820724079751 1.991085 0.721342365096496
690 0.253348 126.593860058733 2.183714 0.839427228209188
691 0.278962 119.110501349153 2.123693 0.790628639677438
692 0.448207 103.18542970723 1.92806 0.742433718140888
693 0.552207 112.062729116335 1.690302 0.720465735303316
694 0.240141 122.872924098427 2.205342 0.812175585499607
695 0.476931 104.530957292299 1.838639 0.744111711315052
696 0.385433 110.801550177713 2.051073 0.774091383641569
697 0.379933 113.954018180957 1.977564 0.755415015768956
698 0.616307 102.16813685782 1.591849 0.674088666947558
699 0.485383 100.026794423976 1.835967 0.737254035132159
700 0.420577 109.477574642454 1.950059 0.789743094893462
701 0.362044 123.071215688556 2.026431 0.839140940207857
702 0.465745 116.213195536848 1.918118 0.761176093393176
703 0.153575 125.725773008842 2.253757 0.823427622923863
704 0.380154 114.971482729419 2.030784 0.770246387523316
705 0.467303 108.984017645706 1.915278 0.752889523525267
706 0.387508 119.280942318868 2.027942 0.796864836997638
707 0.468242 118.127233781474 1.899407 0.796974871997233
708 0.696285 96.4072700938285 1.357865 0.691630784101678
709 0.350074 116.100968145867 2.082287 0.786684781215464
710 0.462349 108.703525688485 1.826871 0.726970448128643
711 0.517232 114.495624761806 1.829744 0.753663447411197
712 0.540183 117.682643767239 1.789448 0.716289561672618
713 0.380285 124.634842626722 2.039484 0.752467861647027
714 0.29442 111.572495751446 2.134233 0.769051241047109
715 0.359012 113.943242098207 2.027709 0.776532285641906
716 0.558087 112.139594694289 1.735772 0.754996627111056
717 0.624175 118.349976130021 1.56067 0.732070494873145
718 0.479419 112.321956260271 1.916449 0.747737095850311
719 0.430717 115.857711404754 1.969458 0.755581009556922
720 0.474857 111.892301337399 1.889476 0.764286530053532
721 0.419511 120.032374617973 1.991519 0.773171467935805
722 0.459589 105.988850708625 1.926618 0.766758149355682
723 0.621381 113.177934961843 1.60782 0.724577945440461
724 0.464544 109.034484753734 1.861063 0.764897342907572
725 0.459596 111.333100998324 1.924149 0.740583672054783
726 0.435675 116.436583975317 1.978908 0.717867122260909
727 0.478518 106.883524542393 1.858197 0.765135370782171
728 0.478611 102.929381749646 1.893002 0.739915806792732
729 0.212857 119.860105292885 2.21687 0.783296161292021
730 0.380616 108.746648219853 2.023438 0.784741923315905
731 0.452288 109.914950756884 1.92598 0.747817148770686
732 0.498094 100.286120415183 1.771675 0.754325692035323
733 0.45927 109.376336109784 1.911826 0.787366063478554
734 0.708465 104.326589241766 1.302825 0.667333612216111
735 0.413026 118.913569098649 1.992063 0.779246236682297
736 0.627836 106.404204604344 1.559516 0.725575212130794
737 0.495138 110.916131257695 1.876717 0.800781357996738
738 0.511962 124.965035004328 1.853389 0.784620847538819
739 0.443528 121.947762800632 1.977017 0.785570727151441
740 0.353777 116.590539280161 2.058942 0.771884915780769
741 0.439918 114.881344661189 1.951849 0.769381017439131
742 0.378559 123.95080069725 2.057066 0.793475698336914
743 0.463758 106.106038567157 1.842386 0.673868225291227
744 0.15691 133.792743442921 2.262445 0.803204453942094
745 0.257034 124.154041006523 2.17736 0.785479995296802
746 0.220719 120.482427751985 2.226685 0.813443497898954
747 0.162737 133.019424111928 2.260872 0.845286826831827
748 0.268824 120.572886259992 2.179286 0.828452225960103
749 0.386359 112.085772206584 2.050206 0.719938762052961
750 0.46653 100.258611443472 1.926291 0.695982413176321
751 0.448042 104.022388952521 1.931388 0.744899288400724
752 0.4823 104.724627967238 1.890763 0.706124013196622
753 0.594219 103.791237863362 1.645692 0.68734641014356
754 0.35189 114.378585313598 2.03365 0.785695195977664
755 0.646097 108.607648588655 1.535952 0.670080236567056
756 0.428165 115.4854863049 1.966916 0.747987688738307
757 0.613154 103.5888925755 1.608535 0.627093286464567
758 0.312826 115.344699825705 2.116353 0.769761758573192
759 0.473138 105.452454158723 1.896736 0.731007276277467
760 0.328798 127.636047075616 2.115916 0.799382955236236
761 0.526223 113.256528970893 1.808039 0.676294095841982
762 0.619814 111.474123862232 1.601373 0.740040127613948
763 0.505409 121.038259997127 1.865855 0.765911303973126
764 0.287684 120.003313521238 2.14856 0.81938568451373
765 0.283914 127.196984765097 2.174008 0.778771379492542
766 0.352655 114.48414846395 2.038656 0.758661709912178
767 0.342965 114.543973457529 2.083062 0.781376009233762
768 0.39288 118.658527907191 2.003836 0.788286547416478
769 0.433767 114.026793262849 1.927394 0.776050830954624
770 0.360672 118.161088414628 2.026568 0.764002948356535
771 0.411406 118.22331713623 2.017205 0.763041294457388
772 0.287264 115.836879342378 2.137223 0.784736208063671
773 0.483779 109.493067305527 1.849581 0.750899518081857
774 0.465423 116.827049664883 1.903135 0.80155402953488
775 0.44345 113.304242598172 1.937845 0.728703356226355
776 0.540038 103.885843441681 1.71609 0.705815816054752
777 0.324315 117.500273664042 2.129225 0.794389241260278
778 0.325122 125.846968857879 2.123635 0.779015790408614
779 0.429198 106.892188286417 1.911536 0.743244166052718
780 0.516296 123.981590710075 1.826777 0.761505285792621
781 0.416634 107.336530789715 1.943199 0.748393277963156
782 0.41449 115.725852741504 1.985708 0.744485274541197
783 0.118982 130.064014808341 2.279829 0.829776746089925
784 0.308494 121.938358236008 2.145168 0.784920716409306
785 0.650051 99.6252811605294 1.520587 0.741606733115713
786 0.508288 110.310094550571 1.833148 0.769222246036153
787 0.56042 105.595891360366 1.739069 0.735519304554822
788 0.572839 115.144851857324 1.705244 0.76304012433453
789 0.26068 133.856764567924 2.191073 0.822334919930877
790 0.547074 113.572608704134 1.774201 0.69445819181079
791 0.542033 110.308874086958 1.762562 0.74976330133874
792 0.513589 114.480283044318 1.840379 0.746908394845185
793 0.291751 120.417695911172 2.16878 0.771199322922752
794 0.22777 128.976939201714 2.22068 0.826691399837583
795 0.442191 94.2838135420576 1.935191 0.752510285282225
796 0.298863 113.050210822262 2.117292 0.695556117478504
797 0.694447 97.8274629010808 1.370962 0.623307600360072
798 0.33335 124.690543522902 2.077778 0.788423179389125
799 0.504584 111.923690061036 1.807216 0.751819435785112
800 0.474709 108.937266512228 1.827623 0.732233633774365
801 0.574922 94.6781829565248 1.663672 0.739739253690619
802 0.534713 98.6097336571657 1.724869 0.729502345369281
803 0.474307 117.650490197439 1.918327 0.690684363667353
804 0.565588 108.70505067669 1.716711 0.747099514986016
805 0.282928 118.255443495972 2.173219 0.761977763263047
806 0.23448 130.610080659628 2.213809 0.819162346854807
807 0.357632 117.332275540633 2.036235 0.774223201805218
808 0.52513 116.301086829587 1.802388 0.733906441980474
809 0.442459 112.617378113429 1.918839 0.77765258329686
810 0.465931 115.424817883983 1.931946 0.778123625017427
811 0.50238 99.2657670254197 1.846769 0.69665527445116
812 0.320872 128.43664945861 2.130731 0.77464112046721
813 0.462614 105.571474156798 1.917813 0.743981768394962
814 0.553334 104.872403436422 1.721568 0.703950676534512
815 0.291528 108.095350070665 2.126701 0.773598084498382
816 0.627163 118.743794698929 1.586785 0.748812443432551
817 0.540656 110.271665439851 1.769972 0.765541068536623
818 0.358861 102.765402232354 2.024154 0.749095995347689
819 0.376931 111.026177899784 2.039123 0.73203537802389
820 0.603032 116.60849021635 1.628246 0.723554583911575
821 0.12225 134.79187663968 2.278785 0.81894860533112
822 0.491799 107.429919433965 1.877154 0.761281393687663
823 0.321942 127.329730434505 2.113073 0.829754950439172
824 0.530315 118.657721157037 1.798287 0.782358514029821
825 0.470134 108.76593527646 1.918789 0.726095581254197
826 0.734165 109.064217678852 1.188379 0.722108600848405
827 0.449794 109.896110847855 1.966818 0.75166979289504
828 0.515896 104.215432940784 1.805523 0.7441162101452
829 0.344549 123.061824018533 2.061522 0.778291741830559
830 0.356093 118.780408901495 2.100069 0.761642503126738
831 0.388542 120.557205731022 2.020731 0.766771984962571
832 0.546284 120.206229799227 1.76001 0.763127019304859
833 0.431005 111.470508300887 1.976789 0.785164847478741
834 0.425909 119.786902626693 1.985622 0.731329507168992
835 0.339536 131.965716681239 2.106732 0.798072644667017
836 0.162454 128.936450593635 2.258782 0.834435997478822
837 0.47817 102.57058868018 1.846906 0.774321556902433
838 0.194696 121.78665459965 2.234354 0.796762231742701
839 0.281533 113.904942484454 2.168335 0.745161804294018
840 0.659561 107.572751088228 1.458328 0.721616702639679
841 0.476377 110.452498246418 1.826269 0.755464275066255
842 0.357321 117.656812057384 2.053625 0.700499854900283
843 0.162435 115.349106204077 2.259435 0.839953904212536
844 0.506147 118.593687284529 1.863878 0.678878942920488
845 0.470565 117.270482470428 1.8912 0.819667589015843
846 0.140553 126.560761913534 2.271431 0.783382084267515
847 0.590573 108.322583331458 1.683609 0.696073427267842
848 0.207363 116.980142461314 2.217121 0.793731156753141
849 0.301216 103.365157741461 2.13939 0.77641556439764
850 0.345599 118.006055080699 2.094003 0.816856998658475
851 0.273411 118.599898188185 2.167069 0.786532681755979
852 0.272607 114.339353890761 2.1605 0.816331683655451
853 0.412678 120.121620753697 2.018955 0.767389736718172
854 0.709355 90.4270489378386 1.323512 0.65025058898017
855 0.272219 123.175287380861 2.177376 0.798050888572995
856 0.279215 122.114162682967 2.162531 0.78730042569006
857 0.52465 109.671314509142 1.820694 0.737219273987756
858 0.518521 104.007518853821 1.799246 0.743151096669046
859 0.606334 103.285646427591 1.603616 0.726568982001574
860 0.47462 107.409011324564 1.900072 0.697108203842257
861 0.208491 119.991655113514 2.228347 0.813949150921807
862 0.399542 109.733048972357 1.971546 0.748543521243751
863 0.381904 122.954142477715 2.032833 0.780348820550431
864 0.512942 112.422825262634 1.828499 0.734405892488927
865 0.378884 121.626371089462 2.049451 0.78289650283004
866 0.70783 103.478619145283 1.320144 0.661197373129121
867 0.27476 121.011672611902 2.152921 0.783448517871356
868 0.516475 107.66584718387 1.812223 0.775040695195689
869 0.182397 130.575308274225 2.246467 0.860867887285648
870 0.247401 112.934351765878 2.194664 0.783789792744577
871 0.50081 130.286722621915 1.87067 0.845826032647958
872 0.640167 110.825332156886 1.552749 0.701582339434134
873 0.640021 93.8315216474385 1.512186 0.613589843020381
874 0.500338 113.682170323696 1.877562 0.769877620169944
875 0.470137 108.722511525144 1.914819 0.748401301354475
876 0.585528 104.157269143053 1.67405 0.772091036546123
877 0.58153 111.573416101674 1.695416 0.697234457663937
878 0.490232 111.02119463935 1.861872 0.770949318311985
879 0.29342 113.874256918069 2.130356 0.80604368901025
880 0.514142 119.724255298793 1.849757 0.613146195928922
881 0.430977 107.956005921451 1.944075 0.71928182227907
882 0.593538 105.75090472696 1.643723 0.70438844206694
883 0.390694 120.137591258456 2.043386 0.747448188435971
884 0.496179 105.679499368074 1.85683 0.729944229940425
885 0.409205 110.863247428091 1.999425 0.770814270126644
886 0.461479 113.703739116287 1.935381 0.77579632812456
887 0.440735 106.24310182469 1.962577 0.741912368397297
888 0.53984 104.636382138369 1.767002 0.74077402718691
889 0.44603 115.045880612833 1.929556 0.747656926328476
890 0.618419 107.282265659992 1.609024 0.702380341318264
891 0.227964 111.25714701789 2.165059 0.780747248892507
892 0.526785 106.640389048224 1.766824 0.749775349207182
893 0.398293 110.348689732115 1.968283 0.728062530689316
894 0.414584 114.09208988745 2.002261 0.779645315782717
895 0.478215 116.202656906443 1.881732 0.751068892282684
896 0.366351 110.962821043297 2.030861 0.737411886011948
897 0.713181 102.434848738367 1.31688 0.702010915921833
898 0.348762 122.913278126422 2.084991 0.768770105718057
899 0.384597 117.566480435524 2.05348 0.821053621062129
900 0.350662 117.298150894778 2.091391 0.792610124318656
901 0.566776 109.229550868985 1.737251 0.735291859215756
902 0.429813 105.964972627649 1.973998 0.73627824438426
903 0.415371 110.893877248359 1.94554 0.807109326065634
904 0.389227 129.157652703654 2.041608 0.765998209560925
905 0.463552 96.5833865812608 1.90169 0.764211747225296
906 0.309039 116.952056239487 2.135792 0.796299748713194
907 0.414873 116.714363870673 1.94926 0.765766223605399
908 0.441606 119.945881531074 1.938378 0.739610639762764
909 0.504897 118.160869541491 1.845769 0.76637991055923
910 0.527133 94.5371503038427 1.76739 0.685420094599423
911 0.197459 130.085266213329 2.241347 0.804460759961575
912 0.52313 106.794413904431 1.813335 0.76091799709182
913 0.328567 116.734105090242 2.124991 0.792925757670017
914 0.174727 122.287647935322 2.241181 0.815425546438829
915 0.796414 97.0949813237143 0.948295 0.612395213721076
916 0.511746 93.8352885665756 1.839444 0.724186766836985
917 0.512797 116.812317762414 1.827476 0.743364435702784
918 0.470886 107.580357481547 1.879942 0.73497414441262
919 0.497747 116.338936130171 1.84139 0.787690641961835
920 0.525925 108.374380592707 1.819954 0.704832971187747
921 0.435687 105.640598103364 1.956487 0.738345393489827
922 0.50751 107.173667453802 1.835425 0.786673061832827
923 0.549029 117.556943307741 1.745252 0.677942645326547
924 0.49987 100.776573908249 1.869213 0.736159830549428
925 0.406752 120.154555736862 1.959855 0.779632552354246
926 0.392505 112.582805584107 2.021006 0.739252084649806
927 0.114007 132.976112263215 2.280026 0.843081490785519
928 0.39197 124.008697558417 2.031721 0.809061117629151
929 0.535432 108.5328974694 1.809552 0.739848134087701
930 0.633991 109.642230278302 1.558398 0.776917078876675
931 0.313992 118.646534674796 2.139963 0.837331503447828
932 0.622669 100.530667470665 1.617418 0.697090868184501
933 0.413686 111.344378081054 1.980594 0.767596309896545
934 0.381966 117.144656958529 2.048946 0.752023503675109
935 0.352172 114.224721752756 2.073272 0.784921246530854
936 0.226771 124.090874006449 2.209193 0.818640321529524
937 0.302782 123.786216306204 2.095546 0.80081978528349
938 0.465771 109.063832042792 1.932511 0.795009337628202
939 0.526823 111.605898875995 1.797097 0.774918628773005
940 0.245839 117.864211926273 2.179487 0.762781458540202
941 0.381743 117.486215589214 1.999294 0.759471437037385
942 0.410002 113.371918465763 1.979578 0.791804768917406
943 0.469245 113.440584307541 1.931723 0.710866716828098
944 0.477854 107.486268017424 1.886697 0.752214349821273
945 0.201759 120.747986376807 2.234025 0.789571590320294
946 0.285525 121.895702190837 2.162046 0.791401971558951
947 0.340723 121.027423543221 2.076213 0.782410581770557
948 0.422982 115.757505436603 2.002627 0.769580625738763
949 0.352503 110.596333703702 2.031829 0.783454515553613
950 0.439495 103.444848481254 1.9517 0.754564935903632
951 0.453943 107.941745944239 1.935035 0.727936345594946
952 0.55185 106.586634213978 1.772526 0.727334973024814
953 0.381445 108.691215427568 2.029259 0.736860998375758
954 0.478353 111.614137723949 1.861481 0.771994131760722
955 0.556161 110.033814334802 1.739596 0.768518249388444
956 0.451613 104.732942780123 1.908264 0.741950594983824
957 0.494147 116.115363639432 1.867609 0.736563017225358
958 0.528431 129.411535591443 1.800545 0.78369566893053
959 0.440627 114.646542594253 1.93431 0.787419588074373
960 0.595603 105.846200056335 1.632612 0.599359589694557
961 0.429456 109.470395451139 1.941882 0.672026326659068
962 0.569665 99.411536769467 1.652045 0.692808864349244
963 0.381189 115.832674249086 2.027381 0.746409125579188
964 0.345324 120.851997893419 2.098717 0.767305366683422
965 0.291541 122.97786744737 2.161106 0.796810401479748
966 0.269087 117.616778709434 2.137259 0.750796303197897
967 0.425494 109.210805246418 1.992829 0.735950445362385
968 0.642701 119.366461213024 1.470952 0.742820546894689
969 0.391448 119.297308848935 2.031787 0.788460533775875
970 0.450219 100.58765448587 1.931384 0.722889526943488
971 0.473722 116.514868788521 1.890272 0.813979260112159
972 0.738022 106.361754494306 1.218412 0.65887622137464
973 0.670476 100.764254289331 1.440669 0.731432501517025
974 0.445861 108.194359485267 1.961407 0.750460786937234
975 0.330618 115.571803307389 2.108913 0.75205052445472
976 0.371183 104.410225048838 2.052693 0.721456003351399
977 0.429098 118.743649778958 1.997335 0.823766998282143
978 0.549202 108.53142527988 1.696204 0.737846817994323
979 0.469783 109.205980937048 1.896507 0.76507882948711
980 0.484554 109.840845052585 1.862935 0.671810047924352
981 0.278835 127.890003535116 2.179147 0.808468063793392
982 0.404746 116.904516759382 1.999493 0.791666826507548
983 0.566866 98.1882894521356 1.68801 0.719025666748841
984 0.605598 108.042487175291 1.65098 0.729810265015372
985 0.440959 127.421107599334 1.969201 0.79119608081091
986 0.583332 94.5205807336635 1.695112 0.682856647869729
987 0.351426 111.345272604987 2.058409 0.747654418282259
988 0.431153 122.75003717959 1.979235 0.801516911628343
989 0.463862 115.561103824915 1.883577 0.787959575465537
990 0.533055 115.144520377906 1.772327 0.758864098593454
991 0.433598 112.982667515302 1.975791 0.788092493133525
992 0.38938 117.45273136104 2.046885 0.769206425411317
993 0.605167 116.87695999794 1.618855 0.700969478075637
994 0.412522 115.853768770842 1.986176 0.815984486362734
995 0.491732 114.433849383488 1.891849 0.738717714846433
996 0.330898 112.102572106526 2.106184 0.751702299749323
997 0.731501 89.4731668881362 1.258651 0.47897097855414
998 0.437858 120.302502673707 1.966993 0.799296761000324
999 0.642511 100.458747153107 1.511126 0.685851822913668
1000 0.45353 117.018473629207 1.916074 0.80847457245613
