rep	aei_left	left_area	adi_left	H
1	0.308443	122.1635963	2.112078	0.839883683
2	0.377235	115.9777066	1.993991	0.794432766
3	0.280635	123.3866775	2.158942	0.850183486
4	0.447303	118.5028461	1.918102	0.814021051
5	0.342632	120.0726958	2.042741	0.826103662
6	0.312583	119.5599648	2.097547	0.831848414
7	0.331157	120.3799508	2.059597	0.828581224
8	0.357587	125.1531635	2.047432	0.837935332
9	0.372975	115.4539544	2.010764	0.803026787
10	0.43864	122.2525239	1.927871	0.824528551
11	0.417664	119.7016962	1.966649	0.821007759
12	0.385689	121.3922703	2.009964	0.81439916
13	0.381119	114.4074985	1.984081	0.813125859
14	0.282056	119.5187972	2.141746	0.831143498
15	0.387464	117.0297059	1.989592	0.813705275
16	0.320901	121.0322099	2.092756	0.839558773
17	0.290477	122.6652461	2.134419	0.835164813
18	0.286597	124.9592912	2.133121	0.846327608
19	0.383562	120.5842034	2.007581	0.827960231
20	0.403818	115.7772539	1.967712	0.810797625
21	0.327864	121.0751036	2.102042	0.814109901
22	0.395007	121.5646382	1.981834	0.820930917
23	0.297438	123.36736	2.108109	0.819950134
24	0.418617	116.1595295	1.938691	0.821380322
25	0.463813	113.3629723	1.869532	0.801266083
26	0.290617	121.2564358	2.094727	0.834257997
27	0.35157	121.5616005	2.064023	0.836837269
28	0.31364	122.1775072	2.090003	0.818059931
29	0.376951	115.0703706	2.001631	0.788429556
30	0.351197	117.9360565	2.041548	0.819836761
31	0.394808	115.0222721	1.995032	0.805167383
32	0.358132	118.6230696	2.054362	0.825284504
33	0.349318	119.4095341	2.057074	0.823315789
34	0.299358	120.5940726	2.07443	0.830986355
35	0.262859	125.7840382	2.18219	0.844553634
36	0.394362	117.5373372	1.998129	0.820814052
37	0.422865	118.946075	1.979318	0.79119128
38	0.332332	122.9797052	2.066902	0.838655429
39	0.427283	121.2586015	1.950836	0.820599935
40	0.409541	118.374596	1.984723	0.812660678
41	0.319844	118.4792301	2.092193	0.834619771
42	0.399244	119.7842755	1.99524	0.807934212
43	0.18266	127.3823573	2.234266	0.8432241
44	0.414208	117.215987	1.959368	0.796707754
45	0.322499	125.7998447	2.10468	0.827699007
46	0.30409	126.0779015	2.124041	0.831293696
47	0.360117	118.789223	2.027421	0.822619719
48	0.392447	123.1894623	2.0168	0.826506002
49	0.347723	122.6269719	2.064105	0.845333562
50	0.378859	127.4255349	2.045003	0.831151997
51	0.344931	117.553005	2.052101	0.809831215
52	0.354965	120.8578006	2.02711	0.813608738
53	0.436797	118.1171562	1.938125	0.824392708
54	0.382317	119.8703505	1.983765	0.802503479
55	0.291576	121.6975155	2.106187	0.823449609
56	0.346728	120.3289278	2.042744	0.835425937
57	0.305694	120.6663536	2.112531	0.837401673
58	0.299316	120.9399912	2.140787	0.825838418
59	0.334866	120.5807334	2.051016	0.828990927
60	0.300484	121.5551004	2.110902	0.835754262
61	0.315413	123.0543289	2.10167	0.83715937
62	0.264739	126.2009358	2.161328	0.845419978
63	0.465282	115.5314579	1.889857	0.792950166
64	0.426589	120.705549	1.957827	0.830973904
65	0.338924	123.7255256	2.061646	0.834345376
66	0.331468	118.1199731	2.110837	0.833514886
67	0.39023	119.4313239	2.021817	0.816966212
68	0.288359	118.6162058	2.127515	0.837281014
69	0.2478	120.1274065	2.154714	0.839818683
70	0.342154	123.8521838	2.089236	0.838988574
71	0.386899	119.0111815	1.986167	0.816927109
72	0.363412	119.7551566	2.04917	0.817805066
73	0.512621	114.4834298	1.810534	0.801993212
74	0.40302	117.3205681	2.001864	0.828733826
75	0.384985	118.396656	2.005504	0.797216256
76	0.277862	126.743294	2.118579	0.836023627
77	0.383763	114.091938	2.007165	0.803398491
78	0.407658	115.9399805	1.971678	0.795475123
79	0.316879	128.789133	2.10893	0.826526959
80	0.311445	127.0574237	2.126197	0.848086557
81	0.364237	116.5196418	2.02831	0.82584136
82	0.165441	128.8730672	2.244758	0.857780642
83	0.2445	124.7088323	2.167825	0.854012268
84	0.311782	122.5005795	2.108383	0.830312521
85	0.237144	122.2979303	2.191688	0.838508804
86	0.217698	129.8785992	2.18594	0.854610425
87	0.43296	112.9527602	1.925289	0.797197179
88	0.427678	117.5964765	1.946909	0.820188108
89	0.253103	122.8825756	2.152928	0.843527975
90	0.37703	114.4690378	1.994175	0.810130553
91	0.481246	114.299158	1.829861	0.762024219
92	0.367366	118.4763043	2.013027	0.815028953
93	0.32936	117.7638307	2.042706	0.816925674
94	0.273725	117.3758585	2.108775	0.826700675
95	0.387156	117.191261	1.985145	0.80796648
96	0.390506	123.2746848	2.012844	0.829408753
97	0.335461	121.9639036	2.076102	0.835028611
98	0.382508	115.9163465	2.003538	0.821379891
99	0.293678	124.2642489	2.129664	0.838807749
100	0.361859	117.1791732	2.038951	0.823932132
101	0.456689	111.6283099	1.90073	0.793749967
102	0.323284	115.4074222	2.034576	0.822151786
103	0.386764	119.005467	2.007264	0.814029106
104	0.36141	122.2537897	2.050522	0.825940876
105	0.333275	123.5870802	2.104809	0.834493616
106	0.360283	116.6265187	2.044206	0.825270542
107	0.284769	124.3424559	2.124285	0.853751361
108	0.364012	118.0808532	2.025411	0.788611594
109	0.426093	127.8120844	1.981901	0.836888224
110	0.276179	123.1162921	2.157139	0.842386083
111	0.409044	121.5623564	1.979863	0.825778031
112	0.384747	115.8505952	1.994228	0.819960633
113	0.287172	127.4050342	2.152019	0.837121165
114	0.397163	117.0816556	1.961862	0.821226118
115	0.280326	124.2835241	2.133479	0.841655744
116	0.317394	120.503983	2.101444	0.837880174
117	0.338474	123.8855058	2.061708	0.837285132
118	0.232417	124.0121479	2.19477	0.845052344
119	0.374427	118.9638397	2.008937	0.819181565
120	0.296187	124.219911	2.124963	0.841547183
121	0.441999	117.2400527	1.922734	0.797298947
122	0.313767	125.7396569	2.119715	0.828455694
123	0.342704	116.6932526	2.046938	0.804679857
124	0.297653	124.3653588	2.125406	0.80986845
125	0.414295	120.8766898	1.950665	0.82089509
126	0.342966	122.9958778	2.077409	0.821504423
127	0.346789	121.3451708	2.07519	0.832299423
128	0.37715	117.4246416	2.014659	0.814024504
129	0.372572	123.42366	2.051177	0.81826713
130	0.372846	114.6508161	2.028366	0.802777022
131	0.346352	123.2785773	2.050409	0.832339664
132	0.489121	116.4794337	1.851756	0.81077658
133	0.331544	120.3525123	2.07601	0.835388422
134	0.314637	124.0797139	2.128257	0.81629438
135	0.355248	123.0366711	2.051845	0.825568713
136	0.283947	120.2815796	2.149826	0.833027038
137	0.278328	122.081437	2.094031	0.835010256
138	0.377458	116.3889142	1.99961	0.803483968
139	0.355667	125.5997802	2.043826	0.843397359
140	0.409945	121.7598579	2.001966	0.827347281
141	0.426667	124.113994	1.977752	0.833388022
142	0.241526	120.9162113	2.193155	0.829382361
143	0.417256	112.8143541	1.963403	0.804104542
144	0.337498	123.2971425	2.086668	0.832248696
145	0.347888	122.2770704	2.06879	0.827566897
146	0.352345	121.1341351	2.063579	0.839879456
147	0.339203	120.7585414	2.074104	0.828396956
148	0.452297	119.8026217	1.902527	0.802813878
149	0.408089	116.5270634	2.003092	0.799364291
150	0.400497	117.8939407	1.982602	0.822853545
151	0.263107	122.2152059	2.184444	0.827993384
152	0.328017	122.4179878	2.086685	0.829036754
153	0.28622	121.1428829	2.124053	0.835013751
154	0.301954	119.4788272	2.106453	0.830352813
155	0.374043	118.6977438	2.037954	0.804916169
156	0.287295	120.5099138	2.148855	0.82614013
157	0.344215	118.5672764	2.046039	0.812835258
158	0.346541	120.0286729	2.022689	0.816315102
159	0.281707	126.7628534	2.160126	0.823137068
160	0.291689	121.1942664	2.122663	0.830362034
161	0.370444	117.4990548	1.990945	0.825369861
162	0.356767	113.0423403	2.017773	0.803375187
163	0.303802	120.9472244	2.109297	0.82956717
164	0.458709	116.2099801	1.885359	0.797265793
165	0.406645	116.9603879	1.964212	0.806983716
166	0.311106	117.9832767	2.117594	0.827763411
167	0.370261	120.6429656	2.027273	0.816841799
168	0.379683	119.8035999	2.012113	0.825122874
169	0.32927	117.9394904	2.083608	0.805330394
170	0.284372	126.81301	2.128894	0.841356429
171	0.259059	123.5007764	2.171684	0.833693561
172	0.244943	121.4415588	2.177572	0.85219764
173	0.364606	119.8014343	2.034617	0.820410715
174	0.456293	117.2978152	1.932799	0.810033296
175	0.244769	120.9640268	2.167596	0.837351274
176	0.342664	117.1492454	2.039888	0.813190227
177	0.311825	122.5955535	2.120383	0.838437749
178	0.378948	118.8046264	1.99138	0.817174305
179	0.331336	119.5734815	2.08218	0.824042249
180	0.398613	124.968393	2.000072	0.844117315
181	0.375179	124.5273678	2.046325	0.832506031
182	0.371103	117.1796374	2.043986	0.81371453
183	0.336127	118.5192347	2.078537	0.831858093
184	0.324535	127.0790756	2.116726	0.827687191
185	0.392694	118.9177828	2.019656	0.80414983
186	0.264027	125.7838925	2.187653	0.833779027
187	0.263779	123.0890594	2.157473	0.827638702
188	0.21986	125.2141853	2.198585	0.855873152
189	0.364527	120.1237244	1.997975	0.80169511
190	0.30721	116.8963744	2.112272	0.820533736
191	0.279383	122.357158	2.101991	0.823134598
192	0.350446	120.7297978	2.027116	0.813145328
193	0.320674	118.4196238	2.107099	0.829263766
194	0.346647	119.6203667	2.042876	0.827942374
195	0.320564	118.9571082	2.097951	0.824833004
196	0.298868	121.2794403	2.100315	0.824075309
197	0.377756	116.9039779	1.985407	0.819461746
198	0.36268	114.0079058	1.998157	0.803045211
199	0.383977	119.7925684	1.994626	0.827780743
200	0.322168	120.2309859	2.088826	0.835711439
201	0.420542	117.0914679	1.964261	0.806875291
202	0.365134	119.0496346	2.03131	0.82601474
203	0.323812	121.2903972	2.082973	0.834107165
204	0.406625	119.2305618	2.026147	0.818648214
205	0.272962	125.888997	2.172087	0.82286546
206	0.302284	116.5779923	2.060013	0.813838566
207	0.523569	111.8695312	1.793215	0.769559279
208	0.245335	124.5834966	2.182867	0.844542901
209	0.381306	111.8417348	1.999345	0.80438269
210	0.374296	117.4053999	2.009739	0.811810066
211	0.390155	119.3936659	2.02601	0.817886481
212	0.341646	130.8945244	2.050477	0.852564312
213	0.345941	112.7991066	2.04769	0.785856502
214	0.29356	116.7728441	2.117909	0.825667842
215	0.452412	121.6545577	1.904897	0.806515687
216	0.403848	125.1915362	2.021114	0.84759697
217	0.367943	117.8374855	2.018652	0.810978055
218	0.279073	125.8167003	2.150554	0.840058593
219	0.415894	119.3821491	1.958979	0.803384245
220	0.321067	123.5041463	2.090696	0.813148295
221	0.37528	116.8254238	2.00962	0.814799454
222	0.2669	123.2572204	2.181055	0.836319934
223	0.366436	118.4399527	2.037023	0.814848974
224	0.315002	119.1504673	2.062928	0.833254004
225	0.441785	118.8587935	1.929284	0.794414554
226	0.349084	118.7768842	2.065735	0.82720747
227	0.462356	117.4867834	1.875638	0.80378303
228	0.219029	120.3749318	2.215535	0.845301651
229	0.378701	116.8378188	2.044729	0.80992778
230	0.359639	124.9069253	2.066942	0.818997114
231	0.405091	118.1912595	1.958688	0.8276591
232	0.382061	119.0036053	2.015249	0.79768577
233	0.239351	121.1370167	2.193597	0.835291006
234	0.344369	117.5975796	2.050756	0.833684382
235	0.3407	123.5774494	2.076456	0.84738885
236	0.375305	122.7908147	2.024892	0.824942383
237	0.266941	125.8649497	2.160025	0.839933517
238	0.380714	118.3358789	1.99806	0.811888424
239	0.368307	120.8348357	2.038354	0.825322315
240	0.327861	129.8996473	2.094892	0.837928725
241	0.296005	123.4505701	2.104394	0.835140595
242	0.321992	119.8283721	2.096996	0.804710206
243	0.315407	121.3803536	2.096455	0.824806904
244	0.375294	117.8687858	1.982138	0.81905252
245	0.357538	116.733582	2.037017	0.823441501
246	0.39235	117.0444448	2.005254	0.812398911
247	0.439005	117.6304201	1.921705	0.806752365
248	0.265079	121.6315232	2.163252	0.852019249
249	0.455932	116.6963171	1.892474	0.813063154
250	0.427666	119.6265365	1.984524	0.808614025
251	0.452194	113.9591124	1.904392	0.813565189
252	0.26999	123.3576988	2.147015	0.840247341
253	0.44633	121.3441867	1.914272	0.828101079
254	0.372406	116.897125	2.035426	0.802748206
255	0.436707	122.0783222	1.958616	0.795654295
256	0.399094	115.9242766	1.994312	0.823720353
257	0.357174	119.410558	2.052132	0.815064519
258	0.285093	129.2351081	2.163282	0.853424213
259	0.403863	115.7401417	1.992066	0.80681818
260	0.464906	123.477077	1.929329	0.820885701
261	0.361889	119.9902022	2.034239	0.823885158
262	0.232285	124.2468798	2.187822	0.841752293
263	0.457932	114.5278433	1.888453	0.803922443
264	0.389189	117.8355672	2.017783	0.798361082
265	0.43951	117.4031854	1.931199	0.817918375
266	0.250898	122.5498022	2.13641	0.831861427
267	0.434882	114.0445224	1.973958	0.79639255
268	0.322855	123.7248423	2.100246	0.826635547
269	0.366742	116.8223266	2.037992	0.800672843
270	0.348247	123.7199799	2.029972	0.811174709
271	0.293362	121.3840191	2.113691	0.843291515
272	0.312645	117.0547671	2.129886	0.82169438
273	0.334587	120.5796973	2.092755	0.787159368
274	0.383777	120.1035539	1.978243	0.801929181
275	0.311948	118.222161	2.111712	0.815527049
276	0.357197	116.447143	2.06414	0.817308085
277	0.269318	123.6014633	2.179189	0.847426248
278	0.388551	119.490011	1.996734	0.813699684
279	0.431629	122.6157235	1.935855	0.825944137
280	0.276757	127.758321	2.140681	0.850040021
281	0.386073	116.0317598	1.99172	0.819211352
282	0.276492	122.4670413	2.14399	0.831242279
283	0.353445	119.8473589	2.056809	0.816921997
284	0.331175	119.6888058	2.095926	0.826271521
285	0.367532	121.3032427	2.05008	0.822587746
286	0.377819	117.3289709	2.037535	0.814051757
287	0.379417	119.8874057	2.044909	0.824702336
288	0.392654	114.5016408	1.961813	0.801158319
289	0.407825	116.3391124	1.961636	0.823607891
290	0.382414	117.5335351	1.99894	0.817571587
291	0.350348	122.381702	2.060069	0.827061253
292	0.37442	110.8915521	2.006501	0.808148615
293	0.350733	117.6173406	2.036437	0.821207283
294	0.406906	124.9249315	1.995262	0.831947279
295	0.282145	126.0138451	2.155736	0.846117696
296	0.343363	119.8747117	2.046966	0.833883457
297	0.513468	113.1323103	1.796971	0.76515293
298	0.288836	119.4252392	2.127246	0.831611202
299	0.400807	118.6353056	2.001285	0.817582803
300	0.296415	117.7838621	2.123463	0.841350372
301	0.277221	120.4752568	2.121341	0.831446674
302	0.384331	119.7968927	1.995808	0.80916252
303	0.373348	119.2923137	2.023855	0.826873404
304	0.315527	120.1088295	2.092587	0.82742993
305	0.416161	117.4306653	1.951402	0.818791858
306	0.408558	114.1214838	1.953525	0.799618877
307	0.332334	123.9550502	2.079508	0.835146842
308	0.520613	115.3704017	1.78779	0.773371638
309	0.217491	125.5658367	2.222893	0.833159858
310	0.42177	120.2930483	1.953697	0.810445719
311	0.351868	116.643039	2.035093	0.806176459
312	0.37236	121.5827475	2.036887	0.819821214
313	0.31407	118.5456378	2.09717	0.813138013
314	0.372155	120.0402739	2.032543	0.824094476
315	0.387827	120.4763239	2.011693	0.823943269
316	0.402746	122.8791801	1.983329	0.834515421
317	0.263941	120.6049707	2.14864	0.833402612
318	0.361373	121.6684494	2.017184	0.82453999
319	0.343635	122.7964593	2.089081	0.828090688
320	0.305571	116.6452325	2.107161	0.822718621
321	0.3797	121.5999743	1.995776	0.837277063
322	0.320179	120.91148	2.07093	0.818964572
323	0.339961	123.9895316	2.063809	0.829392917
324	0.281725	123.6842713	2.132619	0.834192044
325	0.350305	125.2197881	2.015449	0.842460626
326	0.40622	119.4028309	1.967121	0.818741754
327	0.472807	117.899657	1.881709	0.784996371
328	0.394189	120.325695	1.989947	0.81839729
329	0.334392	123.1549443	2.087875	0.840248432
330	0.272776	124.6660436	2.165747	0.82848513
331	0.335048	117.1640326	2.076361	0.826913651
332	0.412936	112.547583	1.967199	0.811421785
333	0.307188	126.4259539	2.101798	0.848863521
334	0.248303	126.6438248	2.172167	0.846708954
335	0.331084	120.7391558	2.078801	0.830758568
336	0.417628	116.9421565	1.942758	0.819403787
337	0.411103	117.5554756	1.951184	0.802288313
338	0.343376	116.6497585	2.037306	0.831100063
339	0.366269	119.9665666	2.024815	0.810153687
340	0.192816	131.9253244	2.241306	0.865887012
341	0.314092	122.4991962	2.087714	0.83569468
342	0.36772	125.0167733	2.024502	0.826513831
343	0.291274	126.7312898	2.122155	0.836988959
344	0.426634	118.4007655	1.973364	0.798937281
345	0.313422	122.9342464	2.095277	0.831343286
346	0.264587	120.0605268	2.1302	0.82721056
347	0.373799	119.6723144	2.01338	0.827559524
348	0.381115	118.4766468	2.006424	0.815567623
349	0.427332	122.9819403	1.944136	0.826699277
350	0.211953	121.8178275	2.202527	0.849503507
351	0.280773	119.591752	2.08718	0.828414143
352	0.34543	119.6740149	2.015363	0.839331062
353	0.308309	117.4682883	2.117815	0.824557195
354	0.439123	118.4222444	1.921289	0.805081578
355	0.419029	114.4121779	1.92886	0.795395763
356	0.339672	118.7726167	2.066862	0.822046484
357	0.442632	118.9815387	1.948401	0.781015646
358	0.326119	120.8760508	2.045752	0.830195217
359	0.400634	118.4689979	1.992361	0.820439795
360	0.392354	119.6224611	1.99727	0.805596218
361	0.307615	124.6554149	2.117175	0.835094088
362	0.330849	121.654285	2.026045	0.822457085
363	0.339486	116.589418	2.029423	0.823643479
364	0.356779	122.0957746	2.037397	0.827775202
365	0.366043	118.4563816	2.056561	0.814345112
366	0.402473	113.5479168	1.979287	0.796385063
367	0.378303	118.0576661	2.007861	0.812907158
368	0.400709	115.4425209	1.946251	0.809821927
369	0.394023	117.6677906	1.970804	0.797417266
370	0.43299	115.7797986	1.951066	0.815567036
371	0.383974	116.1379258	2.014723	0.788735849
372	0.380427	115.4473893	1.996544	0.802570294
373	0.336139	122.4489308	2.076577	0.837579589
374	0.394174	116.4832055	1.995773	0.819381236
375	0.478137	114.3187445	1.857839	0.805030764
376	0.311427	120.6234573	2.114928	0.831052157
377	0.289868	117.8435874	2.117271	0.825703801
378	0.339505	116.2055243	2.047186	0.822803208
379	0.293174	121.0085659	2.098363	0.829000129
380	0.297052	121.5824606	2.134646	0.823493363
381	0.34796	123.3146925	2.066345	0.834158777
382	0.496817	114.3790209	1.829419	0.783681487
383	0.292055	125.2049722	2.11715	0.841629848
384	0.443929	112.8902263	1.922316	0.798570034
385	0.306354	121.7609276	2.115137	0.841684761
386	0.369374	124.9601061	2.04358	0.828594937
387	0.286846	123.4859824	2.156694	0.846347041
388	0.391118	113.3305194	1.981896	0.801327873
389	0.438194	118.9306243	1.92264	0.791252873
390	0.428942	112.8917193	1.928586	0.801653367
391	0.449796	115.8379762	1.885475	0.737248511
392	0.471259	112.8597246	1.868484	0.793649191
393	0.387757	115.0177993	1.981475	0.794545104
394	0.362351	116.7906842	2.028721	0.816687945
395	0.365684	116.3178964	2.033435	0.812535651
396	0.362281	123.2674814	2.05172	0.83420614
397	0.318733	119.2115243	2.087066	0.82235162
398	0.461602	118.9012471	1.893349	0.82008358
399	0.259787	126.4518659	2.182639	0.851984487
400	0.363252	123.1452696	2.047835	0.808283754
401	0.23536	127.1748688	2.195369	0.848475705
402	0.267996	125.1042037	2.163533	0.855809588
403	0.302312	122.1163632	2.124994	0.835212798
404	0.312183	121.0598938	2.102993	0.822079271
405	0.311142	118.2336233	2.083915	0.814886821
406	0.406091	116.8129278	1.992892	0.794622968
407	0.311243	118.6165128	2.089636	0.837193278
408	0.308533	122.1466313	2.129469	0.823605042
409	0.305474	117.6094122	2.115801	0.827830116
410	0.373425	115.9235671	2.006929	0.810704041
411	0.467551	113.6131111	1.880791	0.783580406
412	0.288925	120.8653985	2.118975	0.838856785
413	0.452346	115.8450647	1.894206	0.797595696
414	0.370834	119.3595304	2.021439	0.814604532
415	0.426775	126.1189422	1.975936	0.811027465
416	0.330022	115.3271391	2.089691	0.812621151
417	0.399467	112.9573107	1.993708	0.801110752
418	0.367055	117.4580618	2.015885	0.810143432
419	0.355597	122.7126192	2.043458	0.839540448
420	0.469306	115.9021483	1.873855	0.806159545
421	0.378173	121.6517274	1.977536	0.819382026
422	0.296118	118.8515418	2.146744	0.837627932
423	0.410323	120.1787057	1.964661	0.818225397
424	0.332003	115.0938723	2.037804	0.815668092
425	0.363711	120.2995285	2.02923	0.81610073
426	0.401307	112.4735203	1.982483	0.812838887
427	0.394047	117.8250341	2.005742	0.821531224
428	0.283827	126.3585454	2.149959	0.841314164
429	0.369628	116.0570203	2.029069	0.817523966
430	0.348757	122.5264446	2.07564	0.834335919
431	0.276981	122.5263774	2.140552	0.837804136
432	0.306093	117.4730732	2.091574	0.822002243
433	0.341455	117.0876244	2.04895	0.824520828
434	0.402305	115.5375973	1.959844	0.79777183
435	0.319043	119.6981168	2.098339	0.831562904
436	0.205444	126.3716555	2.222295	0.844356389
437	0.344194	121.866252	2.041901	0.827942909
438	0.321697	127.4362364	2.098624	0.834011575
439	0.422073	122.6409602	1.982853	0.815141086
440	0.271371	120.1763322	2.155305	0.835802724
441	0.373541	117.5241684	2.041812	0.813782773
442	0.323043	119.4634815	2.102448	0.82201944
443	0.354825	125.1698182	2.039705	0.838148056
444	0.271839	121.581334	2.158245	0.834570921
445	0.328537	127.5728781	2.114999	0.837072672
446	0.30773	127.2102567	2.116254	0.839510974
447	0.311112	124.1658181	2.112127	0.8275982
448	0.379769	124.4890086	1.982468	0.835904859
449	0.411847	115.3452852	1.97221	0.798934706
450	0.402189	121.3592687	1.983678	0.821291918
451	0.307503	120.7926147	2.110247	0.818918697
452	0.312143	121.4800074	2.098401	0.84042932
453	0.277995	122.8612823	2.135561	0.844191708
454	0.378086	118.6088012	2.027805	0.825542975
455	0.436876	118.0802602	1.930226	0.811886869
456	0.322372	123.3423787	2.079271	0.841638722
457	0.387841	123.0517424	1.978232	0.820190901
458	0.277793	124.0933975	2.155122	0.840097047
459	0.394025	116.8122447	1.958698	0.812002724
460	0.279579	118.5587616	2.129696	0.817620507
461	0.264355	118.421496	2.177599	0.836596656
462	0.330199	113.6478409	2.062354	0.836788951
463	0.390995	119.8524049	1.951703	0.829428475
464	0.347692	122.2475795	2.046459	0.80800943
465	0.410924	118.1060373	1.972784	0.824680632
466	0.385623	118.4857382	2.00083	0.814886155
467	0.377157	119.9852689	2.032199	0.824144512
468	0.316989	122.147228	2.101237	0.824556
469	0.395889	118.3039767	1.964175	0.815557446
470	0.247696	127.7703835	2.178634	0.849708246
471	0.336017	119.8523371	2.089276	0.815595364
472	0.314419	119.5386042	2.105476	0.822561345
473	0.236881	119.7018215	2.198401	0.828984278
474	0.508886	111.0588197	1.819868	0.68572751
475	0.264606	126.2148816	2.158668	0.840873524
476	0.376063	119.5962499	2.018115	0.826805253
477	0.428957	113.2939571	1.961003	0.767203639
478	0.297303	119.9576658	2.078668	0.83263862
479	0.418633	120.2554582	1.948725	0.820592413
480	0.522709	112.6323445	1.795721	0.789744736
481	0.310182	120.6461293	2.109529	0.829291842
482	0.324988	115.2851297	2.057177	0.823068498
483	0.429991	112.7218722	1.943245	0.793417026
484	0.351901	117.567392	2.068742	0.823306598
485	0.373709	118.1543399	2.022765	0.82368527
486	0.359934	117.3163535	2.042293	0.816669469
487	0.28457	118.2202176	2.14288	0.824814487
488	0.331392	122.8536127	2.063604	0.827181681
489	0.341417	120.363251	2.075615	0.830546409
490	0.252774	125.9800941	2.181716	0.846588645
491	0.303376	128.6001166	2.132987	0.859060644
492	0.278142	121.0945623	2.142029	0.826730717
493	0.277473	124.4218668	2.152931	0.819757494
494	0.246063	126.3564995	2.17199	0.822257581
495	0.214645	121.4415047	2.206827	0.843417388
496	0.270834	120.5851557	2.164649	0.841484515
497	0.277714	122.5717514	2.144105	0.826128885
498	0.48603	118.4842716	1.869145	0.811611399
499	0.306554	122.6206286	2.122596	0.824661603
500	0.295197	122.6271048	2.09998	0.838321785
501	0.45268	116.0187139	1.897891	0.794948543
502	0.415955	119.6298201	1.97175	0.817507106
503	0.375991	118.2067582	2.026166	0.808954476
504	0.365478	117.8372642	1.990958	0.826748124
505	0.379195	123.4502427	2.026554	0.836817311
506	0.176399	130.760429	2.242416	0.86343378
507	0.397694	128.3790906	2.036354	0.814116455
508	0.374824	119.0372289	2.014993	0.829506122
509	0.245561	121.6703836	2.134729	0.844581895
510	0.252278	121.3506744	2.179478	0.844832463
511	0.36438	114.7654569	2.004635	0.816637851
512	0.323851	124.4952542	2.065341	0.837533063
513	0.356941	125.2700428	2.05044	0.838538288
514	0.330027	113.3491673	2.081695	0.810293239
515	0.396347	121.3721222	1.991313	0.814824626
516	0.350788	118.8936152	2.02381	0.800277264
517	0.338443	117.0325463	2.061094	0.823539988
518	0.471997	112.7043132	1.862288	0.790334399
519	0.448585	115.7093275	1.919057	0.808503838
520	0.312291	125.0321294	2.109627	0.852690875
521	0.321959	121.7195298	2.083215	0.827842098
522	0.362005	117.4525207	2.03454	0.821899902
523	0.340574	120.1881794	2.054769	0.835892225
524	0.288346	119.7126083	2.103814	0.843328135
525	0.269442	128.487327	2.168648	0.856826561
526	0.373601	121.789547	2.044461	0.816756479
527	0.456443	113.2754276	1.892742	0.795204586
528	0.338857	116.9344305	2.050295	0.801233437
529	0.331472	123.0221943	2.068651	0.837916798
530	0.346115	112.1732636	2.039548	0.807940631
531	0.381862	124.9573687	2.024711	0.82447959
532	0.332885	125.7025191	2.108298	0.83307343
533	0.25045	129.5245768	2.171208	0.853063264
534	0.366319	117.4335672	1.995888	0.819560822
535	0.411075	116.7989954	1.983795	0.814431523
536	0.257286	124.9532748	2.188297	0.850994266
537	0.387141	117.8796671	2.021985	0.814426671
538	0.35906	116.7224956	2.030983	0.811151343
539	0.237804	123.7437965	2.14153	0.829933479
540	0.361863	119.7125803	2.040905	0.840792207
541	0.429987	115.9056839	1.937443	0.800426539
542	0.269218	128.3456253	2.160905	0.844709438
543	0.383801	115.8977781	1.965099	0.813094814
544	0.395557	119.4907062	1.998875	0.80462214
545	0.395522	118.5227222	1.956911	0.812305323
546	0.409244	115.2180303	1.995174	0.790974722
547	0.370777	117.9639843	2.056211	0.823338752
548	0.317741	128.5298838	2.063231	0.83974811
549	0.415024	120.0675539	1.967274	0.799180926
550	0.353784	118.8320652	2.040523	0.822150841
551	0.370556	120.9916321	2.047603	0.819740259
552	0.256606	120.4697351	2.136384	0.804225553
553	0.41282	119.7814721	1.984682	0.820258311
554	0.372436	121.521561	2.001767	0.808349486
555	0.37768	113.9671996	2.019461	0.813460794
556	0.418997	123.8671681	1.961216	0.807132664
557	0.327875	124.9499524	2.09348	0.790650747
558	0.330812	120.253261	2.075045	0.835083307
559	0.43924	123.4390058	1.954039	0.814433849
560	0.355316	123.0704972	2.077349	0.823033121
561	0.575088	115.3239216	1.717099	0.78669816
562	0.346274	118.0514116	2.055509	0.831423785
563	0.274382	125.8070873	2.15088	0.850575479
564	0.3923	121.714131	1.995721	0.827065694
565	0.444654	113.7398654	1.899694	0.792462852
566	0.527968	115.6206056	1.78335	0.764312758
567	0.430923	116.6085383	1.933932	0.814155606
568	0.425347	119.2348431	1.981846	0.802164854
569	0.349139	119.661773	2.057727	0.833418231
570	0.361566	116.3080027	2.034349	0.808097404
571	0.370819	115.3317069	2.021161	0.809268193
572	0.34593	124.8014561	2.043811	0.829688569
573	0.370795	120.7806252	2.050124	0.824927173
574	0.393594	119.4963966	1.996234	0.820100416
575	0.462757	114.7432653	1.890958	0.807380513
576	0.294958	126.3955744	2.13749	0.849041939
577	0.353766	118.8682462	2.049852	0.814489118
578	0.296619	114.5353847	2.113807	0.809295592
579	0.338287	122.1670719	2.070668	0.842007974
580	0.309322	123.9381788	2.120454	0.845793382
581	0.224706	125.3566522	2.185148	0.852352387
582	0.336036	120.6911076	2.064539	0.828742778
583	0.303848	122.8485757	2.116312	0.833696433
584	0.469471	114.0319272	1.880973	0.816202745
585	0.277189	125.8206527	2.147638	0.826830512
586	0.291682	126.2498931	2.136068	0.836787817
587	0.468459	115.0630641	1.872851	0.804735567
588	0.405298	113.6176675	1.963746	0.793221055
589	0.427941	122.9135436	1.945573	0.82658214
590	0.40074	115.8464235	1.9681	0.809372331
591	0.365266	120.1804349	1.980646	0.813651975
592	0.383104	125.8903903	2.033875	0.835005231
593	0.373057	123.5332661	2.014219	0.797639904
594	0.33853	118.6908415	2.053789	0.824920327
595	0.409399	118.1084845	1.959239	0.80700008
596	0.286388	124.3066122	2.143195	0.838077088
597	0.277667	123.6029369	2.147912	0.841658849
598	0.415723	122.088444	1.96981	0.813881529
599	0.443007	118.9229331	1.906467	0.808569183
600	0.317394	125.4863911	2.136135	0.825250645
601	0.428003	114.4409766	1.91795	0.797179736
602	0.390289	122.2637723	1.995307	0.816518371
603	0.306712	124.2621753	2.105178	0.846814057
604	0.363376	117.031456	2.012616	0.787516522
605	0.19776	128.2759232	2.219413	0.846979258
606	0.414019	123.236432	2.002089	0.80570922
607	0.217119	122.279265	2.206147	0.844884566
608	0.215579	121.391819	2.176421	0.841686606
609	0.357096	119.7221609	2.060223	0.823401736
610	0.393489	117.1700623	1.990594	0.815243641
611	0.294744	122.6347289	2.118047	0.84414077
612	0.357113	120.1396189	2.048567	0.827627262
613	0.37025	115.0418498	2.017887	0.817430903
614	0.313956	121.4116604	2.085919	0.826335768
615	0.372169	120.6372036	2.023755	0.835491521
616	0.417259	121.744214	1.984066	0.821717986
617	0.357079	119.5077783	2.008306	0.804987801
618	0.328949	122.9148095	2.09511	0.827037571
619	0.496932	115.8542841	1.846801	0.795691054
620	0.355067	116.8236638	2.046158	0.831179745
621	0.299814	120.6864071	2.121305	0.817485987
622	0.398084	120.2421309	2.005196	0.819156145
623	0.23923	127.00948	2.195057	0.848540411
624	0.359182	117.5187756	2.06156	0.803438618
625	0.513191	113.2941328	1.807117	0.786277845
626	0.372812	120.4239407	1.995357	0.827799206
627	0.364117	120.4551113	2.019779	0.831466854
628	0.399644	121.9646827	1.997683	0.835194312
629	0.364234	113.9786168	2.01056	0.813435882
630	0.315292	122.1074734	2.119815	0.836494874
631	0.384883	120.3452291	2.001474	0.829072027
632	0.404511	117.1440616	1.95953	0.803144753
633	0.294635	121.4317464	2.114569	0.839100844
634	0.324042	124.7921878	2.099166	0.842140708
635	0.32808	123.8987799	2.096719	0.815800681
636	0.443299	115.2752113	1.903549	0.796351965
637	0.286893	126.4842317	2.145381	0.8512953
638	0.368981	120.7632477	2.019146	0.817841866
639	0.418673	120.991822	1.954854	0.814050977
640	0.362269	114.9676537	2.022779	0.817562904
641	0.31818	126.6212606	2.120816	0.833236985
642	0.297271	125.3322689	2.121841	0.835314205
643	0.319815	114.4381034	2.096746	0.826882176
644	0.437363	110.9498827	1.93224	0.807447493
645	0.37862	116.4238474	2.020433	0.804547735
646	0.36259	119.2057199	2.023046	0.836992224
647	0.392721	117.6542353	1.980249	0.824985721
648	0.476737	118.0874662	1.857072	0.793168649
649	0.211523	127.1256213	2.202219	0.85110007
650	0.346962	123.2637091	2.078178	0.811297042
651	0.41022	123.0351342	1.988245	0.816582687
652	0.433273	117.5081252	1.931679	0.786638782
653	0.37875	119.4522168	2.025169	0.81845933
654	0.262084	124.2185648	2.171607	0.851466475
655	0.246746	122.3911493	2.134097	0.826086528
656	0.445024	113.711842	1.923163	0.798727423
657	0.357653	123.9910349	2.061085	0.830620804
658	0.335318	121.0629217	2.097814	0.828804618
659	0.502568	115.2395062	1.77087	0.795817416
660	0.38599	122.3754545	2.000219	0.81999316
661	0.405743	119.9208105	1.980608	0.805985857
662	0.517522	115.1617303	1.780998	0.724121081
663	0.380731	121.7979674	2.024495	0.810139061
664	0.219567	128.9984268	2.209462	0.857208315
665	0.467258	113.1495554	1.887285	0.771572684
666	0.418029	117.6820725	1.925634	0.800247156
667	0.36273	114.6310882	1.997192	0.815697068
668	0.317606	124.0312879	2.116823	0.824643521
669	0.337998	126.111738	2.082737	0.856851817
670	0.343357	122.1047627	2.080796	0.829062563
671	0.313583	126.9619402	2.110371	0.836395203
672	0.342596	116.1845024	2.032091	0.818364964
673	0.3536	120.6383494	2.046266	0.815560627
674	0.356316	120.5040748	2.058357	0.833534887
675	0.313918	124.3415576	2.112878	0.830239149
676	0.420319	117.7293589	1.978684	0.813620202
677	0.349586	118.4451393	2.05297	0.833439749
678	0.373379	121.3895229	2.02918	0.790369434
679	0.342264	120.1035138	2.036273	0.819264216
680	0.387914	117.2825687	1.996271	0.811076398
681	0.47215	113.5984676	1.853674	0.742987189
682	0.438271	122.7868362	1.934168	0.808838141
683	0.322702	121.1210288	2.114363	0.831735528
684	0.362915	121.1120828	2.062477	0.835670489
685	0.382132	117.0574953	2.017238	0.804869054
686	0.474932	113.1043679	1.887113	0.807875356
687	0.441312	118.3285495	1.907552	0.816284673
688	0.332148	114.5360759	2.012072	0.825401684
689	0.327779	124.9970793	2.105736	0.840872136
690	0.295979	118.1568892	2.117669	0.834965898
691	0.467469	115.0800458	1.864068	0.803303499
692	0.412902	122.7140988	1.956125	0.799927733
693	0.435766	119.2039291	1.950615	0.807269141
694	0.308178	125.9394684	2.107675	0.844996294
695	0.415659	114.3478289	1.949403	0.80623334
696	0.404547	118.7011782	1.996203	0.804094312
697	0.327547	119.5713902	2.08926	0.826698961
698	0.434494	120.0350572	1.944895	0.81380836
699	0.404505	118.1096271	1.976813	0.809692975
700	0.280151	122.4536891	2.142471	0.831414122
701	0.22157	117.6880473	2.160937	0.829111103
702	0.427465	119.2491318	1.939472	0.808722592
703	0.355775	119.8448503	2.027577	0.81796237
704	0.322909	122.0352919	2.081206	0.827647181
705	0.268353	121.9874264	2.1508	0.837642581
706	0.318552	119.7898303	2.120967	0.831713532
707	0.301334	121.7551998	2.132368	0.834264912
708	0.364412	114.7392099	2.032783	0.813402086
709	0.409192	117.8588841	1.982231	0.818017243
710	0.320238	124.8932555	2.075388	0.826514346
711	0.333698	121.6061288	2.087014	0.834503483
712	0.347184	113.6457287	2.057437	0.807024476
713	0.305262	121.3898133	2.118643	0.833145586
714	0.467225	115.0729726	1.864898	0.804611483
715	0.278576	126.8071779	2.162472	0.839621756
716	0.416601	112.9422894	1.966396	0.790851912
717	0.336282	120.5817493	2.063542	0.816537199
718	0.317721	120.4509101	2.071159	0.827833401
719	0.399445	118.1356255	2.000805	0.821998423
720	0.38105	126.2083417	2.028337	0.80622433
721	0.422819	120.2711955	1.918689	0.825323255
722	0.370446	116.7483785	2.027336	0.814793199
723	0.411553	119.0332035	1.970288	0.808874612
724	0.221304	124.8208485	2.203535	0.849419901
725	0.29918	119.370652	2.086456	0.82262035
726	0.398028	118.7007042	1.970278	0.80752321
727	0.418678	116.4366193	1.969475	0.79513969
728	0.399502	113.0463397	1.941899	0.780122063
729	0.354462	122.4962665	2.024023	0.834056288
730	0.31809	128.16411	2.116736	0.841672074
731	0.310971	120.0188302	2.098436	0.82126312
732	0.370947	121.993247	2.035059	0.827232112
733	0.310537	118.9569838	2.102154	0.828105187
734	0.427972	117.124723	1.945794	0.805662273
735	0.295919	123.4192655	2.133932	0.845256305
736	0.307502	126.9828433	2.137719	0.83962417
737	0.456842	120.9743065	1.842437	0.834654915
738	0.439673	122.4887728	1.944122	0.80814724
739	0.286968	118.5679729	2.120016	0.829369837
740	0.446697	117.2199974	1.912464	0.774584819
741	0.290557	120.5178896	2.10615	0.8338459
742	0.414291	115.3211924	1.952596	0.808667678
743	0.341216	123.3555125	2.065435	0.825251923
744	0.328368	123.0376495	2.069072	0.844655843
745	0.418413	116.6177855	1.922154	0.808074804
746	0.414389	121.5554167	1.966829	0.816697806
747	0.32713	121.6953316	2.100959	0.833074002
748	0.359373	119.2473562	2.043677	0.834739316
749	0.262964	120.9275128	2.156852	0.831143325
750	0.390085	116.9904858	1.989348	0.819011341
751	0.424825	120.9838427	1.953414	0.796219095
752	0.363327	125.0527073	2.056771	0.797516158
753	0.4602	111.9220919	1.8924	0.786707793
754	0.41722	121.8374848	1.988665	0.823563038
755	0.423006	111.7238977	1.967055	0.81015942
756	0.394141	125.5739427	2.010816	0.843162605
757	0.376384	119.6443968	2.043357	0.814664388
758	0.427469	117.8870866	1.919427	0.818250922
759	0.406185	119.0107333	1.976894	0.826320235
760	0.372797	117.3324842	2.009853	0.815161777
761	0.348532	117.2962713	2.029451	0.807680622
762	0.307	122.6926644	2.130668	0.838812163
763	0.307733	121.3016733	2.102185	0.821951726
764	0.356512	117.9436051	1.998567	0.831603343
765	0.455758	119.0959985	1.891691	0.812563964
766	0.417672	119.8819263	1.987771	0.800452844
767	0.383903	113.5298436	1.992458	0.78944127
768	0.252717	120.5238048	2.179664	0.833129057
769	0.40859	119.4613858	1.989158	0.784949577
770	0.40985	121.4984818	1.993551	0.801975164
771	0.487685	114.6325378	1.851811	0.802420172
772	0.338044	120.4386922	2.064236	0.823904385
773	0.292339	116.2390594	2.12257	0.816008677
774	0.433356	112.1971423	1.935247	0.752894024
775	0.406959	119.6316961	1.977745	0.811510831
776	0.36336	119.3242353	2.052607	0.821521889
777	0.473031	116.7633141	1.918683	0.800078963
778	0.351063	118.2585251	2.050616	0.81262032
779	0.469276	127.0529449	1.912018	0.834238878
780	0.276556	121.7180459	2.141803	0.834172794
781	0.317527	118.6373044	2.107505	0.820859732
782	0.3997	117.6854644	1.988704	0.826043905
783	0.226337	122.9152997	2.199726	0.839797275
784	0.38721	121.2924908	2.012566	0.792141401
785	0.399667	122.0582075	1.98681	0.826949104
786	0.446922	118.8366088	1.933815	0.806878454
787	0.367817	122.8004386	2.044156	0.835143794
788	0.418762	119.2172062	1.961964	0.83319078
789	0.40125	120.330105	2.01716	0.818641101
790	0.421006	118.5617307	1.952317	0.804269318
791	0.381586	113.3137609	1.990698	0.807183151
792	0.327743	120.309012	2.046533	0.833958885
793	0.349571	126.3015746	2.088303	0.840393202
794	0.440357	118.0842017	1.943373	0.809602954
795	0.200672	123.3481494	2.187234	0.841700735
796	0.304001	122.3969011	2.114477	0.832277667
797	0.352519	114.0194859	2.034644	0.804686682
798	0.406557	116.8255262	1.980359	0.815913728
799	0.278096	125.1286375	2.157612	0.847066579
800	0.446472	116.2768578	1.880814	0.782624104
801	0.363393	125.8251882	2.059346	0.828132574
802	0.328969	122.5666116	2.072029	0.829588429
803	0.232238	123.2945978	2.179714	0.84815676
804	0.318656	120.5272311	2.104813	0.827761521
805	0.417673	118.3947436	1.973189	0.805788729
806	0.33696	120.995732	2.079126	0.826669567
807	0.278385	118.3714628	2.113295	0.841178285
808	0.419533	115.6040178	1.936494	0.792985103
809	0.162905	126.0264022	2.251187	0.862102084
810	0.252096	117.1001133	2.137316	0.840849485
811	0.277571	123.6668537	2.153627	0.839842568
812	0.409489	112.0646439	1.960287	0.802933201
813	0.475483	119.2280312	1.861755	0.785796481
814	0.400298	115.6831418	1.986545	0.816995841
815	0.419304	120.4318459	1.952156	0.794350686
816	0.401328	116.8855531	1.973676	0.814037346
817	0.372287	120.1501258	2.00315	0.827720548
818	0.381474	117.1987844	1.999507	0.822629935
819	0.31876	121.4145238	2.096425	0.824359702
820	0.289939	129.7882167	2.154525	0.841331571
821	0.391345	121.5653586	2.011996	0.810258757
822	0.310971	118.4890775	2.092372	0.830527737
823	0.317963	119.2785006	2.105135	0.8315812
824	0.369804	115.5738288	2.037386	0.820067198
825	0.320296	122.5936027	2.118297	0.8374809
826	0.417775	119.4317102	1.958607	0.829970663
827	0.431789	119.6583161	1.940401	0.822945099
828	0.320699	117.3588074	2.099049	0.812335316
829	0.366721	120.287773	2.021701	0.815403233
830	0.3521	117.6663766	2.047006	0.812396783
831	0.334893	118.3688001	2.074155	0.820854373
832	0.372214	117.8688735	2.004173	0.826518258
833	0.401423	124.369568	2.002619	0.839544008
834	0.367939	118.1717545	2.015138	0.817477712
835	0.344104	121.7036613	2.066234	0.821324579
836	0.26438	120.2662883	2.159725	0.820232565
837	0.305821	120.3023225	2.095447	0.824139402
838	0.377796	116.8592661	1.999232	0.821249709
839	0.397854	122.0073905	2.009652	0.819257127
840	0.346255	122.8240218	2.084505	0.816131427
841	0.213657	122.8249504	2.196149	0.82453565
842	0.391873	117.4755858	1.984943	0.78184704
843	0.439408	118.7010074	1.932556	0.823710108
844	0.338945	118.469926	2.04827	0.820518867
845	0.21722	131.0206768	2.22362	0.845430719
846	0.328361	124.9728891	2.109195	0.833273032
847	0.377957	123.2719808	2.040613	0.845028868
848	0.363875	116.6274066	2.043146	0.799855941
849	0.393798	123.1573712	2.000351	0.8232004
850	0.386111	117.8005742	1.983455	0.821394275
851	0.279494	115.3324281	2.132788	0.828239732
852	0.320111	122.4850859	2.102888	0.834160297
853	0.309749	116.2340542	2.110449	0.814201059
854	0.341781	124.8679657	2.078034	0.812232477
855	0.390732	118.8779119	1.995558	0.823401612
856	0.396136	114.3585494	1.98643	0.812579431
857	0.283694	125.2676996	2.152294	0.853999352
858	0.238628	124.4561949	2.191515	0.851997847
859	0.323365	123.7314229	2.107274	0.816720197
860	0.393041	118.4836421	2.002069	0.810301819
861	0.312042	123.0437896	2.093101	0.806989166
862	0.317226	121.9362476	2.071275	0.826580097
863	0.33187	118.9818293	2.086992	0.822075184
864	0.286119	119.7958054	2.117568	0.829761229
865	0.3714	122.7669688	2.026177	0.836542316
866	0.365502	124.6519434	2.038238	0.825811292
867	0.360547	113.7701026	2.035864	0.818874473
868	0.431632	116.8574683	1.934814	0.792120694
869	0.262125	118.8684036	2.169588	0.820310001
870	0.304208	121.5409736	2.117023	0.833273575
871	0.336491	116.1903737	2.055308	0.817266939
872	0.334162	120.5711944	2.099868	0.803702012
873	0.49803	117.0211908	1.855294	0.780732353
874	0.427287	119.8388981	1.978196	0.831247009
875	0.39272	117.7304295	1.991533	0.805817346
876	0.343803	119.4283488	2.058377	0.816657829
877	0.313504	116.4711857	2.092668	0.812223832
878	0.300532	121.2515229	2.098342	0.838707945
879	0.372037	116.5121998	2.024945	0.826275982
880	0.236523	123.3606318	2.164155	0.846474383
881	0.318624	124.2855996	2.124203	0.840585505
882	0.304194	119.3310697	2.098229	0.825770797
883	0.460547	109.9175675	1.919676	0.82155821
884	0.414703	113.807178	1.957804	0.819734039
885	0.475531	114.5796813	1.86869	0.795730133
886	0.370606	118.9749145	2.042526	0.814607126
887	0.435485	110.5938717	1.939197	0.779305552
888	0.25228	124.1260946	2.171156	0.850818939
889	0.423693	117.6206651	1.953498	0.805910863
890	0.235024	121.5051546	2.198963	0.839309701
891	0.344063	121.2438869	2.037962	0.837199541
892	0.408076	121.6136118	1.960885	0.818412313
893	0.388454	119.7022554	2.017649	0.808600638
894	0.282942	121.2070317	2.153392	0.825219888
895	0.282322	119.2642339	2.132418	0.815438685
896	0.336244	123.7931194	2.065378	0.843018643
897	0.294969	125.9497085	2.122357	0.839589498
898	0.353267	119.2163429	2.089494	0.815129683
899	0.326671	122.1536909	2.068401	0.840254811
900	0.406145	118.4958521	1.983313	0.823656947
901	0.471589	115.4880533	1.918256	0.810050161
902	0.372678	120.0493787	2.04064	0.785301523
903	0.205162	121.6673494	2.197155	0.830274124
904	0.355753	119.6109992	2.034361	0.816306605
905	0.399017	120.525105	2.022051	0.821874686
906	0.324943	124.3179681	2.074285	0.834475465
907	0.364789	116.2203912	2.015221	0.818102349
908	0.313073	117.2485377	2.044601	0.820406695
909	0.363725	121.1304553	2.040917	0.803381326
910	0.406328	117.7043555	2.012103	0.813498648
911	0.362765	120.9463051	2.025151	0.83461072
912	0.422409	117.3558856	1.945446	0.809201119
913	0.328252	118.4436424	2.029289	0.829471241
914	0.324786	122.5053185	2.077168	0.836404471
915	0.323945	124.5757965	2.097223	0.818762952
916	0.372627	117.8570977	2.016891	0.797357206
917	0.390375	116.3793467	1.976939	0.8082863
918	0.300806	124.6157155	2.12664	0.851416829
919	0.379373	117.0980835	2.016661	0.824947157
920	0.440111	117.7993299	1.930174	0.80744794
921	0.312676	120.3594967	2.133405	0.823944284
922	0.372413	121.4110297	2.044851	0.812761785
923	0.364546	118.736676	2.018693	0.83428836
924	0.361704	120.5953115	2.0245	0.835412505
925	0.353972	118.2650253	2.059613	0.820010595
926	0.26886	123.1234086	2.127936	0.830025722
927	0.353043	120.3449557	2.051591	0.817928447
928	0.377059	118.394808	1.981886	0.818214871
929	0.37074	120.1538638	2.02947	0.829599864
930	0.273139	127.1281973	2.154311	0.844314849
931	0.292186	116.1233309	2.113221	0.815107858
932	0.39987	120.3683406	1.972944	0.79519453
933	0.33534	119.869609	2.053687	0.803786733
934	0.32508	120.3810055	2.080271	0.828368221
935	0.316084	116.4929457	2.098315	0.824137096
936	0.486214	122.3205107	1.87144	0.808261629
937	0.35799	125.7673288	2.072285	0.836828078
938	0.426297	117.1686618	1.933022	0.809553678
939	0.271403	124.8349625	2.158443	0.846467851
940	0.349972	122.600563	2.051683	0.824575074
941	0.350858	120.3821504	2.067578	0.822573243
942	0.388228	123.8351075	1.985881	0.840746919
943	0.37769	121.6054247	2.011116	0.818651853
944	0.389735	121.6608335	2.010247	0.837077183
945	0.409202	110.2735812	1.972084	0.799433414
946	0.286187	125.8813737	2.158562	0.841947544
947	0.297813	124.5387869	2.14476	0.841194464
948	0.481966	118.2942441	1.858052	0.822188012
949	0.348311	122.0586049	2.05884	0.836453855
950	0.36097	123.4912615	2.054018	0.853292728
951	0.273731	121.772444	2.150162	0.841233274
952	0.392049	119.8377755	1.974995	0.813438854
953	0.404992	119.1217065	1.959603	0.793468294
954	0.409623	110.2348633	1.975329	0.803458913
955	0.326207	122.9888323	2.090071	0.820938958
956	0.350224	121.2381797	2.06437	0.83721443
957	0.325151	119.5972075	2.075118	0.833669084
958	0.296699	117.9652783	2.090095	0.799560841
959	0.292774	123.8494792	2.115449	0.837312517
960	0.150907	127.577494	2.260727	0.863622992
961	0.315158	122.0943951	2.102532	0.826902425
962	0.385746	116.3942287	2.023417	0.812688426
963	0.371063	114.6746864	1.996412	0.819614922
964	0.321548	124.3922965	2.068259	0.838741009
965	0.338719	121.9250083	2.079301	0.825403846
966	0.382796	116.3154251	1.99304	0.810041235
967	0.334952	126.7727581	2.08969	0.840710533
968	0.372026	114.4432367	2.025807	0.817070606
969	0.260265	118.7832494	2.165449	0.830541023
970	0.456582	116.9427381	1.897956	0.814790499
971	0.426871	118.5147119	1.926419	0.810149064
972	0.410149	119.4872761	1.944672	0.820462496
973	0.411575	120.2090684	1.991597	0.825805013
974	0.424088	112.8677075	1.966112	0.795807442
975	0.202563	130.1899388	2.222412	0.859730107
976	0.350071	117.175414	2.050618	0.819096107
977	0.312809	113.9607337	2.049056	0.809314226
978	0.312679	127.8980469	2.12474	0.844866448
979	0.321025	123.424034	2.093879	0.832920822
980	0.330691	122.2500432	2.090534	0.833337679
981	0.321203	120.1380682	2.055451	0.83353319
982	0.359661	118.2977043	2.051879	0.819220607
983	0.473188	113.1753853	1.857368	0.797711608
984	0.366721	115.4566695	2.009228	0.813017636
985	0.314123	120.1649956	2.10344	0.826051693
986	0.352256	121.5650494	2.060994	0.842418034
987	0.365763	118.6128146	2.035783	0.814649239
988	0.387886	124.7945408	2.021156	0.837507049
989	0.272057	118.8606413	2.147398	0.828413946
990	0.34761	117.1671081	2.001555	0.813154148
991	0.312183	118.0147242	2.094695	0.832727068
992	0.3796	120.936068	2.025491	0.828425849
993	0.34638	124.3587921	2.07981	0.822590364
994	0.331871	123.325427	2.074448	0.836006609
995	0.277639	121.4250406	2.141528	0.84244772
996	0.434937	117.3858701	1.936237	0.79683441
997	0.321914	121.4684095	2.080283	0.817758501
998	0.416834	119.3002316	1.959405	0.826122958
999	0.29845	119.6098051	2.106751	0.838387542
1000	0.355773	122.2339478	2.058716	0.829686505