rep	aei_left	left_area	adi_left	H
1	0.387507	118.7806951	1.995662	0.806777224
2	0.42073	116.1693365	1.960788	0.796340568
3	0.343475	124.8501914	2.069429	0.819514151
4	0.352864	123.7486635	2.073021	0.828921009
5	0.355944	120.9016861	2.06663	0.808543963
6	0.366407	122.441867	2.045484	0.828455273
7	0.348995	117.3139282	2.061831	0.822207212
8	0.393024	118.3421573	1.99205	0.813842828
9	0.40299	113.6930042	1.953096	0.80036866
10	0.342561	124.2195933	2.07545	0.822090064
11	0.443419	119.0247986	1.918691	0.808623239
12	0.358663	119.0219424	2.042864	0.831785488
13	0.3975	123.013489	2.014886	0.816165278
14	0.402983	120.5078452	1.984671	0.819684777
15	0.340493	116.9586581	2.059344	0.816072886
16	0.41456	112.0979676	1.951716	0.808330765
17	0.389943	123.4272309	2.023504	0.804570739
18	0.329366	120.2646032	2.106441	0.810960662
19	0.283149	119.6180603	2.168985	0.823204464
20	0.375683	121.886467	2.029764	0.829160724
21	0.418871	120.0987705	1.967971	0.809337956
22	0.341201	127.7720926	2.087045	0.819229697
23	0.332935	123.8541519	2.074342	0.830271559
24	0.432161	116.7321889	1.952045	0.797532006
25	0.41553	123.6385189	1.987965	0.812360767
26	0.448281	117.7614318	1.920361	0.794828269
27	0.329743	108.879303	2.109316	0.809997363
28	0.314968	123.9213697	2.089595	0.820574982
29	0.350303	119.8681194	2.084874	0.822720827
30	0.379775	117.3305652	2.010226	0.811086481
31	0.264423	128.9339144	2.169742	0.839609364
32	0.327247	116.8940521	2.087897	0.819495129
33	0.350323	117.486105	2.031767	0.807230249
34	0.413668	114.8426153	1.980511	0.789265204
35	0.37606	113.622894	2.024311	0.80133335
36	0.343874	119.0974313	2.061433	0.816782366
37	0.291937	122.6677413	2.150123	0.83721025
38	0.392698	120.4517326	2.003993	0.806920898
39	0.364627	119.8125746	2.050124	0.81724778
40	0.323581	118.9257962	2.0906	0.809692102
41	0.473863	116.0383366	1.861008	0.808494679
42	0.38946	121.7699665	1.995469	0.811243295
43	0.406157	120.4931681	1.983451	0.804232258
44	0.423061	115.8853359	1.952334	0.789339286
45	0.434663	117.6967635	1.931353	0.821522286
46	0.317037	122.5665558	2.111975	0.827629316
47	0.488012	118.7708378	1.893968	0.794051025
48	0.311737	126.6103437	2.123608	0.827832652
49	0.422338	116.6205983	1.968358	0.799169889
50	0.419702	116.4435212	1.940284	0.79497121
51	0.445043	118.7297585	1.946798	0.806023584
52	0.316733	124.0075143	2.115539	0.827663528
53	0.429958	117.5277829	1.970116	0.795191841
54	0.304972	124.1361636	2.118078	0.817098142
55	0.377054	125.7372596	2.026028	0.820266488
56	0.3544	122.1965183	2.059649	0.825326296
57	0.421091	119.4733051	1.958395	0.82118007
58	0.450914	119.2039499	1.893213	0.810961219
59	0.424311	117.2887944	1.952024	0.802065125
60	0.442332	120.4997607	1.922546	0.813730459
61	0.31884	118.2515221	2.0781	0.827162483
62	0.452861	118.0693815	1.899216	0.814652134
63	0.40571	118.0723349	1.995647	0.803216294
64	0.422397	118.4272073	1.942282	0.806323956
65	0.452752	119.7184596	1.890443	0.793130212
66	0.367098	119.2927154	2.021352	0.811405972
67	0.328676	124.1147671	2.112065	0.810440903
68	0.421247	119.2527967	1.984669	0.797446845
69	0.400672	115.220505	1.957789	0.792621633
70	0.378724	122.1928619	2.025651	0.813740038
71	0.356136	117.7606178	2.071899	0.815144943
72	0.344002	123.9548757	2.093533	0.821219221
73	0.338202	122.5972538	2.085565	0.832769471
74	0.400627	118.8784187	1.96901	0.800152043
75	0.357976	121.0822668	2.043486	0.809792654
76	0.375116	120.1090977	2.019527	0.820925167
77	0.400946	118.7735113	1.997436	0.794611566
78	0.370624	119.5249788	2.054876	0.815774861
79	0.330326	120.8290117	2.088874	0.819072537
80	0.338854	120.0901799	2.04818	0.803301254
81	0.367919	120.2342734	2.030405	0.818318808
82	0.305838	125.7369805	2.125802	0.829912631
83	0.439114	120.7923979	1.960563	0.81929788
84	0.324811	119.6246493	2.099211	0.821253438
85	0.30939	119.3010567	2.112961	0.825702516
86	0.388151	114.4655843	1.982046	0.79382008
87	0.387353	119.2677637	1.979557	0.810080599
88	0.419825	120.0051338	1.931588	0.822372571
89	0.448237	119.9092128	1.941965	0.834447952
90	0.457747	111.7856495	1.875247	0.769459884
91	0.32648	120.6426969	2.102657	0.815273319
92	0.292194	123.8753985	2.145193	0.821512293
93	0.292765	120.5449008	2.150636	0.812363152
94	0.352313	121.7732975	2.069453	0.813778771
95	0.367647	119.6010757	2.01632	0.819969321
96	0.336241	124.7296831	2.079816	0.82915887
97	0.367526	120.5413198	2.044506	0.818858269
98	0.435131	117.9635569	1.961769	0.775543487
99	0.431677	120.4599238	1.950994	0.815245309
100	0.358103	121.0591327	2.030487	0.81579439
101	0.34955	117.3166386	2.053281	0.80292013
102	0.309579	121.6944526	2.117955	0.821127521
103	0.33572	118.9577577	2.083849	0.815081023
104	0.454036	111.0683308	1.897893	0.797587125
105	0.457302	118.801451	1.925535	0.791504168
106	0.41203	123.7186541	1.956255	0.824173024
107	0.409823	116.0810663	1.994191	0.784482159
108	0.31786	119.511181	2.113856	0.819778674
109	0.400834	116.1241966	1.978355	0.810019296
110	0.366103	119.1633743	2.010817	0.808996116
111	0.473772	112.6188799	1.895359	0.785993333
112	0.421382	122.6983458	1.942352	0.831300364
113	0.397503	121.1685236	2.026678	0.822024062
114	0.36312	120.3585259	2.063466	0.825311799
115	0.362534	122.0843163	2.031059	0.804837664
116	0.316992	117.6414875	2.098812	0.817325125
117	0.374223	115.6700711	2.003374	0.810384117
118	0.381551	114.3653236	2.005709	0.796856307
119	0.434734	115.2525636	1.930322	0.782766016
120	0.358927	117.5679988	1.998934	0.796516068
121	0.329964	125.1796174	2.115624	0.820750398
122	0.326526	123.113288	2.073461	0.828253962
123	0.254577	126.3743479	2.165559	0.836494941
124	0.349019	115.9371421	2.062999	0.80684772
125	0.339611	124.0124552	2.062524	0.806499554
126	0.365097	118.0820276	2.028637	0.813830241
127	0.411356	118.0600607	1.96537	0.820300509
128	0.355163	124.5276454	2.083712	0.841534416
129	0.468911	121.0325001	1.889119	0.768655582
130	0.425546	115.1107708	1.904779	0.778905253
131	0.370943	119.1923163	2.006048	0.81088115
132	0.337239	116.0241575	2.089031	0.812317499
133	0.401638	120.3674581	2.019419	0.792266946
134	0.36024	121.6352584	2.032951	0.80769981
135	0.328143	123.3129883	2.069105	0.829926194
136	0.308812	121.1646291	2.116279	0.829527956
137	0.37913	117.8145218	2.060456	0.802893944
138	0.311939	122.4729185	2.090407	0.828426936
139	0.37728	120.5291836	2.026341	0.81188164
140	0.318982	118.9970114	2.117569	0.800400784
141	0.312835	125.36937	2.095338	0.832575301
142	0.32206	120.046904	2.086364	0.822371853
143	0.436859	117.7256455	1.959082	0.790214512
144	0.374398	123.6592265	2.05343	0.827726389
145	0.414606	118.5425033	1.955227	0.77059267
146	0.371049	121.1757415	2.040724	0.805011085
147	0.371646	122.1661517	2.069955	0.827055629
148	0.387384	127.4915058	2.027916	0.816453116
149	0.282461	123.1743795	2.139359	0.836211818
150	0.436707	115.345356	1.922412	0.766243006
151	0.363592	118.6285281	2.062063	0.811797795
152	0.415407	122.8305145	1.97949	0.808234777
153	0.391162	121.8064771	2.017791	0.811396891
154	0.378254	120.1064426	2.009106	0.795888554
155	0.358403	120.3620346	2.062471	0.81979617
156	0.445394	114.4426728	1.925205	0.795654819
157	0.318579	123.6361286	2.116742	0.840757715
158	0.362185	122.4307261	2.050084	0.806873738
159	0.295293	127.3329365	2.132356	0.837959133
160	0.465186	114.7839589	1.901525	0.792768334
161	0.396952	119.5500027	1.993735	0.809582598
162	0.343527	121.5799633	2.06793	0.817134043
163	0.371423	125.3080184	2.044076	0.839398687
164	0.275801	123.5349462	2.163652	0.830563408
165	0.393984	124.6061798	2.008362	0.832063046
166	0.386141	118.5936749	1.995559	0.812191511
167	0.349961	123.3952077	2.083578	0.824851635
168	0.331292	122.81994	2.073656	0.81340103
169	0.364747	124.2715437	2.031332	0.824955733
170	0.354395	115.5034265	2.042898	0.830556456
171	0.304613	126.829674	2.131653	0.816407566
172	0.322573	120.3329378	2.073691	0.824333366
173	0.420813	122.4349663	1.962227	0.766251287
174	0.34531	121.7387753	2.096542	0.823205335
175	0.420413	119.6255343	1.968546	0.779764194
176	0.315995	116.4741811	2.062782	0.818599539
177	0.355296	116.562856	2.067543	0.805881666
178	0.377891	117.7968152	2.02087	0.824972073
179	0.259215	126.4342086	2.174506	0.826617378
180	0.433564	116.9369233	1.93234	0.809563229
181	0.376486	122.2905394	2.06011	0.829105434
182	0.410379	117.3483661	1.966323	0.800115614
183	0.359063	120.6135014	2.019407	0.82082593
184	0.388601	122.8125259	2.015862	0.8194757
185	0.36495	116.5665001	2.044082	0.808833969
186	0.358926	120.4212952	2.044525	0.818367901
187	0.491773	120.6409864	1.868147	0.826946066
188	0.37504	122.2692804	2.040304	0.81465232
189	0.375612	121.6224517	2.033296	0.808271476
190	0.412096	117.2172392	1.969774	0.813934477
191	0.395488	120.0070046	1.99671	0.809955048
192	0.337142	120.6907245	2.102193	0.823330458
193	0.363442	122.9408939	2.026491	0.810504127
194	0.4229	122.1256776	1.938953	0.812900074
195	0.410297	119.5478825	1.995929	0.805266211
196	0.467748	117.3403304	1.908859	0.77814276
197	0.46938	118.3594	1.929603	0.800705102
198	0.304678	123.3519403	2.14685	0.827717957
199	0.389371	117.1756058	1.983872	0.814894387
200	0.381119	118.7940615	2.027762	0.811654834
201	0.345339	120.3360674	2.066789	0.827392671
202	0.328487	124.4449019	2.101681	0.825755262
203	0.327707	119.877731	2.09742	0.812108573
204	0.311079	124.3659722	2.132505	0.826050674
205	0.389918	118.2936343	1.990019	0.793096316
206	0.335625	122.1296433	2.075175	0.814085605
207	0.340764	123.6676868	2.069855	0.804938693
208	0.399753	116.6776066	1.998884	0.809112386
209	0.37486	117.5088212	2.03034	0.804625316
210	0.452745	121.0193703	1.927299	0.807764066
211	0.324129	124.7513596	2.070528	0.833377501
212	0.394258	118.028285	2.002088	0.812444049
213	0.411679	119.6550397	1.961048	0.817920966
214	0.423393	114.827098	1.947657	0.776599501
215	0.39954	120.6455653	2.005444	0.800996807
216	0.383128	122.2566902	2.014289	0.830960995
217	0.357009	127.2614452	2.087126	0.830620996
218	0.427893	115.2697425	1.959042	0.797680315
219	0.34084	121.3419438	2.084392	0.799209727
220	0.378854	123.5304868	2.060776	0.824017553
221	0.268916	130.5659246	2.130772	0.834360297
222	0.344462	118.733773	2.067368	0.819588341
223	0.386348	120.7293753	2.015087	0.814799697
224	0.269644	128.0025033	2.171877	0.829225905
225	0.411021	118.6440839	1.971103	0.800308224
226	0.323557	120.5442559	2.077588	0.805168867
227	0.267491	122.6496761	2.135604	0.832228738
228	0.474271	120.3583416	1.900799	0.798962782
229	0.370561	120.0458026	2.023912	0.814850268
230	0.389061	122.5782344	2.007073	0.798302195
231	0.323511	124.6191144	2.109362	0.817951267
232	0.366185	119.6650731	2.071829	0.812487127
233	0.42352	118.0883443	1.96543	0.797057632
234	0.42782	119.5982185	1.935017	0.798211464
235	0.416455	118.6936094	1.968096	0.819618725
236	0.453799	121.0057384	1.926288	0.81358124
237	0.360102	114.3392684	2.040055	0.81642943
238	0.428946	114.4488596	1.955833	0.799000901
239	0.393962	119.0846297	1.986339	0.797326262
240	0.429541	116.0916703	1.953735	0.809402951
241	0.425466	117.1841497	1.972558	0.80366443
242	0.426318	121.6559905	1.950423	0.809739579
243	0.370489	122.5311729	2.025024	0.822476285
244	0.452309	122.0085543	1.931062	0.808650231
245	0.268016	126.7542586	2.171393	0.842873477
246	0.461817	115.5895513	1.923383	0.808448011
247	0.400347	119.2867401	1.988865	0.798058305
248	0.311356	119.4887351	2.092134	0.820855695
249	0.41382	115.812817	1.974742	0.801032602
250	0.305387	119.9606988	2.108126	0.838752324
251	0.400049	117.2175655	1.993523	0.816100988
252	0.374035	120.2174515	2.002081	0.811566016
253	0.327241	114.2474714	2.043094	0.820615004
254	0.455146	111.4505754	1.919985	0.787476197
255	0.394977	117.2219572	1.977026	0.794898156
256	0.340707	124.2551882	2.071339	0.830867254
257	0.313794	123.5391334	2.110798	0.818162328
258	0.255062	129.8260343	2.154372	0.842698223
259	0.373693	120.3784774	2.015233	0.824825561
260	0.292176	122.4512044	2.155044	0.838382497
261	0.372461	128.855837	2.035472	0.834074667
262	0.354632	119.1852116	2.065064	0.823740816
263	0.354264	124.8788338	2.065707	0.832668928
264	0.474566	113.1238616	1.878838	0.794051605
265	0.345629	122.406466	2.083817	0.82020519
266	0.289281	125.7200298	2.155609	0.833762085
267	0.386391	124.5631791	2.014186	0.816370035
268	0.330595	122.8061322	2.112209	0.840153274
269	0.412335	113.4625179	1.946159	0.787666754
270	0.350211	118.6169735	2.0584	0.823070176
271	0.374403	118.0573459	2.041217	0.810359165
272	0.388194	124.0525377	2.005245	0.826576746
273	0.425741	120.5562833	1.949608	0.804419017
274	0.321569	118.7857979	2.086953	0.805897545
275	0.328891	119.4880878	2.09387	0.82017299
276	0.408633	117.6188404	1.964034	0.805338169
277	0.394853	118.9812782	1.972307	0.824318868
278	0.331728	118.6495838	2.085721	0.823590534
279	0.366478	116.8848541	2.036542	0.812274998
280	0.386749	124.1756205	2.040994	0.828134119
281	0.359864	122.4509508	2.040927	0.824775913
282	0.443593	122.7282237	1.932702	0.819222829
283	0.386839	115.340183	2.005327	0.805515626
284	0.362051	122.612916	2.065174	0.814444407
285	0.400735	121.2980645	2.003165	0.818183871
286	0.398504	119.9836833	1.999009	0.797559545
287	0.311425	124.1044878	2.128022	0.83739261
288	0.37545	116.7055977	2.010504	0.814577849
289	0.436008	116.2577067	1.923971	0.791417503
290	0.391321	116.447422	2.024355	0.804560849
291	0.35639	124.5183099	2.065305	0.837925491
292	0.352124	122.175384	2.080884	0.821628528
293	0.405011	116.4372879	1.983868	0.81051576
294	0.350713	120.8552531	2.078141	0.819588012
295	0.326439	120.1090284	2.079596	0.815010523
296	0.424187	126.7614604	1.992822	0.806822083
297	0.382067	120.9302712	1.993905	0.807856293
298	0.381171	124.9020884	2.035513	0.840335225
299	0.372899	121.1759036	2.044048	0.81024898
300	0.370141	117.3120077	2.028327	0.824897059
301	0.386655	122.0395807	2.002014	0.818962937
302	0.352294	116.3986502	2.032221	0.81415377
303	0.424181	120.7836838	1.959093	0.810573747
304	0.393199	118.9090488	2.022488	0.813375946
305	0.369621	117.5833919	2.035269	0.822183073
306	0.363227	118.0394891	2.050699	0.816679274
307	0.423799	124.2696502	1.971984	0.823214933
308	0.39723	117.3477206	2.006312	0.80076858
309	0.353781	120.9867001	2.080641	0.825805671
310	0.409061	117.317467	1.981249	0.785816468
311	0.222663	124.1805777	2.2043	0.838710612
312	0.354422	118.2878409	2.061157	0.81425066
313	0.39036	123.9784403	1.981538	0.820872741
314	0.33691	123.5743991	2.071568	0.825935193
315	0.363457	122.7039175	2.064719	0.810536078
316	0.450361	121.8542465	1.914232	0.810976737
317	0.329817	123.9603418	2.090122	0.841950075
318	0.334893	124.0681626	2.091381	0.828998809
319	0.363631	123.1662997	2.054833	0.829840203
320	0.355701	113.379456	2.04367	0.806480299
321	0.44553	114.568037	1.920604	0.779104716
322	0.425119	117.3681188	1.952417	0.784151046
323	0.221318	127.0278705	2.211493	0.854833799
324	0.329278	122.9490277	2.08982	0.835788126
325	0.359395	119.9849433	2.064565	0.805731437
326	0.503169	114.5188633	1.816561	0.792613292
327	0.329853	121.6100579	2.049517	0.82035221
328	0.353743	123.7334921	2.038004	0.782839884
329	0.355237	121.6180903	2.059474	0.815059221
330	0.376918	123.3505916	2.047285	0.824434418
331	0.397563	118.3964277	1.977162	0.813151316
332	0.335496	122.6931978	2.075599	0.823980248
333	0.362897	117.1558028	2.013107	0.81461289
334	0.427082	116.1238335	1.939408	0.796134535
335	0.393058	114.0550263	1.98495	0.793571248
336	0.368929	122.3571987	2.032918	0.832121143
337	0.32434	122.6616538	2.088666	0.821792603
338	0.358227	116.48335	2.065515	0.813044351
339	0.373753	121.1388427	2.030057	0.807382765
340	0.396721	113.1960195	1.980253	0.802467005
341	0.374033	119.7103743	2.028366	0.809647952
342	0.274478	131.1190627	2.181502	0.862055931
343	0.434348	114.7861714	1.919017	0.794856031
344	0.374698	113.9835445	2.064725	0.7891274
345	0.381023	120.6220593	2.02419	0.814758883
346	0.422581	114.8989603	1.959813	0.785860574
347	0.347424	117.9201142	2.064476	0.808945515
348	0.299362	121.7441258	2.11999	0.823584432
349	0.423033	117.1537468	1.963998	0.810753055
350	0.380017	113.9144052	2.002905	0.803438506
351	0.414421	121.6198492	1.990676	0.799059256
352	0.425594	119.1462146	1.961349	0.817770823
353	0.349095	120.950528	2.061334	0.82354704
354	0.395125	117.6664166	2.030119	0.799120153
355	0.369763	116.5462795	2.029133	0.813624665
356	0.502354	115.8681526	1.823927	0.780342707
357	0.446549	120.6158609	1.948957	0.800523968
358	0.400239	115.7352993	1.976436	0.764891829
359	0.309923	126.7747356	2.125243	0.812005534
360	0.352833	120.011122	2.053308	0.810277975
361	0.40289	122.2456501	2.021321	0.814883254
362	0.38908	120.8956158	1.99325	0.8230118
363	0.423133	110.0917182	1.947955	0.781686801
364	0.397185	118.897102	2.006804	0.791429237
365	0.343947	123.6320923	2.074364	0.825862862
366	0.399228	116.4679416	1.981265	0.818083493
367	0.368922	120.7620984	2.034542	0.821330681
368	0.349767	119.290694	2.046915	0.823536148
369	0.398917	121.638075	1.995858	0.818415418
370	0.302989	121.4506962	2.079821	0.828883339
371	0.341416	122.9282617	2.090935	0.829969994
372	0.242553	127.7378934	2.180713	0.845138584
373	0.410009	118.6481065	1.970551	0.823767118
374	0.369293	119.5783479	2.021442	0.821607867
375	0.448355	115.1831304	1.920417	0.800161493
376	0.385087	117.065489	1.99149	0.787990119
377	0.456246	116.5501597	1.89372	0.816324191
378	0.405583	121.9345855	2.004353	0.811121388
379	0.377114	116.6123511	2.02657	0.812384741
380	0.392415	125.2623611	2.018169	0.824611292
381	0.320698	122.0524787	2.086645	0.834955501
382	0.407362	118.5593621	1.997143	0.802069908
383	0.361993	119.6066832	2.036628	0.810408021
384	0.359375	121.549046	2.059537	0.827528706
385	0.392691	119.9479953	2.008748	0.820877405
386	0.42847	117.7918074	1.945786	0.810738005
387	0.325783	121.8998529	2.088787	0.819952841
388	0.335962	123.6463945	2.095577	0.8256669
389	0.343769	124.4252795	2.075645	0.837588617
390	0.364819	116.5912754	2.025995	0.809243786
391	0.351349	119.2327026	2.065726	0.809440734
392	0.388203	119.2396953	2.011527	0.815057962
393	0.304514	125.6380536	2.131254	0.830155677
394	0.305188	122.1140281	2.130736	0.828163552
395	0.380462	120.8986511	2.047164	0.819055574
396	0.312217	124.2437651	2.094928	0.836980185
397	0.371712	115.1745702	2.01187	0.75214519
398	0.434847	113.7762951	1.913914	0.763118058
399	0.407764	114.7346141	1.964152	0.800883582
400	0.386418	122.153174	2.025819	0.832835322
401	0.346973	117.3818066	2.058094	0.826618071
402	0.371406	124.7025314	2.033782	0.822979555
403	0.405604	125.4707237	2.002814	0.771098535
404	0.368887	116.6851464	2.033154	0.808264668
405	0.331772	127.4364208	2.097452	0.832083478
406	0.439683	118.4492608	1.925512	0.814504711
407	0.422993	118.1177182	1.953299	0.810827263
408	0.299889	124.1865892	2.125634	0.830709871
409	0.310287	117.8351559	2.103446	0.822672037
410	0.382229	116.9602612	1.993366	0.800842771
411	0.399922	118.3577792	2.023825	0.822467749
412	0.352472	123.4943051	2.081416	0.826236681
413	0.335616	119.8902267	2.078405	0.814760846
414	0.327631	121.9104831	2.076998	0.821859526
415	0.353367	117.5673744	2.08581	0.807897001
416	0.334906	120.7062484	2.088785	0.825849895
417	0.410625	118.194417	1.98214	0.806790027
418	0.356685	119.2506056	2.077671	0.812456132
419	0.352802	119.5685349	2.050409	0.798425191
420	0.331128	122.0360582	2.088426	0.827152882
421	0.369473	121.7887967	2.028655	0.815148332
422	0.361603	123.7432711	2.073753	0.830187058
423	0.409227	121.3897916	1.999151	0.819488591
424	0.322483	127.1656753	2.093452	0.830480866
425	0.335289	125.5963384	2.082712	0.843470786
426	0.4095	113.9906079	1.966477	0.811751452
427	0.352647	122.0483965	2.069808	0.805122902
428	0.39827	117.9152542	1.978212	0.803488166
429	0.368637	125.6706226	2.064185	0.834644856
430	0.417472	116.3057941	1.974455	0.809497273
431	0.352029	121.6468298	2.036646	0.820610115
432	0.417857	116.0377644	1.957365	0.80574598
433	0.314815	121.5888145	2.116504	0.817919907
434	0.359347	117.2237616	2.029761	0.819426863
435	0.35736	124.3100428	2.02395	0.816905865
436	0.381726	123.3142006	2.047486	0.830459483
437	0.300414	121.666459	2.149121	0.816692739
438	0.383355	118.1411893	2.01159	0.805727519
439	0.376197	118.8634379	2.04009	0.81808258
440	0.345675	123.468444	2.077994	0.824226807
441	0.380193	117.3097419	2.002164	0.806247782
442	0.427147	120.3764433	1.944005	0.79426188
443	0.414537	118.3957418	1.998716	0.80962379
444	0.280843	126.5715504	2.129145	0.842036415
445	0.339074	120.3810554	2.056201	0.814631264
446	0.355651	117.1156556	2.036707	0.788307296
447	0.338611	121.938364	2.088897	0.798306958
448	0.323338	112.6635023	2.093216	0.792236902
449	0.403284	114.860679	1.991225	0.791068421
450	0.40091	118.7824074	1.996151	0.803616727
451	0.373236	120.2886165	2.017457	0.813869869
452	0.438897	115.26519	1.941849	0.806402269
453	0.388767	123.7070196	2.01419	0.818584178
454	0.341799	120.6018566	2.081348	0.829497459
455	0.410747	114.8335601	1.969958	0.79549615
456	0.337039	121.7273628	2.080592	0.820808072
457	0.384562	124.9688611	1.983892	0.806229872
458	0.38349	122.6919192	2.033548	0.824231525
459	0.391615	121.1822333	1.983036	0.824819674
460	0.388744	115.6672712	1.997815	0.814064236
461	0.368136	122.9040682	2.054534	0.811844887
462	0.364303	124.9373449	2.049075	0.817659282
463	0.348605	119.915668	2.066644	0.823740715
464	0.39805	116.0345524	1.978955	0.790614548
465	0.3857	122.3916226	2.038478	0.819693499
466	0.398324	119.0209137	2.018823	0.798328233
467	0.392266	122.9544668	2.007305	0.8169772
468	0.409135	117.8999498	1.978861	0.801038314
469	0.374889	119.580529	2.003385	0.80510377
470	0.330238	124.1647693	2.073231	0.827870571
471	0.393073	118.2935491	1.987045	0.812444714
472	0.422272	118.4190549	1.97945	0.806438532
473	0.361301	122.3730312	2.045043	0.823725961
474	0.380674	123.7864465	2.010721	0.806122645
475	0.292806	124.2228854	2.145778	0.832062964
476	0.368742	120.2448122	2.048967	0.809833347
477	0.407127	119.4954686	1.973523	0.809316795
478	0.436848	116.9187226	1.963202	0.803062185
479	0.441139	116.9066739	1.944988	0.811959663
480	0.430957	119.6141898	1.92795	0.808680437
481	0.330162	119.0220877	2.068417	0.773870939
482	0.394273	118.4363492	1.979191	0.779315529
483	0.452585	121.0760665	1.914508	0.796126547
484	0.369962	118.3311086	2.026857	0.803164107
485	0.359873	118.4225133	2.047443	0.81028767
486	0.340241	117.9081586	2.07186	0.810283511
487	0.319108	125.4963025	2.112442	0.831058996
488	0.369703	117.9504776	2.043959	0.811453035
489	0.412614	115.2025289	1.945559	0.79468621
490	0.386974	118.1730705	2.025749	0.811309149
491	0.338826	120.8711531	2.096007	0.829095177
492	0.306896	124.0570489	2.120895	0.828812439
493	0.351552	122.2127935	2.060793	0.817375645
494	0.365172	120.4927193	2.06558	0.812800332
495	0.417921	115.526722	1.966726	0.796218571
496	0.322727	120.371105	2.101066	0.829129921
497	0.392924	119.5112635	2.015348	0.805512018
498	0.423775	116.4562986	1.966005	0.797397965
499	0.374463	120.203474	2.030386	0.821806455
500	0.296278	120.9056311	2.12564	0.814568707
501	0.309214	123.3346097	2.116373	0.816262611
502	0.309025	124.2169588	2.051411	0.831374443
503	0.362843	117.1228075	2.019262	0.805260765
504	0.389569	119.8142358	1.982105	0.819111256
505	0.425306	118.9847008	1.963749	0.804115567
506	0.392097	116.8481208	2.006572	0.802035247
507	0.419607	114.3515322	1.950649	0.793532501
508	0.386986	120.1162225	2.017673	0.802682569
509	0.361751	123.327289	2.041892	0.823622783
510	0.348476	119.0260583	2.062188	0.80986092
511	0.360716	115.036107	2.045776	0.795623336
512	0.411017	119.2679827	1.963236	0.815106591
513	0.506134	114.7859442	1.837541	0.792247306
514	0.353018	117.4405131	2.045155	0.814139442
515	0.413446	122.4496606	2.007888	0.81546428
516	0.407854	118.4050125	2.002457	0.819292737
517	0.343496	123.1108934	2.077255	0.820927249
518	0.414506	121.403748	1.982942	0.807969579
519	0.278999	123.6232849	2.162828	0.831458318
520	0.429825	118.1542135	1.95127	0.80161108
521	0.361103	119.882963	2.05639	0.814446007
522	0.299771	120.9703633	2.11297	0.828027078
523	0.33676	123.8864248	2.089369	0.838766918
524	0.412273	116.7745293	1.974118	0.810128514
525	0.445946	118.1509675	1.935503	0.800305792
526	0.321968	120.5473596	2.070019	0.808653967
527	0.422477	118.0185941	1.943132	0.812868137
528	0.378843	118.8893182	2.022804	0.804055266
529	0.419344	115.46338	1.942647	0.789901169
530	0.412231	115.1342737	1.973539	0.79883032
531	0.4648	124.6002068	1.891874	0.80602611
532	0.475269	121.2206896	1.904037	0.808313846
533	0.407407	121.0708063	1.967317	0.811583279
534	0.404635	115.3250072	1.940167	0.802285817
535	0.362172	115.7629527	2.040043	0.811579627
536	0.319637	116.109689	2.10825	0.805223696
537	0.261927	121.6534554	2.185216	0.839731778
538	0.354347	128.6795205	2.076379	0.825658046
539	0.416791	111.1951987	1.958958	0.795102973
540	0.385479	116.033455	1.977524	0.800955728
541	0.288128	126.5847642	2.148412	0.84068039
542	0.41581	120.3533941	1.979245	0.804835543
543	0.4271	123.4106381	1.936777	0.820233786
544	0.319783	123.7658603	2.112746	0.823506313
545	0.362062	121.8423538	2.062428	0.818738383
546	0.443714	123.0363823	1.895435	0.816158414
547	0.38141	124.1736517	2.02561	0.820697539
548	0.39917	120.6659005	2.01373	0.810898618
549	0.300982	120.2820291	2.108779	0.81513135
550	0.503531	112.5679896	1.832334	0.796935573
551	0.332084	118.3131955	2.089978	0.80982704
552	0.324372	119.7815904	2.065048	0.80144343
553	0.372861	122.95566	2.027541	0.820912882
554	0.379193	121.5704926	2.04079	0.822653077
555	0.397215	118.9439494	1.997585	0.804241115
556	0.325732	117.6542093	2.094893	0.830560423
557	0.306556	116.9298593	2.083746	0.821448728
558	0.361732	120.7129351	2.073844	0.825790932
559	0.248259	125.8160816	2.166388	0.829074268
560	0.343604	121.1815459	2.068699	0.824867251
561	0.307532	120.5733921	2.088105	0.813518856
562	0.317171	120.3854127	2.126252	0.825904806
563	0.377572	120.916028	2.002256	0.826275171
564	0.29389	123.5406269	2.130001	0.825046283
565	0.360975	123.7845348	2.063919	0.827980608
566	0.311555	117.9359962	2.106087	0.813191166
567	0.441708	115.6134572	1.941821	0.804647096
568	0.433806	113.6522602	1.909308	0.77677474
569	0.426963	116.6324009	1.917321	0.806372429
570	0.439148	114.0689805	1.906223	0.780540936
571	0.437509	112.5351607	1.921471	0.794159599
572	0.373865	121.8182843	2.034664	0.825394102
573	0.371022	124.8669418	2.073945	0.819752074
574	0.31338	120.1485569	2.080446	0.820679886
575	0.410881	116.8446425	1.959826	0.814052695
576	0.306033	119.9970248	2.129319	0.801208676
577	0.404085	124.4046828	1.999525	0.829038973
578	0.352728	120.5780232	2.052978	0.81718392
579	0.373557	116.8432152	2.03238	0.807086533
580	0.400165	121.5597732	2.003471	0.79909519
581	0.345565	120.4457607	2.045771	0.814794057
582	0.343865	117.3727793	2.055326	0.803740038
583	0.452613	117.4792686	1.909847	0.792754071
584	0.37823	121.0256072	2.02221	0.817779732
585	0.421132	118.4518541	1.957997	0.793471049
586	0.371149	118.3845342	2.045751	0.822709478
587	0.377316	122.9939823	2.039073	0.813289777
588	0.385787	119.8967279	2.041371	0.807354809
589	0.417724	121.3918988	1.991104	0.803412049
590	0.31109	129.1198906	2.124019	0.837083854
591	0.382961	120.7269517	2.010846	0.817685302
592	0.387819	121.2149474	2.024044	0.804951651
593	0.382428	124.9056697	2.04472	0.816644757
594	0.231634	128.5275589	2.208479	0.837140947
595	0.454958	113.0217958	1.910475	0.797192115
596	0.32462	118.5732149	2.107608	0.817248736
597	0.330005	127.3645887	2.106944	0.818078306
598	0.349517	118.6474904	2.054838	0.823173597
599	0.337146	120.8352932	2.081292	0.806907141
600	0.433737	118.5820927	1.943257	0.823010486
601	0.358507	122.9007609	2.068588	0.812044453
602	0.329017	118.4304405	2.074672	0.811201752
603	0.335031	120.0557426	2.044471	0.803433757
604	0.401959	113.903757	1.959306	0.799218426
605	0.278951	127.9319684	2.14987	0.832415606
606	0.387884	119.9176987	2.008986	0.81671375
607	0.31664	112.8842529	2.123333	0.820823411
608	0.384041	119.0370044	2.015577	0.814213847
609	0.435684	114.5376632	1.933543	0.806869793
610	0.318371	121.1885407	2.088844	0.832547908
611	0.320098	122.6260625	2.101554	0.819875341
612	0.385644	120.9290859	2.047514	0.824448487
613	0.343516	123.8436343	2.096557	0.826968417
614	0.37361	113.3377487	2.015195	0.804243012
615	0.342927	123.8975657	2.063321	0.830513644
616	0.4093	117.1708668	1.992088	0.80467019
617	0.386559	119.7112236	2.001	0.809723133
618	0.371919	119.7339159	2.032594	0.793711505
619	0.405007	120.8102992	2.001544	0.832314383
620	0.380993	125.8400985	2.042071	0.837918705
621	0.380331	120.8553265	2.016064	0.820217185
622	0.335953	120.422948	2.075394	0.807641998
623	0.300916	122.9436695	2.096931	0.824027362
624	0.383737	114.6251183	1.9793	0.796736257
625	0.403795	117.0764468	1.999657	0.790114606
626	0.36966	117.1886079	2.025704	0.810236196
627	0.446429	119.0542284	1.928459	0.796307414
628	0.348334	121.6316189	2.104361	0.810470733
629	0.374088	118.7232152	2.021289	0.797255004
630	0.463581	115.9622754	1.911786	0.791218037
631	0.317743	119.9997672	2.098012	0.822307878
632	0.348691	120.4146472	2.08983	0.811849793
633	0.3683	123.3391679	2.043258	0.823729614
634	0.338162	121.2132064	2.100909	0.818263628
635	0.427224	123.6439994	1.992251	0.836533453
636	0.304427	123.8415763	2.132839	0.813432264
637	0.469851	120.821841	1.902141	0.822282664
638	0.385716	118.3185608	2.002711	0.807534313
639	0.37195	118.4359775	2.024414	0.803168024
640	0.274717	128.2423002	2.159149	0.840238173
641	0.429027	114.0261583	1.93738	0.78205659
642	0.33915	122.0168918	2.078549	0.820334867
643	0.391915	120.9737168	1.999378	0.828296781
644	0.385686	123.2709694	2.004677	0.815681291
645	0.472839	117.2368474	1.909286	0.784383846
646	0.411896	117.505015	1.964666	0.792565089
647	0.498931	117.1972537	1.833782	0.802775549
648	0.370639	119.071535	2.038991	0.818038427
649	0.403216	119.5638379	1.973771	0.807146657
650	0.29998	120.5739953	2.1282	0.830040503
651	0.332628	121.1591013	2.101283	0.812762296
652	0.32803	122.4820765	2.086923	0.824491249
653	0.466207	115.0698625	1.858686	0.808799686
654	0.33516	117.0533115	2.052754	0.808284579
655	0.376315	116.4956617	2.02563	0.818348345
656	0.521557	119.3340184	1.817711	0.784570349
657	0.36861	121.1154478	2.033925	0.806443578
658	0.431038	120.7121936	1.938435	0.817127248
659	0.52774	115.3020703	1.790298	0.770798071
660	0.442923	116.8296833	1.911604	0.806488192
661	0.460135	120.9943447	1.918373	0.80043422
662	0.454527	119.7499864	1.903788	0.815155638
663	0.449037	121.0216148	1.940677	0.794801136
664	0.386529	117.8082069	2.005527	0.811501424
665	0.311725	121.8159294	2.124138	0.829683934
666	0.434337	119.6869342	1.952024	0.796485515
667	0.383951	125.3835781	2.029285	0.81908747
668	0.354367	122.9063136	2.059207	0.818226303
669	0.40962	115.9549206	1.976081	0.784626617
670	0.374366	122.5778154	2.045825	0.809430065
671	0.411175	117.5608514	2.002	0.818090326
672	0.443481	119.1991576	1.908051	0.809036513
673	0.403801	123.6766206	1.988467	0.813931465
674	0.382774	118.1913981	2.020951	0.811587061
675	0.382962	117.8467492	1.984959	0.813198043
676	0.274183	126.4470744	2.156832	0.830051412
677	0.318539	123.4925995	2.112825	0.814041007
678	0.460945	121.5427998	1.933181	0.809754571
679	0.271461	127.9129623	2.14133	0.851368138
680	0.272706	120.9991967	2.171085	0.799060685
681	0.416134	117.8074297	1.983415	0.80997562
682	0.416396	120.8477413	1.987065	0.802600101
683	0.420902	118.7000945	1.950866	0.803975217
684	0.393891	119.329201	1.992035	0.821243557
685	0.393545	118.267767	2.00111	0.816951474
686	0.282844	123.0792658	2.163122	0.819125372
687	0.275486	121.523703	2.164974	0.83017453
688	0.439175	117.5553483	1.933124	0.802333456
689	0.331468	122.3132046	2.095393	0.816716896
690	0.344117	121.0921407	2.07349	0.807694723
691	0.419263	119.2000657	1.9683	0.821297955
692	0.377505	118.1006822	1.996596	0.829337783
693	0.32288	120.682553	2.108398	0.814333017
694	0.240477	128.8055658	2.198213	0.833444679
695	0.322129	121.5230103	2.098148	0.829913041
696	0.394965	115.318479	2.001122	0.809442431
697	0.316186	121.031094	2.077608	0.823581527
698	0.445096	120.8389784	1.950066	0.799396787
699	0.420675	120.5783133	1.973984	0.809625331
700	0.369803	120.4188582	2.027927	0.824193683
701	0.306655	120.8047569	2.09414	0.825659915
702	0.348559	121.2499256	2.017741	0.806146836
703	0.338248	117.0906049	2.089738	0.807739938
704	0.430911	120.3984203	1.972917	0.817390989
705	0.415078	116.6275037	1.965896	0.790160341
706	0.407426	124.5422084	1.965502	0.829995445
707	0.344641	124.9407288	2.075041	0.812347361
708	0.290969	125.6973003	2.163388	0.817443616
709	0.396917	118.6795212	1.990547	0.807050418
710	0.36618	126.1842625	2.056334	0.83063904
711	0.460837	118.0885647	1.931006	0.802034645
712	0.462424	118.951237	1.908021	0.815315585
713	0.328931	123.891986	2.079932	0.829792971
714	0.412319	118.4654203	1.962384	0.82182233
715	0.416375	123.0990177	1.94781	0.802507082
716	0.420383	122.3581467	1.968733	0.796784241
717	0.330835	123.2939547	2.100986	0.837409617
718	0.390833	121.5015943	1.994409	0.831133624
719	0.441544	117.7911666	1.932296	0.787807582
720	0.310636	119.55705	2.107872	0.821801746
721	0.39742	121.0394783	2.004659	0.813462922
722	0.317798	121.2299554	2.128313	0.826583144
723	0.387463	116.5723349	1.97887	0.811665808
724	0.357249	120.118236	2.076885	0.823520566
725	0.402574	118.2597013	1.982927	0.794167075
726	0.417628	118.765042	1.970053	0.819790094
727	0.35868	120.7565468	2.032474	0.812433497
728	0.339573	118.1825872	2.051142	0.814008047
729	0.370907	123.0706988	2.066802	0.832164899
730	0.349713	118.5922949	2.06184	0.81542487
731	0.341328	118.789556	2.090123	0.793668164
732	0.517217	117.1256282	1.799924	0.80033985
733	0.341427	115.6455622	2.032969	0.784101562
734	0.27212	120.9767697	2.135149	0.810772351
735	0.363488	120.0392364	2.019421	0.800060804
736	0.396455	117.4773702	2.026887	0.812494682
737	0.421613	116.7680901	1.960513	0.798129541
738	0.438282	120.5365794	1.904915	0.793574674
739	0.419853	116.8491471	1.946358	0.814406448
740	0.339604	122.7933474	2.033052	0.804521858
741	0.365542	115.6324033	2.044338	0.805872253
742	0.376	124.2579439	2.039346	0.832576946
743	0.327118	118.9503947	2.051773	0.825529755
744	0.392446	116.6071666	1.987269	0.798401373
745	0.40258	128.1821531	1.994632	0.823409841
746	0.427285	118.9618509	1.961017	0.796677402
747	0.319451	124.8904323	2.102881	0.841466817
748	0.370314	122.5682528	2.038962	0.819542131
749	0.373249	119.3212703	2.040628	0.779836408
750	0.430869	115.7136253	1.94809	0.790353533
751	0.360617	119.0975683	2.032589	0.808230758
752	0.405988	119.7092888	1.95276	0.799371833
753	0.383996	118.728829	2.028958	0.814187403
754	0.351652	119.4916518	2.065566	0.827651959
755	0.37009	121.349791	2.051185	0.816906333
756	0.380263	116.2608785	2.010848	0.801696505
757	0.368608	122.7151897	2.025083	0.824910575
758	0.447416	122.5251246	1.930004	0.81023319
759	0.433868	118.6128273	1.968544	0.79746806
760	0.332917	116.5735877	2.040146	0.807297831
761	0.328608	119.2704881	2.075029	0.80513832
762	0.350174	122.0056136	2.054953	0.818904882
763	0.400772	122.316453	1.979114	0.819085185
764	0.345808	124.5704451	2.069354	0.814792854
765	0.339783	123.2730729	2.091304	0.819130775
766	0.395352	116.1145769	1.995387	0.810318663
767	0.366479	119.8702869	2.039905	0.814091272
768	0.338054	120.0560901	2.091572	0.818986662
769	0.439377	113.0694157	1.899042	0.7860874
770	0.32232	119.0547864	2.115923	0.812331183
771	0.455407	117.782206	1.898038	0.78367669
772	0.391744	123.4730354	2.041176	0.818696156
773	0.381965	118.7268919	1.979646	0.810819668
774	0.402286	121.5969496	1.990934	0.815838198
775	0.371769	120.6867193	2.010765	0.812707544
776	0.314966	122.3934292	2.109817	0.830233449
777	0.317259	122.1109484	2.113768	0.83428965
778	0.404352	119.3858422	1.995775	0.780753324
779	0.350291	119.4647066	2.042679	0.82044405
780	0.42201	115.4049067	1.948109	0.774689302
781	0.337555	125.888332	2.097575	0.832974418
782	0.379238	116.9853618	2.01488	0.808317635
783	0.346131	114.9272116	2.058141	0.797726487
784	0.450421	120.2204902	1.914077	0.784065694
785	0.323879	125.978751	2.116276	0.829182366
786	0.4295	122.1203779	1.955298	0.830458809
787	0.412512	119.3732234	2.005649	0.796381744
788	0.407816	120.8015754	2.013232	0.811678275
789	0.444693	121.2477891	1.920366	0.826348681
790	0.409002	116.7064493	1.968204	0.791720931
791	0.357916	121.4365296	2.053153	0.824084591
792	0.33866	121.0314729	2.086543	0.807366504
793	0.425694	117.399854	1.950578	0.806684372
794	0.307085	117.16273	2.114546	0.821200173
795	0.410777	116.6145608	1.9403	0.795972466
796	0.412047	122.4229165	1.986383	0.807799174
797	0.34345	121.4494972	2.062307	0.814009874
798	0.430808	115.3281213	1.949912	0.807836123
799	0.351419	121.7647774	2.066196	0.81776648
800	0.361494	124.908644	2.092704	0.838880458
801	0.42812	117.6618714	1.929491	0.80188698
802	0.440224	119.6516279	1.908775	0.811188313
803	0.325834	119.3039314	2.082929	0.818221977
804	0.357594	121.3857605	2.071181	0.807839249
805	0.315958	119.8158534	2.109111	0.825883833
806	0.368254	120.7106639	2.036332	0.819611689
807	0.298782	116.408822	2.12858	0.817459399
808	0.482468	120.4358667	1.872048	0.813880881
809	0.422705	115.4266826	1.971486	0.784014637
810	0.415151	120.5908466	1.967739	0.80378517
811	0.33549	121.166393	2.08688	0.817704812
812	0.458919	121.5311496	1.876531	0.810878793
813	0.409853	114.2439652	1.958242	0.798370595
814	0.373316	118.5065716	1.992678	0.793687881
815	0.364399	123.9082721	2.043435	0.801027817
816	0.367012	124.2461523	2.046913	0.826890954
817	0.414994	116.5198031	1.939005	0.805489835
818	0.405272	120.0003701	1.96285	0.813425065
819	0.382393	120.207865	2.041844	0.818190897
820	0.454429	115.3450997	1.931581	0.789480723
821	0.426597	117.7431139	1.948671	0.812648139
822	0.387043	119.6735969	2.027181	0.818357355
823	0.407809	119.541599	1.943757	0.818759393
824	0.425697	117.9917554	1.940192	0.802555777
825	0.369892	120.4956072	2.023614	0.802404723
826	0.422936	116.2173456	1.951681	0.801552447
827	0.347645	118.9618276	2.069794	0.812145214
828	0.352395	121.3078105	2.063087	0.8239334
829	0.373266	124.4041099	2.019426	0.827843657
830	0.330186	124.8037423	2.108787	0.830967562
831	0.280871	122.6641331	2.152366	0.820633421
832	0.418902	120.6159347	1.961973	0.821842298
833	0.448058	116.0671653	1.914876	0.794524435
834	0.436424	117.1584013	1.911793	0.795681871
835	0.360119	124.3083154	2.056907	0.820083479
836	0.386519	118.3794699	2.026805	0.808909167
837	0.381155	117.9485743	2.000782	0.815524324
838	0.329479	125.1050006	2.094067	0.810945784
839	0.418398	114.8861389	1.960396	0.800036377
840	0.3614	124.7912148	2.080062	0.816868251
841	0.374125	122.2468739	2.030089	0.820679594
842	0.356955	120.4060441	2.036139	0.828365456
843	0.427424	116.9456689	1.954556	0.788469005
844	0.342559	116.1393538	2.045971	0.80142416
845	0.349906	114.9326867	2.056159	0.80796981
846	0.374354	117.2876625	2.030014	0.808746613
847	0.330011	120.6984661	2.093809	0.839747739
848	0.400236	119.2716525	1.967925	0.805672442
849	0.304796	118.4216189	2.073345	0.813957802
850	0.333226	118.4735192	2.065911	0.820973743
851	0.307036	124.9224991	2.137977	0.832788079
852	0.436036	113.5611036	1.952233	0.805874378
853	0.402582	117.1505031	1.985508	0.804892828
854	0.420413	118.7769822	1.939036	0.807580831
855	0.34347	120.0554797	2.061108	0.808208778
856	0.409917	121.7900766	1.969722	0.811384497
857	0.412481	114.742174	1.963952	0.813782969
858	0.466235	119.3688038	1.894485	0.810347185
859	0.329225	122.4525666	2.100843	0.835174069
860	0.439937	122.7215464	1.960576	0.818017899
861	0.274069	123.3980546	2.132112	0.828711179
862	0.40786	116.0669212	1.969297	0.810409694
863	0.457343	117.4642905	1.920488	0.79656549
864	0.476041	116.0607334	1.885902	0.795954125
865	0.245783	129.5290082	2.193504	0.845626345
866	0.406631	116.3816262	1.975355	0.805743119
867	0.340438	120.6530405	2.041344	0.815797669
868	0.450504	115.4771077	1.914082	0.79679807
869	0.317664	118.6700159	2.099124	0.797944882
870	0.478961	117.853942	1.857673	0.801362067
871	0.366696	121.6472406	2.027918	0.800053675
872	0.385088	129.9403692	2.00599	0.84053491
873	0.332101	124.2983367	2.093683	0.825697829
874	0.370789	117.5651658	2.021116	0.827192552
875	0.249202	123.316626	2.175807	0.826963548
876	0.307221	118.5290197	2.113071	0.812257263
877	0.406185	121.4581556	1.983826	0.814922948
878	0.350378	125.6340552	2.080962	0.830329795
879	0.391737	119.2679992	1.997171	0.814481541
880	0.427712	113.3485678	1.966192	0.77768739
881	0.33097	125.9141592	2.103063	0.79044561
882	0.28808	127.3074931	2.134282	0.843792324
883	0.348243	119.0143093	2.080493	0.79930114
884	0.4912	121.3177872	1.87177	0.808727342
885	0.380868	120.41435	2.023554	0.826213391
886	0.394365	127.0601368	2.003787	0.843422146
887	0.416461	119.5433715	1.967121	0.816341752
888	0.365535	116.4157462	2.017986	0.812387516
889	0.482107	116.2826179	1.869583	0.798159877
890	0.394651	121.8772716	2.020413	0.820641047
891	0.403328	115.0731544	1.961511	0.827982102
892	0.340662	125.4980207	2.097777	0.822946235
893	0.418197	118.8421385	1.967004	0.798951418
894	0.469127	114.8640163	1.913593	0.797620893
895	0.347696	121.5435831	2.058735	0.800174064
896	0.424001	123.3882309	1.969883	0.823609693
897	0.446521	120.502435	1.958559	0.804050172
898	0.339647	121.4448959	2.064455	0.819487914
899	0.375651	117.7933133	2.046542	0.814368656
900	0.413427	120.2644053	2.002911	0.802065235
901	0.390385	115.4829888	2.018759	0.807249409
902	0.414141	117.7184667	1.970909	0.809334771
903	0.290136	122.792912	2.132331	0.824739774
904	0.415617	117.943771	1.957792	0.787787459
905	0.336946	118.9221286	2.081539	0.807231906
906	0.327006	116.3577869	2.038826	0.797283751
907	0.339304	122.7636163	2.086928	0.813750329
908	0.487762	121.7387702	1.879828	0.799338717
909	0.395857	123.5410943	2.044194	0.797028092
910	0.336235	125.4938022	2.08732	0.837035081
911	0.376708	117.6959659	2.029416	0.806917053
912	0.324372	121.8477211	2.110636	0.82693341
913	0.37361	117.6396528	2.009215	0.814612321
914	0.335306	119.1412964	2.099781	0.816213022
915	0.404498	117.5904051	1.971057	0.805701562
916	0.28305	132.2786856	2.152766	0.840686184
917	0.384396	122.2252463	1.998175	0.817975113
918	0.327657	119.8146216	2.099981	0.827848933
919	0.377544	119.47897	2.038532	0.813648905
920	0.399066	114.4668823	1.99513	0.774121328
921	0.399447	123.2579189	2.011116	0.807684225
922	0.314524	123.278669	2.123541	0.819609484
923	0.427376	121.2161497	1.959808	0.810965176
924	0.427571	124.0798584	1.972243	0.809920622
925	0.343869	122.9289815	2.085134	0.81529723
926	0.331259	123.7999148	2.098682	0.82312847
927	0.316456	121.6134535	2.10368	0.824332223
928	0.261821	118.6068443	2.145068	0.82350874
929	0.342203	118.4723607	2.053392	0.818919462
930	0.480852	113.0306468	1.877901	0.765969726
931	0.403998	120.6025253	1.990556	0.811729286
932	0.371988	119.6416623	2.016439	0.805859676
933	0.388445	123.1391713	2.009976	0.811363816
934	0.363217	121.0556302	2.042589	0.823658152
935	0.441523	116.2427529	1.925601	0.786860567
936	0.30534	122.4251887	2.127352	0.830519439
937	0.426279	115.147848	1.947411	0.804106339
938	0.398217	118.7045634	1.981492	0.818567059
939	0.402762	115.1180068	1.967392	0.79413461
940	0.348242	122.1659181	2.064231	0.826044631
941	0.419761	117.6186629	1.949385	0.822386934
942	0.407142	120.1432304	1.979875	0.803342097
943	0.383763	117.397166	1.992519	0.813508717
944	0.375128	118.4166841	2.02739	0.787782855
945	0.399428	119.7931447	2.011969	0.800805758
946	0.284448	128.1849701	2.165667	0.862966556
947	0.405177	116.9912701	1.967692	0.795978182
948	0.443584	117.0936787	1.926155	0.773975219
949	0.405175	119.7553331	1.975899	0.805864692
950	0.446989	124.3457248	1.943746	0.822923911
951	0.313243	120.55662	2.080211	0.800368281
952	0.355685	120.1148254	2.060845	0.83269061
953	0.368995	115.3634826	2.007217	0.812160666
954	0.333172	121.8903295	2.092002	0.814880898
955	0.385244	123.1481595	1.99318	0.832162734
956	0.258157	122.6879879	2.143017	0.826127139
957	0.331784	116.9878358	2.059912	0.796012743
958	0.281251	122.9918557	2.142817	0.84115249
959	0.326043	123.1801529	2.090427	0.833211736
960	0.389053	119.7908265	1.995158	0.813831114
961	0.43187	116.7372751	1.93878	0.782614798
962	0.32916	126.6496322	2.103689	0.839155054
963	0.352399	122.0174091	2.062546	0.827650187
964	0.411675	119.5968657	1.977602	0.803089341
965	0.295345	122.2720024	2.12148	0.825912509
966	0.313156	121.7434469	2.108197	0.823927006
967	0.404745	120.4947653	1.99288	0.822236027
968	0.382991	116.8276908	2.018975	0.814189953
969	0.384385	118.4095014	2.011799	0.804786438
970	0.430832	109.1856417	1.929227	0.787930997
971	0.397394	115.889443	1.983341	0.808129876
972	0.40078	118.034376	1.960256	0.767775499
973	0.259079	128.9076875	2.193818	0.833389499
974	0.393306	120.4966024	1.993902	0.821225419
975	0.305207	123.3433687	2.121202	0.827646646
976	0.388685	118.2997885	1.984919	0.813843312
977	0.378068	118.9736237	2.018134	0.797910735
978	0.310288	123.0747354	2.102401	0.830362478
979	0.404283	121.9394298	1.994313	0.817791472
980	0.345462	127.1039299	2.097865	0.809624387
981	0.434076	115.4794777	1.956822	0.801911781
982	0.457666	115.0449053	1.913966	0.802006973
983	0.3978	122.7662718	1.96385	0.822719644
984	0.37329	119.835739	2.006246	0.817276119
985	0.387125	125.6188083	2.050556	0.826473138
986	0.383488	113.4950608	2.003577	0.801622709
987	0.418644	120.646297	1.926523	0.784417046
988	0.326176	123.8800214	2.094958	0.831879551
989	0.441279	114.5771314	1.933331	0.793730551
990	0.465634	116.8554817	1.90581	0.801402539
991	0.366514	117.3946273	2.015692	0.814458644
992	0.340175	121.7212568	2.086116	0.816989051
993	0.458546	117.9898986	1.917166	0.783854286
994	0.315165	119.9730323	2.113054	0.822503144
995	0.369755	118.3740163	2.024638	0.816568036
996	0.340333	119.4683548	2.061269	0.802578543
997	0.297171	132.2933494	2.152692	0.836847428
998	0.352803	120.1296247	2.081685	0.793527299
999	0.342127	117.975237	2.064624	0.80935041
1000	0.406013	116.9527876	2.005855	0.790535358