rep aei_left left_area adi_left H
1 0.337568 117.461888915942 2.104356 0.799720285317995
2 0.274136 114.89426057467 2.10529 0.800894057343404
3 0.406139 125.726013046814 2.014177 0.815249602606925
4 0.471197 118.125176979655 1.878534 0.759436246787101
5 0.3518 122.110004438273 2.074547 0.820856296035981
6 0.476012 113.460024355723 1.885859 0.778435840866141
7 0.281084 126.464377079533 2.163596 0.809885870279121
8 0.353539 111.637061577815 2.084533 0.796109048485678
9 0.368637 113.493208767237 2.022476 0.759503424598499
10 0.432276 112.510946273131 1.922929 0.75616814155876
11 0.357187 114.468356501446 2.094546 0.775386895351413
12 0.357318 125.942101437516 2.09255 0.788107332907382
13 0.58333 106.675948684687 1.695478 0.722354994283164
14 0.472389 116.398383725695 1.905091 0.779637487226239
15 0.452307 114.267478632062 1.944746 0.789408263573923
16 0.322322 128.219041872089 2.119618 0.837487821720387
17 0.386423 131.78076968572 2.046948 0.853682549745561
18 0.586757 114.23565000724 1.682187 0.728542163709181
19 0.496362 116.953254752381 1.822088 0.77914411530106
20 0.315455 121.180089983227 2.092413 0.813801481726435
21 0.515921 110.853427974291 1.837958 0.748399490581697
22 0.412952 113.991621264301 2.010446 0.785089881330482
23 0.327343 127.093819467365 2.129934 0.813060157807681
24 0.450736 115.742378026582 1.921978 0.794754259338918
25 0.543707 114.641064667865 1.778425 0.710814343710083
26 0.324716 118.446340746936 2.096749 0.813190387547458
27 0.411361 120.870551678383 1.949942 0.819808108249592
28 0.515496 106.839204558486 1.77376 0.740746672731756
29 0.333672 128.088142139242 2.12233 0.801342644400627
30 0.40793 119.432312515554 2.01576 0.8092003205772
31 0.324729 116.667400633345 2.106955 0.808334131573214
32 0.529643 104.688453954175 1.791698 0.75694382654941
33 0.241172 124.880347727924 2.132377 0.793071636892966
34 0.309365 123.799604243244 2.139647 0.78213323551344
35 0.490806 118.152833929187 1.899625 0.749193650434568
36 0.425407 123.578104239669 2.003846 0.762460048605262
37 0.507228 109.293217305037 1.786557 0.723147968617084
38 0.514489 114.74154422882 1.828694 0.754795497607123
39 0.42352 112.144084392115 1.988882 0.801475525634348
40 0.369509 118.636875821 2.072245 0.785566780211598
41 0.362136 112.792843208435 1.992002 0.760365354098394
42 0.397715 113.212395078429 1.992963 0.790735318999804
43 0.480551 111.22700592779 1.87345 0.765148396536733
44 0.379507 115.229926127984 2.006191 0.790866899689091
45 0.527727 107.767599706114 1.815452 0.706025679509047
46 0.41488 116.236158038285 1.992473 0.787661153256452
47 0.245455 128.409962449896 2.182856 0.844653475985549
48 0.686664 105.808123708396 1.385411 0.707548399471903
49 0.375935 110.972915881293 2.030172 0.781019839858457
50 0.337324 123.385052362248 2.104458 0.799160580402503
51 0.461989 115.697579687401 1.937458 0.798899284245033
52 0.457436 119.597599093216 1.908228 0.796748948460815
53 0.474538 106.707155484893 1.842003 0.691019436955453
54 0.338909 122.748646061164 2.110943 0.80241397885578
55 0.424642 109.898116238973 1.938228 0.771048889044397
56 0.429425 119.481003344465 1.933762 0.784642383526535
57 0.349667 123.254399612932 2.104866 0.831547941445122
58 0.311037 120.646778556758 2.122674 0.817312542671364
59 0.4413 117.892235607736 1.960134 0.78782500284364
60 0.402049 120.134650701186 1.982822 0.807457654904052
61 0.466434 111.024652067318 1.931366 0.786735595886039
62 0.407539 112.067073063219 1.95066 0.769127847065218
63 0.514107 116.038077049918 1.84146 0.788138149284172
64 0.320766 119.906843033488 2.101384 0.790561649401215
65 0.409848 113.001149898422 1.999781 0.782954424480195
66 0.146024 128.955872379663 2.263055 0.831680847845492
67 0.526632 113.478974815009 1.809521 0.746274386074054
68 0.335736 118.312098258219 2.105751 0.788597160924446
69 0.520873 106.178904301237 1.822597 0.718279040911754
70 0.575845 106.918873346361 1.696659 0.753473351132111
71 0.320458 122.957740857764 2.130195 0.769274309971071
72 0.264024 127.46999421382 2.190631 0.827417998467641
73 0.412074 111.769741423858 1.967881 0.790317641930973
74 0.431323 113.841998505866 1.964365 0.788787878141236
75 0.343336 117.880065746103 2.032429 0.805097590973631
76 0.385758 116.890196049238 1.981205 0.776529190435969
77 0.459926 113.916801214987 1.876211 0.79278710677814
78 0.316384 124.577803864092 2.12441 0.795579504593946
79 0.522507 109.784061522386 1.807736 0.747060238404053
80 0.366661 115.966467098989 2.013334 0.811641134681809
81 0.426916 115.41441094087 1.973833 0.806093033618918
82 0.541229 121.536065458003 1.789787 0.798722792083313
83 0.438254 116.365288898921 1.938365 0.758098109630087
84 0.429932 109.536076971835 1.969249 0.778189602345387
85 0.449609 112.895241082271 1.91239 0.768682374666846
86 0.441548 108.810965561 1.969013 0.776777642026385
87 0.421376 121.254918585957 1.977683 0.787316202338544
88 0.485674 108.350896312928 1.858273 0.754159756430821
89 0.581317 106.715209610221 1.669512 0.756830939810706
90 0.43547 117.601689895773 1.95823 0.765616195801459
91 0.293086 114.022832599905 2.074624 0.77706300660565
92 0.382948 110.891566425987 2.025729 0.767229332737919
93 0.420848 115.340897765059 1.937261 0.777795002304824
94 0.471297 110.237114640519 1.888688 0.749174251713531
95 0.297257 127.460767125488 2.144598 0.826989993607332
96 0.559272 122.73550631252 1.760708 0.819884845278411
97 0.490658 105.400633615536 1.846924 0.754842803525821
98 0.392386 120.488892674546 2.015919 0.814097853139515
99 0.515017 116.274744285452 1.788481 0.749364294197722
100 0.5787 103.993257168829 1.679664 0.765783077393263
101 0.353434 119.563113638885 2.035827 0.804523193684736
102 0.320943 115.803870160931 2.109941 0.796660808532173
103 0.538807 110.561820906282 1.783705 0.756201105605999
104 0.299202 123.197737212072 2.105511 0.829905969228483
105 0.347013 118.539603667175 2.060232 0.806620647584785
106 0.525463 106.106658707424 1.790555 0.743837959688157
107 0.519361 112.547521511011 1.793069 0.720281373504552
108 0.571527 110.693015507632 1.735736 0.777551646782915
109 0.387271 115.025303697983 2.038843 0.797364432101995
110 0.476147 114.463387827563 1.918893 0.758617114559399
111 0.33869 119.176941954415 2.032066 0.789239927426592
112 0.344574 121.72242122258 2.081517 0.7912001767124
113 0.469154 115.599136070298 1.876895 0.773868573293337
114 0.397519 121.23956440931 2.003514 0.787439070988838
115 0.437862 116.787549021775 1.960067 0.793506182473288
116 0.451251 120.397772730858 1.95049 0.793244575162322
117 0.35776 119.765932522574 2.086744 0.796405359294894
118 0.45234 107.497280707675 1.943723 0.781774040175941
119 0.332807 121.382625034324 2.124817 0.811322708163508
120 0.411926 110.235031022489 1.978169 0.768937138247609
121 0.376558 104.16885590616 2.006495 0.758391901529653
122 0.45963 115.777896338267 1.878799 0.748549195015276
123 0.330996 126.937132601609 2.116056 0.790347760843071
124 0.428419 121.502934259742 1.959246 0.829064450101405
125 0.44103 109.919747109068 1.92828 0.751570422832321
126 0.602704 107.953536549361 1.63026 0.738683256794688
127 0.275905 130.248994322836 2.150257 0.789545812745067
128 0.461682 106.329609407248 1.866593 0.749200365086355
129 0.432696 118.032791046898 1.974817 0.775137812848997
130 0.407808 115.804969588104 1.939564 0.740930610570708
131 0.446607 112.155475353174 1.913745 0.785250843813009
132 0.351893 118.407241447406 2.088687 0.7971923857285
133 0.455774 116.856012363639 1.898915 0.792032097095735
134 0.380098 118.806997558117 2.054065 0.805898784125109
135 0.514014 99.7885950291328 1.78267 0.726951975139206
136 0.500507 110.702783130227 1.837203 0.746858660537931
137 0.379837 122.092734800299 2.031841 0.792698299178614
138 0.430915 118.648459156207 1.924233 0.820954644370648
139 0.36261 120.677847272949 2.087164 0.811244175614957
140 0.491952 108.991495478095 1.869004 0.793732670557936
141 0.434467 119.828035190087 1.937262 0.802380119415888
142 0.376629 121.902274602091 2.018793 0.802595439745254
143 0.459587 124.696392263284 1.856285 0.802589843753342
144 0.213957 127.831004221678 2.22931 0.840187067532749
145 0.576255 124.203330284111 1.678912 0.791537281615167
146 0.444386 107.426180087483 1.940484 0.770840654149925
147 0.362177 109.074756997051 2.046376 0.784725816273305
148 0.373822 117.39617493016 2.034993 0.801547643572248
149 0.305523 117.963894992386 2.108321 0.78708279128659
150 0.353408 124.464300741901 2.096519 0.80779299111591
151 0.509197 109.872669034981 1.778583 0.783864030217392
152 0.505472 115.271730341802 1.811949 0.779422616293057
153 0.426498 113.501310869559 1.946484 0.792750117115568
154 0.426055 116.165934836535 1.966211 0.786478181272067
155 0.420702 110.852129639093 1.986816 0.75895999923629
156 0.385706 119.093430730335 2.036289 0.800075277211988
157 0.447709 120.553748330348 1.915123 0.807233373431468
158 0.457555 111.985397657624 1.931367 0.790069103300111
159 0.484869 114.600250631198 1.84923 0.789081036164003
160 0.399303 116.563612944527 1.9889 0.805475505038667
161 0.299714 117.870598337282 2.141613 0.809375845459216
162 0.359119 118.891864970513 2.060555 0.806913430934808
163 0.373746 124.832429352674 2.052449 0.818658844124157
164 0.431739 124.744164452067 1.974659 0.80472971379349
165 0.361582 118.054030343096 2.055498 0.789627793844286
166 0.341347 109.426246372731 2.046414 0.78543343074656
167 0.5479 113.743364108308 1.765468 0.755835651344019
168 0.334753 123.974044828433 2.089667 0.818334836354391
169 0.257313 116.455193354428 2.170109 0.797223463790225
170 0.459904 118.59625443613 1.939031 0.785879206743687
171 0.357822 120.710050092662 2.073702 0.800669955876638
172 0.430815 116.350392538096 1.991753 0.784226880798536
173 0.332888 116.298030452363 2.092181 0.793114314272189
174 0.408984 112.661293179191 1.973287 0.75732828391539
175 0.385657 128.920584845738 2.051692 0.801991364922725
176 0.463795 114.757495493937 1.92553 0.736834867777968
177 0.539341 117.701643276708 1.794176 0.792206184473763
178 0.369039 120.884194048086 2.047211 0.808368509090228
179 0.401092 121.787666851195 2.021922 0.804635934128566
180 0.26441 122.493282521867 2.145182 0.820816894167408
181 0.316425 118.507065702128 2.087446 0.795463778415589
182 0.359906 120.568605713558 2.045316 0.789876564717701
183 0.386609 122.970253002059 2.024526 0.807805156288268
184 0.367621 116.635463505934 2.0734 0.800752040776049
185 0.443734 113.613627899912 1.89695 0.785240824539904
186 0.375107 117.610471054256 2.059746 0.785999821213481
187 0.430025 109.543459121638 1.94611 0.772807766785687
188 0.211141 129.253683840714 2.222388 0.845126493921348
189 0.524185 115.843956637043 1.827429 0.734492158342353
190 0.588139 110.092618563889 1.687854 0.701101172643228
191 0.411825 125.903601083833 1.996437 0.808115871694534
192 0.430809 112.414708137728 1.95548 0.774715025235475
193 0.29229 122.868117816351 2.136246 0.805195864222113
194 0.42004 104.941437010767 1.971208 0.772966968505678
195 0.245078 117.545886186377 2.185757 0.808069315266455
196 0.358225 114.696642942098 2.078131 0.77561007379045
197 0.359038 124.173080683144 2.088343 0.826191318078479
198 0.460371 117.038751877955 1.933496 0.746563271503144
199 0.507778 121.275466445999 1.84097 0.810233551465378
200 0.45231 107.446193749596 1.897937 0.773500841730569
201 0.41682 120.898022763168 2.016533 0.797819691698782
202 0.46006 112.498810400807 1.884235 0.777317220482701
203 0.475587 118.853647918346 1.897185 0.782255107436957
204 0.499777 108.314914956077 1.864887 0.762734629709789
205 0.376484 123.459208333697 2.018137 0.79562713752524
206 0.602179 112.744563465895 1.64786 0.727438364536759
207 0.340269 119.248324432574 2.100088 0.793290388260494
208 0.417645 111.224354890716 1.950424 0.767263272974737
209 0.32713 120.321213112674 2.115428 0.778554196057096
210 0.423921 104.816756509637 1.923768 0.747580281008065
211 0.403607 118.168152672355 2.029422 0.781156399134018
212 0.430411 111.17767544493 1.923393 0.755511975488644
213 0.293242 122.001527251414 2.153509 0.82205530791488
214 0.422432 116.37069566306 1.9609 0.780279750216346
215 0.368861 121.475768372602 2.023191 0.817787047487723
216 0.400126 120.335090172743 2.025668 0.757086866981792
217 0.478594 109.9407777755 1.916632 0.793620850461886
218 0.346325 121.018672027819 2.093016 0.820645168811542
219 0.503217 113.293843720883 1.800689 0.767633529653892
220 0.512577 113.561903052127 1.8452 0.769817049371888
221 0.623897 112.075532337694 1.573672 0.748466533742587
222 0.216098 126.727736432015 2.224049 0.83290750891553
223 0.422658 117.072109641816 1.947917 0.779171376326581
224 0.303008 118.088923111118 2.153729 0.829131258316573
225 0.269101 124.984494133538 2.167065 0.827006060526954
226 0.403876 124.188562484725 1.995797 0.793566721382961
227 0.484028 109.503001737202 1.850533 0.775016568155399
228 0.44772 114.88489226141 1.932923 0.762412649378857
229 0.294592 118.566676610141 2.148938 0.78637041264054
230 0.375564 120.19626911064 2.065836 0.790759423978892
231 0.454171 110.636878374817 1.906656 0.796758698300808
232 0.272636 121.501493238027 2.167281 0.821093171104626
233 0.451549 114.909933583155 1.868544 0.768564641624563
234 0.248036 120.248666215556 2.176719 0.805528265609584
235 0.378602 116.086700831511 2.029384 0.804858158719892
236 0.576287 108.962273638838 1.633262 0.700402067992856
237 0.347051 114.092809983826 2.089168 0.751729717796848
238 0.528508 111.302996002921 1.794797 0.786753527704162
239 0.433777 113.732875197958 1.929205 0.785409290700091
240 0.396657 115.555622420344 2.012761 0.778790771648661
241 0.503535 114.597352077921 1.854274 0.792764265400898
242 0.41446 115.081045425715 1.975194 0.790179880791724
243 0.409436 110.919526627097 1.981438 0.788290907888269
244 0.410063 104.817955114693 2.002965 0.756921980593142
245 0.463806 118.117064034134 1.90585 0.764131384983301
246 0.372966 109.290304851744 1.9827 0.7690932873749
247 0.370091 113.702344815068 2.022777 0.814215437087975
248 0.39174 118.656335411527 2.014788 0.812068455962137
249 0.32364 118.589298096296 2.127531 0.802823095962673
250 0.563466 121.860699756179 1.743261 0.785082118378738
251 0.238716 120.933329703036 2.207004 0.830723129147721
252 0.470582 116.430146573971 1.865854 0.797675672448043
253 0.353621 122.083762629424 2.087055 0.819721338334519
254 0.400139 113.172874552142 2.030335 0.786815872808417
255 0.483622 104.371926059017 1.852188 0.765700263590085
256 0.445595 108.945869765778 1.915432 0.788268514234924
257 0.315946 119.622931602779 2.116852 0.778365363469267
258 0.278777 117.505845136221 2.12596 0.800153209968698
259 0.400596 116.857939511848 2.02403 0.772235714327486
260 0.278122 121.500349879747 2.157648 0.794838307141883
261 0.313819 122.974283449248 2.128195 0.791316068100596
262 0.54958 107.031570512012 1.756559 0.746580441978906
263 0.540868 110.803362979527 1.779744 0.731539309718235
264 0.438279 117.390563739575 1.958079 0.769818763174428
265 0.477641 110.617745769378 1.868318 0.77461119295772
266 0.42057 118.385547397152 1.980053 0.801129994379807
267 0.418563 120.461079217205 1.993849 0.791003576360636
268 0.290126 120.92152830986 2.150788 0.825211556514417
269 0.444288 122.003003770639 1.968482 0.788869539885708
270 0.427256 118.635365543071 1.945093 0.779668885827511
271 0.420296 114.947245326433 1.977717 0.768240152517182
272 0.3366 120.163580176531 2.076093 0.738701281497588
273 0.482606 117.378124626445 1.888869 0.762551566789827
274 0.490468 111.525426958367 1.871728 0.778644590589903
275 0.557081 115.092517611364 1.724881 0.757170574550363
276 0.281968 125.424416975141 2.177981 0.818910517815213
277 0.451674 111.617770587742 1.912211 0.745081607374399
278 0.463564 112.64109474986 1.911695 0.789628431603999
279 0.366469 116.930029215092 2.073072 0.806902634019166
280 0.342087 122.755161990841 2.111739 0.807072405639103
281 0.428604 115.510736794703 1.981522 0.763262762505418
282 0.536316 114.614062955066 1.778796 0.758801258154205
283 0.42793 108.87248735626 1.975917 0.747948703692751
284 0.42559 112.756513233313 1.955275 0.770581292934142
285 0.530334 104.29054958416 1.789153 0.748169038325163
286 0.461619 125.52744913546 1.925884 0.751989432809082
287 0.447531 126.894585500207 1.970105 0.806529624434177
288 0.211258 130.79888290238 2.231173 0.846164280031188
289 0.528823 106.603025914874 1.730296 0.742070769416036
290 0.409154 123.025040912832 2.02185 0.806063504326842
291 0.460015 118.577675192863 1.954486 0.787246570451694
292 0.413523 118.571667911964 2.009957 0.755882624562854
293 0.356998 119.760801517653 2.049324 0.810145839871208
294 0.382698 119.606697332958 2.058277 0.803745187259131
295 0.352735 115.290673514508 2.076327 0.803842895168046
296 0.52166 109.563587643897 1.804052 0.750788195027328
297 0.26408 119.046960712695 2.154281 0.80422437304152
298 0.348892 120.195748663954 2.070346 0.805961054862062
299 0.220478 126.477250223224 2.222787 0.833141763921337
300 0.316078 117.448239884928 2.113637 0.7822009084021
301 0.333005 122.177798911474 2.104811 0.805997845625567
302 0.453315 109.468600717763 1.931436 0.761925982961298
303 0.391019 119.764550374104 1.987039 0.808087366195122
304 0.549097 109.662620306795 1.759172 0.755097257606062
305 0.471622 110.27006494526 1.906568 0.739984825616413
306 0.417409 114.255527705989 1.993991 0.777622501981025
307 0.400323 115.720305951445 2.026424 0.779969115527474
308 0.457478 105.507389735842 1.913608 0.797317175586983
309 0.313913 126.338132631704 2.103185 0.796916464457662
310 0.350282 120.495569130528 2.103328 0.8039215326231
311 0.507396 120.957216095428 1.840764 0.768233536869911
312 0.555967 110.49633706997 1.739585 0.74221014788298
313 0.292561 123.945352655 2.163104 0.800849495026123
314 0.390389 128.168384993893 2.036137 0.81207404637428
315 0.521597 112.290226494626 1.822009 0.757475427490265
316 0.433565 118.172148584415 1.939818 0.768355309575759
317 0.521449 108.204579060213 1.789518 0.735882128551502
318 0.286041 125.191392161309 2.155725 0.825801155155476
319 0.414314 113.777723968299 2.021855 0.743138004385706
320 0.312904 126.783311342168 2.12273 0.823098985235788
321 0.455765 109.520983275599 1.905573 0.767355122280882
322 0.527572 114.024103378145 1.820687 0.753006893396463
323 0.570576 118.213303241291 1.712219 0.766335527944091
324 0.529326 103.881572128711 1.725785 0.745291695777106
325 0.348971 120.83192514097 2.101351 0.772913781936096
326 0.355937 108.998299518858 2.02281 0.770027710428873
327 0.483464 111.452313444342 1.838385 0.77513575075642
328 0.60257 108.49595223349 1.629053 0.748206716618623
329 0.410576 123.5654986962 1.975632 0.820450241451201
330 0.458111 111.490050551883 1.879704 0.752218695023063
331 0.45618 112.963497371885 1.895941 0.770689230074929
332 0.480449 107.387363854358 1.843803 0.74471713630396
333 0.407415 117.123309272751 1.987704 0.781037483159019
334 0.361236 113.141194741034 2.012466 0.789863893737485
335 0.452847 115.905072259065 1.933708 0.792469134124561
336 0.393707 114.767272384145 2.014329 0.76658341583924
337 0.358704 118.042593937836 2.078745 0.815539789223305
338 0.464211 115.55102484254 1.912639 0.757770395598136
339 0.326569 123.081438009183 2.076499 0.811311341329464
340 0.42311 113.424438445149 1.965394 0.772944283578224
341 0.469915 108.11512963782 1.872013 0.745385908179789
342 0.446669 123.678569013141 1.965859 0.774847456185282
343 0.372812 115.141476341206 2.012277 0.79463869370006
344 0.512491 117.934031929681 1.847023 0.760656464966305
345 0.376221 113.252684023316 2.042091 0.774590846652651
346 0.428509 117.151869959163 1.952612 0.790035616519909
347 0.524503 108.905988891341 1.815167 0.783658028324019
348 0.387948 113.848446185961 2.000903 0.793499905532193
349 0.329263 116.552853995192 2.092844 0.784584193956556
350 0.416324 116.749391954195 1.977599 0.793452529939545
351 0.449954 109.935662693547 1.932206 0.771520341414739
352 0.386269 114.870844633897 2.036852 0.773942676452818
353 0.312051 127.421906017914 2.131096 0.837180601270081
354 0.434957 118.178008070917 1.898824 0.78522489416474
355 0.580785 114.499843200648 1.678791 0.763938084193575
356 0.430718 118.476873837181 1.930937 0.769252736934865
357 0.324419 130.930918192583 2.136322 0.846705698619296
358 0.436412 115.559360803852 1.940422 0.774715061871684
359 0.309538 118.547542467734 2.111256 0.786643517756474
360 0.436296 115.759020962036 1.97852 0.77298952328839
361 0.396057 107.964019136714 1.994743 0.796301596216766
362 0.405576 113.233564622268 1.973109 0.764895879960914
363 0.325215 119.026288920557 2.101842 0.811288824176511
364 0.460079 113.673933730909 1.921353 0.769665854284685
365 0.532325 115.841879805243 1.817197 0.777361293889258
366 0.209316 125.442760021358 2.231476 0.816240043110007
367 0.337953 121.676252078007 2.112717 0.79753841115633
368 0.296278 120.169253065687 2.155246 0.827444630548128
369 0.424595 115.183766847774 1.975102 0.787759304165751
370 0.372286 122.757287246244 2.069026 0.81368384185368
371 0.46434 111.113360306319 1.925946 0.772971904714649
372 0.489328 112.348795397069 1.874962 0.789271974570554
373 0.301267 122.31234402677 2.130574 0.788658413647822
374 0.297981 124.289090934115 2.151657 0.809235385741231
375 0.324328 113.534928174532 2.094278 0.819996051213195
376 0.382769 115.680763052158 2.049452 0.825505390212008
377 0.321982 119.556709531281 2.129038 0.815458651730374
378 0.565305 111.234184578951 1.72167 0.737422826462828
379 0.492654 121.837646585153 1.87943 0.765014106970931
380 0.454039 111.799890648499 1.912882 0.742766291173993
381 0.27631 122.539775252955 2.144319 0.803674719368027
382 0.349517 121.581331602003 2.074078 0.832472123637492
383 0.467695 112.432204402483 1.919508 0.759398346798853
384 0.481711 104.012907550564 1.907792 0.773584568780543
385 0.456808 121.405118647574 1.949776 0.771807331540531
386 0.484471 109.526926100041 1.873229 0.756222962891588
387 0.423861 123.581065774104 1.977267 0.811622405656136
388 0.573392 104.025938677817 1.696378 0.682246571458827
389 0.345624 127.019803713439 2.097665 0.830043165979924
390 0.430411 113.135242710485 1.93394 0.759759320335545
391 0.444416 115.747471991462 1.961925 0.791633969602984
392 0.302408 123.603697282329 2.130294 0.818689921819931
393 0.269147 122.928402363061 2.165454 0.813924016645096
394 0.460509 112.640290872098 1.91072 0.773978511605165
395 0.411058 118.468956628035 2.018141 0.791570258784299
396 0.362563 121.761154119425 2.08375 0.774443701960017
397 0.450623 114.857642561662 1.926243 0.767246325868959
398 0.482886 118.745861648302 1.848126 0.810612315271838
399 0.44339 117.046156775519 1.966871 0.770903929945018
400 0.700828 105.924268979715 1.354447 0.645427454260927
401 0.573934 112.296336057393 1.699525 0.748748234002542
402 0.394717 119.11286011273 2.008881 0.73500352791979
403 0.306287 119.388918980199 2.11262 0.826932333092959
404 0.350922 115.040651577944 2.081841 0.794240612597283
405 0.420901 117.950132056719 1.985642 0.812638101673038
406 0.362111 119.44583600746 2.042396 0.795571162764831
407 0.497515 114.263243157608 1.825696 0.700781364590059
408 0.310422 122.862458104717 2.145514 0.799833781699687
409 0.365693 108.155761098931 2.005319 0.768764259913212
410 0.382608 119.270763337579 2.028271 0.816415845736474
411 0.345332 118.712769131182 2.069636 0.808297609059259
412 0.394232 117.28641822786 1.970941 0.826457295632541
413 0.537078 117.986984368252 1.77631 0.793139190409997
414 0.399899 118.358268780936 2.003189 0.79396420827141
415 0.348053 121.194994149583 2.060512 0.790893837677245
416 0.392937 121.166079521755 2.023589 0.792845576283384
417 0.490157 105.903651772714 1.842324 0.744136902263558
418 0.430667 119.657335967065 1.922502 0.807834926724884
419 0.234039 128.140357316428 2.201381 0.818057830411659
420 0.222395 122.205359502732 2.210727 0.828137710626914
421 0.461267 116.788670265295 1.922588 0.777491407055465
422 0.255824 114.090146257686 2.165388 0.798557319486324
423 0.404914 113.99323153566 1.975434 0.796223915139167
424 0.436992 116.324473762675 1.9196 0.804938616323392
425 0.48977 116.500592059416 1.885328 0.743216249526831
426 0.465803 116.205916417047 1.945273 0.780460563930993
427 0.405107 118.896521750621 1.958638 0.786678448843716
428 0.513789 114.688689090267 1.828794 0.761507781840397
429 0.349288 119.793576312075 2.069418 0.806428191758804
430 0.492398 119.574535591423 1.865156 0.785670041839695
431 0.590899 116.231444665451 1.681721 0.742548800091043
432 0.461653 115.009629517504 1.883581 0.797556319146013
433 0.552869 102.674568509183 1.697544 0.755878524949709
434 0.408286 122.435173136645 1.999581 0.813429226952854
435 0.494947 115.165198070987 1.857222 0.77789055275339
436 0.351283 124.84054366202 2.035016 0.819597067953394
437 0.331533 118.229872982299 2.107051 0.802903781682775
438 0.456989 108.086660752419 1.899187 0.754179005671365
439 0.370278 119.538260438424 2.077698 0.771881238817248
440 0.4213 124.93972999788 1.978672 0.794758253512275
441 0.291652 116.097434020191 2.113602 0.799624919148655
442 0.40734 122.348834989646 2.00106 0.826598346094722
443 0.399168 117.859622608792 1.982253 0.793435437045758
444 0.316008 123.236933365582 2.13848 0.825224050346308
445 0.547577 111.353174097578 1.770437 0.771998138961453
446 0.411987 116.274248724891 2.018057 0.778940681288186
447 0.528314 100.961305986927 1.757558 0.76027782319817
448 0.398502 126.76181007258 2.014622 0.828596183238379
449 0.485435 117.468934967385 1.879188 0.728112785125618
450 0.323462 118.652164245743 2.086221 0.812329789135756
451 0.393944 115.976159392275 1.954838 0.805459715749338
452 0.536724 111.487346817286 1.791612 0.75801716235089
453 0.549953 114.026350893467 1.751909 0.780179218878834
454 0.285367 116.699790277495 2.101703 0.802786292594051
455 0.380721 124.195112761743 2.050876 0.780861735490529
456 0.440053 119.054966133944 1.959404 0.797272120139913
457 0.356527 114.439513170294 2.053826 0.794550560602669
458 0.485594 107.984594623895 1.872358 0.724109365690187
459 0.581416 113.482744514302 1.653309 0.790892955489246
460 0.428448 114.250370576064 1.979691 0.769431873485032
461 0.542229 112.189416461591 1.763976 0.771678535462705
462 0.486184 113.02339940506 1.882396 0.789093864823312
463 0.44777 113.366305399768 1.946316 0.772716640874804
464 0.631593 112.767280382373 1.561108 0.730968402699397
465 0.321554 123.962901729588 2.126501 0.788618837055797
466 0.478634 116.987893825131 1.886433 0.774528055268911
467 0.437443 125.266564625584 1.960842 0.798099302524401
468 0.418817 122.524619505657 1.997897 0.800054032184658
469 0.449003 123.997892350447 1.928515 0.794036669551011
470 0.585137 105.630982874698 1.688276 0.711992778221569
471 0.315496 121.950194618688 2.132204 0.81746989569341
472 0.417439 118.212599949509 1.933297 0.809057712601646
473 0.346357 119.789029122491 2.043627 0.789282266340011
474 0.334588 120.020657118031 2.103347 0.822773471824841
475 0.603444 105.550077283022 1.646648 0.741425955209699
476 0.463942 109.724347641553 1.886933 0.754709476206106
477 0.416698 115.331269679439 1.95332 0.756108642713701
478 0.463869 108.745914665236 1.901032 0.766839392399567
479 0.441055 111.570663754348 1.942914 0.723938039958783
480 0.312402 120.395758314194 2.143778 0.826625110651319
481 0.301985 120.957473377394 2.127865 0.807968408249889
482 0.385559 115.564058189416 2.023182 0.729868574516916
483 0.273997 118.468034232019 2.161886 0.808297692951908
484 0.380479 112.158933399619 2.035021 0.768190640852853
485 0.376406 114.357881255424 2.034541 0.779818218570515
486 0.292335 123.538615897201 2.162011 0.816750231205892
487 0.434035 118.766943188106 1.961849 0.770296434931209
488 0.462262 106.013821298022 1.832462 0.761887868711971
489 0.445251 111.327760044024 1.915873 0.78943358204782
490 0.338055 114.953247275938 2.07021 0.794456675995953
491 0.344536 118.772956042879 2.098591 0.829542736038003
492 0.261419 126.879768480792 2.190867 0.819407169275178
493 0.342692 124.132306269525 2.09419 0.821853483895014
494 0.453253 114.159799663119 1.952787 0.758786713727127
495 0.337332 108.449704667265 2.093215 0.823462123807814
496 0.423045 121.922027632181 1.94025 0.811084609420432
497 0.368089 117.161461192702 2.015124 0.813259628486705
498 0.403687 118.516515176644 1.982778 0.80222602051798
499 0.279183 122.041580646698 2.150023 0.792660466152929
500 0.384268 107.2434167406 1.980021 0.803333782827013
501 0.450067 111.194564144518 1.925166 0.777695934722294
502 0.361316 118.402005224696 2.052388 0.78536677441256
503 0.332252 115.122753018648 2.071684 0.794260137385174
504 0.39703 119.41030118659 1.984058 0.780014716531637
505 0.387999 115.699631102298 2.009532 0.804735929281274
506 0.321816 110.456230871948 2.062982 0.780298540322586
507 0.302806 119.576039757695 2.109946 0.820257170870153
508 0.491223 113.371291146114 1.888993 0.730334585342594
509 0.328243 126.389983983375 2.122312 0.821345278040556
510 0.338639 120.811036822252 2.114398 0.805625657187021
511 0.57463 110.325498787696 1.68344 0.750438408281605
512 0.600012 106.606147419274 1.650112 0.751644288504642
513 0.457115 116.120992456837 1.898837 0.776919352756126
514 0.317331 124.155210721868 2.116894 0.843013245419099
515 0.330762 123.422408947188 2.108711 0.808899851012373
516 0.291969 122.176554994834 2.147499 0.799880032468241
517 0.331641 119.03025989563 2.11153 0.81209040834581
518 0.307318 119.692853120221 2.129333 0.817496351370987
519 0.453491 109.076462064223 1.937752 0.769209818829374
520 0.399262 121.901192647886 2.015149 0.791131433105109
521 0.425933 109.286716552452 1.94304 0.751630778481195
522 0.182435 127.270032158432 2.245215 0.834487249234
523 0.37653 117.087565184518 1.995655 0.791144283112676
524 0.445272 115.605377226253 1.906031 0.772831931356969
525 0.480847 119.575277597205 1.858285 0.772389185657094
526 0.318349 111.622819266048 2.112925 0.766330688548584
527 0.390451 119.536257637221 1.969036 0.803854461600425
528 0.32242 124.319898659342 2.113212 0.822132280572538
529 0.464001 113.050074739442 1.912022 0.778319494240189
530 0.556862 109.732333712793 1.743784 0.750773701182257
531 0.40953 121.798705614778 2.021044 0.786735004518834
532 0.503088 113.655025016708 1.82444 0.774304384864941
533 0.638556 105.77822863482 1.476204 0.7212221994566
534 0.32477 117.931379727145 2.108801 0.802913115913199
535 0.30806 123.3848516146 2.138996 0.810877461456627
536 0.340732 126.25732669058 2.089739 0.802654813578026
537 0.543282 101.920572913207 1.755319 0.760164699670401
538 0.429166 117.323305430954 1.929541 0.76157217032541
539 0.528686 113.900613832641 1.802459 0.773945591314825
540 0.235033 123.804089025773 2.211658 0.837710204178881
541 0.356151 114.715825021425 2.045418 0.781310335971609
542 0.471123 109.736187985368 1.911782 0.741387813408451
543 0.274377 122.009403286001 2.173557 0.818161237498433
544 0.326599 116.201956450134 2.1039 0.785664486587032
545 0.379998 114.862031695472 2.048063 0.79014960598173
546 0.297317 122.530731255907 2.147397 0.826602839591862
547 0.292271 120.502886698481 2.131255 0.821991403100846
548 0.396744 116.693440571025 2.017591 0.800776772686526
549 0.375447 109.588042209764 2.025206 0.768862359109634
550 0.433663 109.204407202283 1.91766 0.789175797033267
551 0.383832 118.82663076789 2.045121 0.796662269804097
552 0.478212 117.55638884093 1.850321 0.759845211132991
553 0.590697 122.638993359206 1.688085 0.779614139766803
554 0.510136 111.026455838835 1.837962 0.731123855911711
555 0.464067 113.122611812237 1.890669 0.729774439428348
556 0.507095 116.273134161828 1.853081 0.767427729837804
557 0.334141 120.327373419555 2.085883 0.818382326833679
558 0.394937 120.350522129977 2.027523 0.793649448863501
559 0.371896 125.984418489564 2.057585 0.797282335097969
560 0.395953 119.953141455301 2.031577 0.798978435051553
561 0.388629 118.292387604722 2.02162 0.796334197854558
562 0.179569 126.94169872831 2.250819 0.839850274868751
563 0.456828 112.858091691423 1.906826 0.751351352082383
564 0.424557 118.388042625558 1.983297 0.782593300485573
565 0.464695 116.408905414846 1.866253 0.785216661710839
566 0.394589 115.540487222423 2.005426 0.79038413831548
567 0.344157 115.501056155521 2.042945 0.749202725143312
568 0.46955 114.256487928189 1.917034 0.780164003751365
569 0.393841 114.491748521144 2.004737 0.773481476780001
570 0.416046 119.183385473447 1.98847 0.811176375114926
571 0.441435 110.663217708051 1.928405 0.741459803865398
572 0.540576 112.277537075086 1.753631 0.755634636342092
573 0.361728 114.443665177359 2.044258 0.790631325398284
574 0.378313 119.381851880506 2.019133 0.770400997853243
575 0.454126 115.885904812166 1.932842 0.772930474367532
576 0.467787 113.785402370905 1.920128 0.782501000729037
577 0.342021 123.128278011571 2.075604 0.807479634694224
578 0.331832 116.41612336728 2.059252 0.783669439619127
579 0.494667 117.407557090703 1.845823 0.762485384934677
580 0.466934 113.483337558794 1.90025 0.790067289460738
581 0.440454 114.653715974036 1.960902 0.770801185068984
582 0.431225 115.120181027677 1.920863 0.754170955064423
583 0.303385 129.481556535623 2.13069 0.787234765470731
584 0.507017 116.994407999607 1.811259 0.769685458835713
585 0.388981 112.540271451105 2.016794 0.788032101897202
586 0.429279 119.229394530277 1.971665 0.804655020186129
587 0.403625 117.104176458333 2.021076 0.812437759028247
588 0.381697 112.311773369837 2.010827 0.801677324775642
589 0.459077 115.563281710943 1.913047 0.782191270875955
590 0.401226 109.208612714012 1.951581 0.755824095930144
591 0.354949 118.084158978137 2.061593 0.756507799546169
592 0.33477 126.222680484922 2.117641 0.830180828678727
593 0.396536 116.459335844343 2.007814 0.798970732207321
594 0.35538 128.615445106019 2.100372 0.793988344763199
595 0.375308 115.003355753056 2.041024 0.786870274254756
596 0.312434 116.95748929265 2.10737 0.803124071393409
597 0.351271 115.966694889328 2.053069 0.801026852531611
598 0.368973 122.173362699363 2.082937 0.838245147233622
599 0.421421 115.842516876321 2.008589 0.795440929462463
600 0.286099 123.680564500119 2.150155 0.801895442403993
601 0.324049 123.59350631505 2.08616 0.80204635150709
602 0.374551 118.025460008552 2.064111 0.813581487026512
603 0.532344 105.29084742718 1.781905 0.739823107065722
604 0.482917 117.142632885137 1.860372 0.771526067647871
605 0.479649 114.976962700919 1.886761 0.765579956613419
606 0.350424 108.357212455332 2.075942 0.774991215630983
607 0.390543 113.329173421862 2.034423 0.772103343380326
608 0.425615 109.557705311329 1.945461 0.763031964533402
609 0.385223 122.743504100353 2.014934 0.830925279637602
610 0.419169 116.274088758706 1.993223 0.784214219927133
611 0.546776 114.411565250316 1.774827 0.768076867835532
612 0.407222 108.880064507227 1.995144 0.765565200423061
613 0.481121 118.96454409398 1.908206 0.774645197851597
614 0.44399 113.487540130912 1.96244 0.804554794215632
615 0.100658 125.174613624663 2.285888 0.850548735633833
616 0.363185 118.358927181087 2.067355 0.763045135673588
617 0.574363 108.518159804437 1.686391 0.72559360012941
618 0.463431 112.614258470974 1.907601 0.775611302322864
619 0.444664 110.994444502895 1.949239 0.785588738944559
620 0.403047 130.677558160808 2.015873 0.814060306587471
621 0.513172 117.366895650046 1.820019 0.745809210446473
622 0.517824 107.335474929924 1.80119 0.758649090112824
623 0.331599 125.249198399956 2.118229 0.821450534096871
624 0.479068 118.408941067498 1.883819 0.78835341271866
625 0.375776 122.066000436293 2.063517 0.814240949329541
626 0.403099 119.09416367725 2.034444 0.766750148211531
627 0.59316 104.712321605861 1.663915 0.747198821933852
628 0.44805 109.306259101981 1.947321 0.746334217969377
629 0.530467 108.877071195041 1.764648 0.732888194427287
630 0.334098 126.820522376334 2.119016 0.79383922991733
631 0.415834 117.542697509184 1.998434 0.762090667148349
632 0.416092 118.158459995099 1.996374 0.804716782503252
633 0.18599 129.065366195683 2.241671 0.862479205554441
634 0.406144 110.212504566225 1.961232 0.74225236973706
635 0.50846 109.970278748891 1.853723 0.783588519523976
636 0.265559 117.984673003927 2.1759 0.801027888301736
637 0.384732 116.570152285827 2.022301 0.797526504527918
638 0.375665 116.286721975403 2.04142 0.790964982964864
639 0.340349 123.026889770835 2.084987 0.80321765860802
640 0.374492 118.487391662496 2.044404 0.781868299465628
641 0.436389 110.761642576237 1.972329 0.785762797754507
642 0.540476 107.649066813011 1.709387 0.738976174408116
643 0.521097 119.19465123321 1.839381 0.807016100514174
644 0.420231 114.675147445852 1.95319 0.804886423427194
645 0.212158 127.650167415639 2.226399 0.840762580406817
646 0.400777 112.068227095102 2.019294 0.766832722919709
647 0.411191 116.003084376696 1.978194 0.796519284200643
648 0.421463 120.512654582911 1.960824 0.801530342722424
649 0.249873 125.263419608441 2.191859 0.814004726248358
650 0.48682 114.885480017767 1.877675 0.776773123877472
651 0.316217 122.150004889031 2.122952 0.798402262940229
652 0.37597 126.106847845976 2.058938 0.817804341785262
653 0.357795 123.418687848984 2.074524 0.795225970000889
654 0.507242 109.654717892378 1.854481 0.763884518830792
655 0.305633 120.570680503338 2.122532 0.793842352977615
656 0.429396 106.14855484385 1.910259 0.709886163624373
657 0.295856 124.781444846443 2.153483 0.817076653706541
658 0.425071 116.851758251506 1.981883 0.785865304443482
659 0.490132 106.739515729601 1.881083 0.767601420570407
660 0.534984 107.786934420637 1.796305 0.719884185655955
661 0.39195 120.406629294157 2.010495 0.798398406637748
662 0.237423 127.621191196798 2.195205 0.820754142741999
663 0.407357 121.297221762454 1.964578 0.783380556506733
664 0.230005 127.681018151171 2.218107 0.835600001427879
665 0.317399 128.315501598303 2.11916 0.816130286250327
666 0.364082 118.226554257578 2.0421 0.805145335707588
667 0.19765 133.744374041842 2.241564 0.839147140132056
668 0.523867 119.082775477101 1.797098 0.780716401714081
669 0.379754 115.313433628735 1.991705 0.797522500485503
670 0.53096 109.93644499461 1.783967 0.769922099663286
671 0.475133 112.576632489337 1.914951 0.755582937659068
672 0.380862 113.157407076248 2.013825 0.786822596952855
673 0.380803 120.573770587627 2.045727 0.805332264989984
674 0.529322 118.043939658229 1.787125 0.80152699933036
675 0.23445 126.971346459773 2.209216 0.827703702662247
676 0.533975 112.23568114535 1.785969 0.769376743585959
677 0.36417 108.428165629539 2.048891 0.749953031332585
678 0.486765 117.426138954694 1.890439 0.775279589940722
679 0.37137 123.010316750394 2.061113 0.82048916357144
680 0.45052 108.900029025794 1.928463 0.773554205358888
681 0.266605 125.619893676624 2.175969 0.832763150210575
682 0.470551 111.166916475325 1.905366 0.767253647922907
683 0.400797 111.114799998455 1.969513 0.798760164354415
684 0.451553 108.59958218733 1.93373 0.785076238978445
685 0.455213 125.769291777596 1.905341 0.818076485538421
686 0.328773 120.620185416951 2.126587 0.82668287520561
687 0.463552 116.428923057034 1.904646 0.808886981113097
688 0.490678 110.191774410844 1.871553 0.766671021229247
689 0.4081 113.706112916789 1.980308 0.785363311937397
690 0.330715 109.59801469634 2.084962 0.758382523215171
691 0.363378 115.503521792193 2.027737 0.778319564425681
692 0.255665 126.546379754234 2.191788 0.823286572330783
693 0.463041 114.864241351145 1.910591 0.74752435182855
694 0.39138 127.478773826451 2.02781 0.802063163124466
695 0.346818 119.786030797615 2.087186 0.78555786405088
696 0.426565 115.457546796121 1.963508 0.793070375666669
697 0.445677 117.408686324411 1.927256 0.792239072075039
698 0.605237 114.840051759502 1.622093 0.772740074975945
699 0.456628 117.252344521358 1.943719 0.755417101392948
700 0.425506 124.303120622021 1.948328 0.791879809195143
701 0.31437 120.075746285207 2.061657 0.762637832636195
702 0.505847 107.478127230192 1.827188 0.712043521273086
703 0.454064 120.27180126429 1.931571 0.750407412469063
704 0.479394 112.370196794749 1.906669 0.793435068258467
705 0.321408 123.026129633628 2.112771 0.825153269814257
706 0.45153 116.101817452876 1.942102 0.775874044991603
707 0.299262 115.182951887106 2.119131 0.799427490100906
708 0.463378 122.588272648229 1.923046 0.850056478805475
709 0.331757 114.314753997237 2.070607 0.789234332677401
710 0.449467 107.012044770437 1.952119 0.759126009281168
711 0.316777 121.072738975282 2.109112 0.802560162217902
712 0.469858 118.837662724119 1.931712 0.761801818515746
713 0.354877 126.394050012352 2.094377 0.822170501119796
714 0.515153 110.866574918436 1.819374 0.734622112270575
715 0.420822 115.02216355117 1.950078 0.768641231583972
716 0.426933 117.244581867347 1.955114 0.81846469242349
717 0.453804 120.900547446916 1.94228 0.816410929538843
718 0.439402 121.880910530216 1.943131 0.810701383599153
719 0.381697 113.061089676403 2.025413 0.806693694427868
720 0.328907 126.65797362008 2.110535 0.810031147833485
721 0.359674 119.231004249165 2.044627 0.798369685576885
722 0.371008 115.757435495986 2.053723 0.786940320616143
723 0.376528 109.61806594814 2.01858 0.806187770315242
724 0.259548 128.387274688752 2.188224 0.831101862050872
725 0.367982 117.056798566096 2.053961 0.792510566033921
726 0.330598 112.842232593737 2.024941 0.763159936129771
727 0.359706 122.843098761121 2.068575 0.809393489569809
728 0.172895 126.428152295611 2.241866 0.839003364794343
729 0.497974 113.106878700872 1.842994 0.755834724143063
730 0.439092 117.43499455858 1.888206 0.81623645985752
731 0.417504 114.312217911967 1.94387 0.80442988969096
732 0.440643 118.754870075079 1.947271 0.801541018547774
733 0.250928 110.086221289257 2.169906 0.813794993882258
734 0.412972 114.778460884654 1.99554 0.790676302898099
735 0.626711 103.428136831694 1.597995 0.700332456522755
736 0.495033 111.600606244543 1.844211 0.779669895452572
737 0.391418 112.249267573843 2.004874 0.763198276878653
738 0.417402 114.839393791169 1.999112 0.787637160934591
739 0.432671 121.822380286844 1.914513 0.76368141367597
740 0.297199 126.199658327672 2.156501 0.822226646443003
741 0.40314 112.49990911769 1.95982 0.779206083363548
742 0.440698 102.246256390729 1.947763 0.760634977127088
743 0.528468 110.904940610155 1.76907 0.795986600573924
744 0.348326 114.251211692924 2.047666 0.783888160530125
745 0.470085 105.258696071416 1.875666 0.757709924965169
746 0.423539 120.547484550663 1.998685 0.785193117142144
747 0.419266 113.948339232779 1.968648 0.805038992057832
748 0.513032 115.808865349055 1.813187 0.748190280530668
749 0.458682 127.865274878307 1.933042 0.818763810575723
750 0.369917 124.886465930878 2.062676 0.80194165236518
751 0.528665 116.329339624746 1.800286 0.794973391091648
752 0.635989 105.560200284903 1.557731 0.728113339142738
753 0.41551 117.073113815777 2.012483 0.796073368597315
754 0.322184 121.314653288007 2.106991 0.79011430115791
755 0.455938 116.570718228105 1.940161 0.760578514285904
756 0.320636 114.615711963486 2.101509 0.767150871283098
757 0.365947 115.650860188982 2.01501 0.803256907316743
758 0.377855 111.747727437262 2.04758 0.80536279575234
759 0.439115 122.39747444157 1.962497 0.792110157097822
760 0.348835 119.448098145466 2.089905 0.826969062114012
761 0.327738 117.846066380085 2.092116 0.80996668348412
762 0.25962 129.290052640573 2.18913 0.792437569171834
763 0.422123 107.492283464211 1.991023 0.770649532013609
764 0.45164 110.842134388442 1.931379 0.755022933284814
765 0.540699 112.38810174197 1.766018 0.751618729155441
766 0.598455 105.30257908658 1.658235 0.748682187220966
767 0.441765 116.118693641654 1.938942 0.792072966173729
768 0.474939 109.96130828129 1.898503 0.782280935326646
769 0.452688 112.497725099086 1.89276 0.783198355951829
770 0.438021 118.823891373306 1.969413 0.792307558156284
771 0.47573 116.78122442621 1.901392 0.786660420805797
772 0.473626 116.6732631415 1.921902 0.759788063328
773 0.479949 109.524116984691 1.859462 0.726363770444313
774 0.492894 115.818588134935 1.856072 0.779085360708117
775 0.527375 107.261552133404 1.795017 0.760269587976447
776 0.334837 119.380653391527 2.071829 0.803576852547332
777 0.343882 113.220271309857 2.056728 0.793293052285308
778 0.237868 132.396783774706 2.211533 0.832311080493043
779 0.525334 109.902086529665 1.812252 0.754879900769207
780 0.496516 115.909599518674 1.877098 0.762760175666856
781 0.417144 108.006632970176 1.941063 0.764620131642847
782 0.405116 127.36541378877 2.02195 0.794891059237962
783 0.426341 120.232408157175 1.991964 0.799655632037764
784 0.314752 122.930807389044 2.120799 0.833906873357308
785 0.3467 116.422544564396 2.090287 0.783497474153107
786 0.542779 111.250170329512 1.754726 0.748012239330801
787 0.40229 111.657317012303 1.990413 0.769328123420457
788 0.380563 117.323496118081 2.003498 0.819696995641087
789 0.406486 116.536988275342 1.974556 0.750848991918654
790 0.304058 119.720517666748 2.128597 0.811810546524636
791 0.232677 124.898938138065 2.212865 0.826244582297737
792 0.291352 121.213853237662 2.077405 0.817887394025857
793 0.247888 122.71998067429 2.201786 0.807194237007564
794 0.345297 127.445093751644 2.101747 0.83001134234263
795 0.260068 114.997390691216 2.123115 0.798163411564802
796 0.306996 117.559904184816 2.118962 0.794039944384214
797 0.448347 119.24642861461 1.918443 0.804371627941524
798 0.508709 110.518423211573 1.835446 0.784107732578601
799 0.414191 115.592159131097 1.983185 0.817613432354827
800 0.392319 115.444559414942 2.023445 0.767713271462681
801 0.508859 123.220884310353 1.840941 0.797549479280606
802 0.469665 115.175260194787 1.886351 0.789530909199521
803 0.474716 114.948301665882 1.865314 0.781444040543588
804 0.331897 117.223218576689 2.050072 0.771882956255736
805 0.419556 109.110760618218 1.984638 0.769797069243078
806 0.530715 101.644585061524 1.738736 0.745576425353844
807 0.489167 116.197875175422 1.834677 0.777742842132872
808 0.523833 113.247354256426 1.825077 0.772674034235196
809 0.45696 112.316453140236 1.940527 0.777964197868276
810 0.394294 118.1559169691 2.020745 0.798932874841709
811 0.367158 125.214797294151 2.062934 0.834108998288434
812 0.444878 117.209464529214 1.925325 0.754162683255335
813 0.380719 120.103059305702 2.042869 0.772885354570697
814 0.330952 125.284919211755 2.086892 0.837444801695367
815 0.467295 100.411872187668 1.898944 0.721317305139349
816 0.271737 122.928609336937 2.141487 0.792057209911039
817 0.336198 125.826810767 2.114203 0.790810181043624
818 0.34515 120.02471958435 2.024192 0.819362965112642
819 0.300865 123.349141787439 2.109574 0.764023518304118
820 0.418889 122.671093314635 1.994541 0.78940933318344
821 0.500295 111.119992222577 1.844155 0.772481500090973
822 0.474611 114.417616439608 1.888916 0.76987464566766
823 0.323275 125.206433714777 2.114488 0.765022263683399
824 0.548416 115.427609244476 1.767843 0.755424238457481
825 0.428557 110.635251753099 1.927688 0.775423660387054
826 0.51091 107.44350800969 1.788015 0.747641027008129
827 0.432043 120.853030658088 1.983425 0.787138625823618
828 0.518341 113.893662221641 1.805421 0.751182414102259
829 0.491861 110.796954218303 1.816291 0.757947359938189
830 0.385517 120.823738952309 2.009919 0.767883689202114
831 0.470199 113.993934499318 1.905143 0.7412231819327
832 0.420166 120.674078249149 1.980884 0.783098051656562
833 0.394813 113.633641861276 1.991711 0.805996296726655
834 0.349115 123.454206055644 2.088492 0.819657757256289
835 0.434453 113.010095800407 1.918005 0.782396888575461
836 0.410761 113.209554424834 1.959385 0.765200128504377
837 0.462759 116.271875985753 1.848989 0.814106085980647
838 0.429791 116.378168516819 1.986134 0.797755288827093
839 0.404201 122.714398974222 2.02267 0.780355618040438
840 0.415682 118.39398854623 1.974278 0.772211188358324
841 0.467336 114.589071361756 1.910243 0.798297425081625
842 0.556714 107.757001859423 1.711388 0.744516785259784
843 0.406865 125.519038168811 2.028254 0.81410208289499
844 0.415155 117.267910349664 1.978994 0.768265513727205
845 0.317637 117.189614315077 2.109456 0.778718911378558
846 0.303238 117.985271479487 2.153933 0.822567386896516
847 0.361566 132.610796096319 2.088109 0.831454775789969
848 0.613253 111.984418934042 1.61224 0.759232989221443
849 0.513666 112.687752052475 1.804589 0.754208738542319
850 0.547105 98.7469398901759 1.739902 0.746783220303556
851 0.381629 124.856678159023 2.05997 0.781747690476556
852 0.267206 123.790183529113 2.156812 0.816793192233291
853 0.418597 120.719284780097 1.985711 0.802192972521358
854 0.259785 120.089352465667 2.185736 0.810243909181343
855 0.493864 111.063533253223 1.869473 0.751992235999498
856 0.27919 119.533957408244 2.167988 0.811601045102463
857 0.458049 111.459321046616 1.930056 0.740878684783678
858 0.40502 115.741908556282 1.979693 0.801070533452247
859 0.44894 118.579028605984 1.955537 0.768386808344921
860 0.241828 123.977351876699 2.198543 0.824674884596085
861 0.34629 122.056130867734 2.07881 0.808123587249343
862 0.49499 120.562605473916 1.865011 0.780669060166557
863 0.500463 116.87783228135 1.826309 0.79143095386606
864 0.430477 121.266565140435 1.968674 0.790951660686071
865 0.411648 121.581250651326 2.01326 0.800157632007602
866 0.275231 125.198170333501 2.15248 0.797812397433048
867 0.41463 120.22446255111 2.004355 0.776819664992071
868 0.472896 112.843078764579 1.898736 0.774478448509346
869 0.476573 112.43819478156 1.8678 0.784274946005389
870 0.513558 119.452189406311 1.809377 0.769110867275555
871 0.421172 110.759270204542 1.951054 0.754291923179943
872 0.432291 113.651932832695 1.945402 0.777232802789881
873 0.404659 114.374477600351 1.954916 0.751839932154381
874 0.49536 110.774517982529 1.867871 0.764478521408262
875 0.39005 116.795484579621 2.049196 0.797003512832288
876 0.376022 121.953749191213 2.059368 0.779812729246037
877 0.312264 126.262922410606 2.14181 0.795808587099184
878 0.41048 119.323161495726 1.991638 0.789861248120928
879 0.435868 113.64659345623 1.909666 0.752183220406673
880 0.30321 125.096386223525 2.142594 0.751284416782146
881 0.468354 105.826575040088 1.830609 0.758223180299388
882 0.617318 110.98956507083 1.585748 0.724028080683801
883 0.438202 115.831901484988 1.973004 0.741591126730013
884 0.477068 114.802039082939 1.876809 0.762104447753491
885 0.521658 117.131687443526 1.809949 0.771015014376513
886 0.47075 116.729606485432 1.878362 0.809718773570389
887 0.352706 116.254844254759 2.068169 0.777494600100142
888 0.449553 112.808483354626 1.892332 0.734493916800818
889 0.26616 121.352366788697 2.137977 0.804478236456355
890 0.398965 119.457060598733 1.970163 0.792491151697386
891 0.352571 124.217535312315 2.052586 0.797352402008625
892 0.396537 116.903342837559 2.00373 0.798065715543913
893 0.416331 116.581584831083 1.936026 0.793399990715422
894 0.488444 126.345062570244 1.892195 0.791422640609208
895 0.432857 109.05437964549 1.938453 0.773578766762474
896 0.573091 107.176343924692 1.686247 0.749918328477857
897 0.407038 111.059178940828 1.989876 0.781551542556229
898 0.465841 117.289715548547 1.908671 0.81940681918248
899 0.293011 120.622057408094 2.138429 0.807149712443823
900 0.313948 122.478526368181 2.080693 0.804425011693853
901 0.577867 110.212662932796 1.700946 0.736403249348108
902 0.361659 121.464387374689 2.047909 0.808362797677298
903 0.358295 118.981013128302 2.042827 0.807656247862505
904 0.340223 119.915660625827 2.094851 0.798624241670253
905 0.408207 111.965387046464 1.969974 0.781188003742413
906 0.468881 119.238155258486 1.930847 0.796599001599845
907 0.626075 111.249421909188 1.562947 0.749214445979825
908 0.450202 123.61358950478 1.939143 0.755716449386106
909 0.572411 100.578702796848 1.71904 0.740808269730113
910 0.481542 112.742194763412 1.878685 0.740202707086703
911 0.32926 122.634912982619 2.125181 0.810476691809836
912 0.433292 116.672488293987 1.981742 0.769804986465696
913 0.454921 108.701377768641 1.929946 0.768992614157282
914 0.298203 126.208491440418 2.154075 0.825151138512906
915 0.485232 113.363030565547 1.873072 0.786590869343708
916 0.308652 118.362159672205 2.080556 0.806039039825084
917 0.417991 119.907481952162 1.952329 0.794993012948161
918 0.381141 122.868765771961 2.033906 0.80827946278016
919 0.311486 123.93469879304 2.130606 0.816926569188153
920 0.453234 114.114186008748 1.88901 0.794692954574013
921 0.415025 112.654177870844 2.014367 0.799421252878826
922 0.346486 121.091927288028 2.093161 0.830986148585926
923 0.329616 118.756373456662 2.115347 0.793971143102552
924 0.399433 123.845332964998 1.991919 0.799744871008564
925 0.558658 102.908551534897 1.726072 0.730738960675872
926 0.27201 119.317638864478 2.173328 0.820748665171488
927 0.442303 109.499246661766 1.925178 0.770384856068615
928 0.395749 116.429814578317 1.98725 0.789083867942281
929 0.442403 106.150181002368 1.9235 0.754873734137502
930 0.351264 120.111399692661 2.075308 0.801288126073043
931 0.629728 109.828521004776 1.594884 0.721454516526273
932 0.476023 118.341506010735 1.887454 0.76796038102588
933 0.347618 121.475878436189 2.103018 0.794155680128257
934 0.53508 116.872846569611 1.780681 0.76232636978855
935 0.385497 115.592460667076 2.015693 0.783063328909991
936 0.385187 108.609829792365 2.021243 0.794008178896611
937 0.509977 108.473644567244 1.821299 0.776081934645369
938 0.582737 118.618805221852 1.698387 0.713537974688997
939 0.549066 111.282538543916 1.757878 0.789562479292019
940 0.393835 118.192107340721 2.008013 0.797643723859935
941 0.427394 114.242680033284 1.959896 0.758787846789789
942 0.308461 116.924685130993 2.113085 0.815389695758054
943 0.143639 127.23745746466 2.261773 0.846964417022038
944 0.475831 118.255378650856 1.911839 0.739115981950834
945 0.39324 121.278480019981 2.021959 0.787525114478339
946 0.520139 122.669663752873 1.803713 0.778026186863985
947 0.419334 122.753463913455 1.976873 0.766872021622428
948 0.390588 113.50338894823 2.015549 0.792204548051297
949 0.377368 117.176807889745 1.973817 0.773464592093443
950 0.49575 105.064412422387 1.848812 0.727502318432775
951 0.475281 117.941225659262 1.916948 0.792985813071557
952 0.334192 113.227661874755 2.098712 0.779022024467506
953 0.311801 118.3921143088 2.129733 0.805513855868821
954 0.578873 114.674462768783 1.678951 0.747413956860365
955 0.523191 123.582699223081 1.803683 0.796369506830549
956 0.338705 122.633554358757 2.098579 0.821964531923293
957 0.59332 116.557608123197 1.66167 0.758526966653162
958 0.354286 120.947891497688 2.062885 0.809844847025784
959 0.484934 119.013366192134 1.882648 0.791754208427094
960 0.384387 120.25587509032 2.034012 0.786809248935004
961 0.458049 107.702675232454 1.893887 0.736448995020177
962 0.329317 112.863812942648 2.086906 0.800011294990535
963 0.513859 116.952265655423 1.837044 0.777123737222101
964 0.349012 112.134790510357 2.05779 0.75410434879545
965 0.331324 119.99517249633 2.103623 0.790967287264913
966 0.316262 121.077649850123 2.109638 0.82077938210491
967 0.367766 113.263812323871 2.065813 0.782693941121852
968 0.392974 114.224026418542 2.003334 0.776977018469931
969 0.391043 117.678075025328 2.045112 0.799197890911812
970 0.449215 117.87227622651 1.945057 0.772316499507535
971 0.206603 128.156066725192 2.231581 0.845088836778967
972 0.447247 109.87672732206 1.934245 0.763140632051546
973 0.344795 115.622671205618 2.081664 0.799144499948882
974 0.364668 127.580157613547 2.057053 0.798115143172095
975 0.418227 116.829018979342 1.97991 0.789055524045935
976 0.244219 128.366715924438 2.204704 0.8334766682677
977 0.463875 107.140314522334 1.918388 0.743727306992729
978 0.397221 122.248101794508 2.042802 0.76783177138072
979 0.422358 112.397580298913 1.97122 0.785019281312207
980 0.366089 120.291463536906 2.068529 0.794052998177989
981 0.471064 118.216508380172 1.909477 0.763633723179514
982 0.215045 123.668701002094 2.225019 0.799649479012257
983 0.450616 108.82500300663 1.922157 0.778785219305511
984 0.474038 118.560236543529 1.894483 0.819183643006424
985 0.444875 111.183346795048 1.946913 0.724350122760399
986 0.403336 112.828834016135 1.990274 0.768615102264811
987 0.434014 106.905036532355 1.951 0.761087852953271
988 0.368637 114.263838352124 2.056529 0.784479684955211
989 0.438177 115.048011664097 1.943232 0.757054582922116
990 0.324999 117.075143726406 2.096053 0.822898056343307
991 0.254963 123.856773137369 2.157309 0.78054446662188
992 0.432672 113.251381132388 1.939629 0.76823688082165
993 0.361692 119.078382283128 2.044225 0.7734188935119
994 0.382033 115.001328030216 2.046104 0.784226969952638
995 0.383833 114.928183828783 2.020063 0.798336388704056
996 0.336346 124.091702608737 2.117363 0.806231327714458
997 0.337161 115.758481100761 2.121017 0.791235728964088
998 0.450491 110.107763433405 1.922201 0.775023360068841
999 0.429038 109.888006399442 1.946304 0.773928575913442
1000 0.320644 124.697236038514 2.093782 0.825778072279658
