rep aei_left left_area adi_left H
1 0.441067 118.496326030048 1.894425 0.686918837579415
2 0.430515 111.764803978477 1.966664 0.726480849700221
3 0.389339 111.408324774693 1.968817 0.732132143521034
4 0.451989 106.465579298254 1.956905 0.764259610493426
5 0.491216 108.826716717346 1.819399 0.747688494172747
6 0.299418 110.408377297925 2.154424 0.775545674132895
7 0.583423 108.112001314382 1.689657 0.727357125662539
8 0.58223 96.9855673291381 1.699266 0.721498611771012
9 0.260026 122.566137719621 2.171981 0.777854776622621
10 0.417866 116.668404630026 2.014759 0.719880063679554
11 0.468733 104.905333386485 1.918293 0.670763992663131
12 0.551701 108.71220091585 1.752042 0.617899101480415
13 0.503822 108.616534013895 1.862419 0.686914582854828
14 0.431373 107.800764086795 1.921259 0.68835916369008
15 0.697613 102.208957111812 1.301084 0.630573527406472
16 0.461467 115.467357708985 1.920458 0.73264520451917
17 0.381497 114.502911962806 2.027403 0.73432457874919
18 0.546863 102.219435748725 1.730474 0.710875955735952
19 0.566523 97.1585846160704 1.707453 0.682601104772831
20 0.469155 95.9914388949341 1.901706 0.701444816196266
21 0.432167 108.599658132647 1.953178 0.741649181521018
22 0.329247 124.403423056957 2.108158 0.787672730249815
23 0.434334 116.120900368525 1.941866 0.73944648574016
24 0.282663 129.063999139943 2.168152 0.761975881749687
25 0.415285 115.563177412095 1.984474 0.723293438817544
26 0.584337 99.397807517032 1.691405 0.702356706574741
27 0.433546 100.82898339988 1.928192 0.749084924649163
28 0.528142 108.938573364302 1.780671 0.729217124671227
29 0.395773 111.486857707611 2.022117 0.724694521643812
30 0.275788 117.621425728252 2.133233 0.78295456302136
31 0.396253 117.585043167425 2.042527 0.758187483553227
32 0.347629 100.130883263404 2.079115 0.670723428708675
33 0.586983 102.152866596546 1.689187 0.693210753853482
34 0.498236 120.605040790513 1.863015 0.780459428118122
35 0.331336 114.338162854738 2.119163 0.767640623916836
36 0.411825 111.330057776028 1.99662 0.72386034460033
37 0.458417 109.109192055003 1.928766 0.692297672792006
38 0.273537 113.302821692 2.13339 0.732120492110201
39 0.680894 106.781021521943 1.403605 0.685062032041857
40 0.626405 118.219014118621 1.564905 0.565768804940347
41 0.266678 123.595871885647 2.187115 0.688295705253507
42 0.471564 95.6424299539435 1.857534 0.613905198370187
43 0.508087 111.946620153835 1.849909 0.726453266900056
44 0.219305 122.056174401736 2.208116 0.737214729668209
45 0.51491 111.464401054034 1.817104 0.729390211091752
46 0.232386 119.948698959051 2.212923 0.744453918013352
47 0.435226 114.509279231558 1.945213 0.727611546080248
48 0.336497 120.736306689781 2.075041 0.745294259874631
49 0.301385 121.641284816243 2.150669 0.687468372138251
50 0.585861 92.9999795176362 1.686846 0.690537198920312
51 0.150239 121.469972917805 2.258597 0.80689693001644
52 0.213187 119.070319508602 2.196749 0.754436652043121
53 0.307864 122.7782193139 2.134989 0.773133160540757
54 0.202931 120.605943329663 2.232984 0.785645675860722
55 0.56753 132.522884855401 1.708581 0.740116768709344
56 0.503979 97.1800872119259 1.81384 0.710626236790511
57 0.386717 118.955231767093 2.061295 0.736443886290734
58 0.405271 107.482578544499 1.997647 0.734985814772126
59 0.285916 122.826591837265 2.165425 0.714735895141425
60 0.531713 100.045471066129 1.785138 0.707905163463625
61 0.592787 113.910152395139 1.642851 0.709696836426256
62 0.396246 109.943061589873 2.016263 0.637336481438685
63 0.57337 121.327239035277 1.719547 0.769613743671513
64 0.39563 118.62742809021 2.021478 0.763682720495494
65 0.459953 106.908816260179 1.929831 0.702898373184761
66 0.585721 107.423423296239 1.67659 0.679311764618587
67 0.683606 107.356671925044 1.404636 0.667015701225045
68 0.641685 105.252595057121 1.540936 0.711264095848172
69 0.370285 99.3545398921084 2.050625 0.738075893739327
70 0.367759 111.451625586045 2.025645 0.762206669902243
71 0.418912 108.348574168672 1.966409 0.729546312649674
72 0.345752 116.089928822862 2.040797 0.687967317322953
73 0.414237 116.282892902231 2.003707 0.730533951725753
74 0.302346 112.421889897979 2.141722 0.75486008422692
75 0.33366 105.314729846301 2.096663 0.746720010450478
76 0.431169 108.726800982035 1.962003 0.750809633561387
77 0.367863 118.69015812309 2.055462 0.732108398536937
78 0.401731 113.422444180234 1.98651 0.764032408410897
79 0.412271 112.764146336048 1.958628 0.7417414187905
80 0.506005 100.629586757389 1.83457 0.663267044492842
81 0.468248 96.3435396556274 1.878333 0.689357486753139
82 0.444377 115.351360353603 1.971296 0.746875331720466
83 0.416395 107.911853124601 1.928684 0.71842307410392
84 0.406338 108.51457518687 1.97111 0.721983337810836
85 0.460889 112.709422249116 1.889928 0.749507593861901
86 0.404431 114.357403951603 1.991977 0.736207799878996
87 0.256914 120.827181815199 2.195074 0.817299997974383
88 0.558081 109.044523741189 1.687199 0.685679118466141
89 0.51523 101.296221780259 1.798704 0.699005517528722
90 0.575581 108.873213550188 1.667431 0.682629388481226
91 0.467866 114.465481438215 1.894181 0.717861379733798
92 0.425669 99.5807052572603 1.937091 0.727444466860524
93 0.430901 114.723064585401 1.971913 0.789910936603136
94 0.429354 110.714859072113 1.922632 0.692898086325983
95 0.350453 112.348505527158 2.093704 0.721430594887426
96 0.502856 106.341858641543 1.850692 0.726770382106368
97 0.255954 132.1618615949 2.197045 0.798108799873379
98 0.504345 97.4699860757642 1.80693 0.686581462583631
99 0.398178 105.605827993011 1.97053 0.703328183801875
100 0.355219 121.132362020801 2.093348 0.751986225029558
101 0.374673 121.014696566314 2.061224 0.731142252407813
102 0.293345 117.48724825509 2.140327 0.718494714117837
103 0.510286 111.608622135059 1.820794 0.715968294227829
104 0.293991 117.72457356729 2.098858 0.741594443467862
105 0.402306 119.905359991494 1.990625 0.755338618050692
106 0.462442 110.005707966212 1.927697 0.71820959345353
107 0.315992 109.914579533559 2.124761 0.749007894245772
108 0.462413 115.191995314001 1.894538 0.719126067537622
109 0.44336 108.986477055433 1.861498 0.75837331320992
110 0.266307 115.430242491316 2.188312 0.767218189663924
111 0.439147 111.68763362446 1.911838 0.738471608001139
112 0.315766 105.689038740609 2.121856 0.697006766418902
113 0.470916 110.79463895921 1.881868 0.734292675968953
114 0.409171 115.494845424779 2.027216 0.739931518726324
115 0.476385 104.222986235842 1.852135 0.707160021541575
116 0.575175 98.9781573016443 1.675052 0.696340588661279
117 0.373994 116.424601771756 2.074287 0.723982029692541
118 0.297433 119.529509585381 2.108788 0.771239108960174
119 0.520354 97.8179758231904 1.815133 0.667218438762584
120 0.325283 120.494424609869 2.120756 0.740183787340762
121 0.507502 105.236741905742 1.795386 0.661306446565729
122 0.170943 127.061854959008 2.253124 0.792164020071068
123 0.499139 106.728848642662 1.822832 0.72236157431701
124 0.476977 114.305879305865 1.918883 0.704999929775233
125 0.510911 100.357138595215 1.836021 0.658080890842047
126 0.591917 108.940579989479 1.683084 0.74073462063694
127 0.309298 113.066580744037 2.147567 0.759818437813783
128 0.407025 119.029222698874 2.023416 0.695117262514468
129 0.352234 107.56494839636 2.079246 0.753225578635325
130 0.643369 95.3414545716956 1.551002 0.688096017023223
131 0.482723 93.3789137466895 1.86678 0.70373458649528
132 0.478232 104.300030877304 1.893096 0.698308601773875
133 0.645816 100.353388588463 1.493373 0.672386199327747
134 0.46095 101.355950954099 1.889408 0.693694520283606
135 0.440144 111.569601831095 1.973195 0.709696359813112
136 0.45059 113.223195381829 1.94128 0.718105590145713
137 0.552832 104.135482382776 1.758706 0.715354901418613
138 0.519025 119.018308121998 1.827031 0.726478326724631
139 0.674055 97.5880780915963 1.441923 0.667390064014158
140 0.488642 102.0495797341 1.867179 0.702677949565423
141 0.111516 129.947134946095 2.281624 0.80176384877893
142 0.421911 121.322364479864 2.007603 0.741272175865751
143 0.354111 111.031849211135 2.071536 0.771982805181606
144 0.48934 110.726551463505 1.829859 0.685913238762495
145 0.338878 101.35541011455 2.027839 0.732851264824654
146 0.571122 108.567204951565 1.6757 0.662800313278447
147 0.567884 117.132022449689 1.706559 0.693745788088616
148 0.385934 111.333467069706 2.012517 0.737490583564376
149 0.197191 110.199193451238 2.22651 0.748805807988209
150 0.477894 119.461353599694 1.919271 0.720553725289954
151 0.232718 135.873822084488 2.216663 0.801799226469182
152 0.276754 122.230487892415 2.179956 0.789662915043405
153 0.393324 119.912618023893 2.032095 0.760206883027797
154 0.455489 115.363316231805 1.912405 0.557654241998248
155 0.477016 114.226246833797 1.904243 0.716226222967037
156 0.474215 110.842524795669 1.876938 0.738677490095757
157 0.576346 108.787901427186 1.70349 0.7503568039631
158 0.318349 112.906336361166 2.108421 0.796558216795268
159 0.560548 111.127005759319 1.722434 0.686528173223765
160 0.322248 106.738861148976 2.086803 0.762712770198765
161 0.355534 120.296033203998 2.089472 0.702611150964045
162 0.56477 112.459589230834 1.745324 0.7309681057121
163 0.535507 93.6586490752318 1.737352 0.642799635796271
164 0.302699 109.949628468246 2.134874 0.713926322692349
165 0.417364 109.658297323132 1.968893 0.690793282303001
166 0.359665 104.916074780551 2.040699 0.69511310277938
167 0.458265 110.326715409251 1.947224 0.709912828451896
168 0.432131 116.111476609006 1.906512 0.703246756968856
169 0.448759 100.829554451287 1.921927 0.738380668533553
170 0.592612 111.05516546797 1.681634 0.719691283518307
171 0.493482 116.831160493423 1.887115 0.697608008814336
172 0.424495 125.534141221702 1.964069 0.768685572437911
173 0.378313 122.779020400622 2.065918 0.709568118656492
174 0.208069 121.928723550298 2.232307 0.75728089367893
175 0.452003 103.917812063527 1.877173 0.704446587246294
176 0.208561 118.236101047015 2.229466 0.791031722086175
177 0.51273 102.02119001653 1.764403 0.706297798587827
178 0.379458 111.85934864223 2.051595 0.726893179342654
179 0.139714 116.597731000941 2.268634 0.792450319514785
180 0.515344 112.626101078835 1.82829 0.692435094111665
181 0.4498 111.275111356817 1.945215 0.74980749058229
182 0.558122 91.3010118280195 1.743454 0.692881155829186
183 0.426081 109.106633449186 1.984531 0.723637342789797
184 0.429554 97.3173856998528 1.997978 0.736109262362451
185 0.701577 102.594208510861 1.330692 0.579638080560736
186 0.307731 116.388658900066 2.14301 0.65468392029681
187 0.626884 116.407207814371 1.595141 0.711487583332152
188 0.496625 119.555990168432 1.860865 0.747268180054618
189 0.145212 127.982378001878 2.268333 0.829068655390086
190 0.349176 125.377435554895 2.100978 0.758638680987585
191 0.480336 105.913151869983 1.837961 0.732898533325787
192 0.398354 106.600948144048 1.995495 0.762998721221091
193 0.368891 94.4566676831336 2.040073 0.71773943685928
194 0.318366 129.955533439005 2.12887 0.801947406012304
195 0.450269 120.316080310907 1.950813 0.745732734397024
196 0.361014 102.680534374178 2.006884 0.747205907320189
197 0.361639 114.455042318029 2.068649 0.712406859047335
198 0.551435 99.8831640696778 1.714904 0.604373289871311
199 0.483343 99.8097312573684 1.875474 0.69229387018817
200 0.611777 112.583654115448 1.60494 0.668205778291096
201 0.567378 115.012407973981 1.721412 0.75186535390069
202 0.33191 116.967751783882 2.120187 0.753897786906132
203 0.336613 124.763129120353 2.116807 0.722041748210865
204 0.325577 112.543915503413 2.082716 0.735625844724377
205 0.302173 105.714895893637 2.120888 0.742526015680152
206 0.465658 105.788827445769 1.925461 0.723476307059332
207 0.551367 102.986210286144 1.754519 0.651321977305056
208 0.216622 124.699795875488 2.227599 0.729991194710687
209 0.346324 123.139877013952 2.103376 0.758069020217529
210 0.230058 131.016401563757 2.219359 0.814674373186326
211 0.490613 124.297944351351 1.886321 0.768330080385224
212 0.372905 126.372097813957 2.075949 0.700387890583104
213 0.396326 121.148250829253 2.041565 0.754523788931169
214 0.355349 110.96100868744 2.094157 0.745596232101913
215 0.519287 112.175522912947 1.828023 0.739529283476398
216 0.514158 103.650818208406 1.845203 0.677902943776896
217 0.407746 104.227953587355 1.997327 0.732414158460085
218 0.543763 107.54969072718 1.751135 0.705669496747706
219 0.474968 114.96651145328 1.888941 0.737521414015271
220 0.210779 118.934429235254 2.226026 0.765519390715714
221 0.29452 126.159044437846 2.163396 0.822288369062195
222 0.746836 94.8602632826741 1.203391 0.560134882428702
223 0.764764 80.4678868955216 1.084887 0.575779543423034
224 0.378225 102.585618319686 2.038983 0.709092401977441
225 0.320123 126.038718799075 2.116904 0.707172056885944
226 0.25242 121.87495878376 2.196888 0.743440481148348
227 0.641405 108.098646453864 1.548963 0.694494906736251
228 0.499676 102.433476751991 1.86341 0.708948791932068
229 0.37522 125.303465400411 2.070513 0.784836929529268
230 0.321427 109.829857986868 2.132898 0.801539883155647
231 0.515323 103.891047058545 1.844103 0.729435896475447
232 0.342852 120.980431226828 2.068123 0.758534724977942
233 0.480279 108.012941921757 1.872362 0.71299341390601
234 0.417553 107.913072813554 2.003974 0.75048621435931
235 0.35659 102.60018152668 2.078334 0.735238327101339
236 0.284362 109.283303831626 2.155649 0.670137972692687
237 0.732984 98.3966894235351 1.162104 0.628336885088671
238 0.38211 107.748485351697 2.05964 0.742404271853198
239 0.417297 110.612397872825 2.013796 0.720649668149356
240 0.527151 114.178526160918 1.802346 0.73117026803403
241 0.472978 122.736511055483 1.923609 0.738648767126315
242 0.598555 106.630106220543 1.658217 0.731416154485251
243 0.267911 123.53490912949 2.189805 0.779052995977523
244 0.423029 107.316778905288 2.002055 0.724256161405099
245 0.421383 108.437242838016 1.973495 0.675619522985883
246 0.182518 116.078625487705 2.236815 0.713933394155749
247 0.348518 118.483800320127 2.098029 0.738905891813901
248 0.633804 102.392282416414 1.540183 0.686476502942139
249 0.42433 104.008835796374 1.936699 0.719966185189019
250 0.557966 94.2317084081296 1.745544 0.700207136918834
251 0.621338 102.025839297453 1.581175 0.703835834351278
252 0.433961 115.7292440048 1.993574 0.73511672034002
253 0.440967 105.740873285549 1.920879 0.705417930163866
254 0.497868 106.842379568338 1.880458 0.745946135379618
255 0.335111 112.108699594745 2.07772 0.739050203535228
256 0.386743 107.167561521797 2.012032 0.719247768321211
257 0.566081 110.286254590404 1.708962 0.772248219098647
258 0.235947 112.519474985961 2.190816 0.759362328333622
259 0.391844 113.640979980172 2.043415 0.699798150048738
260 0.400878 115.093605232435 2.032244 0.724282511240154
261 0.643636 105.582952341513 1.551842 0.658701395591756
262 0.25533 105.571063570733 2.193234 0.731459587360362
263 0.423809 103.618164024909 2.007417 0.683487394551998
264 0.505122 103.205746638928 1.84302 0.733034174426977
265 0.364234 108.912912341539 2.056653 0.777518889134072
266 0.505017 117.000875726663 1.865991 0.720962805597552
267 0.53608 108.84980076352 1.80025 0.764231469314511
268 0.331574 108.205510642361 2.104377 0.742428482002836
269 0.450059 116.715531746543 1.869447 0.674126273835527
270 0.538314 107.333295646377 1.789798 0.708693493272403
271 0.411434 119.789695390633 2.022154 0.739870526442579
272 0.284028 125.248917006094 2.176196 0.759307657919822
273 0.175513 123.646022651312 2.25024 0.787928902977298
274 0.687782 89.4322049267506 1.384453 0.663863884688531
275 0.437784 116.623871600818 1.989444 0.747146697366431
276 0.588576 90.8468873817078 1.643221 0.654495817532453
277 0.510665 118.363774579559 1.852771 0.717121435097273
278 0.410833 120.955213361404 1.997679 0.813497194905528
279 0.51292 94.5140193762552 1.774262 0.668165291769604
280 0.380509 117.687594437869 2.026218 0.697701048173321
281 0.500894 106.156127167111 1.860064 0.70468500418983
282 0.437471 101.318039083891 1.908739 0.711196280092457
283 0.359422 122.757958535489 2.069626 0.720161105564032
284 0.413868 103.069444420274 1.971794 0.731625293071472
285 0.252476 117.3869218224 2.190007 0.797644941166986
286 0.292342 114.40235786632 2.161238 0.739770826699718
287 0.575708 107.729009497011 1.69456 0.76511088092181
288 0.36466 111.598214615261 2.033291 0.728752361718029
289 0.65783 112.290719218782 1.496594 0.681337872801567
290 0.479611 106.066772699417 1.90903 0.699856436496733
291 0.479789 115.473634280213 1.895203 0.745561282662265
292 0.293287 129.130446550956 2.163714 0.763318322816265
293 0.338765 109.595529648562 2.092434 0.707165755311147
294 0.341845 100.833873285422 2.077004 0.688586483034462
295 0.355287 109.5319100593 2.08483 0.7384724309451
296 0.370725 112.302305021854 2.03144 0.714063996500568
297 0.533979 90.7995084481502 1.77805 0.723744056263375
298 0.478773 96.2848086162819 1.869579 0.696690585115034
299 0.432745 101.675926530918 1.983247 0.728632248842104
300 0.229792 130.030239554404 2.213361 0.77038086925002
301 0.440771 129.158699341127 1.967796 0.774244474406937
302 0.383393 123.273070582201 2.053194 0.782554310722594
303 0.33624 108.766228747134 2.065859 0.714880508164871
304 0.35781 110.702489321969 2.069197 0.768458579137658
305 0.498224 100.010249967905 1.808863 0.649657641378796
306 0.596515 86.6799529533306 1.648611 0.65602169595615
307 0.437576 105.371523765439 1.942475 0.736387594045113
308 0.438478 113.943999478473 1.918123 0.705481600546148
309 0.377556 107.857580457073 2.048004 0.68829920044189
310 0.505542 113.922463024619 1.845161 0.749475904257783
311 0.060512 133.143804647652 2.296384 0.79860477265257
312 0.493836 111.175057747002 1.864885 0.726710820977803
313 0.606085 103.004290657579 1.620103 0.677600879029456
314 0.290305 112.199180696058 2.124695 0.754256420551327
315 0.29179 121.533836424005 2.149457 0.758722349735359
316 0.388201 115.140797815528 1.997921 0.778194372757212
317 0.399524 112.162591851332 2.022493 0.705424192780614
318 0.57237 104.875235185494 1.705625 0.705134115273813
319 0.556458 98.60213261673 1.762232 0.666964830816891
320 0.456127 108.765759886397 1.924953 0.708783444594081
321 0.202228 115.307433100221 2.222273 0.763603152418128
322 0.439976 102.25814950601 1.949749 0.688762188460158
323 0.471321 98.7440948687969 1.891951 0.691852671723804
324 0.629222 105.5344539944 1.575723 0.63030306055575
325 0.60594 101.205347097819 1.624432 0.669842487863351
326 0.44755 108.069680494498 1.90125 0.734076648973416
327 0.529629 105.940538206612 1.80715 0.612514722086714
328 0.449811 103.702630783628 1.888634 0.717797416950225
329 0.423738 119.783412544183 1.996978 0.739496413081952
330 0.265876 112.270232745471 2.187555 0.784555077908582
331 0.723416 102.347922186412 1.157583 0.597366410603991
332 0.433924 102.391223749569 1.942703 0.722717512317648
333 0.33816 109.339954797567 2.062018 0.688469423569762
334 0.425121 129.563680062335 1.995493 0.781278024305537
335 0.45448 119.801797022074 1.954912 0.73388068134698
336 0.483921 109.660129083246 1.864835 0.69340634199342
337 0.265208 128.905555502256 2.189377 0.809320951043458
338 0.384354 109.879812697701 2.011399 0.749045095922517
339 0.572205 109.418180996787 1.704692 0.705791996860161
340 0.650324 99.6539502681501 1.505702 0.585435186040772
341 0.26886 116.595373108666 2.174705 0.777359760196439
342 0.452575 113.876160887233 1.928111 0.754737093665815
343 0.424734 112.288130530729 1.990557 0.702283861218367
344 0.599967 112.37765852279 1.648436 0.724101528837477
345 0.381439 119.745592287612 2.055325 0.745996163800216
346 0.665454 115.547683091335 1.471789 0.63824481470123
347 0.11077 136.481235806505 2.281232 0.83292024102046
348 0.230519 125.005214905523 2.216213 0.752950765042067
349 0.187716 120.789368544775 2.240281 0.750239029273003
350 0.35581 111.105101158857 2.087108 0.699866622118697
351 0.356755 111.587529049039 2.069226 0.725612814502644
352 0.459476 106.118151115161 1.942439 0.724776302187788
353 0.400383 111.382122923755 1.987543 0.73696339363763
354 0.256232 117.874148592563 2.195484 0.74873540226532
355 0.572619 104.53278365341 1.713865 0.658637741547922
356 0.335175 107.654213476366 2.082399 0.732462865473393
357 0.515613 98.7716803509279 1.795915 0.707278232547952
358 0.505457 102.637221336488 1.852609 0.681004071652117
359 0.468818 112.460581581622 1.905591 0.72952849098129
360 0.444878 113.978188999661 1.953837 0.660290197016436
361 0.429178 118.029080621316 1.941135 0.750498709299972
362 0.37875 111.410569521741 2.002229 0.680577881934595
363 0.624216 93.7721849556982 1.574013 0.661179736043938
364 0.417418 97.3615295586382 1.974738 0.74249672420346
365 0.504846 109.463449224084 1.840896 0.733009872145166
366 0.389705 111.503249663339 1.990426 0.703242943387171
367 0.287253 101.588996146428 2.104451 0.667211411616774
368 0.414052 103.997970881198 1.956196 0.701779094678713
369 0.421468 111.990575398544 1.996741 0.712782527474907
370 0.402377 114.715432729051 2.009744 0.763494964156872
371 0.547237 110.029267791381 1.701859 0.653056177107469
372 0.373407 108.850814831539 1.991466 0.718697061836553
373 0.406947 121.490546445876 1.996662 0.779458621450377
374 0.400806 109.616077674283 2.014713 0.759834312496933
375 0.13512 123.453761646522 2.264847 0.768140549916605
376 0.501018 95.5696664295223 1.837158 0.707672247954638
377 0.380056 99.647055883657 1.985457 0.726329596159582
378 0.578538 108.645373166823 1.709532 0.722255809594753
379 0.208234 129.195275476833 2.232724 0.808321431606834
380 0.561921 117.094438340995 1.739524 0.805259955817812
381 0.412655 113.36742398876 1.977438 0.711892343056462
382 0.167482 116.508949553282 2.249801 0.77856682576046
383 0.644582 84.3104447705448 1.49519 0.630221441792985
384 0.380346 117.859338201901 2.023806 0.778332072094496
385 0.4015 113.933712590037 2.028057 0.706979654012507
386 0.472217 118.446238379827 1.89144 0.702154547766639
387 0.542531 112.415056332261 1.785822 0.651738524512308
388 0.477222 124.477798604655 1.912485 0.740084483826051
389 0.458946 105.251590267422 1.887147 0.714817659632506
390 0.484433 93.5429860766115 1.877929 0.68031765711701
391 0.47929 108.622429655074 1.882375 0.677059376276694
392 0.248933 128.653377549318 2.204445 0.751686060115116
393 0.420282 100.394994283191 2.000923 0.69339584658213
394 0.462748 95.2617161627844 1.883982 0.704238442038973
395 0.469331 95.9319654142666 1.876445 0.695199358294654
396 0.489765 109.963441701822 1.847739 0.714885601789115
397 0.508418 109.785848058969 1.840226 0.76497698737717
398 0.491366 102.73026815383 1.792199 0.72093897859862
399 0.264392 113.29107793766 2.187932 0.788286839327809
400 0.345715 115.87055094947 2.076203 0.723494389702725
401 0.452493 106.472831823517 1.937215 0.707163118449142
402 0.298816 102.713373680501 2.138317 0.71364607260706
403 0.520685 115.179844560153 1.817181 0.718350420759884
404 0.581999 111.054790237814 1.681873 0.750959515451778
405 0.117259 135.370113234457 2.273689 0.791185482821562
406 0.378687 116.763385603074 2.067966 0.731447930379803
407 0.475837 98.3174939265753 1.844508 0.69600948480275
408 0.654863 108.381098756273 1.500324 0.733926302473206
409 0.616268 91.2609566893289 1.603792 0.667116327504719
410 0.59071 106.185778892776 1.648114 0.714349811697959
411 0.659559 92.1771900562504 1.492019 0.58673224622582
412 0.284085 115.792797129947 2.161061 0.746759729408268
413 0.54265 87.149299800322 1.68239 0.600086877282073
414 0.510559 115.296652874132 1.858446 0.713334655308366
415 0.348406 115.760930623119 2.107822 0.728231175446689
416 0.484634 106.029712459621 1.874451 0.668904341817453
417 0.120073 129.51868891428 2.279649 0.792853101067635
418 0.502754 99.6699327051536 1.850161 0.528325004203205
419 0.583807 96.2672729588515 1.702992 0.709360779487608
420 0.393533 106.96684745969 2.031431 0.75969050170339
421 0.610381 82.658083838941 1.62769 0.605396553980036
422 0.454885 103.657827410414 1.925252 0.684986880796202
423 0.620774 109.064479828142 1.601958 0.66094865237244
424 0.492425 111.759342093136 1.857414 0.686732253221622
425 0.296469 121.721592720982 2.160676 0.804405006304628
426 0.591877 104.838593725707 1.678328 0.660028734363813
427 0.28755 122.322680013428 2.140058 0.747800192717346
428 0.521792 113.040603057962 1.79802 0.712136859385446
429 0.618214 102.725949378116 1.593547 0.651762793175519
430 0.433906 109.349054994385 1.977737 0.718918881918146
431 0.465408 107.06090481569 1.924239 0.684892078541305
432 0.527939 109.660490233512 1.81206 0.771481233630621
433 0.514022 98.5570528948579 1.802075 0.713670181881428
434 0.545355 113.403498608526 1.683208 0.716724602887684
435 0.575157 121.384416939893 1.704378 0.718814982615579
436 0.438189 103.876583000042 1.913066 0.692271595328658
437 0.325441 120.903177265655 2.120177 0.711473253222656
438 0.642396 104.466148186943 1.446685 0.635886755443041
439 0.294974 112.645071216384 2.14089 0.77923705715912
440 0.572777 92.0085062106773 1.686763 0.723273210006308
441 0.141859 118.381876828897 2.265617 0.78945059022226
442 0.675482 107.925734584943 1.439258 0.700705629102266
443 0.374657 113.214569282536 2.01099 0.731264677699252
444 0.628275 104.753202112252 1.559114 0.689839607955417
445 0.665945 102.067449075203 1.439803 0.694810652599865
446 0.392867 109.538719911514 2.034568 0.74059854323244
447 0.546401 104.953113082828 1.756546 0.688622313887025
448 0.496808 105.486515479366 1.879532 0.597675745767728
449 0.424405 135.959528750249 1.996888 0.770906491851027
450 0.539555 118.867412667326 1.789994 0.717608743853954
451 0.441071 120.354801813301 1.958844 0.720016183714291
452 0.271001 121.834443551051 2.183259 0.772047300721522
453 0.571384 96.6822427636739 1.697797 0.591176093016386
454 0.515201 99.6193140310964 1.830353 0.706445577825196
455 0.375642 121.119382459954 2.053672 0.725564874824885
456 0.338215 121.790158565457 2.114766 0.7303839189115
457 0.422494 109.959471659964 1.955713 0.705736490545009
458 0.397285 96.7491842299002 2.006109 0.727252328421846
459 0.474276 103.482085702444 1.896449 0.7519382658183
460 0.390611 108.542543339002 2.026377 0.69932182421615
461 0.395464 108.915926442394 2.016814 0.724150745131004
462 0.363361 116.334839294402 2.084587 0.732692466479215
463 0.567065 118.898719147815 1.714354 0.643362248800846
464 0.445624 113.65408106322 1.939171 0.729990825582709
465 0.34484 106.722494671913 2.098555 0.714332865678835
466 0.500389 117.423104240692 1.833137 0.68541741666101
467 0.299399 118.560518816185 2.124407 0.779658297670117
468 0.483054 110.729948366037 1.90723 0.746814726912089
469 0.386187 115.79420337787 1.993881 0.750138488537159
470 0.333648 104.058293947221 2.090329 0.72846801121245
471 0.486967 114.622906994371 1.898472 0.749291339635875
472 0.500737 100.121713938547 1.861585 0.666456004244782
473 0.270093 101.479102666925 2.150731 0.738130570715654
474 0.639861 109.18602977196 1.511831 0.710838039261018
475 0.500493 102.455427008178 1.869456 0.722609073633031
476 0.472692 106.835735685885 1.923707 0.67943069582121
477 0.442157 104.232644583097 1.974754 0.655213350941282
478 0.408556 113.702245531214 1.982245 0.73245692161736
479 0.391215 117.830178895422 1.980675 0.726786559657894
480 0.27867 124.489321446299 2.175053 0.795763492689826
481 0.418558 101.550266529127 1.944721 0.722411520606268
482 0.445624 123.675380670151 1.923568 0.698609178588752
483 0.387502 117.977150019672 2.056248 0.701342125871892
484 0.498258 112.402295057129 1.839951 0.700162558459648
485 0.406617 111.857819789443 2.02081 0.72613666649214
486 0.268694 118.847199361997 2.184959 0.754183180865762
487 0.353249 109.88937618085 2.028867 0.720164178973853
488 0.196092 124.385248287947 2.241579 0.803472174044199
489 0.343141 105.957315425198 2.082117 0.722830471705727
490 0.525195 110.871343479703 1.829202 0.790288824210289
491 0.459815 89.519643013089 1.895535 0.713502849254313
492 0.420301 102.638851370743 1.938708 0.689992565740899
493 0.674833 98.4283269160025 1.448296 0.602473677714271
494 0.30453 116.431405163804 2.152761 0.794077509489244
495 0.47834 103.637128782336 1.861623 0.711599138087988
496 0.293082 122.311152236672 2.160225 0.779249558885489
497 0.484785 121.680105904452 1.899773 0.762198098956486
498 0.382262 106.132117139141 2.059959 0.704939036737154
499 0.557695 94.9068338924663 1.738853 0.638543975143544
500 0.296756 112.132648812271 2.145469 0.726376199607669
501 0.342896 120.339814367622 2.084912 0.759401479552151
502 0.497472 110.294067125421 1.84346 0.686415568006702
503 0.411888 104.702468768013 1.984578 0.730376346518145
504 0.505018 105.369285738172 1.820587 0.712783391893808
505 0.329018 123.931051723628 2.120154 0.769824017929677
506 0.398546 106.865426643682 2.045916 0.720427880526091
507 0.406653 107.877975531559 2.00192 0.737398955275961
508 0.488146 106.08342540478 1.884231 0.712119797947622
509 0.55793 115.072861159711 1.761861 0.722580899626227
510 0.307505 111.85808609227 2.092585 0.697971428897825
511 0.39917 117.990193757678 2.023168 0.756120094401179
512 0.620514 95.8104245596487 1.589231 0.704393743219802
513 0.434412 97.2502628590548 1.954278 0.690836958032006
514 0.460952 103.875667844463 1.903268 0.69361586743923
515 0.509322 105.237964090827 1.828088 0.674326339891088
516 0.531617 104.317097189431 1.786204 0.713375593204136
517 0.43339 118.214632472098 1.995662 0.717539411388079
518 0.742041 79.3366187994253 1.208483 0.51573337307803
519 0.460277 108.607346174004 1.913607 0.75314576505422
520 0.411798 127.172129515199 2.018536 0.748986933137261
521 0.495336 98.8606731548127 1.793166 0.754890194959039
522 0.461587 105.845439687255 1.859839 0.752804543014198
523 0.410519 121.409667920812 2.005333 0.726822453157454
524 0.477949 111.919775613758 1.887679 0.710251560690616
525 0.324034 115.928128121793 2.131977 0.746540631683545
526 0.244825 132.306679890855 2.203632 0.7535855603292
527 0.511047 106.11657204332 1.78265 0.693585487116109
528 0.407268 104.121393427106 1.996671 0.760211564845825
529 0.472706 100.105317030195 1.88217 0.721239108812947
530 0.424856 111.94458108893 1.949748 0.720166794297629
531 0.690119 94.3793207562213 1.382465 0.625180518794213
532 0.376365 116.754636540626 2.055188 0.764921439694686
533 0.539313 103.562295282379 1.77707 0.718119181004894
534 0.372131 112.877347129366 2.038294 0.748220833530432
535 0.494662 112.165204731697 1.869815 0.699760706423072
536 0.432096 85.5278081087141 1.988139 0.617454802769402
537 0.704415 96.8101710041893 1.345373 0.677731349042244
538 0.597943 104.903190126606 1.667979 0.624549553995466
539 0.435985 94.3407980390803 1.913817 0.655805115367874
540 0.498449 110.666747696254 1.818147 0.698927044932976
541 0.450251 122.534044347388 1.920362 0.751970813965324
542 0.546245 111.772004473611 1.756264 0.715670628447348
543 0.443138 108.424204038541 1.974332 0.716899567594416
544 0.542679 107.076897876762 1.752982 0.659385045819032
545 0.381924 118.685947981232 2.054961 0.771331864193043
546 0.610647 95.872123892328 1.590977 0.651350525245029
547 0.415066 112.873547837173 1.948004 0.720966831280406
548 0.210211 112.496678021775 2.200773 0.774898755225919
549 0.462945 102.390992286502 1.879378 0.690195327772639
550 0.468847 112.869410224214 1.885018 0.704897168472108
551 0.344169 123.743675088768 2.112031 0.776329278473257
552 0.501014 109.699062098484 1.868221 0.692888139187187
553 0.783923 90.1173626914322 1.03395 0.594978525990623
554 0.517586 112.641923827877 1.847802 0.685078787153683
555 0.61595 103.569066698158 1.593766 0.697606444069216
556 0.520091 93.1323912321844 1.7572 0.682286484051741
557 0.332764 118.791742207439 2.118463 0.765181719254959
558 0.501465 103.356670731768 1.850981 0.71172224297356
559 0.370698 121.473286363622 2.062531 0.778527230280596
560 0.296057 115.803701792465 2.15593 0.761858900330576
561 0.288262 120.42082997166 2.166612 0.752024650971869
562 0.460634 111.677109213684 1.88374 0.749989467043784
563 0.512635 113.17650922783 1.819529 0.735093611879602
564 0.302637 117.474778493227 2.153268 0.749116337163954
565 0.627614 95.3696666123555 1.584342 0.7053013440433
566 0.423985 99.7098693840624 1.979304 0.714556319437304
567 0.5732 112.974641806977 1.711272 0.753947178191965
568 0.411577 118.248314751981 1.963696 0.744072621262836
569 0.399583 100.926082790438 2.007934 0.707095636575652
570 0.234826 120.747014826897 2.208279 0.775161116256703
571 0.480992 109.404576421142 1.903095 0.765509974160927
572 0.266541 121.767164007744 2.176054 0.772082170079073
573 0.465884 100.583469306791 1.867003 0.697882271032066
574 0.644023 90.461731691615 1.496142 0.669699214334596
575 0.492719 113.626622480164 1.877039 0.701479400450404
576 0.598987 104.071279645364 1.618113 0.686305637768541
577 0.420813 120.917903700756 1.996619 0.759789850876078
578 0.240449 127.348945865977 2.210769 0.740144964418423
579 0.560981 106.701322117521 1.713669 0.699901805028821
580 0.332226 119.143041513279 2.123087 0.736771425638371
581 0.491474 110.943277824906 1.889277 0.727664684944586
582 0.189049 124.583929169062 2.220383 0.77365875777909
583 0.629305 103.715766361525 1.583493 0.686308828514934
584 0.329969 108.10459892836 2.086989 0.668520448654869
585 0.382593 112.459440084229 2.025894 0.737173882025416
586 0.459643 116.247279708394 1.929666 0.750083317538776
587 0.539151 103.75445482065 1.753363 0.662082315054301
588 0.420046 117.718829549307 1.963778 0.765807351467218
589 0.558314 114.61869722339 1.758016 0.737849443477742
590 0.25029 126.093518169632 2.197629 0.780100905627455
591 0.52777 104.762980218453 1.800597 0.610449233268701
592 0.658882 101.012472442722 1.461647 0.691859842464294
593 0.468681 124.30113596898 1.925082 0.729166064888245
594 0.494059 108.369253366573 1.876026 0.700318316699252
595 0.349898 110.81392552352 2.05182 0.701367428548669
596 0.453086 108.659766538346 1.903123 0.717968068288341
597 0.562281 94.4613916179774 1.728594 0.653721483074509
598 0.340669 109.923192100698 2.058173 0.752338868372599
599 0.192465 136.594505346846 2.243937 0.820587388559843
600 0.284858 118.507728383906 2.160176 0.772767203098737
601 0.419754 118.539480433475 1.963255 0.744396103992369
602 0.547895 114.36916234179 1.771979 0.623453096051592
603 0.209489 122.269018449548 2.223816 0.790386198374375
604 0.529734 107.472681884854 1.818881 0.726797653778438
605 0.338318 117.025407020174 2.113904 0.736077438775567
606 0.412545 106.551870065679 2.007687 0.697485572841033
607 0.58925 93.9924932735575 1.690135 0.690418213401659
608 0.407339 104.700835193002 1.980153 0.764415471171792
609 0.599546 113.761030191628 1.654763 0.699015181873667
610 0.347929 114.079428638126 2.077786 0.743439223093232
611 0.296196 116.4050155819 2.159503 0.720960166565496
612 0.516065 109.185620666093 1.765521 0.713405204075098
613 0.427324 113.330786432812 1.96894 0.74878100475031
614 0.413022 118.902710787474 2.015811 0.744556073033012
615 0.309753 128.371774786045 2.131816 0.759890874500645
616 0.356955 103.658976094316 2.046684 0.711682342342385
617 0.505888 110.615285871366 1.865642 0.718312648456598
618 0.41852 101.800736612779 1.950432 0.691273711638392
619 0.281146 109.413988688558 2.143679 0.754413900942296
620 0.411555 101.859116797162 1.967845 0.689983478589987
621 0.508956 115.392428846861 1.84215 0.724297959317773
622 0.494228 113.08591021734 1.880276 0.738208722686742
623 0.486113 116.649594696373 1.841701 0.744225382971927
624 0.292218 114.841742658469 2.153329 0.760386924032548
625 0.299482 115.42153550935 2.139017 0.752164263410611
626 0.105265 118.02598349011 2.284742 0.799266197748316
627 0.68922 96.0746848135121 1.39456 0.704537954760377
628 0.327987 118.594190750659 2.086793 0.747771300436524
629 0.387899 112.059290900996 2.046735 0.723783778944242
630 0.625859 107.913816259756 1.572866 0.679983224313529
631 0.392982 112.777412030232 2.023011 0.692341570331746
632 0.494262 110.283655383254 1.838033 0.743133298023901
633 0.178624 123.442037124849 2.252151 0.793382431733202
634 0.331537 115.13686477734 2.110813 0.748223881784756
635 0.63456 93.1384674222096 1.542322 0.647164401553652
636 0.206278 118.871211585825 2.231976 0.791356505151253
637 0.614889 92.2918978700802 1.570286 0.669017085341854
638 0.364281 112.391830975853 2.046752 0.747043856816126
639 0.354583 114.961738633193 2.088697 0.724795180111082
640 0.356532 117.813908052571 2.051616 0.749692828162236
641 0.646925 113.590488983206 1.519731 0.737235257213147
642 0.398594 91.6621071349608 1.972248 0.688752268711564
643 0.740257 101.493770123943 1.161077 0.660388483763999
644 0.492185 98.9892504165173 1.863456 0.724801335690727
645 0.431534 110.764743131953 1.949432 0.706259611943268
646 0.274765 122.365965508691 2.171474 0.77333624356665
647 0.594354 93.3719385650933 1.607451 0.684680131796898
648 0.59002 86.6712587012913 1.67515 0.702276462464858
649 0.140026 134.632293862602 2.272096 0.788947019645145
650 0.704533 86.6745905614278 1.315493 0.641285378686012
651 0.573267 102.101083902969 1.707868 0.685742800221009
652 0.371854 109.601214223392 2.066413 0.739711453469114
653 0.200307 134.651793788047 2.236834 0.814371874688606
654 0.146216 125.579302635029 2.261749 0.775191073106685
655 0.744882 114.831875468886 1.130647 0.69587347791109
656 0.740722 110.322785213898 1.13908 0.68422810505842
657 0.568729 106.071626108808 1.69271 0.679805297768411
658 0.480655 107.467568872366 1.872258 0.70136815178951
659 0.3762 111.452133229534 2.057475 0.737403283074178
660 0.562646 94.2736395056422 1.749235 0.682411127018192
661 0.470385 103.816605715333 1.863863 0.714983651436335
662 0.313635 114.363725230755 2.105341 0.763585072143208
663 0.566881 112.348248660667 1.68761 0.71627162607232
664 0.3814 95.5655985246018 2.025191 0.631440413801437
665 0.373846 110.891389076337 2.054391 0.738991146054952
666 0.632638 103.217353722877 1.553159 0.692159593065962
667 0.300105 97.5889151112247 2.115161 0.691156475507852
668 0.308828 111.71824043016 2.115413 0.698898585001043
669 0.523012 98.7496947809412 1.774502 0.711500166913378
670 0.292659 113.548978952947 2.158412 0.778447640368498
671 0.433466 108.215041356191 1.986559 0.739995164063338
672 0.606796 110.70899432284 1.624124 0.717483638765702
673 0.383605 105.420203525265 2.05227 0.705442053966133
674 0.464463 106.589009438317 1.888181 0.741683272860956
675 0.421221 103.816209401798 1.956755 0.692875105289829
676 0.223741 121.218883797745 2.198833 0.777691559277143
677 0.535007 97.3478015385875 1.806589 0.727066010981081
678 0.652733 106.532704954858 1.479685 0.638067991049626
679 0.533525 99.8813978028911 1.75773 0.540809197343449
680 0.451214 112.302547050883 1.907786 0.704129872765932
681 0.57229 108.846776620634 1.716019 0.694906419928692
682 0.425814 113.42974704846 1.974186 0.748971667257603
683 0.572445 108.248788858097 1.700818 0.686877006961529
684 0.392113 113.001701502412 2.031191 0.724939844812225
685 0.472894 113.247290034664 1.896481 0.740272928950146
686 0.503573 112.423414536969 1.842623 0.709588005519022
687 0.375708 114.481044946673 2.031203 0.737487504753884
688 0.564638 105.101905269458 1.739404 0.689310779897441
689 0.506787 103.849789047339 1.809041 0.675442362138797
690 0.186673 114.555851427488 2.233808 0.743768593248848
691 0.43193 111.299898544495 1.948164 0.738254456993215
692 0.285888 123.049156647763 2.133938 0.789650387336397
693 0.540637 98.1558137191794 1.731899 0.682805172875845
694 0.511469 84.6219565223575 1.786139 0.657683569296919
695 0.129772 125.947293605266 2.274306 0.79333158540948
696 0.465719 108.335481357349 1.920272 0.712185196916777
697 0.490615 116.385509209249 1.889726 0.71311148507472
698 0.601126 104.714058291858 1.643108 0.645091853079046
699 0.436588 112.869874987621 1.904014 0.681846113817147
700 0.357744 119.165072270636 2.064152 0.792972917848463
701 0.541013 113.937021693391 1.77966 0.732838291239923
702 0.627873 106.257076155715 1.59898 0.713558748603768
703 0.362288 108.729836961187 2.070058 0.718166459001587
704 0.422353 115.343423004134 1.990565 0.721857192858979
705 0.525141 102.630967485047 1.821553 0.73654812736083
706 0.401035 125.062875697182 2.028168 0.706644964273251
707 0.661179 111.31946217761 1.49419 0.735074488760747
708 0.595319 104.284323040882 1.663606 0.7391654429386
709 0.335908 108.918920612697 2.093948 0.738956758339718
710 0.584258 116.08374486495 1.696602 0.722929677307466
711 0.402962 113.668946998952 2.008177 0.710702565000431
712 0.282723 118.329970778188 2.159068 0.769218994172821
713 0.309708 109.826094991032 2.072303 0.722515708174648
714 0.512953 111.032052515242 1.771348 0.714763460867941
715 0.495912 113.845427159349 1.849149 0.742464431045032
716 0.444415 91.7458928474167 1.923083 0.704230377219068
717 0.474634 111.692943835209 1.886509 0.755331455089091
718 0.566925 116.295924904086 1.701272 0.713887208977246
719 0.577927 101.554027565261 1.700341 0.634918415942089
720 0.494954 94.8221702474707 1.863532 0.63595821339049
721 0.532747 122.815002469075 1.778861 0.651391878163903
722 0.272081 114.849724056685 2.147308 0.754812451151749
723 0.551804 110.496904823645 1.776926 0.707817423325196
724 0.667912 110.149889379948 1.466848 0.713996933630968
725 0.463723 119.086912890888 1.912868 0.712722866161027
726 0.520238 114.29497460396 1.815603 0.702244025632533
727 0.585364 105.550503688206 1.669505 0.723566469003527
728 0.300576 111.374748100657 2.121783 0.750170413736824
729 0.462514 111.044118040197 1.883783 0.724791376389294
730 0.448719 111.351523663857 1.939117 0.737688656888293
731 0.743708 90.6171099301354 1.145371 0.631618672007104
732 0.217571 121.47526301383 2.210504 0.797757034518725
733 0.480353 116.309793097815 1.897082 0.699687941686571
734 0.57981 100.829762621897 1.658072 0.702590696976975
735 0.452611 115.380054492953 1.959079 0.694556717682659
736 0.626462 92.6067641841602 1.562187 0.685858701715269
737 0.27425 127.228851962496 2.166482 0.750246758578306
738 0.656183 119.023986277201 1.386019 0.684661931982983
739 0.348491 117.127968309424 2.10036 0.744923089138882
740 0.585598 116.078465931741 1.670111 0.730772883859905
741 0.598096 102.589575688016 1.643249 0.659643005955137
742 0.330881 119.15071321728 2.100843 0.783543382300297
743 0.617147 117.798864631273 1.604917 0.689991565392022
744 0.404925 113.018541956181 2.004135 0.706272254201701
745 0.449255 108.716559569973 1.884417 0.670123255259305
746 0.429075 106.746153759493 1.961122 0.710795288907225
747 0.597259 104.045831949726 1.639153 0.678167110306518
748 0.684316 105.013250564193 1.419526 0.656024522948733
749 0.601708 111.242283455768 1.635536 0.761845815412101
750 0.482841 115.909177706262 1.897976 0.768164438618906
751 0.23617 131.694762599501 2.210138 0.777645661412413
752 0.627404 110.801904320218 1.538778 0.68903931842241
753 0.547443 111.228836731163 1.766292 0.700957164095811
754 0.517902 115.888741824445 1.825715 0.70472315198513
755 0.446801 114.242617994449 1.94186 0.739061462431319
756 0.515866 100.418806164562 1.819143 0.738148882208201
757 0.480883 109.473190156228 1.846466 0.699917192855588
758 0.456293 118.445140336897 1.948438 0.757431675656284
759 0.58684 104.769402127294 1.624085 0.726539340197166
760 0.620124 102.280323602813 1.612108 0.684776487539245
761 0.53844 103.368298559805 1.804092 0.665412441166909
762 0.592926 108.144022306882 1.666084 0.75757719015449
763 0.404092 110.597993247529 1.966063 0.734762904353678
764 0.276586 109.375284816688 2.1734 0.728758481662734
765 0.314103 122.111350709929 2.142851 0.753886823435307
766 0.163514 123.538405104028 2.242996 0.761284902848395
767 0.443214 122.63748659282 1.956306 0.7483422766591
768 0.411077 103.793216959938 1.992982 0.737817735709841
769 0.535639 109.458796391455 1.803815 0.733164864344222
770 0.360112 112.341356680251 2.059026 0.748126742223055
771 0.424212 116.723592922481 2.002016 0.728731205398004
772 0.439138 109.176882592427 1.952599 0.693176466146625
773 0.561031 111.230212875163 1.756921 0.732467530912491
774 0.314306 105.979964089402 2.130211 0.744538953608777
775 0.419565 94.778433381559 1.969811 0.728175424336445
776 0.253756 130.184611411063 2.181563 0.71563451568387
777 0.539028 113.830429539907 1.741395 0.658442072570474
778 0.510262 112.585259451356 1.839993 0.679851648785285
779 0.337248 122.575587222466 2.121627 0.744162612362123
780 0.431132 105.411297246195 1.959707 0.706986032970166
781 0.619869 109.701306553933 1.608678 0.683715838189988
782 0.493513 97.0021122069688 1.866998 0.671325271881941
783 0.391229 100.752288024014 1.988198 0.705346091479388
784 0.592777 104.650586500174 1.651695 0.707239224109952
785 0.12527 129.116376557124 2.276458 0.813015855728409
786 0.382257 108.93384081385 2.046108 0.71333313728671
787 0.448237 117.189472128159 1.912572 0.743623045841764
788 0.712357 102.667329234898 1.331712 0.724976279517475
789 0.664427 92.1084786732277 1.477293 0.629522262262171
790 0.363019 125.831964017279 2.089569 0.796122804377821
791 0.229824 120.657803448053 2.200009 0.774294983084808
792 0.431184 113.806202490792 1.988154 0.762991841577067
793 0.679452 96.0333315868921 1.344749 0.692138366596655
794 0.639443 95.5824733550832 1.518859 0.640654340382144
795 0.51036 115.044822934152 1.843099 0.682236602771243
796 0.405027 109.041267421532 1.998947 0.737048107303856
797 0.363011 119.064056110585 2.091464 0.763585645752058
798 0.325617 124.456034881083 2.128415 0.747185654036553
799 0.48374 101.290801352563 1.895345 0.717286491614847
800 0.743312 103.182728642334 1.130227 0.683753612743716
801 0.633453 111.386891449562 1.573508 0.732805139308986
802 0.270628 114.010823909367 2.155417 0.71695298839659
803 0.583193 101.086760917722 1.681497 0.731171107415481
804 0.373337 118.888642053815 2.068388 0.777503125555633
805 0.428314 106.798028866982 1.982259 0.704929006143623
806 0.331663 117.728868042259 2.115896 0.801157513741989
807 0.401643 122.484835391177 2.035109 0.725244659754187
808 0.603384 108.831293787333 1.63322 0.675271335506963
809 0.183257 121.407168322463 2.247468 0.766036491997936
810 0.398206 91.8442874258312 1.944055 0.680839278366257
811 0.349972 105.417495494932 2.082184 0.704746658352315
812 0.495365 101.920594870364 1.871915 0.753223421754094
813 0.652909 100.374596238776 1.489971 0.686710578657108
814 0.384956 114.167128607326 2.058618 0.754989382281334
815 0.263104 120.319313322539 2.190499 0.789172793811663
816 0.47616 95.5687627723924 1.857967 0.66250506425786
817 0.64973 101.503512101993 1.526586 0.656420036284177
818 0.285812 108.475785950919 2.145637 0.717281261861424
819 0.455573 118.39268592772 1.955511 0.754044726071577
820 0.413095 121.144265078749 2.00823 0.781753207892862
821 0.26791 112.697716777162 2.171241 0.761360175056021
822 0.474121 106.973432224468 1.870349 0.723132366641887
823 0.394929 103.261005742396 2.038971 0.782901675837051
824 0.433277 116.249822908652 1.956569 0.719306205849362
825 0.240149 121.515897378792 2.19839 0.649299942123606
826 0.600439 109.181121764256 1.637131 0.722790990907412
827 0.466092 108.315282662971 1.937684 0.730863986721626
828 0.381493 119.807307930629 2.040095 0.734392762775242
829 0.52963 111.182667474389 1.775192 0.742687613135285
830 0.246284 123.408932037136 2.197905 0.783361770309483
831 0.361313 114.322398982281 2.072748 0.726461401914956
832 0.378956 114.140504620534 2.01267 0.692383264253223
833 0.414334 120.023716787695 2.009897 0.741808136415652
834 0.195706 118.891895494715 2.236438 0.751928320780113
835 0.624897 104.736555390309 1.584416 0.635143112935236
836 0.393875 101.106557260469 1.975381 0.610473793154597
837 0.597991 116.195337547639 1.650953 0.716137552217499
838 0.482031 105.634969379648 1.906179 0.728347370431059
839 0.607282 120.669114077994 1.627131 0.741793505405981
840 0.22752 122.018411402712 2.200489 0.737191294714179
841 0.531028 95.4894854920171 1.764254 0.658840425499273
842 0.374435 115.588391448505 2.051321 0.751067239910919
843 0.402638 126.174233524143 2.032025 0.771227919849318
844 0.576047 112.679979137032 1.703133 0.671911492347707
845 0.432787 109.830026196454 1.930514 0.74346922405478
846 0.26438 124.579089535521 2.171932 0.789471484156424
847 0.540302 104.49636278162 1.777299 0.638873916250144
848 0.466925 98.1650024112672 1.858647 0.714611335339533
849 0.393781 117.651777359572 2.033635 0.779377597174971
850 0.467781 116.420379802737 1.93173 0.772956784030769
851 0.454162 113.545499108597 1.903116 0.729397833097605
852 0.440494 104.229424904323 1.905821 0.746117120953102
853 0.464786 110.26332944528 1.908831 0.714324099784841
854 0.658136 86.3000658461638 1.454591 0.586382475996617
855 0.237376 130.95851969091 2.213116 0.772607164925395
856 0.179589 130.028842876071 2.250599 0.807268212235711
857 0.437943 116.025927553447 1.987179 0.778050622384155
858 0.332893 119.95038483883 2.120237 0.776067711823893
859 0.6091 95.2159558213468 1.627553 0.673092179259988
860 0.261929 123.560985762225 2.192883 0.791233335709994
861 0.620261 113.84945727835 1.592033 0.734416379187836
862 0.517554 105.396087442224 1.841333 0.719193246854489
863 0.283744 117.336143313688 2.165492 0.738154224369639
864 0.513844 106.539215690024 1.816068 0.741539616764682
865 0.159954 126.152913004471 2.259703 0.796123364507951
866 0.758174 84.023881934226 1.144941 0.573920238829349
867 0.434747 111.677092879078 1.958156 0.766604018788452
868 0.480598 103.864849944816 1.888425 0.659835670947656
869 0.418599 104.975453343231 1.936169 0.672831738112586
870 0.344467 114.292562219258 2.10128 0.70276547399106
871 0.589937 111.52194623041 1.64597 0.738753935830194
872 0.316174 113.182400005253 2.110532 0.776226326470419
873 0.635815 98.6761040554774 1.488787 0.629657225893722
874 0.793385 81.2211347016236 0.968876 0.575925436452777
875 0.393074 118.342341039239 1.981734 0.746552641050921
876 0.601039 101.356962130424 1.645218 0.7109606255652
877 0.406501 116.342445868438 2.028576 0.731862093470281
878 0.119123 128.675245144448 2.278971 0.802067471952971
879 0.448234 113.715455773257 1.970098 0.757828677959475
880 0.160027 132.242608554611 2.260461 0.757915351574261
881 0.477313 115.583655393305 1.915611 0.721911545720087
882 0.386906 114.482753231132 2.061269 0.791026681893047
883 0.605903 94.8125714344563 1.621124 0.6365636863949
884 0.31807 103.619860215178 2.107606 0.767331765058789
885 0.365682 108.074899980032 2.031029 0.74426709429673
886 0.58357 87.7964378812451 1.692213 0.681967696238169
887 0.687473 103.840979120083 1.409927 0.657678068474862
888 0.551122 104.19907398457 1.76328 0.727975318574136
889 0.375605 121.617673448709 2.046657 0.760503943564089
890 0.415386 112.54374116746 2.009665 0.702700402086893
891 0.694404 103.578068739225 1.37593 0.629628515811136
892 0.281427 118.276204732055 2.177805 0.818240816826821
893 0.554261 103.905143076967 1.72054 0.698908769520261
894 0.572072 104.45546932219 1.707415 0.658781957523805
895 0.418951 114.621475866561 1.973833 0.791090055254142
896 0.372925 114.285760468301 2.058561 0.75361855301247
897 0.340103 109.032158358787 2.106657 0.745248321033544
898 0.437665 107.905362902645 1.96433 0.645970996473469
899 0.567009 103.54367878747 1.713559 0.703156458307906
900 0.355191 122.055117476373 2.097364 0.759898833720117
901 0.363297 115.911255661042 2.076499 0.749042099906279
902 0.574332 90.9131634725601 1.71444 0.692842642203492
903 0.581907 102.575402757086 1.697456 0.757795271012761
904 0.504515 108.616352536035 1.822203 0.725185988508288
905 0.504699 116.3576027832 1.854237 0.73653535009275
906 0.290566 125.335430662403 2.161785 0.749405116839854
907 0.576449 103.97780112992 1.701827 0.718617694954997
908 0.540201 114.627283489625 1.777089 0.731598709121078
909 0.303793 119.587871317652 2.139022 0.761463401459511
910 0.514965 107.037734976723 1.82531 0.698947196067346
911 0.339018 110.320146643785 2.0879 0.725495196599035
912 0.56176 91.0584486371733 1.742525 0.646917567392048
913 0.429975 119.248146964678 1.99884 0.703881983948563
914 0.449979 120.561245525343 1.93335 0.726886883650805
915 0.550767 95.2898465450362 1.742334 0.714966717583675
916 0.476234 112.794780735776 1.886164 0.765221940710827
917 0.141982 138.252969479415 2.267836 0.730331373420883
918 0.186742 122.871434516915 2.244184 0.812733685921878
919 0.510788 95.1756068683034 1.76839 0.682537352994611
920 0.411061 117.447209980117 1.995564 0.74764245291991
921 0.547393 89.4130770683086 1.739076 0.709763389498252
922 0.481489 115.387526160653 1.894282 0.677448107321541
923 0.565921 104.123315007142 1.710107 0.717547948417014
924 0.256699 115.572579067672 2.183707 0.729320654988076
925 0.567156 105.660475676898 1.716651 0.683895268926504
926 0.484541 113.872379931886 1.894455 0.74822511729776
927 0.310967 108.487713699913 2.115831 0.728235462489064
928 0.431622 115.215504897817 1.964689 0.715230230182316
929 0.493857 106.343381289968 1.829341 0.691392780571062
930 0.426638 101.324604630052 1.948461 0.709133285794876
931 0.611213 100.077913028871 1.602261 0.631806437899425
932 0.466305 106.080753212501 1.877652 0.742652905279596
933 0.423476 112.23076904653 1.997312 0.763543023090066
934 0.464697 94.5361001371707 1.880047 0.690504614543683
935 0.435957 97.140625873436 1.913571 0.68290220499409
936 0.502103 97.2805104843484 1.859764 0.691337532223584
937 0.343363 116.201978740342 2.089832 0.762551303226536
938 0.680346 103.126882789805 1.381163 0.700766340894804
939 0.180543 137.136265167341 2.250563 0.798758795399803
940 0.513201 126.237177105283 1.852029 0.775177357338473
941 0.42189 112.317145975194 2.003643 0.694695945042401
942 0.284461 115.177868483195 2.170757 0.780252054446945
943 0.533886 118.524890672353 1.8115 0.669466295519246
944 0.57465 102.799953550222 1.677184 0.673257469416678
945 0.33826 108.519536546193 2.094245 0.726601093777257
946 0.528189 96.9965414088134 1.796852 0.721541989610407
947 0.517152 108.138091646422 1.822959 0.694435719425147
948 0.490398 115.375705453808 1.871082 0.754564621228555
949 0.565392 104.612292993526 1.712077 0.701757997775613
950 0.591348 87.4956988100541 1.644383 0.643306126448847
951 0.540809 109.233975814261 1.788149 0.62484427700467
952 0.288176 125.794111071692 2.154946 0.710572488377029
953 0.506157 126.264393001054 1.841979 0.62935362852427
954 0.546329 88.3061400096788 1.761182 0.707653092915004
955 0.30069 122.176330229951 2.158401 0.813535856032311
956 0.540122 107.322399553836 1.679151 0.737875679039926
957 0.673882 88.520546004783 1.415068 0.581311871388567
958 0.308817 115.04775012595 2.142896 0.788158483721773
959 0.532924 100.436783673074 1.754866 0.711183783300307
960 0.388736 120.408148592042 2.022508 0.778061228443025
961 0.487494 102.554056521859 1.862554 0.689275370362083
962 0.440486 127.089085421643 1.952823 0.775604347640429
963 0.386984 106.464751622162 2.000098 0.754667083592882
964 0.435695 108.99817526403 1.937689 0.639413720803029
965 0.535614 95.9800491870327 1.745128 0.683922316296202
966 0.601737 99.4201984867585 1.648372 0.711760415436587
967 0.400363 109.869427789992 1.981403 0.752998074499965
968 0.461475 114.330652047662 1.914038 0.718762847046836
969 0.498994 101.611786538808 1.859156 0.705191213949052
970 0.630729 107.876613368215 1.534979 0.668162207372141
971 0.568536 104.782551711969 1.685904 0.719356666697696
972 0.415466 120.900398958834 2.013279 0.757582616245673
973 0.536024 113.071559803464 1.805303 0.660426626082569
974 0.534355 104.078829917439 1.798338 0.720550296487413
975 0.424149 121.696674441465 1.973335 0.703149784203614
976 0.585578 98.7681246800597 1.680707 0.668828430323069
977 0.473377 111.616080159602 1.859003 0.708013052644589
978 0.401734 102.850750501828 1.993933 0.678287123176591
979 0.110758 125.997398587329 2.283396 0.810910363070672
980 0.552792 100.067065484977 1.757751 0.574658916352264
981 0.352804 109.655850531965 2.04275 0.736509741618847
982 0.478686 113.599510361433 1.913961 0.749413633754452
983 0.396257 110.73079179036 2.042414 0.737295813857086
984 0.385796 105.469954858364 2.028967 0.760398559119914
985 0.405321 116.223926076256 2.009293 0.776295646839588
986 0.341471 111.696674668182 2.100235 0.764110309599993
987 0.380068 115.293482647015 2.037166 0.765174966983199
988 0.41989 114.331468429376 1.966538 0.716130522773489
989 0.316457 130.830409035847 2.141389 0.785054809843789
990 0.634576 113.914708010875 1.538507 0.655943277503112
991 0.179808 136.056478901193 2.252204 0.819966904801327
992 0.386768 118.7588562939 2.050153 0.754078141429853
993 0.554684 120.16329121249 1.766292 0.73410970806609
994 0.60462 107.476902840552 1.635924 0.67075144361338
995 0.505247 113.059740561466 1.857696 0.741741495495698
996 0.29579 117.611417810719 2.109993 0.765280523640501
997 0.35139 106.320411101087 2.055378 0.747826273683187
998 0.611102 87.9394292925726 1.556368 0.684907738564377
999 0.535024 119.468467594321 1.798503 0.744367781758542
1000 0.530038 97.3749313140987 1.778609 0.669707784563855
