rep	aei_left	left_area	adi_left	H
1	0.36509	125.8064004	2.027171	0.823589369
2	0.401646	116.771224	1.961898	0.819988258
3	0.405418	115.5036234	1.979437	0.808069737
4	0.272803	123.7063785	2.15811	0.837872078
5	0.310866	122.0461638	2.094938	0.834606884
6	0.379061	116.9927333	2.014983	0.792038201
7	0.319228	120.753021	2.10192	0.830506922
8	0.418741	121.1377627	1.98358	0.822994428
9	0.350482	125.626957	2.082366	0.832484236
10	0.373845	120.623097	2.009414	0.820725324
11	0.348517	123.8302001	2.069352	0.828650971
12	0.352589	120.5652448	2.047494	0.816918089
13	0.301457	116.9771713	2.074999	0.825920401
14	0.329382	117.0652991	2.057351	0.824859223
15	0.404343	113.9846542	1.979228	0.800665868
16	0.409363	117.5877635	1.978759	0.821334425
17	0.379732	123.2109947	1.99231	0.840589541
18	0.393345	114.5605053	1.977632	0.802660977
19	0.328008	120.6257471	2.091107	0.831418873
20	0.311985	122.712615	2.117044	0.827664988
21	0.322801	119.5747766	2.083941	0.821855114
22	0.415558	115.959207	1.931276	0.807799626
23	0.331897	122.4303917	2.07842	0.831321053
24	0.338235	120.6222081	2.065106	0.828028516
25	0.267597	124.7573912	2.165266	0.84432933
26	0.368578	122.313501	2.049101	0.835416269
27	0.379442	113.4656445	1.976496	0.799351519
28	0.375864	123.3530986	2.0232	0.838916711
29	0.384387	118.6963682	2.007931	0.825294833
30	0.341769	121.3901803	2.054987	0.831100528
31	0.471509	115.6818006	1.887307	0.800490857
32	0.22724	123.2480781	2.169262	0.839923081
33	0.362069	125.2251486	2.04826	0.836858838
34	0.328629	124.0745393	2.0678	0.839485861
35	0.330004	117.4155097	2.073619	0.830759226
36	0.372493	119.2075777	2.019031	0.814305327
37	0.407556	118.8712141	1.99181	0.814354367
38	0.349782	127.6588435	2.062214	0.832160899
39	0.375843	118.0795599	1.98197	0.824963148
40	0.309605	120.7712254	2.085947	0.821722871
41	0.391045	121.7881188	2.000271	0.824400877
42	0.304493	124.1767969	2.108158	0.844384792
43	0.38403	123.669824	2.03174	0.822692558
44	0.381285	121.1245231	2.00415	0.832225823
45	0.373146	116.661351	2.012578	0.820032075
46	0.382408	116.9899055	2.001584	0.816265935
47	0.287876	124.0886308	2.128283	0.824757408
48	0.245536	125.9773173	2.172461	0.852127559
49	0.379572	118.5768189	1.990391	0.831523595
50	0.37676	122.8470893	2.014079	0.825962747
51	0.339616	124.2046827	2.081241	0.838364531
52	0.372133	119.6560602	2.035898	0.827062002
53	0.371716	120.6450187	2.047847	0.816617263
54	0.35743	121.2107353	2.023786	0.837771499
55	0.372535	120.4677413	1.992701	0.826554783
56	0.408234	121.3261549	1.947483	0.834942879
57	0.403294	118.608708	1.979445	0.820812001
58	0.393427	116.8404387	1.99636	0.811277269
59	0.323149	118.9292196	2.094404	0.823296611
60	0.343806	122.7086027	2.083934	0.832348228
61	0.396628	115.3468771	1.960316	0.815247438
62	0.381388	116.8296988	2.023434	0.814582239
63	0.312779	117.8540378	2.06403	0.831851149
64	0.301587	122.6983081	2.09118	0.818969096
65	0.386034	121.8299038	1.981462	0.833994864
66	0.258997	126.9953308	2.160957	0.851121901
67	0.392638	119.3678814	1.985945	0.82854128
68	0.431318	125.2084356	1.941996	0.835528118
69	0.375697	124.4749857	2.037308	0.839079528
70	0.445412	117.5598276	1.935862	0.801851865
71	0.368701	125.6616404	2.043137	0.840015949
72	0.356386	122.5015025	2.069347	0.827281166
73	0.360201	119.7270143	2.007367	0.811709606
74	0.32207	123.6858449	2.097746	0.833272202
75	0.408879	118.0043579	1.949751	0.822865772
76	0.284241	121.584263	2.116857	0.825939563
77	0.327646	119.0223072	2.08246	0.826848944
78	0.36777	119.1424708	2.002224	0.825846644
79	0.281352	122.9940531	2.150212	0.843491605
80	0.327127	127.2116913	2.106092	0.816131296
81	0.282136	124.2024341	2.146737	0.850500333
82	0.396756	120.2370727	1.994455	0.81510989
83	0.441451	123.7823821	1.930152	0.827316648
84	0.381277	120.9162764	1.999944	0.822409462
85	0.374688	123.1712862	2.033569	0.824157249
86	0.288035	120.7103032	2.123854	0.833951551
87	0.335942	123.0455417	2.054138	0.844533212
88	0.292474	120.8342526	2.122895	0.84215489
89	0.332771	127.0593465	2.100825	0.831486481
90	0.259901	127.0888241	2.159212	0.859959109
91	0.465009	114.1668473	1.856901	0.784934196
92	0.344285	119.2954496	2.060697	0.819898031
93	0.381106	124.4522711	1.998897	0.850230396
94	0.388853	119.3270318	1.987785	0.818641587
95	0.300983	120.6714882	2.112742	0.827439179
96	0.360563	120.9131773	2.03717	0.824455885
97	0.359949	118.3421804	2.056126	0.822078487
98	0.40958	117.179179	1.961044	0.793876249
99	0.359279	121.2066601	2.007844	0.827463782
100	0.370124	119.1562627	2.039831	0.813469661
101	0.306214	115.3767606	2.087329	0.831204164
102	0.357662	121.4315095	2.058474	0.836373548
103	0.374389	113.4125432	2.007276	0.818638884
104	0.26774	125.2369085	2.164021	0.851760985
105	0.286191	126.3136683	2.142469	0.832343102
106	0.394523	117.9207005	1.981928	0.816273549
107	0.388137	122.0696966	2.007627	0.830179292
108	0.425211	120.1093691	1.923968	0.818839594
109	0.29681	121.14953	2.121192	0.832717681
110	0.361566	117.1000105	2.04447	0.805227524
111	0.357629	120.0772314	2.041295	0.822652234
112	0.317739	121.1665145	2.092281	0.839294564
113	0.421193	119.2372718	1.967361	0.810424518
114	0.389022	116.4350945	1.984102	0.811123455
115	0.319679	121.1191157	2.104561	0.832755088
116	0.43821	117.9551234	1.905466	0.81402644
117	0.252276	123.6673554	2.178817	0.849928854
118	0.417668	117.5799016	1.936518	0.805775537
119	0.34999	119.5833103	2.041958	0.816926082
120	0.295576	122.3911137	2.116023	0.834948964
121	0.464686	119.7873717	1.881249	0.798714572
122	0.372874	127.5398648	2.046692	0.834054501
123	0.365661	114.5135398	2.010546	0.815016205
124	0.311939	123.1607953	2.103586	0.835958575
125	0.308934	124.0953277	2.110208	0.845251482
126	0.300719	123.9210454	2.104444	0.817500658
127	0.290757	118.5903624	2.111711	0.827130371
128	0.380145	119.3145996	2.015384	0.82469847
129	0.304174	122.5391447	2.096175	0.835255806
130	0.343576	116.9529575	2.047243	0.823895696
131	0.349089	119.1071925	2.035447	0.818803826
132	0.351522	124.295334	2.038123	0.833722163
133	0.347234	122.2886627	2.057008	0.825927331
134	0.29784	123.9822377	2.130057	0.836800102
135	0.385867	120.3870896	2.004608	0.814835652
136	0.382693	127.1177114	2.035399	0.823012317
137	0.360629	124.4840382	2.058242	0.827575504
138	0.353419	117.2090957	2.017964	0.823529796
139	0.406874	127.5361674	1.978139	0.839198413
140	0.404669	118.2741799	1.982325	0.811354008
141	0.365097	115.3050604	2.037001	0.814582307
142	0.368407	117.5838018	2.012276	0.828869294
143	0.338054	121.6764158	2.079791	0.828283223
144	0.340736	115.7993761	2.029475	0.775930879
145	0.322283	122.6356159	2.103675	0.836474792
146	0.33289	119.4418782	2.034328	0.82326552
147	0.365048	121.8849496	2.037822	0.825575391
148	0.432264	117.9727387	1.94094	0.812154323
149	0.329055	120.0670107	2.075937	0.83206277
150	0.329927	124.4261929	2.075377	0.828856402
151	0.390418	120.6730063	2.008867	0.82369469
152	0.489001	120.6715309	1.867479	0.82152851
153	0.335586	121.7981976	2.075992	0.82862032
154	0.353688	115.0800195	2.024893	0.82396858
155	0.335256	116.8962598	2.065779	0.827503585
156	0.383417	119.0381846	2.017824	0.834453259
157	0.357584	122.606207	2.05179	0.832283943
158	0.39451	121.3621894	2.015186	0.819288182
159	0.290401	118.6420951	2.123209	0.823825483
160	0.378872	119.6279021	2.010749	0.829637686
161	0.324201	118.824082	2.077869	0.822192233
162	0.385784	117.3853667	1.98953	0.823756954
163	0.318181	119.9835964	2.105133	0.808484185
164	0.344555	127.0702931	2.091141	0.836480629
165	0.340709	115.1391905	2.048469	0.813396298
166	0.350999	122.7573991	2.056775	0.829620638
167	0.432203	115.762073	1.92344	0.816616136
168	0.321628	117.4872741	2.093645	0.815756815
169	0.31584	124.0706502	2.105141	0.829560858
170	0.448422	114.3739846	1.906779	0.803912778
171	0.344814	119.3166479	2.045246	0.822569822
172	0.424796	124.2901883	1.940277	0.82057018
173	0.390321	118.6716347	1.997153	0.810534388
174	0.32527	120.9464044	2.083469	0.82848907
175	0.351436	121.4747189	2.031911	0.835268866
176	0.316523	117.0347778	2.075565	0.819624199
177	0.351951	116.0969438	2.077194	0.808985009
178	0.351381	121.6060036	2.082715	0.830640466
179	0.379017	119.4324457	1.996364	0.826717802
180	0.449448	116.2404488	1.897969	0.806429404
181	0.435803	113.5461049	1.901408	0.784790585
182	0.212218	123.9446024	2.206293	0.855451288
183	0.412116	116.9132956	1.941163	0.816831643
184	0.329093	122.970968	2.102342	0.822096505
185	0.378687	119.9208704	2.016693	0.814862969
186	0.335087	123.6274655	2.05599	0.831177272
187	0.263578	127.7143734	2.168606	0.835542101
188	0.252075	118.0083386	2.15832	0.835994284
189	0.337882	121.6317091	2.057135	0.817942164
190	0.433315	117.4679761	1.944591	0.809909068
191	0.431032	124.4430902	1.975814	0.809898844
192	0.375493	123.406445	2.026564	0.829335116
193	0.285609	122.786106	2.156389	0.836741317
194	0.369287	120.2247544	2.010846	0.831845034
195	0.357839	122.2884492	2.046025	0.8330271
196	0.307563	119.1252834	2.103002	0.820415825
197	0.409358	121.1372039	1.967785	0.820593313
198	0.29118	126.4676664	2.147599	0.828736597
199	0.431547	120.0276316	1.943555	0.820514711
200	0.399743	112.8136354	1.962462	0.795967864
201	0.362052	120.7455279	2.024301	0.826297038
202	0.274425	122.7470126	2.163782	0.835566434
203	0.41034	123.927	1.971409	0.815098364
204	0.402174	119.7750004	1.989382	0.817541602
205	0.353049	124.5153316	2.068523	0.832666228
206	0.36901	122.6445202	2.039763	0.837581486
207	0.353641	122.2206894	2.031158	0.831640541
208	0.364941	120.3497663	2.029778	0.83100377
209	0.301676	127.552904	2.130106	0.840606307
210	0.375432	119.7258288	2.013972	0.825804964
211	0.344812	123.8040246	2.073642	0.816088764
212	0.405723	118.478051	1.976656	0.816404417
213	0.408298	119.2415248	1.987681	0.818765575
214	0.389856	118.2374092	1.983594	0.816838216
215	0.388394	119.0919141	1.991668	0.820658933
216	0.354352	120.8965527	2.036385	0.816072903
217	0.409624	117.4993104	1.934382	0.797956811
218	0.386852	127.7270557	1.99945	0.852974183
219	0.400087	119.432873	1.999394	0.816271751
220	0.306515	125.7613407	2.108404	0.841069852
221	0.371637	118.0253008	2.036781	0.810574837
222	0.362631	118.1180556	2.016308	0.822222558
223	0.299893	119.8965267	2.128527	0.826471119
224	0.420177	117.9887614	1.973721	0.811023405
225	0.39584	119.6308567	2.001158	0.818640506
226	0.275513	128.4360979	2.163106	0.847634904
227	0.40912	118.775252	1.982139	0.822618608
228	0.264034	126.2989948	2.159735	0.845741038
229	0.318411	119.0771347	2.076659	0.825816555
230	0.426106	116.0994915	1.931027	0.815043134
231	0.458616	117.0650384	1.906054	0.803122322
232	0.461983	114.7987251	1.894978	0.788331427
233	0.268185	125.5232793	2.175637	0.839866764
234	0.509465	114.9899347	1.804662	0.784762814
235	0.423012	121.4453228	1.915861	0.816472298
236	0.419911	119.2746678	1.956903	0.805834788
237	0.342327	118.1786735	2.051119	0.819128989
238	0.258602	124.5958858	2.16847	0.842087534
239	0.343941	119.2646798	2.009326	0.820689027
240	0.341687	120.2083879	2.055297	0.822644724
241	0.368914	121.2971414	2.02143	0.8189286
242	0.368747	121.3285556	2.03694	0.825963255
243	0.301909	125.9395506	2.138143	0.826292315
244	0.366196	120.3606755	2.032073	0.817460253
245	0.388653	118.8683951	1.997276	0.821223741
246	0.346887	123.168931	2.061947	0.836007723
247	0.354192	118.3546883	2.019901	0.827899814
248	0.247111	125.6480909	2.191067	0.852153832
249	0.302933	118.9165234	2.09983	0.833490162
250	0.477306	113.5067743	1.859634	0.807349342
251	0.407425	121.4510957	1.953322	0.826823642
252	0.315458	119.3085053	2.075645	0.824406213
253	0.38335	116.8017096	1.997111	0.81824179
254	0.405707	115.122706	1.958025	0.817528561
255	0.339579	118.9443722	2.053219	0.821486285
256	0.363088	120.495876	1.996449	0.809901662
257	0.355967	116.4699887	2.045667	0.815802856
258	0.303339	124.4393526	2.126427	0.83858936
259	0.357089	120.4809143	2.019221	0.830613833
260	0.361689	126.5444466	2.072275	0.827108273
261	0.340926	117.6356689	2.061923	0.823955952
262	0.375961	124.5990685	1.988858	0.826869473
263	0.452053	116.6836974	1.880832	0.747874161
264	0.298852	123.8380096	2.108386	0.842488362
265	0.385511	117.337594	2.022584	0.799796567
266	0.389991	114.7729418	1.967533	0.813520484
267	0.301754	120.4034217	2.104279	0.83134039
268	0.426997	120.0287029	1.935301	0.82512336
269	0.404769	120.3139952	1.971104	0.816831075
270	0.330447	118.2749163	2.076036	0.827008557
271	0.362668	122.0930907	2.039742	0.829192544
272	0.40445	121.0517962	1.974764	0.800739151
273	0.322611	120.5588733	2.100114	0.832241441
274	0.343954	119.4491481	2.056147	0.819376668
275	0.301861	122.4532855	2.130868	0.84287564
276	0.388827	114.4808978	1.969809	0.814609368
277	0.37269	120.2141302	2.045284	0.8196196
278	0.325292	124.7604276	2.087497	0.832966935
279	0.40323	118.3109173	1.963982	0.832278633
280	0.284081	126.9051672	2.143572	0.845057986
281	0.327779	117.8696875	2.049323	0.822942674
282	0.416987	116.9864662	1.939567	0.805460117
283	0.405958	116.1531594	1.96459	0.80322887
284	0.343366	118.6642119	2.055061	0.828764884
285	0.365458	117.9572749	2.037525	0.818960887
286	0.315627	121.4675615	2.097935	0.828249564
287	0.283698	123.3016783	2.099335	0.843283045
288	0.348712	125.1910211	2.050067	0.823761354
289	0.345599	121.1236975	2.053158	0.829326678
290	0.277715	123.2199446	2.130473	0.842831097
291	0.358715	123.857925	2.069248	0.82961464
292	0.351425	128.5379413	2.04891	0.839420786
293	0.226896	129.4355657	2.193355	0.841866402
294	0.400988	116.7110401	1.962842	0.799507827
295	0.343009	120.1198709	2.050017	0.828912882
296	0.265329	123.6397847	2.130147	0.841562923
297	0.364493	130.4459685	2.044281	0.838245585
298	0.353494	118.907769	2.048898	0.807693145
299	0.352269	119.2612307	2.025127	0.835519063
300	0.329206	121.0087636	2.072382	0.832076277
301	0.463852	112.9419329	1.865272	0.79837776
302	0.373264	120.1089855	2.001906	0.825117399
303	0.309965	120.7940528	2.097676	0.833550657
304	0.329504	124.5380596	2.083244	0.837106112
305	0.405127	118.7529032	1.977024	0.820284308
306	0.295883	120.7793179	2.130706	0.832400208
307	0.312854	125.432937	2.097627	0.841067489
308	0.393075	118.5771784	2.015657	0.812027142
309	0.337283	123.3632832	2.082472	0.830587245
310	0.413638	122.0946722	1.977999	0.827259575
311	0.351291	122.3904418	2.065944	0.835880318
312	0.396093	119.9222599	1.974061	0.819185317
313	0.34353	123.1131649	2.050944	0.8379686
314	0.256053	121.8292687	2.149413	0.827269856
315	0.338089	116.5460408	2.052557	0.821358255
316	0.394481	120.1449188	1.996808	0.819709363
317	0.296565	125.3413638	2.128269	0.830112259
318	0.404223	118.4361214	1.939735	0.825407243
319	0.323671	120.8827706	2.068053	0.824911273
320	0.396418	115.3477111	1.979125	0.813031933
321	0.306482	119.8792229	2.091185	0.825126489
322	0.446064	113.6882892	1.946367	0.823042925
323	0.340272	122.2874723	2.053011	0.820496498
324	0.33901	122.495658	2.054016	0.825407809
325	0.342183	124.2062557	2.063527	0.834841675
326	0.495592	117.74751	1.840971	0.783533217
327	0.357935	122.3753479	2.051015	0.823569422
328	0.282154	121.0200478	2.139359	0.842818191
329	0.423752	120.4055908	1.941765	0.820221395
330	0.313594	124.6904775	2.106349	0.853488078
331	0.371588	119.9242132	2.02125	0.832169541
332	0.344536	118.1014648	2.021821	0.821578999
333	0.33972	119.2142534	2.049174	0.823026572
334	0.327286	119.0513693	2.068948	0.813756373
335	0.405179	117.610058	1.970932	0.816034062
336	0.35173	120.0773604	2.046339	0.828815945
337	0.423228	118.4144791	1.934013	0.816839713
338	0.357356	119.5507853	2.023295	0.817218798
339	0.365235	114.5750369	2.021925	0.81877022
340	0.409552	121.5440499	1.967099	0.833472591
341	0.379065	118.0456672	1.998166	0.82591888
342	0.287765	123.992132	2.12951	0.827817433
343	0.348656	121.4537197	2.028353	0.811673468
344	0.303916	124.4887463	2.111822	0.841082256
345	0.484285	117.1362041	1.834526	0.799243137
346	0.376008	120.1828341	2.019709	0.818119454
347	0.380721	117.5070416	1.994453	0.805647571
348	0.39774	114.4836527	1.987556	0.815797857
349	0.406467	116.2009813	1.966291	0.813208806
350	0.43058	120.3524006	1.94764	0.812660151
351	0.343519	122.8397285	2.035958	0.806224851
352	0.387865	122.0126286	2.021607	0.830499888
353	0.35979	123.8559832	2.055948	0.831702616
354	0.307584	122.7862842	2.068038	0.819399627
355	0.362189	116.7098801	2.04455	0.819209942
356	0.397344	117.8032029	2.000409	0.789527905
357	0.378801	118.8216302	1.994373	0.80701003
358	0.383678	122.0460594	2.03354	0.818329397
359	0.356155	122.1018578	2.049078	0.82749212
360	0.305528	123.1815259	2.109183	0.835246647
361	0.389437	119.5160448	1.994915	0.821441306
362	0.299672	119.8921298	2.130299	0.823465747
363	0.256247	123.636855	2.151471	0.835972429
364	0.391621	125.0634369	1.977485	0.839824464
365	0.395155	117.4073333	2.0109	0.806680392
366	0.394103	121.4746385	1.961761	0.825659713
367	0.359996	120.3118682	2.052805	0.822804931
368	0.360826	122.8525745	2.044508	0.840969374
369	0.205997	125.0986656	2.223707	0.840617141
370	0.309308	119.55247	2.105025	0.83206227
371	0.317024	119.9336838	2.072168	0.831576175
372	0.420636	112.3190816	1.96061	0.794526823
373	0.336987	124.0616008	2.080669	0.839439304
374	0.425179	117.9002403	1.944948	0.803190455
375	0.278065	119.7763913	2.131362	0.83174956
376	0.368214	119.8452621	2.033498	0.825740766
377	0.333794	117.1028996	2.066458	0.827012745
378	0.385442	120.4124879	1.992443	0.827895693
379	0.318378	119.3704707	2.093648	0.828220078
380	0.381734	121.1523261	2.00724	0.825514697
381	0.418284	117.2067409	1.961798	0.817546724
382	0.333389	120.837755	2.051003	0.836059494
383	0.373973	115.9990611	1.999789	0.822884178
384	0.208211	126.0988012	2.210666	0.856895937
385	0.447775	120.6414761	1.916775	0.837244025
386	0.335091	124.9469925	2.074949	0.841828401
387	0.306022	126.1450888	2.136869	0.837103952
388	0.415015	115.8154252	1.941218	0.815332787
389	0.283193	123.7071717	2.138846	0.84176317
390	0.392584	115.9174687	1.985933	0.804383629
391	0.395286	119.6434621	1.982322	0.810565067
392	0.265134	126.0640853	2.114568	0.836663256
393	0.328014	121.8384057	2.08687	0.83538247
394	0.332264	119.7214553	2.045537	0.830337077
395	0.313941	122.6061817	2.10461	0.830874241
396	0.269223	124.9847187	2.135912	0.841968716
397	0.319727	121.8630333	2.071104	0.835025435
398	0.320119	119.4356153	2.060552	0.834447772
399	0.337119	121.3669501	2.059462	0.821345897
400	0.362072	124.1850823	2.058056	0.823596747
401	0.401539	120.1541215	1.977363	0.810137134
402	0.414971	118.3775421	1.937801	0.82051154
403	0.33476	120.4649331	2.068659	0.816980099
404	0.371164	120.6047877	2.017903	0.824282408
405	0.401024	116.1400413	1.957283	0.815421465
406	0.381419	119.5054441	1.98343	0.825246692
407	0.39169	122.1769941	2.018159	0.819433463
408	0.279496	122.7879742	2.110157	0.84470883
409	0.371893	115.8980531	2.007646	0.818335992
410	0.300674	120.7033669	2.113166	0.836238909
411	0.38633	117.3683464	2.023189	0.811102603
412	0.362684	122.3943872	2.024111	0.8310075
413	0.364698	121.0921536	2.022208	0.828276963
414	0.337823	120.7163196	2.063491	0.823685231
415	0.328068	123.6544769	2.086659	0.837653185
416	0.394353	118.8092176	2.014068	0.811606102
417	0.304967	123.2516074	2.112711	0.834638593
418	0.369227	116.8011066	2.020164	0.82082466
419	0.383372	118.6358809	2.016093	0.808318599
420	0.412497	115.830115	1.948478	0.8220077
421	0.35627	121.0972456	2.045871	0.832150793
422	0.383349	121.5951346	1.999267	0.827969224
423	0.339274	120.8771136	2.055892	0.826497719
424	0.394443	119.368386	1.991714	0.822189135
425	0.254376	124.6946595	2.165452	0.854644889
426	0.404395	122.6447839	1.971301	0.832498646
427	0.254924	123.0720341	2.169526	0.847916925
428	0.335696	119.785953	2.088161	0.828971108
429	0.344578	117.1146831	2.055376	0.824032138
430	0.40611	121.1081308	1.970875	0.825149061
431	0.382712	117.8354295	1.979888	0.810157297
432	0.367128	116.4988989	2.021368	0.816574628
433	0.420954	118.7429359	1.948723	0.801247845
434	0.369667	118.2955858	2.031301	0.816644792
435	0.317107	115.2757556	2.084908	0.804812664
436	0.38018	119.3954057	2.008376	0.817435951
437	0.38061	122.260138	2.020417	0.837389442
438	0.263378	123.2672298	2.164038	0.843015978
439	0.386796	118.3597268	1.995908	0.808811453
440	0.342155	121.2052276	2.044434	0.835558318
441	0.32922	119.0787571	2.081244	0.836063717
442	0.242019	122.2845428	2.178985	0.836842851
443	0.308204	120.1722321	2.109536	0.832506128
444	0.355728	117.3067713	2.02759	0.816107456
445	0.390708	123.3393341	2.032795	0.825269193
446	0.333063	122.5419945	2.081228	0.836066763
447	0.384283	125.9565563	2.031576	0.823903625
448	0.31389	123.0020637	2.106304	0.825957785
449	0.269166	120.4048823	2.151225	0.833099802
450	0.310917	125.5149916	2.121757	0.831286376
451	0.343633	117.9260915	2.056315	0.819209667
452	0.377006	121.0923275	2.036358	0.832065997
453	0.48452	117.3627251	1.884984	0.795515996
454	0.28054	122.6313515	2.148237	0.833261595
455	0.377994	119.8111594	2.004707	0.830274939
456	0.392661	122.9234491	1.989839	0.831442844
457	0.292373	119.9222948	2.118898	0.822260359
458	0.457604	120.5631158	1.921878	0.823909199
459	0.367216	119.7296273	2.042392	0.815960533
460	0.292196	120.3251385	2.111877	0.834061126
461	0.364077	122.4872796	1.999681	0.836086161
462	0.220049	130.015497	2.207381	0.862192284
463	0.394022	119.3714092	1.972328	0.828651333
464	0.363673	128.272769	2.065699	0.829133173
465	0.392232	120.7333994	1.982109	0.80796544
466	0.333331	118.2600648	2.080691	0.821606594
467	0.422663	115.2951577	1.939042	0.807061406
468	0.34168	122.8039167	2.061205	0.818801865
469	0.259827	118.7678577	2.180941	0.809332718
470	0.343518	115.4799649	2.052505	0.819967089
471	0.417375	123.0265235	1.97059	0.824368487
472	0.252122	122.5544549	2.165603	0.838619258
473	0.346164	119.6636881	2.043076	0.833987338
474	0.293964	127.2450784	2.140087	0.844164418
475	0.360537	119.6853195	2.032848	0.835659234
476	0.299687	121.0255398	2.115448	0.834090671
477	0.368416	118.1626976	2.004273	0.818326875
478	0.394128	122.6193934	1.988341	0.82770021
479	0.304947	115.5888807	2.056243	0.812250891
480	0.371506	126.3645844	2.037454	0.852345444
481	0.30469	122.6925574	2.094245	0.825775677
482	0.355039	122.9947174	2.050534	0.825875776
483	0.295397	126.0061757	2.135743	0.841433217
484	0.262794	126.4630875	2.143954	0.850617305
485	0.372098	121.1559114	2.007263	0.826433245
486	0.375783	123.9734034	2.021897	0.825156555
487	0.383321	116.9913604	1.977667	0.821861923
488	0.412955	122.6233515	1.968641	0.833149486
489	0.306497	121.1951884	2.08326	0.837945204
490	0.274452	121.032893	2.10481	0.836325266
491	0.377533	119.8723443	2.028563	0.80431949
492	0.325993	126.3765286	2.102921	0.831623108
493	0.359763	120.8565334	2.046588	0.835711516
494	0.35223	114.1866791	2.049527	0.816862221
495	0.386033	116.6669952	1.996357	0.82402167
496	0.414218	120.1494494	1.951442	0.805583812
497	0.350565	122.7534325	2.042443	0.830983217
498	0.359813	121.6098824	2.061358	0.819922424
499	0.495605	118.7239263	1.835301	0.790275766
500	0.309978	123.4837259	2.107898	0.840251028
501	0.392122	120.6857378	2.006666	0.814683783
502	0.39553	117.4932832	2.005536	0.801630433
503	0.342749	117.0391139	2.062072	0.823206043
504	0.374108	116.4170353	1.994229	0.815979904
505	0.375123	120.8213522	2.012198	0.819128219
506	0.42403	123.0123449	1.948752	0.819222997
507	0.293714	123.8180759	2.081542	0.816309879
508	0.312351	121.2857603	2.09118	0.829084855
509	0.337423	126.9627729	2.079428	0.833000777
510	0.285804	122.7157305	2.121733	0.83837187
511	0.384822	114.880328	1.998213	0.794230588
512	0.384359	119.6657607	1.985889	0.830997108
513	0.419509	120.3020083	1.939321	0.827059357
514	0.379287	117.9970773	2.004778	0.820431761
515	0.407048	119.3618596	1.990072	0.820309647
516	0.266708	123.2275608	2.157052	0.846673789
517	0.341818	119.7811098	2.083371	0.822480366
518	0.380576	121.1520032	2.043185	0.823602552
519	0.295979	122.8044925	2.129339	0.836541966
520	0.314911	121.0243271	2.092417	0.829889511
521	0.31545	120.1753716	2.092366	0.83788524
522	0.299771	122.4112643	2.114694	0.824581695
523	0.429674	118.0869392	1.95412	0.812960743
524	0.326925	120.239514	2.079563	0.835756411
525	0.434909	113.7326808	1.937676	0.799001634
526	0.332391	116.5024423	2.087622	0.83324477
527	0.239099	125.1195952	2.165934	0.842394752
528	0.350782	120.31927	2.017975	0.832260559
529	0.383272	120.8585935	1.993265	0.827297992
530	0.274511	124.4511844	2.151848	0.83987041
531	0.264273	124.5980094	2.148019	0.848103595
532	0.28308	124.8028741	2.137103	0.841910537
533	0.395419	119.943724	1.991724	0.82101958
534	0.33217	121.6320822	2.069507	0.827976648
535	0.335124	121.9724642	2.078197	0.829521645
536	0.345993	119.7894023	2.045474	0.821986289
537	0.317192	130.1702057	2.104287	0.844880089
538	0.324594	126.6054947	2.087408	0.838340755
539	0.351232	120.4488362	2.052385	0.826335774
540	0.41618	114.8540953	1.946252	0.807052037
541	0.373356	123.8903772	2.013358	0.808239556
542	0.36429	118.7149178	2.027729	0.832689728
543	0.338212	118.4237341	2.039422	0.827887938
544	0.365745	117.0411188	2.000248	0.817902723
545	0.360156	118.2543123	2.024133	0.823239922
546	0.315989	117.7797067	2.09128	0.827008209
547	0.435827	117.7333827	1.928527	0.818902158
548	0.426154	121.7739367	1.95258	0.808826215
549	0.326577	116.749667	2.067731	0.82446433
550	0.301428	125.1326628	2.135881	0.84325093
551	0.334833	124.3610937	2.083586	0.840286061
552	0.33933	118.3600094	2.048571	0.836428595
553	0.321124	123.0837634	2.089602	0.837096078
554	0.251445	123.4698285	2.174644	0.846518402
555	0.363103	116.0434415	2.007714	0.821243373
556	0.377082	122.8642021	1.996179	0.836098803
557	0.380282	119.4147861	1.988017	0.807854025
558	0.452819	114.2516977	1.885494	0.794046611
559	0.318941	122.6163972	2.09271	0.835356429
560	0.364629	122.6425514	2.02684	0.813450114
561	0.392027	118.9148139	1.96531	0.831025974
562	0.453825	114.772077	1.898944	0.795394165
563	0.350437	120.2063958	2.034025	0.826886082
564	0.36566	122.8078536	2.039119	0.839419212
565	0.37571	122.6021544	2.014121	0.840517962
566	0.422343	116.6312514	1.928409	0.804603628
567	0.275697	124.4736475	2.161557	0.846114912
568	0.341942	123.1900969	2.058836	0.834900089
569	0.22774	124.3533472	2.201938	0.845360094
570	0.375134	114.475005	1.993457	0.809277993
571	0.281424	120.9695843	2.153151	0.835488353
572	0.302767	120.3032138	2.121322	0.832793469
573	0.34462	122.560441	2.056764	0.835306611
574	0.398386	116.6627197	2.007571	0.802952881
575	0.327682	128.8317052	2.081036	0.840252726
576	0.386202	121.0101257	1.982665	0.81970634
577	0.442497	121.0033232	1.950081	0.824081768
578	0.336225	124.7716543	2.110474	0.83116196
579	0.25069	126.5014194	2.17842	0.845447581
580	0.525471	116.3813871	1.806855	0.766123565
581	0.330239	121.3016698	2.076663	0.82799548
582	0.423392	117.5544548	1.947831	0.81431467
583	0.365607	122.5635594	2.008753	0.818936983
584	0.393894	121.5400793	2.000577	0.834493541
585	0.234041	128.9691793	2.198576	0.854371231
586	0.388686	118.4806083	2.001158	0.817097975
587	0.32827	124.4243153	2.07529	0.844535852
588	0.298672	122.7822882	2.130588	0.835073291
589	0.316912	122.3779087	2.114871	0.834144015
590	0.346636	120.5956746	2.03453	0.81954738
591	0.281328	123.3711533	2.119479	0.839005653
592	0.284375	125.131335	2.151083	0.848164354
593	0.407427	123.2333233	1.982577	0.817732934
594	0.317501	118.9135361	2.070316	0.828963554
595	0.405565	119.9760832	1.965557	0.82161547
596	0.387703	119.9501373	2.038138	0.825877094
597	0.437226	117.4934094	1.942725	0.797201682
598	0.333527	121.8357898	2.059921	0.833400058
599	0.35565	119.3061671	2.038653	0.822710795
600	0.399777	118.8599485	1.99033	0.80161904
601	0.275629	126.2427633	2.130188	0.837027752
602	0.234278	128.8293174	2.198642	0.844346948
603	0.351131	121.9801825	2.057494	0.831792449
604	0.322463	123.6953332	2.109309	0.831766403
605	0.405881	122.0595555	1.995772	0.816649435
606	0.375833	118.0672289	2.015346	0.836150268
607	0.380226	117.2040383	2.002984	0.804908748
608	0.303019	122.7047357	2.140819	0.840404008
609	0.26851	122.9748946	2.15006	0.839876165
610	0.38674	121.3281705	1.981051	0.836613695
611	0.310986	117.0560751	2.030078	0.815024794
612	0.39778	119.581524	1.966242	0.815584338
613	0.385319	122.2680298	1.988554	0.834663338
614	0.418077	115.9435395	1.92597	0.813778913
615	0.285044	119.8175308	2.132271	0.826126858
616	0.44795	114.1899359	1.914656	0.804255699
617	0.39693	118.6861626	1.985132	0.802417936
618	0.377825	121.3530335	2.027694	0.826576657
619	0.354568	124.0876615	2.057744	0.841170963
620	0.329316	122.2867924	2.093391	0.841958224
621	0.328225	115.0810732	2.074496	0.810236721
622	0.364142	124.0172302	2.069053	0.824318655
623	0.364464	118.2991073	2.015119	0.817367372
624	0.359784	121.0413068	2.030063	0.819882186
625	0.377309	121.874139	2.019711	0.841259299
626	0.326232	119.3249538	2.090807	0.823684617
627	0.386977	116.7265081	2.002686	0.803836388
628	0.382385	119.3913484	2.029508	0.811224945
629	0.413994	116.429034	1.962298	0.806088622
630	0.391094	121.2245223	2.00741	0.838029489
631	0.245891	121.5079592	2.181775	0.841627973
632	0.330847	115.9803203	2.078257	0.818250742
633	0.319903	124.5539881	2.071973	0.834377243
634	0.326801	123.5173392	2.098648	0.837910715
635	0.343443	118.7152536	2.052365	0.823803049
636	0.344657	118.842314	2.059439	0.824695589
637	0.422764	117.6954708	1.922344	0.803678737
638	0.372614	115.1823704	2.027584	0.80699488
639	0.343528	124.9420965	2.074229	0.837019258
640	0.316737	119.0535377	2.058924	0.82183666
641	0.333246	122.0016036	2.072304	0.83286653
642	0.388921	117.8164547	1.99997	0.828965705
643	0.278198	119.399411	2.135516	0.823155351
644	0.328446	122.8549161	2.102314	0.807675888
645	0.407609	122.1225135	1.982359	0.807973377
646	0.349883	118.240874	2.021892	0.824773288
647	0.427028	119.5179736	1.966474	0.799683477
648	0.311336	124.4747757	2.115721	0.827795216
649	0.419651	116.7503323	1.948662	0.798435497
650	0.400878	115.4185924	1.938338	0.808129253
651	0.362383	121.4913223	2.061641	0.838307216
652	0.342655	120.9120941	2.067683	0.831298263
653	0.289648	124.9912579	2.137211	0.841640243
654	0.321309	124.5787661	2.073395	0.837984191
655	0.528689	120.579994	1.779092	0.795583964
656	0.448723	116.9053311	1.868893	0.814861007
657	0.335315	121.6734493	2.068413	0.830487511
658	0.394933	117.8876439	1.980067	0.825695737
659	0.360532	117.3707501	2.040368	0.829090193
660	0.39421	119.9875277	1.982993	0.812161423
661	0.362867	118.0352565	1.996026	0.812228201
662	0.399097	117.9272534	1.972741	0.818217456
663	0.258248	122.081073	2.15948	0.845916987
664	0.407694	120.1886859	1.99423	0.823151658
665	0.316902	122.109049	2.092247	0.841377576
666	0.404591	117.8909601	1.97175	0.819847747
667	0.363005	121.0852342	2.033595	0.822777183
668	0.358774	118.0278903	2.040637	0.817198634
669	0.477049	114.1965227	1.893046	0.802070922
670	0.309204	126.5011787	2.108933	0.840968418
671	0.485016	118.123047	1.848303	0.813856436
672	0.398787	118.7584789	1.978288	0.799644233
673	0.361992	115.7473585	2.027427	0.801373122
674	0.242824	125.7952629	2.172669	0.838805473
675	0.346886	116.27553	2.03829	0.819324996
676	0.36848	118.4261746	2.042074	0.818008281
677	0.326826	121.9470417	2.077648	0.83058044
678	0.386475	118.4792925	1.997777	0.832858144
679	0.376497	119.9479221	1.996395	0.807215941
680	0.394775	119.6756839	2.002663	0.815170107
681	0.343753	121.708817	2.049308	0.826468105
682	0.405891	122.24288	1.958128	0.823124345
683	0.443799	116.2335556	1.899601	0.800997553
684	0.417381	115.524376	1.952431	0.789106122
685	0.272922	119.780984	2.143072	0.836436302
686	0.307028	123.6822762	2.09225	0.831798396
687	0.339244	120.6640965	2.072118	0.829595178
688	0.276007	125.424446	2.165808	0.836972626
689	0.328144	116.841866	2.069754	0.825146882
690	0.458972	112.3754169	1.927038	0.790966014
691	0.406342	118.6547838	1.977845	0.803152666
692	0.333701	122.0038248	2.078575	0.832574492
693	0.36616	120.532754	2.015182	0.821618863
694	0.326291	119.1275647	2.070281	0.826823621
695	0.318453	121.0589271	2.103844	0.828238008
696	0.407128	117.1192327	1.962588	0.826504288
697	0.296769	125.2422564	2.126758	0.843494566
698	0.40004	118.8065989	1.976224	0.821051868
699	0.332878	120.0891677	2.079026	0.827853492
700	0.458642	117.8130352	1.901631	0.79782205
701	0.256352	123.109316	2.175005	0.844457514
702	0.373371	116.8346326	2.014116	0.816682076
703	0.372828	122.7710839	2.021521	0.827628692
704	0.351295	118.7945588	2.068748	0.823068741
705	0.324111	122.5524773	2.098163	0.83030776
706	0.401663	116.3703541	1.984059	0.810871247
707	0.405909	120.7889931	1.954188	0.822324214
708	0.231895	129.7508433	2.189863	0.859640572
709	0.345195	121.6427251	2.07139	0.832929147
710	0.300273	122.2559384	2.113111	0.830144771
711	0.308677	118.6020455	2.094875	0.827457603
712	0.330874	122.3528725	2.083877	0.833728191
713	0.361034	119.6446168	2.035711	0.810708764
714	0.365126	119.0516693	2.024334	0.824951022
715	0.453085	113.6842289	1.878216	0.786756217
716	0.367008	125.1697976	2.021348	0.844392881
717	0.340849	117.5685538	2.056084	0.817083871
718	0.301335	121.7588813	2.07428	0.811997696
719	0.356087	120.8856875	2.026185	0.824114818
720	0.278153	117.2897226	2.099909	0.820861164
721	0.335727	119.7995015	2.070414	0.828210135
722	0.371579	117.3774998	2.022409	0.826261268
723	0.377951	124.2735109	2.004894	0.807033712
724	0.380176	121.657443	2.0224	0.825998531
725	0.308991	121.0589528	2.11121	0.827321591
726	0.331004	119.2819419	2.087002	0.825549441
727	0.341672	117.0644542	2.066891	0.805512748
728	0.318744	123.5204253	2.109738	0.836547206
729	0.33094	120.4783328	2.082089	0.838964564
730	0.324104	120.7112725	2.058277	0.823825277
731	0.30067	126.1589057	2.128729	0.842096721
732	0.352823	123.8369982	2.029165	0.839968597
733	0.33396	122.9221368	2.067911	0.812471789
734	0.350702	122.6008264	2.072603	0.822559141
735	0.319591	125.2881324	2.094233	0.846224791
736	0.384779	119.9606515	2.021963	0.821327763
737	0.349789	118.940986	2.012773	0.812266287
738	0.291199	124.1229486	2.087932	0.835169643
739	0.4393	119.4676049	1.924607	0.816911497
740	0.407908	117.3839019	1.992861	0.816870156
741	0.346602	118.5390584	2.054532	0.821772034
742	0.317071	126.1011461	2.123872	0.831518611
743	0.263033	122.4459284	2.159679	0.839123311
744	0.299398	121.083795	2.104673	0.836990349
745	0.361446	128.8278757	2.050479	0.848817977
746	0.434476	120.0278353	1.927583	0.815456967
747	0.32333	120.8647134	2.072642	0.826432367
748	0.304349	120.657489	2.102329	0.831597747
749	0.287673	120.2895123	2.104042	0.82827889
750	0.347839	119.3718897	2.065682	0.830920148
751	0.254726	125.4386125	2.174435	0.852853493
752	0.378424	120.7258576	2.017117	0.827551053
753	0.392545	116.7291172	1.978766	0.817999389
754	0.330173	119.8062855	2.07773	0.828267234
755	0.393537	117.4485823	2.001457	0.805135235
756	0.345676	119.5353121	2.046178	0.822889963
757	0.335751	119.4579441	2.071096	0.831427899
758	0.394979	118.1783975	1.97238	0.827573722
759	0.365758	121.273234	2.026743	0.827108915
760	0.447745	117.7982635	1.897913	0.779739912
761	0.307409	124.4496388	2.111518	0.837968412
762	0.395561	122.2042911	1.987981	0.82373317
763	0.276152	120.5457841	2.103776	0.836284035
764	0.294016	120.2461144	2.119492	0.834540514
765	0.346959	121.2406986	2.0555	0.823831726
766	0.334876	120.4638712	2.076221	0.832930317
767	0.401486	119.1290219	1.979825	0.810019845
768	0.303946	120.3236987	2.122838	0.837676672
769	0.409388	123.0618607	1.986553	0.817924146
770	0.41069	122.9659849	1.991087	0.821241519
771	0.346046	125.3408432	2.068547	0.834649439
772	0.328505	123.3282312	2.081396	0.827505572
773	0.280531	122.2229041	2.154168	0.8411323
774	0.425514	124.0841759	1.962182	0.827065835
775	0.331252	118.5805648	2.079521	0.819910462
776	0.35706	122.1519031	2.042337	0.839558496
777	0.301608	122.781098	2.12175	0.838501941
778	0.272017	127.7187979	2.178201	0.850507783
779	0.453315	114.4288932	1.879021	0.802560159
780	0.314678	121.0097532	2.101742	0.832100718
781	0.353532	121.3177779	2.045191	0.826868491
782	0.264046	121.6401624	2.110732	0.828148643
783	0.177868	122.6862115	2.238117	0.841734173
784	0.342156	117.1170112	2.005441	0.817086136
785	0.334959	117.0720127	2.054804	0.816428369
786	0.281432	124.5682504	2.123979	0.834662426
787	0.301981	122.9418542	2.10349	0.837278685
788	0.362621	122.8722005	2.035941	0.844672323
789	0.415498	119.8072619	1.990314	0.815717481
790	0.361588	119.2562482	2.005052	0.826186004
791	0.358643	123.2673362	2.045087	0.841738053
792	0.369039	122.9844564	2.033768	0.846794794
793	0.305657	122.9133383	2.07526	0.842247893
794	0.335888	120.3468061	2.053703	0.82096715
795	0.365984	118.1673468	2.024366	0.816291892
796	0.294761	123.1572296	2.130809	0.83098229
797	0.351663	122.4975332	2.058426	0.830735478
798	0.392096	120.3657344	1.995569	0.802502164
799	0.361225	117.7320136	2.03245	0.815420932
800	0.318584	125.8957126	2.110911	0.840434765
801	0.317952	121.741194	2.083969	0.825245742
802	0.280467	121.3471904	2.10471	0.843524305
803	0.425267	121.8287585	1.935902	0.831680346
804	0.271005	124.6835822	2.16322	0.841255598
805	0.305948	122.4404475	2.106865	0.830768569
806	0.371632	123.6469064	2.037947	0.819173772
807	0.449335	123.3304563	1.901072	0.831740799
808	0.330913	117.6227036	2.074519	0.818164477
809	0.315157	121.1848702	2.107982	0.83197384
810	0.331453	115.6166403	2.075742	0.81608013
811	0.271259	124.1885549	2.117379	0.841149473
812	0.290565	122.5209885	2.130396	0.835852252
813	0.2692	123.9669446	2.143483	0.851428431
814	0.343063	122.9970703	2.068235	0.839266268
815	0.315375	123.1431484	2.093708	0.838319759
816	0.308056	123.3455679	2.108782	0.834264408
817	0.401307	120.0581346	1.990196	0.821115621
818	0.390084	120.0250024	1.991131	0.81389873
819	0.351195	120.2453227	2.043999	0.832286352
820	0.462568	115.250541	1.862113	0.777136874
821	0.353745	122.5098371	2.048923	0.830966196
822	0.401578	118.4641004	1.98396	0.811289781
823	0.320249	117.2680335	2.02399	0.825296901
824	0.287502	126.3116024	2.134308	0.855479129
825	0.373288	117.8781555	2.029871	0.824695409
826	0.31809	117.86795	2.073117	0.824909378
827	0.330313	117.053189	2.084864	0.811584899
828	0.342569	118.3843653	2.053432	0.816646034
829	0.394144	119.6233641	1.963697	0.817512898
830	0.301628	121.7622907	2.120749	0.839656852
831	0.352115	120.3785554	2.049992	0.840398478
832	0.275214	127.5284498	2.159777	0.845867247
833	0.373767	121.3035292	2.020483	0.821390502
834	0.320616	121.013753	2.102484	0.825833427
835	0.372892	119.0591807	2.005886	0.818988696
836	0.438216	114.6154081	1.903794	0.810155392
837	0.382308	118.9204797	1.982384	0.821730506
838	0.337703	122.1710734	2.075613	0.829083832
839	0.389831	121.1899304	1.996988	0.826441851
840	0.405474	123.3399176	1.947513	0.813537794
841	0.397692	120.5866793	1.990165	0.815147348
842	0.412472	120.2060187	1.957258	0.807931261
843	0.317627	122.2162142	2.098034	0.827371219
844	0.338843	115.4908743	2.054344	0.808360449
845	0.283646	121.7602822	2.120098	0.835767968
846	0.334925	121.4204767	2.079807	0.847607773
847	0.366626	116.5157817	2.040424	0.813492858
848	0.396978	119.5197997	1.991494	0.821230908
849	0.380019	122.8212137	2.035319	0.813829972
850	0.278854	117.4592555	2.126118	0.823134596
851	0.367231	122.6655489	2.034618	0.820914556
852	0.404704	118.1128135	1.973977	0.813736379
853	0.348038	120.889693	2.058901	0.832210979
854	0.326852	122.7010252	2.074274	0.832646347
855	0.410556	122.5020403	1.985917	0.818300478
856	0.268069	123.1419461	2.14741	0.847674908
857	0.354909	119.2020794	2.024117	0.821925209
858	0.327842	120.3022623	2.056435	0.817108368
859	0.332505	118.699312	2.058582	0.825565788
860	0.334351	122.0707754	2.077729	0.828639774
861	0.375312	121.8021164	2.001997	0.830852605
862	0.32779	118.5192615	2.073163	0.820201732
863	0.37892	119.3620487	1.976184	0.801449528
864	0.298172	114.2219794	2.086834	0.829780137
865	0.390764	117.1049535	2.003663	0.818006594
866	0.392238	119.7698624	1.986356	0.815744715
867	0.342483	116.8770175	2.053698	0.803647516
868	0.338645	123.7038082	2.085561	0.815070353
869	0.29228	116.7730248	2.113976	0.826325252
870	0.423637	119.6813476	1.948548	0.815818475
871	0.439325	123.1621086	1.932843	0.815513056
872	0.311451	122.1383693	2.079247	0.826277795
873	0.391566	118.7345547	1.979065	0.823884794
874	0.309772	123.457864	2.079183	0.836425085
875	0.274634	126.2442892	2.167562	0.83815904
876	0.375187	116.3766185	1.984442	0.826456213
877	0.330572	119.0918887	2.072839	0.821885797
878	0.373358	118.1589568	2.016658	0.831061323
879	0.366212	124.0375888	2.04003	0.829699063
880	0.358472	121.3721121	2.019264	0.828143467
881	0.35033	117.8345704	2.032145	0.819830835
882	0.339743	117.298194	2.055973	0.829758461
883	0.351471	117.3788124	2.062958	0.811949306
884	0.373243	118.0487291	2.023069	0.812609433
885	0.332754	121.7928974	2.088883	0.841135259
886	0.396869	117.9070732	1.969074	0.825722534
887	0.322928	124.2725267	2.090733	0.82778797
888	0.366768	118.9025892	2.0511	0.820424265
889	0.363568	121.4962598	2.072832	0.802892901
890	0.351862	123.8018381	2.048077	0.832075843
891	0.395884	123.0797654	1.981444	0.808115818
892	0.400646	120.0824224	2.00486	0.827212664
893	0.25721	121.8156178	2.167892	0.841091261
894	0.280561	124.4645033	2.140475	0.82373202
895	0.363972	122.1795355	2.043188	0.823878391
896	0.345981	119.3671233	2.058611	0.820836307
897	0.348565	115.7452214	2.056151	0.825739064
898	0.340663	118.0409159	2.028088	0.817656002
899	0.394602	120.0003381	2.005903	0.816296869
900	0.351916	121.2606313	2.002234	0.833042618
901	0.301166	123.0267786	2.086677	0.825805105
902	0.350643	118.9390108	2.055866	0.810813605
903	0.402332	121.0596957	1.96838	0.827326754
904	0.373717	119.6453753	2.035651	0.822955233
905	0.379286	123.3361781	2.015209	0.822181513
906	0.290944	124.478354	2.11419	0.843036967
907	0.299218	118.3912596	2.098761	0.81489725
908	0.350471	117.6228817	2.030228	0.802388066
909	0.365624	116.240349	2.037275	0.819071916
910	0.316589	122.2564225	2.099053	0.818786885
911	0.323329	119.6745084	2.077703	0.833697757
912	0.366135	113.7923531	2.009569	0.810582197
913	0.418642	120.2418543	1.974367	0.804340999
914	0.3041	120.4539695	2.096377	0.837862989
915	0.358335	121.0006591	2.044247	0.830409091
916	0.313576	118.3350114	2.106455	0.827259585
917	0.372301	119.9958687	2.017466	0.818122126
918	0.334201	119.8262853	2.079532	0.832866639
919	0.434764	121.5343608	1.952375	0.817658339
920	0.364322	120.0207169	2.030635	0.817704382
921	0.449862	119.5836473	1.878695	0.824864624
922	0.367624	123.6904157	2.045842	0.831373361
923	0.391483	121.3421089	2.018431	0.817927156
924	0.279045	123.9907536	2.15783	0.826756094
925	0.345262	120.9201984	2.064252	0.816515946
926	0.293214	125.5712628	2.095421	0.845804395
927	0.387281	121.1662684	1.999255	0.822264794
928	0.400594	116.5783629	1.95563	0.81977182
929	0.374749	121.0807509	2.030823	0.812453972
930	0.301542	121.5470928	2.105085	0.824784613
931	0.2746	122.0801336	2.1348	0.835393378
932	0.306078	121.8049706	2.125651	0.823892642
933	0.37964	123.2178198	2.025501	0.830963499
934	0.373197	121.1991335	2.00694	0.826636845
935	0.332091	118.6895971	2.055985	0.827489027
936	0.319929	119.274386	2.064477	0.829514391
937	0.265499	121.1571846	2.168692	0.837833048
938	0.358577	119.0034421	2.026755	0.821142201
939	0.420354	122.4548803	1.971719	0.819994132
940	0.3762	118.5430722	2.008804	0.812271361
941	0.316416	120.7792167	2.100195	0.833258841
942	0.303256	122.7095439	2.118183	0.839381549
943	0.375577	126.0986817	2.031804	0.815930509
944	0.384593	120.3681537	2.016359	0.822328295
945	0.410943	118.2903509	1.979034	0.825766496
946	0.408199	117.6199965	1.961455	0.825726409
947	0.371389	120.3314356	2.0235	0.82152138
948	0.425826	114.5479647	1.931684	0.807280733
949	0.290975	123.8344233	2.13884	0.8342154
950	0.41969	122.547848	1.954739	0.809645751
951	0.250101	122.597735	2.174081	0.835307209
952	0.381812	115.5764431	1.987698	0.798829235
953	0.351424	122.2020588	2.035369	0.834558573
954	0.418258	114.9223633	1.931366	0.790835436
955	0.379664	119.1762102	2.009828	0.822060113
956	0.347364	118.8928835	2.027971	0.819552905
957	0.402948	118.7836941	1.963572	0.808350642
958	0.391664	117.8830996	1.983001	0.815945194
959	0.320915	120.867324	2.094127	0.826164198
960	0.374511	121.0673957	2.005841	0.814646693
961	0.349878	124.5077826	2.053748	0.833861993
962	0.282034	123.6731542	2.14292	0.823528598
963	0.369891	116.9225144	2.009724	0.822279141
964	0.314291	120.7322648	2.105902	0.835183471
965	0.317113	121.3190813	2.083966	0.835789884
966	0.393726	118.5166779	2.01338	0.822762168
967	0.323271	122.5291174	2.081035	0.821506395
968	0.324905	118.7346389	2.095597	0.818150332
969	0.397069	117.8484774	1.963292	0.818232038
970	0.333752	125.1422305	2.074751	0.836402936
971	0.372866	118.8472384	2.030702	0.81042818
972	0.360631	123.3825434	2.037255	0.827598928
973	0.388557	118.1656683	1.997014	0.80293523
974	0.33365	122.8680614	2.074516	0.84128612
975	0.384393	119.8230785	2.004753	0.821066737
976	0.27573	122.0578258	2.147132	0.836019399
977	0.353649	122.6951017	2.027485	0.835288451
978	0.242171	123.4852268	2.185644	0.839333
979	0.44324	123.7126873	1.940926	0.842145889
980	0.324015	128.1272801	2.100933	0.849886939
981	0.296298	119.6228047	2.136477	0.827558724
982	0.390837	119.6224494	1.978501	0.831907594
983	0.316466	125.5720344	2.121163	0.846225282
984	0.387696	121.1169263	1.984281	0.810760724
985	0.384314	121.8874747	2.015703	0.815260309
986	0.351333	123.1583513	2.08089	0.822620686
987	0.328962	121.7533155	2.091119	0.826333848
988	0.329151	123.6399203	2.079874	0.826256777
989	0.298105	121.7785245	2.126387	0.835986783
990	0.367163	123.4903393	2.043343	0.82561603
991	0.301836	125.4683978	2.097132	0.844411886
992	0.354376	127.1879052	2.066108	0.838241616
993	0.303508	122.3469366	2.082375	0.836518262
994	0.315067	120.714769	2.099115	0.830200962
995	0.37408	118.0081192	2.022053	0.803740924
996	0.3467	122.029431	2.068239	0.840520224
997	0.369799	119.8798168	2.01135	0.824433273
998	0.386335	118.056141	2.000947	0.817622923
999	0.327314	121.7278512	2.072366	0.836300862
1000	0.422522	121.2687828	1.962922	0.826843681