rep aei_left left_area adi_left H
1 0.379392 121.473113526841 2.04452 0.797509899975707
2 0.465254 121.096166350129 1.863571 0.787945558520149
3 0.431863 112.744601418117 1.953043 0.775514806829232
4 0.481523 113.359818610107 1.855377 0.774494185116687
5 0.264801 127.228439716759 2.180524 0.86132261409237
6 0.3935 117.535116144055 2.029942 0.81086022439908
7 0.534193 113.494638773836 1.785058 0.77466267713935
8 0.182942 127.690356689846 2.245304 0.845619819112647
9 0.567544 106.892628576113 1.717471 0.709820341219776
10 0.322408 120.276061330492 2.074118 0.818642104465029
11 0.415855 118.250268544082 2.010472 0.778537175985245
12 0.40638 112.010073334247 1.981027 0.787264744622461
13 0.333688 121.13770254149 2.085473 0.798190534384931
14 0.530031 117.190394027495 1.798402 0.800183427605489
15 0.383954 116.781610964395 2.031224 0.785899831025837
16 0.410028 122.795019075951 1.999382 0.825849794142881
17 0.621555 109.475968754846 1.611515 0.738111901218075
18 0.324354 122.643858203997 2.113378 0.822206533844195
19 0.341766 117.754762894886 2.093295 0.81706450410758
20 0.387295 127.892395015647 2.05457 0.816931688505767
21 0.430736 114.174636622342 1.910321 0.778788386329836
22 0.323319 117.407067478078 2.099583 0.803854057364481
23 0.425383 118.542896654336 1.964141 0.796685350111595
24 0.318598 116.959023235468 2.114078 0.801567310117998
25 0.281104 119.932976916702 2.16587 0.79616811014417
26 0.372474 111.866941957384 2.035506 0.782757333105473
27 0.374925 116.097962505657 2.016591 0.798260184493701
28 0.355957 119.063781516673 2.079892 0.826831111494417
29 0.341798 118.394902852634 2.059461 0.81017582237224
30 0.397397 116.787082850985 2.012472 0.802003719171811
31 0.375859 123.12907180591 2.060623 0.838437585230717
32 0.371301 116.962364158714 2.042439 0.827045281953848
33 0.401514 120.8189518269 2.015058 0.760678102317556
34 0.406145 110.095947775583 1.93744 0.797500662945954
35 0.3809 113.26235150068 2.029147 0.782064898387324
36 0.349875 118.392171239325 2.033162 0.81129546168379
37 0.427492 118.497510316706 1.982433 0.802928684601061
38 0.381048 115.482481909445 2.041193 0.802853060114723
39 0.479072 114.80975139907 1.89259 0.794316546134873
40 0.242641 120.506064411535 2.193228 0.826383109245556
41 0.371739 108.321880085893 1.96922 0.771098822180797
42 0.419415 115.208101939034 2.000388 0.804358966789277
43 0.496687 112.519450547362 1.869392 0.775506038052081
44 0.457939 115.19708739905 1.881056 0.799836118836913
45 0.377829 120.766882355384 2.008062 0.815259638360741
46 0.449458 115.666058905432 1.924759 0.768068010732032
47 0.234745 129.387373076365 2.195047 0.849143956041645
48 0.488465 116.172121379853 1.897172 0.796273513099031
49 0.475798 112.822631540685 1.865174 0.790507955511123
50 0.346164 121.737315979547 2.105013 0.814633603850589
51 0.244576 126.706520050813 2.209425 0.839120274698274
52 0.290011 112.31637797863 2.088396 0.770527375687256
53 0.285934 122.96818022134 2.161514 0.85461090470597
54 0.539477 113.468254099495 1.76895 0.774678726817408
55 0.224352 123.624704982732 2.173744 0.8221096141477
56 0.338218 124.783084432593 2.07419 0.827218340105541
57 0.4836 109.280363344413 1.844449 0.758956248338846
58 0.462167 111.503873885374 1.902685 0.798424823757432
59 0.345689 124.513243467388 2.090626 0.822298589541229
60 0.399084 113.116938444041 1.986578 0.769976396372697
61 0.460089 113.826063524694 1.921703 0.765460434768743
62 0.412461 117.716465996327 2.00149 0.788827392108074
63 0.307439 118.878958011869 2.119854 0.807622514665992
64 0.388418 105.092096165253 1.983233 0.77266406882436
65 0.426877 122.998853528233 1.944537 0.785577113145174
66 0.360147 120.969958272825 2.041672 0.810866856385109
67 0.340385 120.552800347867 2.094042 0.815123677762261
68 0.343957 124.80971717028 2.073936 0.830809803918238
69 0.459976 121.224013769818 1.916189 0.779970479396734
70 0.508572 113.458821829089 1.825247 0.750468735266533
71 0.394553 124.509092489263 2.026743 0.75963237210479
72 0.448282 109.863815494486 1.905677 0.774824262015886
73 0.351302 113.944940825717 2.05011 0.80340984829801
74 0.4562 114.35983200955 1.90512 0.796369233815698
75 0.311274 123.396295466823 2.113199 0.819299098593199
76 0.354626 117.698310896908 2.023115 0.799767967404736
77 0.433056 117.890989570808 1.934959 0.78064156773458
78 0.391693 120.252232565542 2.025374 0.813783816362776
79 0.219335 123.985058804891 2.215888 0.838501770674689
80 0.560468 112.876824639657 1.738497 0.741613611845033
81 0.429771 115.070049054821 1.962264 0.7774378521919
82 0.499197 122.639895536857 1.859539 0.794758774477526
83 0.245464 130.745488034358 2.201189 0.863055091336517
84 0.335601 113.777244409505 2.091484 0.786832057646452
85 0.508193 109.492402125449 1.78978 0.760415937988702
86 0.193362 120.39874295704 2.230795 0.828582590857307
87 0.35473 118.498086840437 2.076095 0.809322678133868
88 0.326977 119.967039974916 2.12289 0.780735164748219
89 0.447819 118.039287715666 1.945635 0.768085329947027
90 0.495046 113.981388635841 1.866176 0.778289422467959
91 0.427171 114.348139367255 1.976298 0.787876993213513
92 0.511041 120.084943138021 1.861164 0.798096216429092
93 0.498914 107.28129220983 1.857112 0.759550422663406
94 0.446477 115.900043107538 1.917716 0.791599864894345
95 0.457434 115.661811916946 1.935825 0.794953588254488
96 0.455438 117.68072363697 1.939074 0.791374244978628
97 0.571635 111.275053861965 1.721046 0.79068976939547
98 0.217266 126.023187731031 2.205136 0.850720923169166
99 0.471041 112.434078852651 1.887184 0.790728984412238
100 0.344766 121.519196751736 2.093508 0.796477051069322
101 0.462384 111.793590919785 1.893771 0.764135284936952
102 0.512798 114.216559002556 1.831121 0.786225981571404
103 0.563426 110.50190142109 1.705607 0.799344205640707
104 0.324749 116.176399910323 2.082961 0.806894603769809
105 0.395457 120.672140803219 2.022121 0.796479124752736
106 0.418736 113.183249068262 1.989653 0.798191593171242
107 0.358588 125.144348063375 2.091451 0.811458001066954
108 0.35409 118.326755472103 2.018204 0.8187461268465
109 0.370826 125.387592149279 2.056286 0.800516745646351
110 0.401937 123.994118760389 2.006268 0.81502312056693
111 0.433656 110.607305239042 1.970483 0.772035743970988
112 0.26295 127.170100778494 2.183122 0.823688976151192
113 0.434942 118.501742251104 1.970685 0.805090006527988
114 0.380119 116.081356852198 2.016586 0.794476849824977
115 0.377148 120.847420868285 2.011474 0.812307359049711
116 0.354277 121.086076182076 2.023608 0.827588172579893
117 0.421583 116.257355240569 1.964295 0.800945746680348
118 0.373027 122.257347703196 2.060186 0.79633182834776
119 0.480243 121.151624441559 1.908027 0.79521475497439
120 0.36427 122.871875114219 2.076479 0.816562139436463
121 0.388257 113.397396979929 2.014735 0.788725159327694
122 0.439747 111.757864997767 1.910414 0.804956713279491
123 0.330449 110.080171856561 2.066964 0.811633453560134
124 0.57895 115.07774133437 1.708533 0.761135349845767
125 0.450278 117.741772501688 1.962926 0.776290448106478
126 0.355562 122.384891214416 2.091078 0.817415491235333
127 0.25243 126.108696496061 2.196061 0.840365911159446
128 0.449838 117.260463093621 1.922741 0.759242109425382
129 0.300148 128.79428553228 2.139519 0.824511020678166
130 0.360144 115.939582442072 2.056462 0.818022632299066
131 0.456607 118.31279647472 1.926763 0.812341086419239
132 0.416779 118.980365257538 2.000575 0.799423658140686
133 0.336909 116.476806317535 2.084374 0.81542790400142
134 0.387884 115.839595738682 2.036988 0.813897098427065
135 0.214633 121.910374366506 2.228495 0.831171961657698
136 0.432257 119.731682343467 1.985436 0.779549468109287
137 0.572302 108.165933743803 1.726745 0.735832633101277
138 0.465055 120.082340397906 1.933557 0.81194648404822
139 0.330766 124.123995316741 2.118796 0.812475440266888
140 0.327245 111.073071285472 2.052682 0.789168581551327
141 0.382117 115.09718700827 1.997953 0.814015371684807
142 0.413478 112.099957613862 1.954866 0.801142850936182
143 0.251661 124.567861088803 2.173508 0.809289050671942
144 0.482678 113.243256992215 1.825635 0.7772067838183
145 0.28425 123.512263245139 2.15486 0.824755619653597
146 0.415254 126.102962694349 1.992458 0.81500516106703
147 0.409872 116.798306816865 1.985953 0.805574614299222
148 0.372429 113.736408986553 2.018775 0.796924098579942
149 0.345018 122.191451976246 2.075754 0.805857154655509
150 0.385032 124.142604024626 2.00638 0.827708279915475
151 0.512761 112.580527853994 1.81568 0.754385806595042
152 0.160725 123.986430454133 2.258596 0.839716602824897
153 0.386574 114.755880735674 1.977954 0.781082585491471
154 0.372768 124.076931493195 2.070296 0.797580622007805
155 0.363043 120.402424636469 2.019573 0.803177623693796
156 0.40751 114.180425075687 1.973904 0.795723330448107
157 0.352885 117.106887948897 2.059028 0.799718082436274
158 0.357016 118.193055763358 2.019583 0.817251956743037
159 0.448517 109.584056103944 1.944306 0.77696168470103
160 0.343848 117.543739074059 2.064622 0.814125247352903
161 0.379457 113.850511642768 2.024715 0.798588703114819
162 0.355699 121.165875714805 2.081097 0.804910291519756
163 0.322845 127.519187901342 2.130533 0.812753891916163
164 0.4269 114.708850217537 1.983776 0.767306504762402
165 0.404507 127.172438618331 2.019037 0.854606563351534
166 0.381207 122.911481858856 2.043668 0.822612085252869
167 0.371551 111.882090518783 1.992792 0.766596493704723
168 0.384029 114.234076528357 2.011043 0.771170811089479
169 0.386498 119.524954637369 2.009632 0.820009111080075
170 0.474339 115.203606996278 1.91001 0.767918199811892
171 0.338875 124.463350077822 2.092657 0.819370758468956
172 0.303976 129.797511259109 2.151741 0.842864805953773
173 0.45387 111.635475896031 1.908475 0.759513296153675
174 0.398247 128.058707249949 2.037819 0.801490946986756
175 0.499522 117.986106837353 1.874093 0.779044234601327
176 0.243038 123.386696959021 2.205888 0.832570015957698
177 0.469806 116.361039018565 1.892205 0.776147524856447
178 0.41199 122.876047331067 1.997578 0.819477520822108
179 0.322631 116.367329590839 2.104858 0.797822409768574
180 0.37344 116.895505173412 2.044079 0.80950158865801
181 0.340025 111.481430655458 2.08138 0.799898469659141
182 0.519016 113.753187863413 1.787964 0.782949168058465
183 0.453426 117.421234078874 1.91984 0.788879683820267
184 0.433992 121.327645957117 1.987798 0.824889566808633
185 0.586736 111.51807843547 1.682216 0.713591122798968
186 0.200325 129.292161643025 2.225106 0.84167671229357
187 0.467335 105.714966577121 1.882002 0.78810072704474
188 0.503181 109.689373662577 1.82428 0.794823787130376
189 0.234924 125.124445409412 2.194521 0.851304124542003
190 0.262018 118.905266572524 2.164246 0.823482921126421
191 0.599282 108.405756215338 1.639528 0.761328808704675
192 0.430855 120.612940551626 1.928399 0.816452946013215
193 0.5111 115.002506271571 1.852407 0.76834578711919
194 0.37376 118.139285649592 2.025235 0.800577183822414
195 0.408127 115.94713287021 2.01494 0.796659478259631
196 0.452602 113.222108317519 1.955277 0.777815663833994
197 0.403746 119.002287827616 1.958356 0.769772457733114
198 0.286049 125.916557599606 2.142288 0.827382985699961
199 0.482275 107.257422080223 1.858111 0.707163491934101
200 0.464673 110.119443768212 1.918949 0.7780576708816
201 0.345569 124.742511443963 2.104606 0.823588970658033
202 0.500594 112.462116340276 1.866128 0.753640184775451
203 0.425061 119.303462718271 1.935418 0.782164517595743
204 0.4936 116.485853998464 1.853107 0.763363568056083
205 0.442381 117.856339695895 1.949097 0.824657458445567
206 0.404003 120.611973342164 2.000515 0.804199113383456
207 0.427864 117.591618697156 1.915556 0.802328480079789
208 0.405327 116.913257234291 1.972948 0.807612996002679
209 0.327762 120.734474800602 2.117452 0.815469880468279
210 0.346862 121.868966438714 2.039917 0.831213113429913
211 0.355494 118.235663328695 2.067288 0.806460894481738
212 0.420916 117.419175630442 1.987468 0.79978390510938
213 0.387424 122.616184145274 2.005787 0.805395062214774
214 0.47442 124.787675971837 1.925749 0.833430312035022
215 0.369989 119.393472911059 2.0724 0.81460462786474
216 0.501436 115.741830710183 1.841949 0.7622918240435
217 0.560099 104.726727102197 1.740088 0.763995086388617
218 0.320184 119.276948886597 2.102007 0.817834857599991
219 0.345639 113.020672451173 2.052198 0.797724177293259
220 0.482472 116.357617997459 1.900787 0.777262623323623
221 0.446543 115.508763196548 1.906992 0.75815481687941
222 0.567055 107.300188227048 1.706517 0.781290876535047
223 0.477683 114.112666729684 1.86583 0.780031241701851
224 0.450828 119.956333334488 1.944926 0.791758373685944
225 0.264678 124.433243394882 2.167688 0.823842274596286
226 0.373088 106.496262567128 2.047354 0.768262432097676
227 0.364109 117.324649012836 2.022336 0.790345273473559
228 0.183642 124.00690518717 2.244956 0.816481168131069
229 0.286962 121.223594864902 2.126629 0.815968119521966
230 0.513047 103.251057775494 1.776398 0.747201648269016
231 0.31143 119.749321295232 2.118853 0.819211015528048
232 0.269312 124.078947807259 2.173627 0.824892311880609
233 0.443314 106.063301297924 1.954673 0.803284660321007
234 0.416358 116.51659317012 1.995031 0.798378335326438
235 0.491257 110.060540659705 1.876327 0.765209115367837
236 0.367278 107.603038495497 2.036299 0.781203200881604
237 0.217857 125.654883433265 2.217714 0.848323487950118
238 0.510474 112.268738757018 1.83664 0.74111172194302
239 0.359793 122.480607463941 2.052349 0.813197348485522
240 0.40589 118.104307460361 1.968295 0.803458274912834
241 0.475132 116.847894760558 1.858956 0.768729158279024
242 0.60994 110.557656603711 1.605294 0.731861101976286
243 0.396252 116.088525634101 2.011179 0.810546172112139
244 0.430536 111.096663290622 1.879647 0.787297558869599
245 0.404811 119.564371784716 2.016571 0.808226758425451
246 0.519067 117.346032553805 1.824163 0.796866143032858
247 0.301383 115.277239531203 2.148944 0.816102073493586
248 0.514421 113.696538002795 1.802601 0.791867540270515
249 0.279036 121.648727287294 2.109552 0.809578166586607
250 0.3824 119.94498956861 1.995441 0.810028035657691
251 0.389745 120.046064529543 2.031353 0.825699115392023
252 0.329506 117.459481606708 2.083615 0.804316950760266
253 0.358358 125.582675283992 2.068018 0.818265772444849
254 0.377331 121.172565070531 2.049926 0.82362710437929
255 0.449149 115.74565188757 1.945354 0.766492845381841
256 0.226647 123.782983323802 2.214036 0.840977297685479
257 0.37892 119.687447935347 2.051705 0.802016443344406
258 0.507187 109.173054938586 1.812339 0.742256507769897
259 0.37126 118.867134382929 2.04548 0.809374471066498
260 0.479236 113.149849279641 1.859181 0.754014666200738
261 0.480626 119.343321252646 1.896127 0.761985526176394
262 0.633133 108.699393666365 1.571069 0.739143048311307
263 0.524097 112.828572595139 1.800141 0.769011206214678
264 0.295436 121.972829310873 2.133966 0.803162458809913
265 0.400847 118.671849491777 2.012946 0.771972759267685
266 0.44686 111.26734143771 1.926523 0.802294117896071
267 0.435327 113.245818332573 1.922566 0.787040286556959
268 0.256155 122.071328330523 2.18054 0.837418620646096
269 0.500226 107.79062626315 1.833292 0.764884560089551
270 0.337149 109.26740913961 2.031859 0.776214961995455
271 0.212664 128.038649415951 2.216223 0.852422392532459
272 0.494079 115.682141887556 1.841416 0.777344700542623
273 0.255167 131.923882414139 2.196362 0.823326387956688
274 0.419892 116.54464606491 1.966169 0.753105057265742
275 0.375028 119.351749441414 2.047538 0.818009273517514
276 0.405862 120.195373137924 2.002862 0.832214715342772
277 0.42199 119.177729497414 1.975717 0.815906722269793
278 0.463614 120.664324187056 1.888838 0.819866983983338
279 0.35993 119.827176968028 2.073567 0.826362976940916
280 0.224138 122.762967672466 2.211779 0.828166459004915
281 0.376869 118.495721155796 2.029848 0.81671148926916
282 0.358858 114.769417178293 2.082747 0.762413086381699
283 0.375428 115.995690434956 2.029972 0.805940702859423
284 0.298457 124.13668883739 2.127539 0.825623401709405
285 0.371481 124.427911617355 2.077396 0.816648670974983
286 0.488628 117.671673349054 1.880444 0.770335377696842
287 0.221214 127.797557097161 2.206174 0.83021994416574
288 0.485235 119.340797683594 1.873005 0.798313121547713
289 0.382924 116.866321013379 2.050839 0.805225394021692
290 0.457387 120.84329871229 1.934759 0.785707293676112
291 0.432772 116.588752439774 1.929822 0.770898476268266
292 0.195259 130.692217398934 2.222916 0.830939378241511
293 0.406769 119.721419173756 2.023874 0.805628400824438
294 0.294356 123.567575259154 2.148124 0.815949832847613
295 0.348521 122.917526474159 2.069849 0.831660054588062
296 0.311896 108.949660544328 2.07489 0.80079329165148
297 0.513629 111.974828885012 1.790699 0.777179985121934
298 0.484997 108.44317643384 1.868625 0.770110563287227
299 0.426105 107.21394494188 1.972286 0.760232826393773
300 0.35342 123.918332136512 2.056619 0.825917026515185
301 0.484826 113.011893012765 1.899529 0.776536615417178
302 0.249201 129.415461798111 2.202375 0.832052921455609
303 0.44768 114.676486913202 1.912718 0.780322218246596
304 0.474555 123.449698673048 1.903667 0.812863021885846
305 0.273943 119.324725559624 2.153548 0.787078985425026
306 0.507144 114.098086923685 1.844071 0.756947440900544
307 0.34581 112.169675190571 2.063654 0.784666551084296
308 0.431077 117.01047867747 1.975304 0.801538767590023
309 0.441012 124.498338096975 1.951704 0.780909735241393
310 0.463714 108.749123482849 1.838354 0.777294777457226
311 0.436004 114.882189105312 1.933611 0.789159356451859
312 0.405246 110.450024176131 1.985074 0.759614820569866
313 0.284244 118.318624440513 2.139292 0.825972461587498
314 0.397672 115.197722421032 2.011621 0.798430218073319
315 0.437327 119.918042781483 1.902756 0.776279227510132
316 0.531769 116.723163569251 1.806062 0.764310907744283
317 0.273558 118.976815854334 2.160557 0.815833750986831
318 0.46204 114.168555675528 1.936128 0.766253837008854
319 0.407512 111.149767814935 1.97749 0.783011214300416
320 0.346653 119.472781295711 2.046494 0.811970451031573
321 0.381692 119.120406529174 2.024152 0.811866420719753
322 0.218435 127.969750444084 2.213968 0.838424844509206
323 0.425949 126.950426208173 1.998268 0.808477871515129
324 0.324747 114.387531998294 2.10714 0.786970195436993
325 0.37503 119.286763743808 2.060568 0.807329899542004
326 0.378126 116.558243241502 2.063443 0.806880572461286
327 0.354375 118.337908119836 2.068663 0.794726761765958
328 0.450218 112.70603994029 1.946539 0.771837615815034
329 0.402925 119.748353854412 2.011036 0.814872540004789
330 0.561095 117.579416089603 1.745541 0.773811999386305
331 0.411252 112.858091340154 2.004442 0.776935413013292
332 0.465058 103.82038537517 1.883831 0.756392420331869
333 0.329457 122.461106248214 2.085176 0.819348027919519
334 0.513563 111.209151475392 1.820335 0.734361949935031
335 0.427429 121.500764438745 1.967829 0.792382035575735
336 0.338297 127.602614295857 2.110988 0.826130771544965
337 0.424748 115.639773598812 1.970512 0.768509154124731
338 0.311084 115.923590495297 2.117779 0.787807175379429
339 0.448188 115.734855830938 1.937966 0.765528413826592
340 0.395453 119.118579362672 2.019725 0.804827505701495
341 0.197619 120.164577508125 2.227898 0.840930622348482
342 0.440161 114.471361174202 1.972884 0.78551987487566
343 0.442323 115.625137124699 1.903793 0.799537190880492
344 0.471062 114.269111062131 1.85718 0.75710777965599
345 0.513671 112.297710943595 1.811691 0.772421691579889
346 0.389313 121.02389290158 2.018257 0.809849162956913
347 0.28893 122.232338968905 2.159162 0.815888491484259
348 0.413105 118.265173096867 1.986702 0.769045548192471
349 0.365746 122.193002265732 2.064388 0.82510640423922
350 0.26902 123.569202795916 2.136314 0.819276087478324
351 0.446748 104.518682424709 1.898045 0.778152667647172
352 0.410557 116.768152422736 2.012786 0.784987968887273
353 0.266564 120.310032118224 2.154928 0.816320520403543
354 0.271387 127.42094387421 2.185597 0.829548700900108
355 0.447446 109.598983425166 1.941581 0.779258735257684
356 0.464553 108.897689175695 1.906916 0.768928699488166
357 0.528435 106.450516994676 1.800161 0.793246150740634
358 0.448692 116.837707263153 1.920366 0.810333052505689
359 0.501991 115.157042665323 1.852688 0.749896195704365
360 0.452052 114.992754880778 1.950648 0.762628580333993
361 0.471321 113.507570322419 1.841877 0.762072445596367
362 0.439107 112.50253631807 1.892336 0.7964471351958
363 0.369178 117.847189471858 2.013938 0.786840229630382
364 0.395132 121.899493585856 2.027934 0.790514823069891
365 0.335242 117.652134577543 2.065146 0.809625238100217
366 0.359096 118.749464237915 2.069894 0.806891182048102
367 0.231731 124.220056360655 2.201616 0.842912457785638
368 0.443737 114.282618359205 1.938427 0.778859028401424
369 0.236044 117.18259197795 2.206274 0.821103811751041
370 0.390306 121.759121877547 2.027704 0.765642705632212
371 0.41147 120.799437655557 1.999759 0.815820468787793
372 0.352765 118.109195878803 2.055782 0.811901773174237
373 0.285101 119.121169175129 2.125277 0.827300602491819
374 0.503788 111.081771794331 1.80006 0.779777552433432
375 0.539688 104.557863136402 1.764871 0.704004379371936
376 0.419718 115.264121403499 1.974815 0.779061926339103
377 0.333146 110.431880999928 2.088169 0.787401587190644
378 0.512838 122.892716073374 1.837859 0.794763399421689
379 0.503199 115.163536628448 1.850457 0.786047820264858
380 0.428458 116.193319883718 1.974222 0.790633395831266
381 0.416303 122.943288760268 1.962972 0.793394883580837
382 0.354331 115.65400424964 2.081771 0.726953152618421
383 0.408434 114.473409444534 1.980997 0.797642897580132
384 0.394128 120.593371996641 2.014741 0.801818987152196
385 0.297734 122.66526942667 2.140457 0.816794105071091
386 0.462891 115.57898798063 1.913502 0.795185227692908
387 0.43041 116.725138409242 1.984889 0.742371869084729
388 0.486242 109.65395529299 1.840035 0.745457306548819
389 0.400074 114.913320423473 1.973882 0.773009497438489
390 0.358426 121.343779796493 2.054982 0.788569564584862
391 0.327798 125.066110221518 2.124562 0.815478050243855
392 0.206146 125.096426656543 2.199362 0.824390475600314
393 0.266657 124.44594327991 2.170971 0.82588196592338
394 0.440882 117.463545885217 1.975635 0.821600009036361
395 0.391328 121.930020730959 2.034858 0.810238049725743
396 0.550976 111.422024889555 1.753813 0.766729882424192
397 0.525615 107.803926483241 1.793692 0.765973426847887
398 0.406601 122.514997888593 2.00659 0.78080613548757
399 0.323195 121.105661483818 2.117401 0.831924421617411
400 0.482043 114.364424515222 1.898894 0.745766647921578
401 0.483149 109.155437549196 1.861422 0.731727955735404
402 0.37701 115.19471379441 2.0165 0.800078682029254
403 0.465135 115.846987703143 1.916147 0.816995695446382
404 0.437549 119.292014117167 1.923005 0.79044588467598
405 0.345532 117.362925178272 2.073991 0.793532738848756
406 0.394319 120.046343452456 2.033852 0.8086559867303
407 0.431975 121.550265336185 1.971922 0.709945972490702
408 0.533912 113.181919906586 1.788686 0.758959940339846
409 0.289951 119.60792752415 2.135196 0.832929138364071
410 0.471885 113.778069614979 1.903571 0.749822019171868
411 0.293856 121.069535948646 2.123522 0.82609531484868
412 0.43112 125.662668687937 1.997509 0.773030093241823
413 0.371711 127.539093359473 2.066172 0.843156090152028
414 0.317579 118.674077559667 2.103762 0.813784616476389
415 0.39659 119.01624054408 1.978136 0.819493144170848
416 0.315035 121.236273005813 2.108841 0.816000955126291
417 0.539204 111.432323311615 1.763673 0.772978325654125
418 0.535892 114.033619370849 1.764084 0.791257480182949
419 0.462053 117.588373934823 1.913023 0.795634173190841
420 0.340732 116.900667796369 2.092328 0.79962733435165
421 0.325567 121.144246217583 2.097383 0.835180093546197
422 0.512115 108.99704083668 1.836211 0.746883596280659
423 0.397555 116.125282318679 2.002444 0.794875603073863
424 0.348287 116.319939241267 2.037726 0.803412799627832
425 0.261373 125.717623157578 2.186092 0.810193435283729
426 0.257554 128.631218499353 2.169361 0.830792878428097
427 0.316273 121.84847458374 2.108817 0.775518449666582
428 0.462836 103.300692802375 1.904146 0.741235954802575
429 0.239113 125.976098296378 2.198198 0.84142791380004
430 0.452789 119.166440389482 1.929999 0.811170927389073
431 0.425609 118.500624832756 1.97488 0.778719590044612
432 0.516846 103.265821609153 1.775375 0.754917018241565
433 0.531686 106.963805341795 1.813045 0.736892044216999
434 0.387917 120.463705696621 2.032309 0.81365445288895
435 0.397947 113.744147686265 2.01172 0.809713869860004
436 0.390999 116.017595211627 2.036937 0.798333984890599
437 0.452315 117.426306453031 1.952535 0.81076979903343
438 0.474506 106.757442107706 1.844983 0.766103708546054
439 0.4479 119.371898454862 1.946138 0.794688307426472
440 0.376931 123.896950517193 2.024322 0.805366643477873
441 0.345926 119.471256302683 2.081963 0.804273757326382
442 0.410008 106.934049923329 1.995325 0.758364785966095
443 0.409606 113.413165972296 1.999266 0.794647654608166
444 0.363287 121.569978468127 2.048996 0.784607754163485
445 0.412892 112.772966583894 2.005447 0.780052507836552
446 0.259956 123.849010611511 2.193941 0.824377781949744
447 0.520486 114.922073510125 1.814159 0.753442729617863
448 0.294169 120.701546691224 2.135357 0.79312447404271
449 0.392176 117.997638394976 2.007061 0.808958100003979
450 0.378382 115.002646377827 2.022883 0.795824632065193
451 0.495463 114.210397680808 1.804218 0.795769054168861
452 0.526276 117.009573068992 1.799126 0.791565114320539
453 0.408397 118.593156072601 1.981286 0.782581767387131
454 0.413022 105.700176305307 1.960495 0.79098330578647
455 0.361958 123.719959288538 2.065538 0.793153041512604
456 0.440453 112.082198970257 1.9454 0.724924792389321
457 0.46695 116.605029430452 1.914054 0.800240721140846
458 0.544911 114.03218790119 1.777707 0.773742315576841
459 0.389154 113.533614824602 2.026518 0.793383783358479
460 0.615198 114.352877971107 1.632751 0.728571369588572
461 0.268958 127.383515832558 2.151395 0.856465547707472
462 0.405754 119.326925105144 1.972783 0.80355445616412
463 0.42621 119.686926464664 2.005938 0.766316138787073
464 0.330583 120.999821232127 2.070343 0.80101524198062
465 0.319565 122.756505210251 2.083401 0.820706163692058
466 0.431062 114.036431504448 1.967152 0.799289809214119
467 0.301648 120.777467078816 2.150069 0.806724988414142
468 0.40672 110.586514082267 1.966304 0.793181356005444
469 0.578419 105.592250104611 1.690661 0.723426393301197
470 0.310232 120.548847842262 2.122948 0.802293614778639
471 0.265532 125.916370374395 2.162548 0.846748990088359
472 0.319412 128.208908828238 2.127147 0.844096608634582
473 0.315973 119.259973052477 2.102332 0.82632868972201
474 0.465358 120.23439994684 1.912967 0.77276496919628
475 0.311523 124.783628106788 2.134356 0.818492602354733
476 0.407769 121.037053001166 2.001891 0.822433375713265
477 0.513694 114.640428010125 1.826191 0.780106449847175
478 0.36167 124.452605237822 2.068527 0.799830338282394
479 0.41834 120.218033838089 1.997218 0.792364157080433
480 0.350487 126.038230274236 2.078391 0.809616927048942
481 0.45314 115.143161096137 1.930223 0.789376780428441
482 0.411195 126.749235872954 2.023785 0.812703734603066
483 0.334844 114.848027317256 2.096107 0.813368230654412
484 0.414341 122.438910081016 1.995831 0.818805863430418
485 0.458356 111.184071016332 1.875447 0.787791237389967
486 0.366336 122.831968740698 2.03575 0.815316187632255
487 0.42191 112.560084485683 1.985351 0.756123812441712
488 0.293257 121.975278388631 2.09087 0.824570477071789
489 0.247182 123.534202005109 2.198019 0.831930429121028
490 0.508487 105.624266633897 1.852096 0.76641179107815
491 0.457674 115.1649098917 1.885495 0.791559311206177
492 0.383908 123.261185385031 2.041 0.814104817320814
493 0.372767 116.215828666073 2.055985 0.799340003023645
494 0.233762 126.988104341291 2.204054 0.851168127280032
495 0.506605 114.123459415091 1.851327 0.818178554997768
496 0.339353 116.272587574388 2.059775 0.834234006861706
497 0.454349 118.782672055204 1.923409 0.815427830746295
498 0.38544 117.015354863495 1.985491 0.802343256616378
499 0.321434 121.84928408169 2.109736 0.838538545717083
500 0.309789 126.554698013789 2.11361 0.833227795598201
501 0.414807 116.517638143923 1.999218 0.748763010600532
502 0.32537 113.770904731557 2.08232 0.811588045024983
503 0.394464 120.981338477333 2.026161 0.816156312916491
504 0.397466 118.296727379189 2.012152 0.785044384511823
505 0.338371 123.318768661774 2.095302 0.832257176116289
506 0.466309 115.66906730595 1.875819 0.783837033580868
507 0.310271 115.082053644452 2.097756 0.788357380577945
508 0.445387 111.684184641721 1.931927 0.769451359274073
509 0.412743 110.361045166905 1.992493 0.784235353873651
510 0.440553 115.037824772514 1.949325 0.739751831815547
511 0.459082 118.935878142065 1.89313 0.790050099017653
512 0.366909 116.117140695789 2.041184 0.80854510947356
513 0.40414 118.238278706675 2.007238 0.806144272836671
514 0.584455 112.521170764694 1.680378 0.76240010467847
515 0.33621 121.160252446289 2.092274 0.817570291225206
516 0.344246 115.542558681286 2.081805 0.806593324160355
517 0.274307 134.488444619859 2.179834 0.847976461569188
518 0.527893 103.367502465213 1.755112 0.757930306185713
519 0.429099 118.24410927354 1.935181 0.802250075301606
520 0.504935 121.564715106645 1.838998 0.815148920286375
521 0.353344 116.408036964384 2.08491 0.811915771969373
522 0.32409 114.064189287912 2.084386 0.77334273753197
523 0.411384 115.245013522045 1.94646 0.775292642450158
524 0.219874 121.697816486234 2.184332 0.809977283503931
525 0.512356 123.387447155957 1.849771 0.803943398552707
526 0.535095 111.05875700402 1.7652 0.759467860902245
527 0.501155 115.741605494733 1.832957 0.79131943076309
528 0.295146 124.766372802423 2.146078 0.82762829173828
529 0.313299 122.689267238391 2.142351 0.829387048368368
530 0.514476 119.403176074193 1.830887 0.782452703105874
531 0.412494 124.809872844594 2.006967 0.812514517684076
532 0.470128 120.226127077253 1.900196 0.813951714682983
533 0.419474 121.60939327781 1.975481 0.826173496498573
534 0.461935 104.147005981152 1.880411 0.793900081032969
535 0.510913 111.896460586887 1.816431 0.754127529112677
536 0.391699 112.561074170114 1.9779 0.794961530307839
537 0.315623 118.315254761473 2.120352 0.805587537189215
538 0.593378 116.942462484846 1.665235 0.736122813876276
539 0.369516 112.129968696848 2.02588 0.717006170322293
540 0.264048 122.657823053224 2.192619 0.859013795307127
541 0.433278 121.991823373538 1.976809 0.808812855777587
542 0.32698 119.179730180076 2.097722 0.817227081326122
543 0.542246 108.881245098977 1.784064 0.756403154679829
544 0.476448 120.171866341818 1.917765 0.777471714232881
545 0.566039 110.495983424742 1.710949 0.778661238112138
546 0.389171 116.886152411076 1.985972 0.788414875174093
547 0.442087 120.323258535486 1.91509 0.789890013779741
548 0.443707 110.136625273609 1.901236 0.721379264825236
549 0.445694 114.689870864803 1.94295 0.789266027725278
550 0.56882 105.169608795459 1.669312 0.760431618555552
551 0.321503 119.39478602007 2.113216 0.805806459800231
552 0.404128 114.499174589174 1.977479 0.786381930528827
553 0.565006 121.439162998326 1.723819 0.794714892858727
554 0.335925 122.492304065881 2.079783 0.83047699745692
555 0.480411 114.758949698703 1.899218 0.760092428357349
556 0.288214 120.679108141128 2.138629 0.82139280812155
557 0.386598 111.243800508145 2.00216 0.794786516206155
558 0.430191 112.430212975789 1.976475 0.783162479005986
559 0.470158 117.88265589157 1.886272 0.791105011254196
560 0.484333 120.901320420967 1.912387 0.753220361155763
561 0.454669 101.873933095 1.904086 0.748479023617536
562 0.426696 123.512555244313 1.985318 0.816592660013954
563 0.465246 114.462578933234 1.893641 0.775268038615276
564 0.442097 112.596025690464 1.896713 0.80217318475111
565 0.255886 129.791369611067 2.190242 0.847955683354535
566 0.376168 117.958966714159 2.010818 0.806908887636211
567 0.314462 124.393445081979 2.122313 0.842316588048736
568 0.512895 109.690876669594 1.828965 0.725971114759343
569 0.337396 122.414944879764 2.068647 0.796705696407409
570 0.460377 106.992566686066 1.855568 0.775535414907976
571 0.382645 124.923161068801 2.048164 0.791832150479239
572 0.341772 122.489507191154 2.042944 0.760320029400962
573 0.388291 119.443203614668 2.008231 0.77961481666783
574 0.35915 122.535304470226 2.0892 0.794753361899768
575 0.476045 111.669873944138 1.881596 0.744131840542277
576 0.365791 122.018515706312 2.079179 0.777649818856106
577 0.359199 123.753630717702 2.063 0.835966141964383
578 0.405301 121.708164950583 1.940266 0.817262157410147
579 0.500074 119.455483119218 1.876231 0.79227158336302
580 0.513394 109.63704553217 1.813516 0.786018158478213
581 0.450053 120.715899371705 1.947679 0.793512208546517
582 0.418534 122.158110053264 1.986432 0.799732807174767
583 0.38987 115.686677433474 2.023706 0.807628470821478
584 0.338456 117.467189175367 2.074331 0.816671374671751
585 0.511356 113.366713740165 1.851639 0.775388751231533
586 0.506031 102.207272990431 1.833932 0.786818739331071
587 0.28515 133.943024955055 2.173412 0.826306514293501
588 0.512602 118.640279600751 1.758412 0.821568420575555
589 0.496638 122.510259594243 1.869141 0.816469075666206
590 0.464905 118.477409220749 1.922109 0.797635404828883
591 0.416611 122.376194735536 1.993056 0.788822303890327
592 0.271755 121.896475683918 2.146789 0.828764091874849
593 0.368844 120.687134700031 2.033797 0.806304887616582
594 0.274041 130.734178578462 2.173899 0.849976943754898
595 0.387883 117.92013193753 2.017976 0.802066369360652
596 0.430032 107.218457893424 1.959492 0.773372147546748
597 0.461097 110.705470852105 1.89287 0.774001403586577
598 0.349075 112.183496173735 2.072607 0.808272640373074
599 0.374696 116.825324634964 2.034315 0.809128586036153
600 0.567071 117.702040598028 1.724975 0.764378464256663
601 0.42693 110.63292756105 1.984633 0.778612259693777
602 0.305018 124.69894665662 2.126472 0.813344186313771
603 0.363969 122.921141948951 2.062279 0.792769742972362
604 0.454828 116.995325852229 1.903414 0.802745101510551
605 0.355644 120.333900455444 2.063328 0.760842163349832
606 0.372952 118.159987982752 2.050115 0.810218626425692
607 0.429798 114.746278467162 1.93108 0.772721798476549
608 0.436953 120.436699328281 1.962292 0.80659352592933
609 0.331266 116.795111265741 2.110658 0.8049940389691
610 0.297078 127.301920341764 2.156324 0.787217112512307
611 0.40005 124.670035578691 2.032948 0.820443019282076
612 0.274161 124.49600248554 2.154748 0.828994158624251
613 0.402833 117.021773514577 2.00112 0.760148677969758
614 0.507165 117.287731256612 1.822403 0.700331152550532
615 0.418897 117.907758834001 1.967159 0.812820056690503
616 0.571944 113.898674029946 1.688487 0.758086973580378
617 0.525669 110.045106326396 1.804828 0.776164984247342
618 0.356845 123.721338104518 2.08678 0.81115095280525
619 0.482855 113.702807970503 1.865378 0.755693804937835
620 0.224506 124.583285416983 2.213154 0.846007005256051
621 0.262271 126.109518046744 2.168318 0.834489542309086
622 0.367789 114.904176928 2.04627 0.815386790009304
623 0.415993 119.717870567679 1.978045 0.779881024902327
624 0.331695 120.145924871701 2.123602 0.815408713775526
625 0.513578 110.588825535035 1.840518 0.766559107569668
626 0.444662 116.278134300143 1.972224 0.790447871460731
627 0.429796 116.834883726299 1.953164 0.77307715550072
628 0.277588 118.876258267139 2.140826 0.834638909144077
629 0.292093 120.949164630846 2.136815 0.831706599115786
630 0.440116 115.8329454597 1.91719 0.794015511783588
631 0.45194 122.999320761066 1.937791 0.765988761228684
632 0.393776 110.58107653803 2.014587 0.784586423657592
633 0.462929 110.838173115318 1.918474 0.783165224584774
634 0.517023 114.414925910401 1.811773 0.779648413034705
635 0.326036 131.382783119475 2.127442 0.832048087577795
636 0.377206 122.07816946566 2.025527 0.766812945540437
637 0.342092 117.778578352771 2.081241 0.812082688546412
638 0.246641 127.97639113919 2.202855 0.826879257903545
639 0.565548 104.923570941191 1.717698 0.765496924788857
640 0.53838 114.809220657035 1.774698 0.7229987528109
641 0.450842 122.329110689758 1.94152 0.805657653063628
642 0.354373 117.776642545986 2.08131 0.79866586175426
643 0.433707 121.047907117653 1.987206 0.756774047118055
644 0.49975 112.047126934907 1.835879 0.749591274778703
645 0.428162 108.865817200323 1.917506 0.78703849885446
646 0.562834 113.000038733091 1.736803 0.757905568613062
647 0.38204 119.228106254947 2.033963 0.814046809681781
648 0.489608 115.300016051697 1.84228 0.812123242377158
649 0.29851 117.480223162029 2.096905 0.805591863918902
650 0.273114 120.244284750428 2.158588 0.85334660371442
651 0.443338 112.757786328268 1.899781 0.768033556113634
652 0.302689 122.234207338792 2.143252 0.8105806332219
653 0.316766 125.540131680493 2.138862 0.850953794414802
654 0.154369 132.108268278282 2.263199 0.859969400516568
655 0.530112 114.602659948571 1.791945 0.798582703543903
656 0.40007 111.297919595589 1.950009 0.786161967482133
657 0.395527 116.280349741668 2.028227 0.789810418746355
658 0.464078 112.382458449793 1.907592 0.786732470878039
659 0.504956 121.620788747644 1.831924 0.810890250405055
660 0.404595 119.489184942385 2.000271 0.808314245505382
661 0.43231 114.929055617865 1.955214 0.768070192126479
662 0.293779 116.542248229704 2.132166 0.796806151770089
663 0.504739 121.178518463168 1.836838 0.776387342282193
664 0.34362 118.178164883879 2.077121 0.769684845261076
665 0.395918 112.494888701818 2.006992 0.777956962351575
666 0.359841 115.499550081545 2.036252 0.794115646774058
667 0.49137 105.876263119363 1.835629 0.753865943318034
668 0.452554 114.940346375853 1.951029 0.751338132641067
669 0.430868 113.150541375937 1.948746 0.768788806642523
670 0.47783 117.342208136733 1.880417 0.802151045263826
671 0.474078 119.011544604614 1.896857 0.769748917544209
672 0.507627 106.94239098333 1.825588 0.763752283518241
673 0.358271 115.836040717161 2.039059 0.803500810507545
674 0.428376 114.214125118989 1.931452 0.752098622079173
675 0.399779 112.39624516191 1.965147 0.74691443375842
676 0.48274 109.521619298562 1.876748 0.748332189049229
677 0.48271 108.708419806304 1.841572 0.759848890321383
678 0.382851 119.538996378261 2.024968 0.781982553762137
679 0.268914 121.704787652909 2.156468 0.814422670163207
680 0.293153 120.948396784003 2.131731 0.825611654141318
681 0.505646 119.345356114919 1.851087 0.793917169803062
682 0.243523 126.035752959633 2.205251 0.847093050232109
683 0.437595 125.864947813595 1.956608 0.822699798829517
684 0.388569 118.191578214227 2.034201 0.811198084278433
685 0.239454 124.888773183192 2.189425 0.825933222831942
686 0.256405 119.522307141569 2.163533 0.818266360763432
687 0.398653 115.995382935451 2.034574 0.800042567653374
688 0.408936 111.096075832532 1.941641 0.803043905321729
689 0.368924 119.697804232166 2.053038 0.81861646871105
690 0.618684 117.510226113923 1.60203 0.748119012386754
691 0.320074 119.434307430489 2.103739 0.819031501558577
692 0.442562 116.290863318603 1.897653 0.779697283298609
693 0.376741 114.406523237381 2.008964 0.790326137547271
694 0.296641 119.2525255461 2.128676 0.829461863898981
695 0.53537 109.307999961875 1.784128 0.761443293851193
696 0.381152 121.247109412233 2.043294 0.815859349643403
697 0.454602 118.419655845 1.92648 0.726115583035052
698 0.338821 118.329997305568 2.09697 0.812116023185005
699 0.425528 123.444635069628 1.978604 0.792955073470497
700 0.560617 115.764354162283 1.704475 0.778911478908155
701 0.438602 111.440154081879 1.920642 0.774049458047592
702 0.380159 116.657299050249 2.033622 0.788735912203638
703 0.542181 106.263412195656 1.761487 0.742685620645004
704 0.216734 125.255417113457 2.214521 0.839333295857083
705 0.442968 108.982021282541 1.919992 0.786651876844024
706 0.312377 118.040122411519 2.11149 0.818770274494086
707 0.242689 132.378093512431 2.19781 0.834140962685515
708 0.395084 116.752565764048 1.9861 0.785553579095558
709 0.537033 113.224305985735 1.762857 0.764992041607784
710 0.479257 123.36223303341 1.862769 0.807507074487707
711 0.407392 115.596620890009 1.933122 0.757308810866266
712 0.463926 113.730065521649 1.914763 0.782812826070122
713 0.294681 104.824918631544 2.059341 0.791990363748724
714 0.418382 116.31834137648 1.929724 0.795947964450768
715 0.426815 117.512687204728 1.976834 0.792166861915544
716 0.440607 117.72498686676 1.94474 0.789457018595936
717 0.32903 118.569966524014 2.110138 0.824946063360841
718 0.495021 114.104297764866 1.807326 0.739135569524711
719 0.370866 116.905741265532 2.026703 0.756051405891456
720 0.432639 115.230789313014 1.939859 0.805600355514106
721 0.377767 118.093973425823 2.034311 0.800813281454134
722 0.468263 117.839619683327 1.929507 0.800411000357831
723 0.436506 116.031514759416 1.964128 0.797395513641126
724 0.336786 122.684339991107 2.103263 0.810023113750404
725 0.286902 118.460246415275 2.16174 0.813260736311863
726 0.549487 113.771357770047 1.749348 0.74364817325119
727 0.345319 115.885898814512 2.086483 0.794610835040367
728 0.292167 120.223329040363 2.153074 0.829287980639795
729 0.383506 117.243197528511 1.984281 0.788727832336187
730 0.343536 124.853845167078 2.10618 0.823475078323812
731 0.393214 124.813765865958 2.033737 0.810956240560006
732 0.486828 113.505463939043 1.883642 0.758024509802115
733 0.435093 113.728004611042 1.951021 0.789099930979145
734 0.501163 125.025561073886 1.870327 0.81116664408941
735 0.432948 111.917921056069 1.961597 0.777084616833272
736 0.426944 117.697284480457 1.97193 0.799538477157729
737 0.283627 120.887671857223 2.161497 0.818091465325019
738 0.433657 125.422820153917 1.985955 0.841881541886301
739 0.441748 109.951174888224 1.9602 0.755982780482929
740 0.326777 117.744131199995 2.09456 0.812101048182919
741 0.36934 127.830624754026 2.037595 0.840987666077544
742 0.38565 114.262171563298 1.986336 0.791981995280417
743 0.382718 110.554066234634 2.019057 0.789223055837873
744 0.288131 123.813788087449 2.141689 0.830787567887434
745 0.381641 116.420150466781 2.022304 0.818882980769791
746 0.521068 115.695869100876 1.769849 0.773826541522533
747 0.418664 112.659067914506 1.953962 0.78505396202275
748 0.379077 116.560882592515 2.005498 0.796529324337078
749 0.207964 129.572351033786 2.230655 0.838302863622398
750 0.428004 114.86300616089 1.955822 0.794874844101858
751 0.475011 119.504041783385 1.916209 0.785015047110214
752 0.392919 121.537117289235 2.018108 0.796002128383792
753 0.448385 116.878863093505 1.933409 0.807177783755413
754 0.555197 108.485065721471 1.726589 0.761001304098632
755 0.303948 127.655870552509 2.14578 0.824108575681224
756 0.3989 115.813211938685 1.961113 0.78036139714096
757 0.253107 125.113309639993 2.189293 0.836523954895458
758 0.447552 110.416638276121 1.902128 0.775651325933369
759 0.411527 116.371853950223 1.947282 0.760378320517833
760 0.350575 122.041590328209 2.081975 0.820933691937666
761 0.448191 119.368156873929 1.963426 0.813031328594077
762 0.551063 118.05239413257 1.769072 0.780843777775595
763 0.370267 118.365411945129 2.045497 0.799135029999893
764 0.45309 111.90871123608 1.911534 0.766179935536206
765 0.437507 118.991305488028 1.982521 0.772668203566024
766 0.403023 115.066657225128 2.032466 0.803733927345794
767 0.396652 118.984688741966 2.042522 0.812335682103628
768 0.455566 113.216184743431 1.920243 0.763562655014515
769 0.333168 120.859499018813 2.108071 0.796730259097304
770 0.205807 126.752467058956 2.226386 0.83795273372256
771 0.319506 120.349190944592 2.094949 0.817933516235559
772 0.384421 112.516414190751 2.012851 0.789662109377105
773 0.501769 107.622604731887 1.826298 0.751103247286287
774 0.450484 114.973286128738 1.9425 0.773096360999681
775 0.382368 116.977424300895 1.976756 0.804980207212142
776 0.274427 127.652098874117 2.162402 0.832824157325404
777 0.458228 111.845939468612 1.915648 0.79568159789458
778 0.4298 115.869995234865 1.947267 0.764502919341265
779 0.507658 112.024617008613 1.813664 0.746437397225963
780 0.417173 121.450650311683 1.999161 0.79717361736077
781 0.474387 113.775498415383 1.921168 0.7503577425394
782 0.538473 108.612193091953 1.766376 0.783977125654539
783 0.303731 124.031249622842 2.135273 0.800170474831299
784 0.373529 120.839288035225 2.033288 0.82018895311346
785 0.300102 113.563685616891 2.101737 0.806016542961163
786 0.552011 105.123202150488 1.75582 0.768614158671983
787 0.406905 109.172003149767 1.974879 0.77451776446016
788 0.373 116.514789530298 2.040195 0.810887311471097
789 0.408419 121.901214503069 2.005543 0.81636623997511
790 0.274735 123.88730146102 2.173506 0.851355363695272
791 0.524622 115.732013394768 1.805962 0.772242292564995
792 0.376555 118.877287804284 2.05503 0.820833724040517
793 0.229479 124.848961969178 2.204991 0.841914432737878
794 0.302236 116.068731411147 2.122638 0.818642737069894
795 0.258671 128.848453398573 2.187952 0.851230760283441
796 0.432935 107.418067168162 1.918144 0.757845112273958
797 0.224532 123.707726770943 2.190464 0.836877725616804
798 0.414702 114.511539141153 1.989128 0.789300331783529
799 0.556432 105.174999847624 1.714367 0.746242820026245
800 0.48387 118.550190319485 1.866538 0.784066327763435
801 0.449276 117.118110739484 1.925083 0.789143642031731
802 0.537656 111.065721275478 1.766611 0.75274390760553
803 0.412106 119.124870541132 2.01616 0.804819899456247
804 0.482294 109.379387848186 1.855452 0.772160304025884
805 0.478193 118.833216618842 1.890675 0.798360440094567
806 0.324929 114.059600504582 2.089185 0.809450304170705
807 0.399388 112.889692367719 1.965479 0.785039609061866
808 0.303799 126.799844518859 2.135896 0.819780174543444
809 0.378227 118.578618263429 2.041589 0.781812864487503
810 0.411649 116.442060536267 2.009369 0.792841361714224
811 0.313219 121.633819853764 2.118041 0.803332740185387
812 0.514381 108.758685524094 1.775808 0.753963936674972
813 0.371655 118.117467856859 2.052858 0.794112198888092
814 0.514084 109.956365927912 1.818984 0.748309274062114
815 0.382211 120.021690609341 2.058168 0.814167931623196
816 0.346568 118.53185268401 2.045029 0.803961463033619
817 0.458922 121.507088521245 1.876205 0.784100149110086
818 0.356133 119.165128373592 2.069534 0.80232053943224
819 0.511103 110.850494649487 1.789837 0.769898128671073
820 0.480683 111.286561603368 1.912873 0.7657519370222
821 0.389135 116.287365252533 2.011371 0.797379798389204
822 0.356688 128.774880589637 2.055698 0.779045218885255
823 0.279894 123.346944133334 2.157347 0.834815947009495
824 0.539073 116.894410533221 1.791303 0.787505463611532
825 0.240557 121.322487084168 2.198973 0.851412419078165
826 0.458818 107.883265130518 1.910379 0.777258746419995
827 0.445956 118.490496412587 1.93601 0.790719951028997
828 0.445399 110.168520043508 1.932168 0.781207698534975
829 0.504852 107.14123413175 1.82744 0.774388768414695
830 0.411042 120.562785035775 2.003985 0.79872311407502
831 0.494185 109.04044070495 1.86123 0.770431183018562
832 0.391969 118.488538184362 1.99572 0.801045109462838
833 0.399726 115.796475793589 1.981231 0.811347741094172
834 0.275895 125.47547146704 2.163623 0.838246207820736
835 0.44592 119.65329190087 1.948083 0.786008830689709
836 0.381048 119.086966311907 1.997229 0.794229723603698
837 0.462868 121.005328679787 1.88598 0.796252725442841
838 0.486704 115.52984099816 1.870361 0.79009470277491
839 0.618324 108.392355297962 1.59527 0.757578162439563
840 0.265892 122.517486305127 2.126175 0.815100587457377
841 0.329115 116.303025948244 2.115904 0.807516538321492
842 0.25455 122.591775345663 2.172305 0.834322370891771
843 0.309524 119.20890141652 2.124818 0.823054157176618
844 0.412161 113.825772537023 1.990928 0.774302752270473
845 0.246994 124.73854520341 2.196843 0.847572413266534
846 0.368937 122.212921959646 2.070997 0.803443081870232
847 0.443709 114.411067063293 1.928413 0.800359389745887
848 0.486649 116.112280845809 1.871474 0.803604246300614
849 0.380279 120.160986519173 2.011072 0.799339325671067
850 0.415325 111.145653219274 1.985373 0.790376065961392
851 0.451135 107.907034103261 1.942757 0.757169350796035
852 0.121064 128.778659588147 2.278327 0.867633808277539
853 0.439418 107.975750865834 1.921639 0.78078116617135
854 0.392896 115.455279930115 2.02008 0.787033609664329
855 0.303653 130.545283597301 2.125985 0.81719103237808
856 0.483728 119.851663815582 1.912973 0.784612184917886
857 0.455385 112.276447342759 1.933211 0.730996969862475
858 0.444774 118.264494264525 1.948673 0.783646323934395
859 0.37606 118.017759779137 2.059996 0.794671813855751
860 0.154466 127.91543881506 2.261421 0.837644634388682
861 0.320734 128.910392149179 2.131541 0.822190027253919
862 0.469152 118.547381871955 1.877592 0.771259784721231
863 0.201179 120.94921111719 2.212978 0.82919021690395
864 0.362292 113.395142935424 2.002037 0.799202290000763
865 0.379927 116.021605463491 2.025087 0.785941455566244
866 0.226639 125.215955233538 2.201819 0.860166158850784
867 0.417406 119.858915362003 1.974 0.82107513015288
868 0.341103 119.31928465973 2.084628 0.809204546155738
869 0.355288 123.970254344473 2.069423 0.819841406483587
870 0.372072 126.363092519251 2.022806 0.825612259348109
871 0.375711 126.065077079914 2.037243 0.829071034669178
872 0.473875 110.650056876218 1.858746 0.785774945233478
873 0.43024 121.245989649109 1.991151 0.803137202084748
874 0.434016 111.864077242465 1.961664 0.769051770474365
875 0.388768 121.047485099815 2.032391 0.816201019762175
876 0.401202 118.779743842108 1.946757 0.778692682381529
877 0.408383 116.894664306633 1.990797 0.79715009302057
878 0.445593 114.613065569386 1.919834 0.780559405393481
879 0.30239 115.647998591786 2.143756 0.817481083219016
880 0.3738 128.55701513905 2.054796 0.846565777929034
881 0.435695 117.30869125475 1.922679 0.794785642767596
882 0.404867 112.380263580541 1.958175 0.775737786953756
883 0.448495 112.792466773392 1.937527 0.79599594046901
884 0.421319 124.043513672561 1.978745 0.839247390506986
885 0.416203 123.562768148528 1.996555 0.830179564012814
886 0.271953 121.725033131242 2.165317 0.823845912471246
887 0.411622 112.229059174713 1.94277 0.793848904371329
888 0.501627 107.549554977169 1.821619 0.785465415573223
889 0.46999 111.812873456681 1.897992 0.76669494869275
890 0.28195 114.93927878553 2.142766 0.809106901012228
891 0.306572 117.96185806657 2.120068 0.81314601978196
892 0.371551 116.344460284537 2.060318 0.795207137113774
893 0.538094 113.986282148984 1.806897 0.750636635843407
894 0.312947 117.989549181231 2.11754 0.804683022286976
895 0.341645 115.562249779622 2.073245 0.806199536668591
896 0.348365 118.183348138432 2.046864 0.80899639726048
897 0.436482 115.179335623341 1.918153 0.783631878457696
898 0.373909 118.269599566324 2.012242 0.789349617500224
899 0.484626 109.323896168716 1.857748 0.777078090989153
900 0.507232 113.901501470254 1.794541 0.763731738697496
901 0.511185 119.592421619113 1.852455 0.810855844016842
902 0.23466 129.468685470113 2.214155 0.833858898432251
903 0.480536 114.810889492071 1.888039 0.786176609257774
904 0.407035 116.80083846066 2.023152 0.78965700940464
905 0.431346 115.270334993906 1.941655 0.83351722088779
906 0.48862 120.234411900074 1.876061 0.759913026758307
907 0.220544 130.416608541273 2.220245 0.810435546536648
908 0.43654 115.331166871731 1.972496 0.804286252893728
909 0.356011 126.303784446143 2.065445 0.839605939912378
910 0.392628 122.968183318894 2.002188 0.795097732961045
911 0.477548 119.614000534704 1.876385 0.751271327230795
912 0.439052 113.022178422818 1.955012 0.747193369505908
913 0.439282 108.66804479781 1.932905 0.777781457770653
914 0.448481 109.328955560047 1.946157 0.74800527000369
915 0.317123 125.194546049008 2.13898 0.830629589010455
916 0.490536 111.939285744577 1.844481 0.777681777082288
917 0.3499 123.536386621286 2.099589 0.805710670881283
918 0.299938 125.450334849899 2.128215 0.814627077335032
919 0.408347 124.935441566772 2.013021 0.797700497607183
920 0.485502 118.967470226013 1.855328 0.811063410086042
921 0.431844 116.387143046197 1.977265 0.80164508674664
922 0.368521 119.112811260499 2.060835 0.808127071332223
923 0.418481 117.325653378804 1.961158 0.808355035014552
924 0.412057 112.576115095282 1.956951 0.79156560884442
925 0.466998 109.04988543645 1.871752 0.791062318510793
926 0.431802 112.390002587581 1.965194 0.796428532476031
927 0.438853 113.040688562031 1.95498 0.791498648851092
928 0.32823 123.475881171832 2.086544 0.811351633649589
929 0.394573 121.923609362719 2.032687 0.800907792206071
930 0.213373 121.820011620412 2.212452 0.818169062458263
931 0.26966 134.674088220257 2.171071 0.830065767929384
932 0.396822 122.631849295051 2.04174 0.804022197955599
933 0.378262 119.163510987201 2.021812 0.802072375821302
934 0.497975 117.245700726685 1.849257 0.787121062164271
935 0.335628 121.049129576052 2.100681 0.812947898689308
936 0.274441 120.783072801802 2.146836 0.835236444155117
937 0.308557 117.207129973688 2.115442 0.818938796017478
938 0.393131 112.018745598385 1.972004 0.794900968969986
939 0.358463 126.970059394166 2.075171 0.820836624211295
940 0.327512 119.676074038559 2.075728 0.798173239475939
941 0.355955 112.668693752072 2.056153 0.798101587227033
942 0.526161 116.484946593305 1.792485 0.787593615003818
943 0.399859 123.275283033046 2.034351 0.819468194777348
944 0.272177 118.353428020297 2.166426 0.81186495604575
945 0.311339 125.89787376548 2.140862 0.827784397098427
946 0.419748 115.705829836572 1.982399 0.777872059109066
947 0.507796 110.875600613069 1.83357 0.781303335445638
948 0.240536 127.257436127362 2.208529 0.838390953377728
949 0.301114 119.286956406784 2.131797 0.836976468392964
950 0.383229 117.487814392839 2.051104 0.79833155126207
951 0.411002 121.881523712151 2.011866 0.824858718032782
952 0.421729 114.571920746685 1.975281 0.802684000209166
953 0.305584 129.784847753605 2.145077 0.837576209639322
954 0.404256 117.174125234254 2.000701 0.746885864369786
955 0.470035 112.658394466775 1.86775 0.777389449091063
956 0.317319 121.034390703233 2.092838 0.832117421315631
957 0.471317 114.312935150518 1.818021 0.748809761611205
958 0.377334 122.616760835298 2.043372 0.793469094022678
959 0.501808 116.418139258343 1.83232 0.792587191088884
960 0.267987 118.275009779504 2.137161 0.818795353886114
961 0.406061 120.409130128055 2.018909 0.797889389519582
962 0.250827 122.406402265045 2.185455 0.819187387168729
963 0.331393 120.460601017639 2.093534 0.810748277962706
964 0.428083 109.794975028626 1.935684 0.805312946646171
965 0.412838 114.537781363467 1.966594 0.778025295442411
966 0.327641 117.855707746636 2.102348 0.81253804252353
967 0.57916 109.106172609779 1.6924 0.753042574148971
968 0.316634 120.562481962582 2.110617 0.799167249822031
969 0.510923 112.547215556069 1.797989 0.76145193906583
970 0.350682 115.250840996043 2.044096 0.791595400671355
971 0.224167 127.01174727509 2.21192 0.848965914934631
972 0.21223 125.059694530874 2.229268 0.84323633574401
973 0.325885 122.694591161463 2.100861 0.835403988598523
974 0.467671 124.22074441685 1.923612 0.819695000715789
975 0.423311 117.994647937273 1.988978 0.806432547373986
976 0.374915 118.05048913486 2.048657 0.755011587767106
977 0.433086 117.545487599752 1.964241 0.782911261857326
978 0.547409 112.163828621789 1.764687 0.76243668088017
979 0.542663 120.526411446805 1.777088 0.786122587820106
980 0.397062 116.37540951134 1.999405 0.800872401836346
981 0.469397 108.834491521837 1.886286 0.78027778256896
982 0.354184 112.411647959021 2.03867 0.788525656616773
983 0.291613 126.540529204293 2.158129 0.833794221221274
984 0.405088 114.965099796241 1.967494 0.790453518871347
985 0.441203 108.795500527286 1.959017 0.768263296760191
986 0.409924 117.364315190711 2.018331 0.782498869712036
987 0.432248 117.337975161455 1.978793 0.804580126768468
988 0.299949 126.259674833632 2.136106 0.827745202024267
989 0.34728 119.217792891083 2.072852 0.79966757188318
990 0.391579 118.726961452484 2.035559 0.81476501237479
991 0.296541 120.484251712288 2.044721 0.793757466778058
992 0.445182 113.429123188443 1.934613 0.796878832649462
993 0.437437 119.043936032253 1.940855 0.793749733118194
994 0.287144 121.769761003825 2.162541 0.8368279164939
995 0.327648 117.594845703396 2.062452 0.805049125485026
996 0.264792 115.89569217306 2.12739 0.810594759931084
997 0.342232 126.33519532394 2.101511 0.830005804778181
998 0.389369 122.588336416991 2.003566 0.819641398912178
999 0.436457 112.089224939498 1.907806 0.800530340208346
1000 0.487803 115.612528750672 1.880808 0.803239585447992
