rep	aei_left	left_area	adi_left	H
1	0.393694	118.2389275	1.99601	0.818356902
2	0.373995	116.5623874	2.017571	0.820322576
3	0.301007	123.1014698	2.131505	0.832699743
4	0.335958	118.5578652	2.04559	0.82419946
5	0.301933	120.8601659	2.107032	0.833999139
6	0.286582	127.5160012	2.133829	0.846751815
7	0.390422	116.6172565	1.987558	0.806484608
8	0.279137	127.3691196	2.154326	0.826477383
9	0.508693	116.8307258	1.833538	0.75269018
10	0.279036	126.4787776	2.163142	0.833391448
11	0.368715	120.4907785	2.024391	0.826478033
12	0.344945	122.2658324	2.082727	0.804929305
13	0.362871	120.0771072	2.053877	0.829244904
14	0.447551	111.6391343	1.919198	0.785430261
15	0.418009	120.4841629	1.936829	0.825125402
16	0.318554	118.7204403	2.112209	0.831311509
17	0.398791	120.2464894	1.9864	0.802877953
18	0.364205	119.4086254	2.058155	0.796221542
19	0.316971	120.995777	2.106549	0.83025115
20	0.344398	115.980735	2.037707	0.823877921
21	0.426855	116.6450566	1.966873	0.782052235
22	0.371976	117.4443956	2.026711	0.819922935
23	0.463358	114.1279894	1.853764	0.80680551
24	0.337262	117.0562895	2.093071	0.816301347
25	0.37551	115.2293327	1.993216	0.810737089
26	0.406443	115.3075538	1.975484	0.81905913
27	0.213659	125.2588286	2.228538	0.831714939
28	0.299074	126.7211646	2.14756	0.840637094
29	0.434982	116.4222837	1.936986	0.820798212
30	0.435507	114.7389434	1.952221	0.796425223
31	0.416746	120.5921368	1.948416	0.807715281
32	0.367546	121.7540156	2.03199	0.832224077
33	0.316036	121.948703	2.071292	0.822167007
34	0.347557	121.2558268	2.076673	0.815212149
35	0.378934	118.2316681	2.014111	0.812561552
36	0.378786	116.6030531	2.014013	0.812670559
37	0.357462	121.8350221	2.061827	0.823365511
38	0.362384	118.8658512	2.041731	0.821969942
39	0.404298	118.8526942	1.983709	0.810202435
40	0.432501	117.2123034	1.922878	0.790593341
41	0.301706	122.0103979	2.123358	0.841178374
42	0.289538	119.2980881	2.136618	0.825746932
43	0.41445	117.1237661	1.983615	0.824604415
44	0.327062	120.1336431	2.091113	0.818648159
45	0.364618	116.7634248	2.044869	0.827912489
46	0.407346	120.5488705	2.005425	0.801213234
47	0.409874	118.8430314	1.968527	0.799339249
48	0.279293	122.6529855	2.098741	0.832527072
49	0.37079	123.7212693	2.049821	0.818090185
50	0.251506	121.8593077	2.177762	0.829324541
51	0.441193	118.5831035	1.913729	0.792052297
52	0.406804	114.7650581	1.956614	0.795595348
53	0.270964	121.358701	2.162235	0.835262662
54	0.387159	116.3101718	2.005615	0.82699944
55	0.395052	117.0011342	1.986876	0.806052186
56	0.331527	123.1028318	2.076631	0.833638136
57	0.35988	115.4253443	2.033389	0.792598102
58	0.412496	116.7670207	1.951351	0.813846212
59	0.364993	121.5185582	2.022157	0.832336221
60	0.285035	129.0147862	2.162709	0.851283939
61	0.334074	119.3199017	2.058011	0.821936923
62	0.218277	121.3500819	2.203381	0.843406708
63	0.483265	120.2206721	1.859031	0.7963863
64	0.344815	121.4464757	2.057562	0.825244637
65	0.317671	126.9883926	2.119261	0.838869298
66	0.414788	117.1927471	1.966079	0.819109197
67	0.420572	117.615745	1.956336	0.818874083
68	0.298815	124.1468977	2.131866	0.849267584
69	0.374354	115.7483011	2.019585	0.807327026
70	0.348128	116.4019025	2.056643	0.805657335
71	0.283954	122.2933569	2.12299	0.83888974
72	0.339735	121.4316947	2.069892	0.824784986
73	0.268366	120.2300917	2.150019	0.831742363
74	0.284902	121.2499607	2.12726	0.832831445
75	0.281716	122.9147094	2.140527	0.841315731
76	0.350174	113.4860728	2.0611	0.804080783
77	0.311069	128.6159237	2.11112	0.84084726
78	0.393593	121.7770048	1.997852	0.823108416
79	0.39227	116.2699622	1.967579	0.812988477
80	0.389455	114.6400717	2.001683	0.803789747
81	0.283501	129.4352577	2.151515	0.844683039
82	0.436612	120.7220468	1.936745	0.826291422
83	0.459141	114.6444628	1.881935	0.812702674
84	0.367358	122.386771	2.051887	0.829044879
85	0.303211	122.3347994	2.067252	0.838466413
86	0.390028	122.7313124	2.03672	0.812624334
87	0.407537	118.2549045	1.970102	0.819456269
88	0.439329	113.633552	1.934318	0.799740232
89	0.416597	123.9055338	1.964924	0.818341607
90	0.465196	116.1478955	1.88737	0.788719756
91	0.368068	115.2543919	2.041211	0.800603721
92	0.474655	119.4641885	1.914631	0.799445486
93	0.318125	119.7487163	2.078886	0.832964037
94	0.427936	119.8999357	1.933905	0.807188385
95	0.310022	122.6204434	2.0854	0.825954267
96	0.431098	114.2804725	1.961116	0.78482804
97	0.378439	121.024482	2.038491	0.817073361
98	0.426126	121.464048	1.954129	0.822486773
99	0.300804	124.3871153	2.12203	0.824773983
100	0.37692	123.1472288	1.999997	0.802264333
101	0.325747	127.4025186	2.107099	0.841135336
102	0.450818	117.1967398	1.912782	0.797630352
103	0.469979	113.8866628	1.837624	0.756435379
104	0.433212	112.6659739	1.933143	0.804359708
105	0.298212	124.5566497	2.144587	0.839233718
106	0.425836	115.9285301	1.937005	0.801467002
107	0.28363	121.8558107	2.143616	0.836621995
108	0.293343	118.6725466	2.117393	0.825274133
109	0.269609	120.3339685	2.109619	0.821286965
110	0.215833	126.2600555	2.198799	0.821551359
111	0.289877	121.5547903	2.134637	0.841345581
112	0.260274	123.9791562	2.174349	0.840608917
113	0.290812	128.8376639	2.121375	0.840438385
114	0.366676	119.4435669	2.02459	0.836724198
115	0.244134	128.6004199	2.181297	0.858171649
116	0.307285	122.4061494	2.118594	0.83770604
117	0.335272	121.0313354	2.066101	0.824841633
118	0.484619	117.8749883	1.837018	0.800631518
119	0.40101	115.2817542	1.965759	0.789154493
120	0.215947	122.4438494	2.1949	0.832485466
121	0.422709	121.950657	1.984758	0.826973656
122	0.345939	114.0054935	2.029344	0.822372848
123	0.216738	123.3551512	2.204088	0.832210416
124	0.263741	123.8337775	2.159835	0.845573374
125	0.344608	120.1668383	2.027929	0.810996074
126	0.40045	121.3989078	2.012646	0.805073457
127	0.390773	121.507376	2.029251	0.826709439
128	0.341533	117.0885258	2.048215	0.826354707
129	0.441478	115.5952533	1.90458	0.784220712
130	0.437637	114.5488806	1.903078	0.803014083
131	0.462621	119.2644066	1.898676	0.818711273
132	0.368254	119.4693005	1.997346	0.815676163
133	0.310679	128.446279	2.088496	0.847824714
134	0.398337	121.4703543	1.998858	0.828461292
135	0.312356	123.9450152	2.120935	0.834274832
136	0.343482	120.7774741	2.055212	0.819998212
137	0.354576	123.7904723	2.039844	0.817442016
138	0.320381	118.1307646	2.088552	0.820376062
139	0.298529	121.846965	2.104428	0.826309157
140	0.267506	126.8325374	2.162265	0.839158503
141	0.405288	114.5933958	1.981755	0.805878948
142	0.303444	116.0524854	2.124094	0.820001692
143	0.337574	120.7038395	2.057964	0.827452223
144	0.367268	125.0077575	2.040355	0.829144049
145	0.302278	120.6020847	2.110494	0.833552807
146	0.305743	129.721455	2.124043	0.832589078
147	0.348963	124.8737432	2.070738	0.835943991
148	0.323348	119.1350475	2.052001	0.832355696
149	0.327377	124.9345956	2.100044	0.821216289
150	0.318442	121.4848802	2.125453	0.836779324
151	0.393326	122.6612877	2.007045	0.792639746
152	0.274642	123.7733814	2.15647	0.831717536
153	0.358802	122.9623335	2.073228	0.835774243
154	0.353874	123.225626	2.045567	0.81711818
155	0.250398	126.4133427	2.165812	0.835789954
156	0.408959	116.6389258	1.981025	0.820795652
157	0.380479	116.8292317	2.025282	0.818143769
158	0.349591	122.0413153	2.074091	0.829798744
159	0.401519	118.3669457	2.009487	0.803036381
160	0.370478	118.3438452	2.019078	0.811322012
161	0.431904	115.3860676	1.929912	0.80409212
162	0.387409	113.442315	2.009002	0.798529804
163	0.367401	122.9869768	2.049342	0.81988735
164	0.435388	121.8641646	1.936442	0.815324508
165	0.416247	121.693187	1.944504	0.804698944
166	0.465782	111.8521971	1.81433	0.789284928
167	0.38319	123.6974571	2.033981	0.829688264
168	0.407751	120.2276639	1.949491	0.821336769
169	0.302031	121.4473788	2.131487	0.825279648
170	0.437338	116.0384707	1.942797	0.80275384
171	0.316004	124.6052574	2.117465	0.832698598
172	0.307177	121.3346007	2.067494	0.818645004
173	0.322757	124.8857524	2.098561	0.841701265
174	0.383943	117.2474615	2.034789	0.81807956
175	0.377788	119.2986301	2.02781	0.804830275
176	0.405496	119.6018687	1.984166	0.812707679
177	0.292111	125.4399164	2.141265	0.844622375
178	0.410548	114.9211959	1.947436	0.791403386
179	0.267854	122.3495881	2.145201	0.836281461
180	0.27856	130.5772414	2.165725	0.842626598
181	0.354098	122.5839393	2.023224	0.824492781
182	0.378666	118.1937508	2.003213	0.81491459
183	0.355673	112.6461475	2.03376	0.803858219
184	0.361569	118.6937	2.027903	0.809277177
185	0.38054	116.183451	1.992922	0.815255208
186	0.358738	121.9151503	2.053837	0.81370629
187	0.378662	115.8879399	2.022946	0.815417714
188	0.387993	117.1307367	1.989018	0.801696657
189	0.357065	119.9156291	2.06716	0.823218293
190	0.321347	126.1513708	2.131683	0.832467833
191	0.402016	116.5486385	1.95631	0.795432524
192	0.264613	122.0362794	2.174852	0.832801557
193	0.411038	118.1273737	1.986314	0.793311495
194	0.377229	120.9881137	2.01503	0.820628052
195	0.396754	122.8906816	2.00194	0.822910335
196	0.451592	119.3691165	1.903966	0.820283113
197	0.396335	118.9143176	1.981411	0.827316015
198	0.401157	120.909433	1.977254	0.835648549
199	0.267564	123.4840217	2.168107	0.834906614
200	0.439707	113.1628085	1.918454	0.79996313
201	0.329908	123.7399567	2.090118	0.843142244
202	0.398803	129.3274555	2.028005	0.809878905
203	0.423343	113.7566822	1.943425	0.814754999
204	0.394796	122.5814747	1.984737	0.824452231
205	0.397944	115.7876309	1.981929	0.811005656
206	0.229336	124.9400347	2.20241	0.840668622
207	0.324045	120.8577355	2.076052	0.833579532
208	0.390953	115.9875623	1.965535	0.804083077
209	0.241214	125.5117528	2.18619	0.841579743
210	0.498429	109.8539409	1.805804	0.775679167
211	0.347326	119.6701876	2.060722	0.827458943
212	0.437913	119.2927023	1.92097	0.808905715
213	0.348752	123.3774746	2.060324	0.839742932
214	0.352356	121.2037744	2.05075	0.827899009
215	0.451373	120.294278	1.93858	0.813861169
216	0.474856	115.8118699	1.849077	0.77922053
217	0.337605	118.2938394	2.071989	0.820889476
218	0.263829	125.0555192	2.148655	0.833208101
219	0.297541	120.8264883	2.13608	0.843414339
220	0.340808	122.026272	2.060991	0.831594088
221	0.379004	116.4952188	2.030567	0.818802725
222	0.325191	117.5324365	2.08324	0.82676451
223	0.413813	114.1578101	1.949004	0.809683009
224	0.404842	116.3043069	1.99679	0.800674661
225	0.412458	121.5686121	1.972027	0.822290082
226	0.32673	121.4372176	2.079095	0.815990542
227	0.348768	117.1997773	2.066411	0.822704931
228	0.384911	122.7509172	2.000198	0.836815312
229	0.392827	121.6105746	1.985459	0.82622243
230	0.340567	117.509195	2.042938	0.822503123
231	0.383741	120.351379	2.009178	0.82094009
232	0.350525	109.4879279	2.049466	0.813821129
233	0.402088	117.9174986	1.945404	0.816019131
234	0.274006	126.22802	2.14639	0.822481103
235	0.292115	121.618296	2.126862	0.836707627
236	0.255221	127.6531948	2.180469	0.838575527
237	0.446326	119.7317463	1.92276	0.811584746
238	0.384095	115.8087	1.985084	0.795662193
239	0.381606	121.4599844	2.00541	0.816004775
240	0.406249	123.0529793	1.990475	0.795684231
241	0.352882	116.6031485	2.053092	0.819751013
242	0.418253	118.2546951	1.935458	0.819098278
243	0.418096	117.8373731	1.967276	0.785943588
244	0.361052	121.8795164	2.022643	0.803704844
245	0.452171	112.1401799	1.924488	0.788791371
246	0.358923	117.0942947	2.045635	0.809520859
247	0.354505	119.5533601	2.035258	0.813444838
248	0.391768	119.7071558	1.995714	0.809620023
249	0.257317	126.0475252	2.192902	0.84374192
250	0.396018	123.9643619	2.00645	0.824289812
251	0.420204	116.0942139	1.939996	0.786063213
252	0.31092	122.3305638	2.136103	0.838211169
253	0.424913	115.9333159	1.931733	0.811175011
254	0.27535	124.2394647	2.157331	0.841060615
255	0.355706	118.4821045	2.048928	0.813211606
256	0.38323	119.2619842	2.033876	0.815114395
257	0.381872	118.8693883	2.003198	0.801742475
258	0.315421	118.3574188	2.107949	0.824525364
259	0.29354	126.0363508	2.157182	0.828531787
260	0.308947	123.1820388	2.123307	0.834445107
261	0.411572	120.3624665	1.97092	0.825350155
262	0.431708	117.9018048	1.93638	0.787104935
263	0.357938	120.6600918	2.054849	0.83338022
264	0.382409	120.036791	1.994054	0.822898473
265	0.387556	117.2310467	2.008284	0.816175757
266	0.330688	119.1522275	2.099982	0.819547089
267	0.334907	119.8773222	2.05195	0.815531088
268	0.346354	126.9939466	2.073289	0.83934379
269	0.371952	122.0473973	2.039632	0.829572646
270	0.360338	121.2550362	2.065546	0.829278241
271	0.388259	110.9239383	1.99675	0.802496626
272	0.319877	120.6483773	2.092141	0.820602221
273	0.387981	116.3316136	2.000835	0.796369297
274	0.377238	122.1090945	2.018033	0.833213349
275	0.27634	123.8659593	2.136114	0.839502278
276	0.357288	121.5074393	2.069596	0.82266317
277	0.370801	119.0059705	2.031256	0.815225094
278	0.365974	122.5163302	2.062374	0.818078526
279	0.473198	118.422601	1.88807	0.822059776
280	0.398523	123.3694347	2.006817	0.830844922
281	0.266513	126.3149456	2.166988	0.828788317
282	0.345514	116.1258369	2.067807	0.805396995
283	0.456544	110.8038196	1.852642	0.783303496
284	0.373881	122.1275751	2.024324	0.815916881
285	0.386954	120.5020065	2.025034	0.805536712
286	0.329538	116.5815931	2.092647	0.817316938
287	0.459347	117.8280072	1.91038	0.793547345
288	0.304787	117.5421726	2.080757	0.82633145
289	0.429417	118.5018107	1.922173	0.802944453
290	0.296758	124.9750984	2.123042	0.840190461
291	0.337666	116.6286558	2.041172	0.814466853
292	0.370874	119.2337573	2.046392	0.816927408
293	0.375099	114.1272481	1.994296	0.807399119
294	0.389045	117.9467804	1.967922	0.820445107
295	0.339066	119.3212467	2.057856	0.81948066
296	0.335554	119.1720716	2.084109	0.816874506
297	0.328479	117.6874132	2.082985	0.820655541
298	0.387264	114.834185	2.02129	0.808396769
299	0.435245	119.9141925	1.944564	0.820848183
300	0.398489	115.6197766	1.994801	0.828980825
301	0.385431	121.9664812	2.005591	0.833029771
302	0.296997	120.5992625	2.129796	0.829540357
303	0.341987	116.2078958	2.071093	0.814636439
304	0.358061	119.0418961	2.063706	0.820287208
305	0.386163	118.8186517	2.007939	0.824743567
306	0.366656	120.8000215	2.036933	0.814889
307	0.453613	119.3886367	1.919877	0.813969877
308	0.422122	121.9494115	1.984268	0.832619593
309	0.448538	121.6262787	1.942049	0.807363488
310	0.513725	114.4524491	1.837994	0.793920503
311	0.363708	120.941217	2.074738	0.82030036
312	0.243834	123.1142356	2.124916	0.834877148
313	0.322319	122.6542325	2.099806	0.835485894
314	0.404035	126.6127381	2.007179	0.811704278
315	0.242519	122.4287632	2.143509	0.853075972
316	0.370931	118.5427348	2.026933	0.833058476
317	0.411238	118.3720587	1.94194	0.80705301
318	0.366117	119.4739977	2.016244	0.826422387
319	0.248287	121.4840584	2.16448	0.833402448
320	0.289057	118.2582739	2.096304	0.824525638
321	0.341005	119.8034589	2.025932	0.806349277
322	0.39732	120.5464507	2.0015	0.838736845
323	0.367124	116.2162486	2.022568	0.807555961
324	0.349241	117.1727448	2.029274	0.818945897
325	0.406939	117.7985827	1.999393	0.809212317
326	0.421113	117.9555724	1.938233	0.81041053
327	0.382522	115.6311662	2.003464	0.805420193
328	0.419926	118.4890414	1.972983	0.817191776
329	0.287088	124.1187128	2.122203	0.834073457
330	0.269826	123.2296864	2.101707	0.837628607
331	0.428308	124.5107519	1.961624	0.823808442
332	0.321365	118.0103903	2.104557	0.823826274
333	0.320611	127.6953243	2.105867	0.829270773
334	0.291293	123.6316886	2.132351	0.833245659
335	0.428323	117.4855739	1.914655	0.823011311
336	0.294417	125.8163711	2.133669	0.847792628
337	0.344794	121.0816719	2.052409	0.80106783
338	0.401875	117.4083929	1.973143	0.821748298
339	0.432835	121.3978127	1.924848	0.822916895
340	0.361668	125.3212191	2.060843	0.828127741
341	0.354317	123.2445568	2.062348	0.823267237
342	0.253005	118.965529	2.130322	0.825379925
343	0.437247	116.3953114	1.928426	0.815588796
344	0.295634	122.7963623	2.091849	0.810722883
345	0.405476	121.855256	1.960416	0.8062128
346	0.341638	119.2224814	2.046943	0.823555102
347	0.346926	121.373326	2.076914	0.836119967
348	0.369551	119.6548624	2.062457	0.816360328
349	0.505038	115.8351116	1.835004	0.78505644
350	0.384486	122.4144696	2.014065	0.815924278
351	0.452476	118.7971714	1.907609	0.800297032
352	0.356357	122.9816458	2.069212	0.815859219
353	0.374361	118.535536	2.010417	0.811850907
354	0.340214	122.6269908	2.088113	0.829995398
355	0.378442	122.8990623	2.031727	0.828901455
356	0.427348	116.9587671	1.911323	0.806255344
357	0.354544	120.0458806	2.06181	0.826059491
358	0.291426	122.8375619	2.126299	0.831780619
359	0.325702	116.0328293	2.083839	0.815558714
360	0.324076	122.9882858	2.105291	0.825870917
361	0.396262	118.0992857	1.988594	0.814878662
362	0.328692	117.9347228	2.084954	0.826914821
363	0.233699	124.8833277	2.19074	0.848406875
364	0.325751	117.7888377	2.085085	0.813582734
365	0.44646	118.3051626	1.91917	0.81071482
366	0.352053	121.1457563	2.044159	0.831388453
367	0.358473	121.0445602	2.079363	0.816086432
368	0.362553	119.1228697	2.05589	0.81773974
369	0.401676	117.5094908	1.999376	0.816287793
370	0.269725	119.5641422	2.116032	0.835142476
371	0.367827	121.5117103	2.051918	0.831672241
372	0.454724	118.1418988	1.907827	0.811342015
373	0.325751	122.238021	2.096899	0.841042045
374	0.317938	130.5741092	2.123522	0.836679682
375	0.340085	119.3032575	2.076629	0.83469058
376	0.30347	114.4806641	2.070727	0.818338359
377	0.412942	121.2706622	1.970052	0.806554077
378	0.422453	112.9867263	1.930514	0.808142392
379	0.318494	122.013097	2.095242	0.822202546
380	0.362207	119.8586122	2.052735	0.814899833
381	0.328642	120.4155797	2.063138	0.827101768
382	0.442536	107.5038129	1.886319	0.787870021
383	0.357069	121.5326128	2.034536	0.847661095
384	0.346406	122.1025081	2.079636	0.830944693
385	0.300471	118.55375	2.091477	0.817167763
386	0.416714	118.1990553	1.941719	0.822635479
387	0.286836	121.5674918	2.129712	0.840695909
388	0.344214	122.6439952	2.073221	0.815707768
389	0.338632	115.2487055	2.077448	0.805670241
390	0.406123	120.4433862	1.966608	0.824058674
391	0.395277	119.8102928	1.998062	0.802483742
392	0.35914	121.723029	2.040883	0.809832769
393	0.202498	128.467593	2.220018	0.854691026
394	0.383989	113.595447	2.004838	0.8072872
395	0.252616	117.6147717	2.121929	0.819900373
396	0.356202	123.0452722	2.058244	0.842209843
397	0.384327	118.1735768	2.015652	0.817950833
398	0.339655	127.6961157	2.037774	0.829225464
399	0.454699	116.6761235	1.899755	0.807492757
400	0.365865	117.5612914	2.036075	0.822817843
401	0.418742	120.6271746	1.933377	0.810408748
402	0.391792	122.2617608	1.997698	0.825788412
403	0.451541	116.7221628	1.899756	0.800398675
404	0.21754	122.3100116	2.20592	0.838185527
405	0.303244	124.7921726	2.123085	0.83521311
406	0.363289	118.2557348	2.030359	0.82644205
407	0.300731	121.265606	2.115118	0.829346769
408	0.322058	119.4985377	2.082632	0.825188232
409	0.35481	121.119389	2.064356	0.831348201
410	0.408889	123.5295819	2.018489	0.830433792
411	0.42092	122.0680897	1.971892	0.814881194
412	0.365337	117.7902336	2.026585	0.820660098
413	0.318572	121.0117307	2.10726	0.822354543
414	0.369546	121.6497081	2.021887	0.811571198
415	0.340559	122.1224403	2.08648	0.841519479
416	0.35371	119.3902461	2.059854	0.809783874
417	0.30409	119.6843402	2.10846	0.833256715
418	0.40002	120.1231218	1.969954	0.81294967
419	0.28777	123.9279046	2.145812	0.840109885
420	0.423687	117.8373658	1.947006	0.817374476
421	0.381426	120.2092423	2.02122	0.80889713
422	0.339667	121.1989333	2.074142	0.824928178
423	0.382376	113.4770426	1.984773	0.809985974
424	0.432839	116.5551688	1.951562	0.802851575
425	0.315348	123.2533872	2.124666	0.839533081
426	0.374798	117.0099263	2.033115	0.813878619
427	0.420218	117.7549975	1.965492	0.810003829
428	0.398678	114.4861529	1.970367	0.807391239
429	0.400234	116.5745649	2.029106	0.794565343
430	0.367678	120.5378493	2.005126	0.836671455
431	0.324508	120.3144184	2.093404	0.825908997
432	0.427616	120.2725577	1.961502	0.819979739
433	0.339942	125.5322604	2.091327	0.831103587
434	0.351684	123.7901811	2.066824	0.850721317
435	0.388496	121.8656991	2.02283	0.806470135
436	0.552367	108.3693603	1.741266	0.754886547
437	0.323289	125.0216051	2.105774	0.832576093
438	0.374895	124.7323873	2.017193	0.811670411
439	0.360266	124.8601599	2.006529	0.836223249
440	0.382966	123.5602525	2.018984	0.817620876
441	0.291825	121.3025827	2.143776	0.83424769
442	0.342178	119.9065192	2.052453	0.842989445
443	0.332993	123.8122847	2.067692	0.826553899
444	0.382551	120.5340409	2.017447	0.832957379
445	0.274492	120.1838456	2.108345	0.829977985
446	0.349257	118.6193912	2.066666	0.815972964
447	0.254302	129.1505919	2.187573	0.845019551
448	0.282389	118.0859295	2.146557	0.829817405
449	0.418376	120.2637694	1.966128	0.814199888
450	0.44134	121.1738388	1.920698	0.833205827
451	0.392228	119.8830984	1.999564	0.812442143
452	0.408601	121.5528934	1.937808	0.822503305
453	0.428019	112.3621142	1.906784	0.799849306
454	0.301152	121.9136675	2.126992	0.845719913
455	0.438732	120.7667851	1.908565	0.81377157
456	0.260385	119.6080253	2.146012	0.832800538
457	0.372745	121.202135	2.023833	0.818478706
458	0.228908	124.4048609	2.195915	0.848415863
459	0.328287	118.4477509	2.106496	0.824819814
460	0.304994	122.2255562	2.109525	0.822734533
461	0.334093	115.0650827	2.064669	0.820877316
462	0.294759	119.8714206	2.119539	0.818578329
463	0.385081	119.2064388	2.012529	0.806267031
464	0.348551	122.1095184	2.060363	0.821809895
465	0.390736	117.2145153	1.995259	0.819091072
466	0.375703	118.404173	1.995006	0.810368009
467	0.37588	114.9142109	1.993621	0.821830531
468	0.364706	120.5947551	2.033854	0.834083347
469	0.41383	120.4165981	1.96876	0.818599171
470	0.425478	117.6049031	1.926594	0.79952879
471	0.349224	124.1514637	2.081688	0.835165549
472	0.352535	123.7456458	2.087185	0.819664077
473	0.352888	119.4451307	2.058859	0.80741678
474	0.32205	122.059114	2.090549	0.828013505
475	0.348954	119.4893946	2.037775	0.827688538
476	0.247508	124.145055	2.184807	0.834289462
477	0.379569	113.3807367	2.019152	0.804844716
478	0.274024	122.8742783	2.152374	0.825058611
479	0.445409	117.2600927	1.917815	0.810813023
480	0.289078	126.8371685	2.152688	0.832703701
481	0.462772	117.8402831	1.878819	0.79660774
482	0.357667	121.6024289	2.083697	0.821792953
483	0.34409	120.4477193	2.068392	0.839437379
484	0.369765	117.1521559	2.001843	0.813638353
485	0.327505	114.4718633	2.050991	0.816253976
486	0.332625	114.6144468	2.066508	0.821658634
487	0.364031	123.5491879	2.055431	0.815534407
488	0.420627	115.6172669	1.951686	0.80771674
489	0.449074	113.2038289	1.889982	0.802651093
490	0.398952	118.9418362	1.981088	0.82329441
491	0.309804	119.7469934	2.100836	0.821521362
492	0.313311	128.558538	2.112783	0.83847494
493	0.326241	122.0748278	2.081654	0.830536713
494	0.444096	120.3917332	1.919895	0.799825748
495	0.377427	120.2647114	2.031667	0.829110171
496	0.298012	122.3696732	2.11226	0.847481797
497	0.324425	120.9997241	2.028017	0.822253624
498	0.428692	118.2447343	1.917645	0.823817987
499	0.263347	118.432811	2.168507	0.822207572
500	0.414157	116.0527051	2.007982	0.793527805
501	0.46732	117.1268724	1.870969	0.816803993
502	0.390051	117.1970555	1.983623	0.787899303
503	0.45634	110.846359	1.873374	0.793566142
504	0.34125	118.989344	2.05331	0.819042742
505	0.384956	123.2055109	2.019294	0.833686646
506	0.355282	117.2269312	2.045078	0.815650391
507	0.437632	117.6252846	1.926662	0.814126862
508	0.407649	116.3908122	1.996795	0.789255869
509	0.375403	121.9816018	2.019193	0.821335308
510	0.281237	125.810466	2.158976	0.844667586
511	0.348303	118.5835462	2.022421	0.81221151
512	0.32298	121.660132	2.103761	0.839750909
513	0.346646	114.45948	2.044673	0.818064394
514	0.422375	119.6129304	1.935753	0.807661062
515	0.362511	118.8261962	2.037511	0.817071633
516	0.345126	122.2826955	2.068748	0.823660225
517	0.413372	115.2970467	1.943336	0.806729336
518	0.391217	119.938117	2.002019	0.833967308
519	0.37784	125.8764119	2.034777	0.834375452
520	0.384941	118.6354113	2.015433	0.820569477
521	0.274351	121.8605336	2.151508	0.836914926
522	0.435816	118.7081695	1.930382	0.801933523
523	0.360409	118.1053893	2.013031	0.816231606
524	0.413125	114.0310958	1.945162	0.807116568
525	0.42797	125.7813975	1.949558	0.800338208
526	0.301874	120.3054644	2.124174	0.833375973
527	0.303724	123.3297316	2.151157	0.839522972
528	0.25487	126.1982173	2.159858	0.842635535
529	0.327543	119.6717778	2.085377	0.831947576
530	0.462566	116.7688552	1.896897	0.796222477
531	0.396755	119.2543784	1.991352	0.827560378
532	0.326929	119.7070544	2.069293	0.825102166
533	0.38507	118.2339299	2.021238	0.808218038
534	0.318202	121.9450956	2.108387	0.835550089
535	0.406248	116.6168758	1.973421	0.806690662
536	0.383247	118.8295381	2.025425	0.811176993
537	0.371606	120.3500817	1.992582	0.815345193
538	0.394681	119.7176364	2.011963	0.828701287
539	0.358222	121.0134188	2.061951	0.813965348
540	0.361888	115.9537554	2.018906	0.803977099
541	0.40836	124.4944407	1.990124	0.849001751
542	0.366682	114.1064417	2.045652	0.794984842
543	0.397526	114.7469092	1.992272	0.819859173
544	0.450091	115.1305423	1.938513	0.801588599
545	0.429187	115.9424202	1.959739	0.807307338
546	0.374606	120.5555258	2.036992	0.810333069
547	0.377555	116.3742677	2.040001	0.794630868
548	0.380988	121.6968684	2.023197	0.829479558
549	0.29291	125.6631682	2.148291	0.845119531
550	0.327953	126.3468811	2.09549	0.848226656
551	0.333736	122.1519338	2.063126	0.847354621
552	0.330179	120.5802216	2.077613	0.81531578
553	0.427133	115.9400606	1.927605	0.797301392
554	0.469044	117.0605379	1.844187	0.821706138
555	0.327061	122.8791089	2.120844	0.830754134
556	0.357695	115.746271	2.057887	0.799874711
557	0.372159	121.5905767	2.017816	0.815721438
558	0.312441	118.5627921	2.097799	0.819177847
559	0.341671	118.3037397	2.061584	0.812709173
560	0.452875	122.4587247	1.898187	0.826100443
561	0.448156	117.1678624	1.894143	0.810415153
562	0.397987	118.9338255	1.99731	0.804102504
563	0.342345	121.7047149	2.058688	0.816033875
564	0.418091	117.2857797	1.960192	0.80077334
565	0.43713	112.8108686	1.899938	0.800559835
566	0.383264	119.9493971	2.019642	0.812704064
567	0.33886	118.8229937	2.075603	0.824306009
568	0.401231	115.9133787	1.975085	0.813697447
569	0.391005	123.557605	2.005671	0.823809724
570	0.407814	115.9852781	1.974465	0.779102858
571	0.411999	120.0733377	1.971513	0.818561971
572	0.468228	119.9461746	1.907671	0.815671394
573	0.40734	119.5537616	1.963119	0.811921973
574	0.380197	117.7668852	2.02069	0.808943144
575	0.418627	120.6555723	1.948823	0.814477243
576	0.346638	124.7827113	2.066917	0.807199095
577	0.305816	124.9232184	2.133282	0.837153751
578	0.393011	120.8911391	2.008936	0.811356802
579	0.589002	118.5766471	1.667815	0.790881406
580	0.272333	117.3264443	2.152275	0.832261783
581	0.457566	120.1162855	1.878589	0.808809301
582	0.362933	124.8250422	2.068154	0.821855062
583	0.349104	120.8212735	2.017369	0.826605592
584	0.358856	118.5131093	2.010571	0.815885305
585	0.417598	123.4887655	1.97812	0.822873695
586	0.410248	116.1405052	1.955682	0.818216514
587	0.319366	123.4928502	2.070498	0.830235743
588	0.335491	117.6265823	2.043493	0.834076591
589	0.349371	128.7517947	2.097056	0.827774454
590	0.301436	118.8131776	2.113154	0.831538061
591	0.428342	116.7030365	1.945172	0.804348538
592	0.468671	116.3049497	1.88639	0.803953065
593	0.395079	113.4668439	1.964439	0.794353154
594	0.284979	125.7440632	2.143158	0.834550652
595	0.382229	115.7281373	2.005122	0.800045323
596	0.253388	122.2949957	2.180699	0.836532161
597	0.309132	120.5466772	2.109596	0.830151981
598	0.337708	121.6071042	2.081189	0.813093965
599	0.369941	119.2686781	2.030795	0.822515473
600	0.354484	126.3204674	2.057296	0.843313063
601	0.365597	121.5601729	2.016131	0.82616855
602	0.336969	120.8378908	2.072008	0.821203301
603	0.37705	118.2666796	2.032575	0.810464415
604	0.417545	121.8153185	1.947779	0.817585721
605	0.356583	118.972961	2.037	0.823850112
606	0.30304	124.9449589	2.139657	0.832530188
607	0.400185	124.8322638	2.010253	0.825299439
608	0.39506	117.2641597	2.005	0.812904357
609	0.342886	120.4592122	2.049879	0.830233144
610	0.37467	123.2760287	2.00564	0.829870982
611	0.343223	122.4826873	2.013035	0.824886913
612	0.336912	118.9220199	2.059597	0.821136099
613	0.334289	119.9841216	2.074414	0.828779345
614	0.205835	125.5187758	2.224854	0.851820279
615	0.39411	117.2885535	2.004825	0.813781908
616	0.380251	116.505539	1.997272	0.811469816
617	0.409984	117.1921831	1.944256	0.817661554
618	0.410754	116.1467427	1.961248	0.825285529
619	0.358355	121.8147791	2.03761	0.832532686
620	0.256391	129.9759373	2.17273	0.856362276
621	0.374395	117.5832198	1.993058	0.813530324
622	0.323887	122.7159335	2.101831	0.821080259
623	0.290682	122.8301105	2.118108	0.836695124
624	0.412042	116.0587059	1.959246	0.80903365
625	0.301975	123.1691043	2.127019	0.832625259
626	0.337667	122.0915222	2.089536	0.832366617
627	0.33749	122.1719862	2.094729	0.831325824
628	0.349839	115.6968293	2.042643	0.821115836
629	0.433888	112.9444772	1.937872	0.781768997
630	0.383865	121.7203826	1.974062	0.826231836
631	0.436195	121.1726648	1.911412	0.816010068
632	0.527509	112.7983295	1.792774	0.74055108
633	0.371254	119.9856517	2.014621	0.820471653
634	0.361715	126.8961261	2.048024	0.837863131
635	0.441162	117.795518	1.915477	0.811840768
636	0.413534	118.895259	1.977143	0.819421178
637	0.410332	119.5087925	2.023407	0.813049698
638	0.378916	119.2341917	2.040442	0.821467188
639	0.305285	125.3118049	2.090185	0.848407153
640	0.357506	118.7002052	2.029291	0.826243844
641	0.344381	117.9156252	2.052068	0.835910363
642	0.332868	122.1828415	2.052203	0.829755528
643	0.419931	121.1293833	1.990765	0.811377411
644	0.355535	119.0216362	2.062129	0.820313362
645	0.367362	122.5209603	2.051065	0.842490435
646	0.419813	112.9499425	1.944826	0.807778648
647	0.391686	117.8780003	1.991476	0.821911901
648	0.291951	122.7941579	2.136653	0.84238889
649	0.404386	117.9376801	1.969033	0.81296027
650	0.304945	118.8704145	2.113208	0.823315699
651	0.326843	121.2779637	2.074069	0.8364371
652	0.474797	112.7872008	1.848212	0.778758303
653	0.487979	117.8341149	1.87442	0.79938648
654	0.390375	120.3078641	2.016507	0.830317742
655	0.347689	123.9634834	2.080722	0.822825912
656	0.47603	118.6812791	1.859625	0.808781105
657	0.340711	119.443209	2.071132	0.826816229
658	0.437648	115.4377522	1.930886	0.802709107
659	0.318794	117.5843788	2.0964	0.828144585
660	0.237676	119.8556257	2.161033	0.84094385
661	0.413411	122.7891598	1.98373	0.820206472
662	0.331124	123.0927688	2.094936	0.824788111
663	0.304472	122.9285396	2.107789	0.833182614
664	0.281504	127.4895623	2.14916	0.834844249
665	0.371104	121.921587	2.023084	0.823103473
666	0.359147	124.2318847	2.059446	0.842849498
667	0.44157	119.274587	1.958941	0.781713525
668	0.346501	118.7770251	2.040472	0.828825093
669	0.297836	120.32129	2.126531	0.824818824
670	0.41556	119.7169115	1.97582	0.82340774
671	0.454719	116.1517247	1.877453	0.792264883
672	0.299265	119.1311324	2.1052	0.811315068
673	0.320526	126.4493125	2.093552	0.843073391
674	0.40995	115.7838423	1.986274	0.811990362
675	0.37989	117.8950759	2.031954	0.816140045
676	0.422886	120.4913786	1.957911	0.823813862
677	0.299858	123.5359782	2.100174	0.834590841
678	0.415246	119.2755266	1.976047	0.809361362
679	0.315764	121.1494158	2.103718	0.831063398
680	0.423354	119.1382714	1.974648	0.808558974
681	0.241926	121.669992	2.160724	0.842809134
682	0.320726	124.0764996	2.11563	0.829940659
683	0.410137	113.9604984	1.95905	0.804743936
684	0.398318	118.034691	1.992506	0.80421939
685	0.287375	118.9892848	2.103267	0.80319043
686	0.219543	125.8295953	2.184079	0.841850353
687	0.36705	118.9951286	2.040381	0.820962358
688	0.416928	114.3319165	1.978151	0.788230704
689	0.283838	122.1837423	2.13858	0.841674811
690	0.363511	115.8475772	2.029691	0.817091114
691	0.35559	120.2190533	2.067191	0.820230919
692	0.345635	123.1105938	2.054921	0.837745703
693	0.438892	116.9410918	1.957235	0.788183517
694	0.337672	125.0759604	2.078413	0.850886223
695	0.415058	118.4040606	1.957442	0.823125276
696	0.409165	119.6676656	1.968055	0.819554908
697	0.306138	116.9941676	2.057202	0.82326178
698	0.356058	120.5960075	2.055249	0.831383887
699	0.388271	118.5843807	1.989162	0.806484869
700	0.320555	121.3681595	2.07477	0.823136825
701	0.271897	126.7153882	2.174125	0.845536336
702	0.337121	121.4366255	2.101847	0.83203061
703	0.395305	120.1764137	2.016343	0.812762664
704	0.334672	115.3899409	2.063423	0.820127743
705	0.26363	126.5146296	2.136421	0.831438993
706	0.430807	117.3724309	1.990507	0.785330121
707	0.344045	120.1625635	2.079416	0.831201683
708	0.325441	123.3619962	2.097709	0.830590287
709	0.349491	119.0447181	2.058149	0.808382415
710	0.365709	120.5814574	2.033409	0.813567521
711	0.377831	114.7460819	2.016954	0.819161291
712	0.476807	116.7263257	1.884599	0.792743178
713	0.299417	114.2018589	2.053205	0.821458369
714	0.268004	126.3765494	2.150704	0.840576562
715	0.279204	123.970291	2.156644	0.846332114
716	0.348	121.652321	2.046153	0.836857166
717	0.320818	120.0422106	2.109148	0.832962197
718	0.315568	130.1468154	2.12789	0.84058592
719	0.377494	116.3237232	1.99708	0.810822965
720	0.227405	127.7334672	2.197282	0.849693612
721	0.289627	120.4824526	2.1368	0.840803916
722	0.423924	114.7514745	1.960458	0.792518347
723	0.359537	122.6141745	2.075084	0.820381073
724	0.338972	117.1335282	2.08009	0.814873929
725	0.37809	118.7919419	2.023819	0.814903412
726	0.337779	120.7655694	2.060381	0.826372511
727	0.415005	116.3725489	1.947436	0.812221175
728	0.317652	119.1710333	2.091855	0.818651697
729	0.436644	116.6630576	1.944437	0.80532666
730	0.342053	122.2253576	2.054772	0.823050999
731	0.362115	113.4918706	2.011554	0.807204446
732	0.372177	117.9176793	2.029914	0.824524898
733	0.375318	116.4499898	2.030285	0.824891483
734	0.334441	123.4195093	2.079649	0.839415108
735	0.398974	118.636133	2.003074	0.814706715
736	0.342101	121.6673117	2.052652	0.838233504
737	0.382211	119.0678734	2.033215	0.813446095
738	0.295397	122.1654974	2.126382	0.834316292
739	0.294326	120.160153	2.141078	0.824597074
740	0.38749	120.1170531	2.028121	0.822437831
741	0.331332	118.9124253	2.074026	0.812189865
742	0.3749	117.782097	2.005174	0.797345418
743	0.332733	121.575684	2.095946	0.831497137
744	0.384324	121.9608901	2.015642	0.82406011
745	0.315712	125.5257935	2.113788	0.837564429
746	0.339211	123.1426882	2.06596	0.818205844
747	0.420485	122.0620054	1.954792	0.82933519
748	0.346845	120.6740963	2.051639	0.819180214
749	0.352853	119.9231225	2.045933	0.82410443
750	0.287931	123.8837647	2.13646	0.841875311
751	0.383405	114.3589711	1.997615	0.810104096
752	0.365257	119.709235	2.010815	0.831001286
753	0.426398	107.7601522	1.923213	0.783556601
754	0.347798	115.0269622	2.043697	0.817372941
755	0.348166	120.5577714	2.090124	0.821895578
756	0.381685	122.5006413	2.014195	0.823066338
757	0.315295	117.2905499	2.093021	0.814235082
758	0.266227	122.0123439	2.150495	0.840885758
759	0.338962	119.4713337	2.07417	0.825237048
760	0.232799	124.9546946	2.206064	0.85923019
761	0.201598	129.4942642	2.229696	0.852879869
762	0.258986	121.9592034	2.163952	0.828870897
763	0.347472	125.5217324	2.061597	0.843809228
764	0.394646	119.5258682	1.961052	0.815553895
765	0.409352	123.282766	2.000702	0.821951342
766	0.260321	120.7951082	2.14823	0.833700801
767	0.360625	120.676995	2.035752	0.830928473
768	0.364048	118.1501092	2.030136	0.826188665
769	0.422339	117.2299699	1.945664	0.80902815
770	0.435163	118.2697822	1.955886	0.79022697
771	0.246897	123.3495109	2.158246	0.842320852
772	0.379719	120.4522705	2.037622	0.817937704
773	0.274913	123.7598626	2.139685	0.836276921
774	0.360165	124.1318309	2.040791	0.830039266
775	0.225192	125.3259271	2.208505	0.841722363
776	0.400021	118.7655485	2.000222	0.824138594
777	0.440129	116.4518711	1.875505	0.800810699
778	0.37486	119.7342643	2.029221	0.813312668
779	0.460647	114.7137129	1.885736	0.800702729
780	0.388855	114.1472299	2.014444	0.811496336
781	0.319345	119.8818623	2.099009	0.815991544
782	0.371244	117.4273225	2.014388	0.817450735
783	0.383472	121.7075188	2.016593	0.805605665
784	0.401953	121.4800795	1.991577	0.826209171
785	0.308022	125.6117068	2.121356	0.838587899
786	0.233262	124.7326744	2.201258	0.842968149
787	0.370239	119.6320623	2.013908	0.802096274
788	0.415135	119.5727327	1.976279	0.802399537
789	0.354356	119.7120133	2.049381	0.812980168
790	0.425248	119.2108673	1.913608	0.806874425
791	0.437387	116.3770897	1.91217	0.812938696
792	0.460915	118.396948	1.887183	0.816711583
793	0.266657	121.81125	2.171731	0.83810904
794	0.459601	111.729982	1.865418	0.796905018
795	0.374387	124.7835232	2.037951	0.828780054
796	0.407681	120.5649172	1.948418	0.816737139
797	0.328153	120.2262737	2.088557	0.823137894
798	0.30298	122.3320877	2.123782	0.842120515
799	0.349024	121.1050678	2.040465	0.811868507
800	0.482263	114.431652	1.809275	0.788161313
801	0.289625	119.5398859	2.143432	0.834368657
802	0.30545	127.4082536	2.130206	0.839336475
803	0.318751	120.3785937	2.087455	0.830955747
804	0.306091	122.6027336	2.12166	0.82364688
805	0.318826	117.5658178	2.094558	0.827791617
806	0.382365	120.1778707	1.996066	0.811916399
807	0.380141	120.6397709	1.988375	0.825048931
808	0.22523	124.6782277	2.210092	0.841723644
809	0.413604	120.4609819	1.984588	0.812388633
810	0.238467	128.6938666	2.192285	0.831252143
811	0.407572	119.6027906	1.981334	0.814671673
812	0.407742	119.6567104	1.985372	0.82035435
813	0.368236	119.9618658	2.012647	0.810524606
814	0.439393	124.7401795	1.914651	0.83637229
815	0.454509	118.0273331	1.904605	0.8113718
816	0.35795	120.0326803	2.050666	0.825241369
817	0.391124	119.7477543	1.98916	0.827524845
818	0.350053	122.0139242	2.046835	0.818600628
819	0.326793	122.0608316	2.079853	0.828741754
820	0.286861	123.6356337	2.093005	0.839484634
821	0.396125	119.8565307	2.016301	0.811087179
822	0.350329	118.1693826	2.030289	0.817563931
823	0.315991	118.0922969	2.091251	0.814752798
824	0.369389	121.9495892	2.025894	0.809904271
825	0.365968	118.7421265	2.027017	0.81223509
826	0.336172	121.9953867	2.056451	0.819856533
827	0.340484	124.1236722	2.08195	0.834111513
828	0.433632	116.5100295	1.937642	0.796903362
829	0.362172	117.5538359	2.047744	0.813196236
830	0.300073	122.5952329	2.075636	0.830386565
831	0.348539	122.1197374	2.027252	0.834715818
832	0.259742	121.0847373	2.175457	0.836211254
833	0.389327	116.8879259	2.001994	0.821947694
834	0.35705	118.9470915	2.044207	0.828522541
835	0.423384	117.7222323	1.96741	0.809092142
836	0.271385	123.6545764	2.12513	0.827103729
837	0.365968	123.5656582	2.040377	0.841938408
838	0.362821	118.7685459	2.053534	0.817273862
839	0.450919	124.9176472	1.943249	0.783218262
840	0.442982	113.8006078	1.917494	0.803735
841	0.261049	124.1523141	2.173436	0.846461532
842	0.314703	124.8083702	2.121067	0.836033322
843	0.481176	123.2658337	1.885603	0.797673372
844	0.298295	118.8762166	2.105639	0.83516653
845	0.313547	117.306108	2.032489	0.817625127
846	0.38485	120.7019468	2.010356	0.829799262
847	0.360013	120.7955829	2.04622	0.797811625
848	0.398966	124.5485314	1.997562	0.82552533
849	0.308359	122.8404136	2.10981	0.836518038
850	0.42213	116.5277173	1.947995	0.794308197
851	0.324386	116.06888	2.091564	0.823186477
852	0.312508	117.814964	2.105922	0.822779285
853	0.383349	118.8851486	2.008678	0.821727228
854	0.411898	117.8558797	1.95879	0.80944738
855	0.341146	118.6112303	2.059657	0.813776061
856	0.437252	115.2769427	1.912249	0.795434673
857	0.354054	124.1378916	2.076817	0.832912034
858	0.358971	118.0315244	2.063826	0.815494383
859	0.375532	123.4830161	2.025261	0.832946711
860	0.428392	117.871797	1.951458	0.809750275
861	0.287414	123.2315608	2.122635	0.842374615
862	0.408072	123.2010525	1.947193	0.833560132
863	0.401887	115.3514574	1.987558	0.79477993
864	0.421375	119.1580839	1.973103	0.810350952
865	0.466923	118.0481574	1.885038	0.819686088
866	0.342976	124.9381316	2.090196	0.835491652
867	0.376458	120.2548233	2.038853	0.803026548
868	0.425956	117.346783	1.948139	0.817916505
869	0.279312	124.8957262	2.149666	0.835301612
870	0.442489	115.9363402	1.923655	0.798512422
871	0.395025	122.2639381	2.014906	0.833684661
872	0.375674	121.4449047	2.023513	0.823480239
873	0.43367	115.2136505	1.94918	0.795336197
874	0.408576	116.3285179	1.955616	0.792106817
875	0.460648	113.1659284	1.884519	0.77977333
876	0.287812	122.7615983	2.131074	0.837601967
877	0.463498	114.783577	1.866414	0.800127939
878	0.320035	124.5469331	2.111356	0.823262263
879	0.281801	128.8601657	2.125772	0.83610865
880	0.512326	118.8825219	1.830403	0.806759631
881	0.292201	120.2940214	2.134465	0.823838972
882	0.398296	123.7163205	1.976317	0.817984246
883	0.411594	117.7574529	1.978086	0.803068836
884	0.505329	118.9858095	1.840885	0.746371678
885	0.387867	116.8726006	2.010209	0.806826967
886	0.361899	120.2146182	2.034799	0.831832352
887	0.385241	120.1470452	1.995536	0.819490642
888	0.273906	123.1255697	2.129711	0.829674035
889	0.376048	127.8289404	2.028412	0.833300577
890	0.418561	120.6989447	1.975701	0.826104235
891	0.276135	121.610648	2.138461	0.828365518
892	0.264335	124.5211203	2.167853	0.842596739
893	0.440185	119.6213612	1.947434	0.807306665
894	0.434005	116.3352426	1.930721	0.808795332
895	0.307115	123.1461544	2.130077	0.839339873
896	0.362732	124.3284671	2.028912	0.838768613
897	0.337548	126.7639467	2.086784	0.845888251
898	0.393677	117.1986011	1.96767	0.805806771
899	0.370264	119.9591723	1.999453	0.819152944
900	0.343671	123.9141997	2.092953	0.810938717
901	0.38664	115.1810165	1.997474	0.800279221
902	0.305599	119.1634464	2.088488	0.830636183
903	0.443438	123.2457218	1.944675	0.80129713
904	0.331481	119.0759373	2.100132	0.83776519
905	0.298222	120.7334927	2.129578	0.82948845
906	0.350895	126.2983681	2.054882	0.839007895
907	0.29959	123.0529524	2.129999	0.845925457
908	0.361252	127.3458307	2.073943	0.825560515
909	0.353484	121.4553091	2.055174	0.81867691
910	0.287585	125.8439003	2.150395	0.841451082
911	0.390624	119.687062	1.990815	0.80679114
912	0.408599	116.4336889	1.929451	0.814803089
913	0.300404	118.7025163	2.122579	0.840073884
914	0.399607	120.5893056	2.003604	0.840803543
915	0.339738	121.3733775	2.082301	0.825755239
916	0.417175	120.1523926	1.965887	0.826936813
917	0.320104	122.644741	2.079435	0.836834694
918	0.286182	115.2701043	2.072242	0.806983831
919	0.356217	120.5639992	2.032602	0.823482978
920	0.449852	119.3525911	1.934862	0.805319488
921	0.398734	123.8984533	1.989122	0.822340269
922	0.364441	122.0069906	2.039516	0.819703368
923	0.340507	123.3548855	2.086134	0.822710094
924	0.388157	118.7259887	1.978667	0.805301703
925	0.315148	121.0998128	2.110024	0.815282449
926	0.396333	114.7189474	2.004727	0.819761035
927	0.328955	117.6652413	2.096012	0.822500422
928	0.348631	118.5404759	2.051915	0.813112728
929	0.313457	128.0924632	2.115692	0.849827078
930	0.347522	113.4645596	2.032161	0.822738591
931	0.371855	116.9408643	1.979456	0.810985292
932	0.381704	118.3684856	2.01409	0.807051438
933	0.33876	123.5489874	2.083898	0.83040539
934	0.413655	119.0355169	1.921586	0.823459737
935	0.379952	118.3950843	2.041471	0.829761149
936	0.40318	117.6493994	2.000551	0.80888058
937	0.308406	119.9476496	2.06093	0.82519277
938	0.338554	119.8392116	2.043458	0.824721605
939	0.395171	119.4014153	1.971843	0.820411047
940	0.434468	115.8777791	1.91606	0.773775453
941	0.453993	110.1609138	1.868436	0.801866269
942	0.425691	115.4077095	1.928075	0.797506596
943	0.29933	119.8553737	2.109472	0.822776631
944	0.357828	113.7688279	2.049319	0.806693584
945	0.419933	117.5309399	1.940685	0.813040326
946	0.330474	119.9837821	2.0649	0.813737139
947	0.307615	124.3008488	2.112457	0.836294837
948	0.306217	122.9139538	2.138636	0.834149427
949	0.377131	116.758347	1.984994	0.821897211
950	0.331105	124.4427869	2.106878	0.837769869
951	0.36054	117.1718969	2.02909	0.79903819
952	0.25679	123.4669029	2.133875	0.849504725
953	0.464036	113.7092652	1.897744	0.775773059
954	0.457887	115.6419276	1.910632	0.80313444
955	0.401535	117.9707905	1.995659	0.815147567
956	0.417603	112.8013875	1.954185	0.797853615
957	0.321141	120.4020792	2.096551	0.829948681
958	0.302958	123.1584955	2.106191	0.840302604
959	0.366866	122.0642745	2.032614	0.813591021
960	0.473661	123.6456184	1.826617	0.803664673
961	0.339454	117.7253779	2.073555	0.836710585
962	0.390071	126.0759867	2.014302	0.849077122
963	0.375557	122.3651506	2.055421	0.833567414
964	0.321501	124.2295705	2.108891	0.843791829
965	0.365171	120.919517	2.05046	0.813096636
966	0.431619	114.7411612	1.92943	0.811268526
967	0.469116	119.2837727	1.843226	0.808183289
968	0.345866	114.9163788	2.042794	0.805067536
969	0.419765	120.1486962	1.940445	0.82269428
970	0.298731	122.9109962	2.110958	0.839106641
971	0.34819	118.5745099	2.074812	0.830439243
972	0.375488	119.1965053	2.024887	0.805852498
973	0.347499	120.1052489	2.085887	0.828876384
974	0.292132	126.8025725	2.1507	0.84193856
975	0.398747	119.5322638	2.003451	0.798047524
976	0.303233	116.9389083	2.127472	0.814083232
977	0.325927	122.1371172	2.093639	0.836071412
978	0.404121	123.1505515	2.013435	0.827494464
979	0.319378	117.5090839	2.091113	0.820919509
980	0.330172	119.272381	2.05635	0.825945291
981	0.246656	128.4735545	2.182437	0.855481049
982	0.348685	120.7786939	2.050092	0.824821632
983	0.433941	113.5634349	1.952576	0.788255106
984	0.331979	121.0859707	2.081575	0.826307874
985	0.306576	122.4220025	2.131249	0.833036297
986	0.357467	118.790089	2.049808	0.823461979
987	0.374342	118.2450478	2.030141	0.805824444
988	0.328262	122.7302656	2.080593	0.842745884
989	0.312	128.1315534	2.122239	0.853095256
990	0.407215	119.1059306	1.984712	0.820895993
991	0.407369	118.6596822	1.979	0.819124684
992	0.319587	120.9455234	2.088735	0.8179368
993	0.351847	119.0404366	2.061958	0.820924515
994	0.335272	119.6305209	2.084992	0.823545576
995	0.36994	119.6288036	2.008362	0.812727325
996	0.281421	122.7630331	2.149575	0.839334338
997	0.410953	119.8442347	1.969251	0.810634935
998	0.251038	121.4736467	2.143491	0.836240699
999	0.353556	116.1113454	2.02934	0.824253879
1000	0.37117	120.0655853	2.040966	0.824605485