rep aei_left left_area adi_left H
1 0.47193 109.779907788291 1.876055 0.774112332300524
2 0.31868 113.184852476099 2.125296 0.766725102314273
3 0.469023 120.720608782053 1.881601 0.784840611490908
4 0.298701 115.033827382853 2.140842 0.792856907294656
5 0.383876 125.108455371032 2.043328 0.80524153116512
6 0.431059 116.630878427079 1.962891 0.777824252645687
7 0.340529 121.240465770244 2.078678 0.791828722895508
8 0.394335 115.295379207047 2.032057 0.767122971335703
9 0.593076 113.111573511937 1.679397 0.746931950563331
10 0.712854 107.014872848165 1.328143 0.707773127835196
11 0.533763 104.179042977202 1.788023 0.725834379152411
12 0.369651 114.252917377782 2.053766 0.76767856856337
13 0.497381 114.953121959702 1.86167 0.79591143344869
14 0.476543 119.556481508513 1.878666 0.806603787622881
15 0.468792 113.362574863321 1.889954 0.787053715777006
16 0.51371 111.351108541159 1.842317 0.734964667893508
17 0.485011 117.538052806672 1.866024 0.76449305065257
18 0.331798 119.840590382828 2.119536 0.815001191042285
19 0.34809 120.107758298131 2.077654 0.773157542868688
20 0.420592 120.133615439245 1.99016 0.77966802340271
21 0.440423 110.300401223115 1.928559 0.743828875183643
22 0.349339 116.762568319172 2.066311 0.781381259081661
23 0.492707 98.2711983724934 1.862706 0.724895095518025
24 0.366653 117.301088117993 2.035776 0.775780709275778
25 0.617456 110.959226742699 1.602033 0.744675606950846
26 0.435943 104.248028216089 1.910041 0.740904262949972
27 0.433962 109.295123709755 1.942601 0.727799478685265
28 0.388955 110.770757037077 2.022162 0.816482786179845
29 0.4832 112.536580608874 1.89621 0.785521666013762
30 0.60606 109.631668766929 1.629874 0.764516371469019
31 0.451294 104.604294087502 1.899897 0.728139162765217
32 0.51524 115.377726538791 1.810047 0.743840782502338
33 0.30323 122.565802777717 2.146874 0.773943519044127
34 0.251455 124.506089919451 2.202996 0.771960354117252
35 0.470974 114.755688201856 1.861517 0.776082064040224
36 0.445445 110.242633894489 1.881501 0.775211554916679
37 0.470292 111.353959227463 1.911997 0.750733236681088
38 0.463308 115.228657909866 1.89859 0.746953776254517
39 0.61191 116.03801505635 1.595419 0.769021854519001
40 0.379681 114.533689492842 2.069825 0.737059814781161
41 0.400385 113.664064160965 1.962379 0.732596328041452
42 0.277098 131.21948005377 2.159322 0.828463466729505
43 0.476396 113.0605992813 1.883663 0.72198222752612
44 0.3448 124.623333658285 2.098414 0.805113620357131
45 0.407726 113.500900982252 1.937605 0.718162521762526
46 0.440468 112.520360868041 1.920293 0.766105653971365
47 0.376416 115.5451089977 2.014117 0.792400610745274
48 0.451639 102.203284241926 1.902687 0.736872998461451
49 0.531929 107.939612874633 1.794464 0.750493420939502
50 0.521458 111.41503276007 1.822587 0.717933279571934
51 0.457882 111.321782512528 1.950229 0.706491604358505
52 0.614376 108.672749735919 1.562384 0.695281622962455
53 0.307099 115.743435430577 2.136864 0.769007421366445
54 0.479525 105.514255803971 1.875397 0.800606446014791
55 0.52479 114.068587660079 1.81446 0.763858928564551
56 0.256848 120.773679015379 2.178309 0.778684951482803
57 0.459783 112.469414218107 1.902072 0.762838868379696
58 0.395857 112.998577587574 1.994924 0.787154851797077
59 0.501276 112.706758366557 1.823002 0.745020609664834
60 0.365449 124.473738326108 2.082026 0.795923391426362
61 0.538446 101.738611345674 1.788659 0.729995079294845
62 0.309347 119.454157211773 2.129706 0.782778866905386
63 0.466355 111.022439216737 1.884453 0.745040283192408
64 0.459571 118.89821989902 1.941061 0.75448569325188
65 0.504732 113.019668836439 1.84958 0.775712235749134
66 0.247761 117.646975911609 2.15774 0.78900524220745
67 0.52996 112.037775606518 1.797348 0.715598969217738
68 0.434129 117.030149280203 1.994701 0.737197153251143
69 0.506046 114.433550276698 1.839452 0.75475428090652
70 0.311133 112.351748978288 2.115851 0.79158552937027
71 0.306502 118.160086767934 2.102008 0.779793031367335
72 0.400467 115.999050939436 2.010451 0.742795479263583
73 0.548748 106.474285376122 1.747419 0.717149016304862
74 0.268861 118.058829574668 2.113094 0.798483644443644
75 0.496913 108.936353631694 1.841194 0.7489734240225
76 0.451308 120.053535208355 1.959386 0.79247730219147
77 0.390713 113.148195789167 2.008873 0.779268268907607
78 0.186119 128.086420444248 2.245231 0.844858301288914
79 0.555105 103.959206410894 1.762363 0.73197368456134
80 0.347501 117.645972629371 2.054056 0.79533958487299
81 0.321038 114.523119063628 2.076729 0.772673166902291
82 0.39224 122.750935451324 2.030863 0.817039345133516
83 0.294082 121.164780574689 2.115759 0.785409318516303
84 0.281628 120.012833710493 2.130588 0.748152383808911
85 0.317396 122.169790771376 2.096132 0.774611522428551
86 0.383483 119.181405913334 2.012767 0.785110962581103
87 0.517452 117.908445860253 1.845181 0.765279087243159
88 0.520262 106.105908411465 1.798524 0.69691887040238
89 0.557555 107.515360761174 1.749477 0.737235857044823
90 0.452499 115.129992904781 1.920846 0.814918852051009
91 0.243708 125.090664178525 2.193785 0.795870285118646
92 0.328799 125.942821687716 2.11616 0.795475925369869
93 0.429178 109.893819350928 1.956727 0.760795677908045
94 0.439566 121.455144779451 1.937792 0.79530259133829
95 0.462902 119.177451078405 1.927795 0.785172940372841
96 0.387424 106.392004872179 2.023229 0.789459149357337
97 0.407446 115.560700868279 1.990296 0.780875241093413
98 0.445853 117.30830412857 1.960581 0.749664175617508
99 0.28204 120.468716563703 2.173072 0.809883107068147
100 0.471061 111.894508166604 1.867935 0.750778058510323
101 0.439889 120.073585381158 1.897689 0.784037316323971
102 0.416178 105.55970389949 1.954206 0.729855772126187
103 0.358809 120.920917221126 2.070912 0.791046474980824
104 0.356411 114.127549568525 2.07444 0.793579011953437
105 0.465004 109.165398144487 1.86451 0.759844705433524
106 0.503545 102.66665885648 1.803444 0.761423228593657
107 0.292048 126.606864528699 2.147003 0.802092273987964
108 0.630751 114.685214589696 1.557312 0.7484559744637
109 0.55981 104.897517176101 1.700049 0.727789800505555
110 0.305176 111.070877547486 2.129667 0.777262949738561
111 0.284076 120.275900821118 2.1531 0.787308284714989
112 0.381451 115.565678298209 2.017817 0.776725726772055
113 0.49402 113.31168478462 1.854818 0.791452267317215
114 0.584263 110.714316956717 1.700112 0.697279463998184
115 0.508844 108.635982831393 1.83243 0.734020539670906
116 0.42438 111.150775796352 1.969231 0.775879984392571
117 0.283667 120.050480790025 2.122252 0.7376232268529
118 0.360133 116.615361391298 2.075533 0.786851381182641
119 0.490926 104.353238695401 1.858266 0.730490420033732
120 0.310186 117.238373359923 2.145398 0.790131233131351
121 0.449744 114.232965433247 1.864874 0.76567193099583
122 0.63182 110.579333129165 1.557801 0.709325178795873
123 0.452075 117.929496742087 1.95367 0.777082176557259
124 0.311783 119.876406332773 2.137741 0.808168071980888
125 0.43866 123.772904017984 1.974858 0.801577415795581
126 0.533874 106.449532689882 1.781919 0.743764451058536
127 0.371319 122.43454612321 2.05858 0.765518201904936
128 0.426696 110.509904031103 1.970823 0.760260815830623
129 0.329906 111.903652499119 2.098058 0.777594287291585
130 0.170506 126.388467142108 2.254748 0.764991197226385
131 0.518401 112.690328315048 1.79947 0.766349568169293
132 0.226674 129.066295653657 2.214296 0.829277697108663
133 0.505533 113.119199391186 1.871354 0.725032700495615
134 0.33378 116.503847405629 2.108419 0.823903464808521
135 0.460643 116.232702246598 1.920155 0.755517417616624
136 0.353734 119.339214827756 2.092236 0.795292257331774
137 0.486943 118.968207684331 1.870182 0.799774874701276
138 0.263228 126.744792555538 2.19468 0.825145305177132
139 0.311136 127.175960260858 2.114576 0.771694911385899
140 0.406561 126.016493381413 2.02162 0.783917995484867
141 0.203653 133.035924572203 2.234131 0.819636709267485
142 0.594995 109.201461947132 1.665283 0.757145199919619
143 0.291429 127.758350066766 2.13492 0.800143444824839
144 0.291459 122.931790738214 2.148664 0.825258827070035
145 0.447282 113.26210510299 1.895448 0.715748666199836
146 0.325429 118.627022948397 2.118072 0.816824451650975
147 0.328983 112.966984539639 2.097018 0.774534233084473
148 0.358672 110.807136309692 2.033777 0.761307333067506
149 0.423738 111.382171858897 1.979315 0.777128524277202
150 0.596587 101.97320659742 1.647249 0.700161607840489
151 0.388243 123.501449797179 2.044394 0.805537980470338
152 0.485965 126.633463319345 1.879759 0.808504895537618
153 0.397732 119.592155714491 2.008333 0.778628741805848
154 0.430969 113.106686117919 1.991111 0.73196048283834
155 0.499855 107.946685052217 1.865345 0.750292303015778
156 0.512945 98.2861595001478 1.806689 0.695485035718832
157 0.419476 105.418644654083 1.948853 0.764558842583315
158 0.388022 116.233218427183 2.031189 0.769632858273493
159 0.338316 117.265332375052 2.091946 0.75497867475269
160 0.541857 114.437824592934 1.773124 0.758387907290051
161 0.499079 103.959788837112 1.849541 0.724584451876459
162 0.648905 101.206640673587 1.517336 0.729393755305181
163 0.478644 114.888967664844 1.847742 0.76603493302887
164 0.496454 113.474655707667 1.841241 0.762696327501967
165 0.570455 103.852857127496 1.710662 0.745418493501133
166 0.457262 120.337706444783 1.84193 0.763618797532505
167 0.367418 116.577469769228 2.058159 0.778102535074915
168 0.34027 132.016676077783 2.115187 0.806253892480149
169 0.441048 117.832243162961 1.965763 0.757332003767359
170 0.374827 124.172155995055 2.056022 0.775831939999929
171 0.364923 123.370644533999 2.066885 0.780414694648455
172 0.331682 117.477488712254 2.093116 0.81301589735651
173 0.417105 119.832623758879 1.976939 0.788282406846094
174 0.385099 117.185056724164 1.979728 0.790568275749174
175 0.462687 110.815681338506 1.945824 0.772434566690502
176 0.257079 119.614821600655 2.182274 0.734826838147433
177 0.413244 105.459412959512 1.9467 0.761707741325055
178 0.250048 120.507097797644 2.168625 0.820275225207113
179 0.498858 119.163980183208 1.852854 0.769644832010275
180 0.380849 118.009281741762 2.034587 0.701888905627678
181 0.575035 112.378936428258 1.720188 0.692973120287918
182 0.433154 120.511446457109 1.99071 0.780141774106719
183 0.411991 114.318157959007 1.94481 0.776218486879267
184 0.50197 115.761089968317 1.784412 0.707189353520427
185 0.466603 106.638545617202 1.857893 0.754571368829059
186 0.245327 125.439064200252 2.204131 0.824514999297078
187 0.400113 109.261476814275 2.008502 0.775896543657433
188 0.480809 115.889620749327 1.867679 0.759502023887521
189 0.406577 116.345627792974 1.995226 0.770902097116614
190 0.407026 108.789743841712 1.947569 0.78803826119804
191 0.582058 123.150034036617 1.703881 0.817059889116718
192 0.472774 114.049014422347 1.862293 0.768665083065191
193 0.337431 112.763375561482 2.085228 0.789404300827633
194 0.345675 124.357155519244 2.085276 0.770153067504962
195 0.400218 112.696274531333 2.014928 0.751218114641859
196 0.6844 110.849026031469 1.423469 0.693461497961042
197 0.360043 115.345966876635 2.075084 0.73836216721245
198 0.548655 118.559738004302 1.770801 0.743398004343564
199 0.492988 111.869006909552 1.88492 0.743564656944519
200 0.339998 107.248290162555 2.061377 0.735994119010825
201 0.384325 113.943938113715 1.987738 0.751899528482964
202 0.486084 116.326151134736 1.88113 0.754457445103655
203 0.357338 122.983198891685 2.06196 0.786422559448694
204 0.293929 115.821201004782 2.140438 0.815764776984307
205 0.351475 113.907150281249 2.089773 0.756018682013777
206 0.372634 121.602912064827 2.049694 0.799941449773471
207 0.511301 119.797648678069 1.842402 0.775474002822068
208 0.46496 113.740591389469 1.916368 0.794527715618198
209 0.353871 126.314858927052 2.095554 0.799043413616418
210 0.531913 97.838920468028 1.730121 0.712628635735667
211 0.270016 119.086740331821 2.179742 0.80719325354508
212 0.463851 114.41472043922 1.898418 0.801489263063472
213 0.353655 119.413921651356 2.05047 0.761924778847855
214 0.285978 120.280173410543 2.157442 0.812725599783159
215 0.381737 113.253263756712 2.063887 0.752755145211657
216 0.521823 109.237293050822 1.786832 0.704737184900565
217 0.521123 115.258699797747 1.823337 0.801057023422592
218 0.354 111.291063003202 2.077502 0.784829920097484
219 0.4695 107.231595268329 1.881425 0.739605246633008
220 0.455682 112.782092771113 1.90631 0.755143186153662
221 0.397031 120.226430078299 1.991266 0.802647781034779
222 0.194449 126.546439056686 2.22729 0.812523279865332
223 0.363748 119.02530591349 2.082742 0.808648228136917
224 0.547039 108.630546400078 1.7433 0.725136047082987
225 0.408255 114.831413626773 1.999705 0.749444941064724
226 0.423721 113.791613516136 1.950578 0.778322456531057
227 0.551677 118.522013272032 1.748598 0.773217047730392
228 0.508587 116.763076333958 1.854713 0.75316252249289
229 0.340976 113.719722943841 2.084554 0.789063923800253
230 0.349927 106.891064962349 2.054851 0.753897448181472
231 0.249046 128.454216163145 2.199669 0.795817743176055
232 0.464339 118.589661728937 1.926113 0.708462833183461
233 0.369296 121.635295758764 2.075948 0.782096455812202
234 0.387872 122.8761085477 2.039122 0.797750203209522
235 0.37881 115.625458145769 2.025983 0.763744518131995
236 0.399548 108.84057699228 1.986024 0.773240753161454
237 0.323894 116.780311870925 2.091295 0.803536392166085
238 0.484576 107.207764212565 1.834739 0.759156973553849
239 0.488163 118.701965042694 1.880476 0.759864644540655
240 0.495304 110.147743891612 1.867371 0.75006141905287
241 0.337592 121.347538262414 2.106186 0.774840031496025
242 0.475188 119.867257125605 1.921347 0.7906989398386
243 0.527387 111.663500139566 1.814835 0.760767159652543
244 0.413963 120.124654901899 1.995543 0.804512575202369
245 0.536473 101.458472632004 1.780623 0.758568909965924
246 0.382711 114.550541946833 2.017647 0.75276228887103
247 0.324234 117.892691079005 2.102792 0.788822027637505
248 0.353384 111.278643728763 2.004449 0.77898383810682
249 0.310793 119.440484754269 2.138812 0.793161172594652
250 0.393257 113.722042773459 1.964403 0.779216044867413
251 0.601561 105.716693761875 1.577344 0.735469274622417
252 0.344261 116.320694975129 2.081407 0.787214079346097
253 0.367208 124.360520277793 2.057497 0.810026213941277
254 0.440518 118.907031880811 1.934523 0.777926454341034
255 0.497492 106.754495340885 1.834681 0.729336182918356
256 0.435586 113.499201706408 1.953121 0.721754735786183
257 0.248829 128.969141446084 2.195791 0.817383095430654
258 0.299464 119.200579816383 2.115866 0.771165717519988
259 0.393264 119.23288969108 2.049423 0.791357339497936
260 0.518132 104.726107187396 1.798153 0.726946430039766
261 0.481834 116.834688049408 1.827504 0.773330230130332
262 0.461878 129.712642091645 1.919719 0.768716521168551
263 0.591039 106.790089588333 1.671658 0.711400278409568
264 0.394271 117.842565155434 1.988596 0.790513457400283
265 0.285102 120.44677767624 2.143671 0.814398497047307
266 0.339181 124.109958566936 2.055116 0.80605300944697
267 0.440316 112.464789222511 1.907433 0.783606772710452
268 0.38162 118.572003123153 2.041314 0.798308942447229
269 0.486249 116.975182189988 1.83545 0.774933951192392
270 0.286655 118.439813634009 2.150906 0.802303799514148
271 0.482983 127.069973324107 1.892357 0.832606138435327
272 0.526427 113.270876963468 1.81295 0.751343857952176
273 0.30455 117.227740129443 2.146785 0.771748145705538
274 0.367739 115.676606687915 2.062894 0.774644239804406
275 0.434375 118.976828285125 1.938745 0.79073752731546
276 0.220145 124.431156823285 2.21549 0.823213121219689
277 0.413895 113.319196899584 1.966072 0.786302017737559
278 0.415381 118.889007557924 1.978565 0.788379800394489
279 0.415936 118.966891672437 2.013024 0.753816695114177
280 0.354578 118.940213281985 2.013185 0.768979518005325
281 0.394027 114.389498398568 2.007809 0.77079301795235
282 0.370349 117.157274860383 1.98288 0.765043148500534
283 0.544824 101.155626371451 1.733301 0.743354372023157
284 0.642028 106.586144724963 1.540824 0.66901498123313
285 0.528436 108.921667779333 1.800537 0.767474753965404
286 0.404911 109.810428767741 1.986237 0.719569076656111
287 0.473489 111.687759889435 1.860992 0.752511807979062
288 0.380194 128.103727872742 2.025593 0.798779517111358
289 0.343588 113.795343147024 2.06343 0.782770674138757
290 0.352607 119.02793689992 2.094135 0.773838256086461
291 0.251022 124.154635242186 2.184471 0.81210545740841
292 0.418744 110.896691728084 1.980515 0.787478881815346
293 0.280594 118.24305104612 2.09962 0.796742427893051
294 0.380512 116.256673012484 2.023319 0.756347160274687
295 0.495953 105.863992811171 1.857466 0.729417648074708
296 0.467201 121.28263659649 1.911578 0.778995728612737
297 0.37182 106.030900646385 2.030044 0.7573372957635
298 0.414217 120.533306549388 2.014624 0.782466555149051
299 0.500391 118.719903639853 1.81466 0.72485222653728
300 0.383736 119.79631546685 2.049676 0.775544718501467
301 0.528516 111.953189096331 1.779533 0.765274134203587
302 0.394207 115.046860658971 2.011535 0.803819107906156
303 0.429263 109.228662906485 1.981377 0.760445355366567
304 0.307929 121.999761680453 2.152729 0.760456534694973
305 0.277545 122.539229328844 2.164895 0.786924402694273
306 0.501393 117.653364310643 1.80301 0.743606187134376
307 0.485504 112.502476585056 1.857026 0.704688134732617
308 0.348816 117.809554101159 2.097749 0.785191400910787
309 0.361642 112.734330333763 2.057809 0.77688936704381
310 0.446577 115.488324344019 1.942926 0.739177449887483
311 0.500128 108.159548509677 1.831779 0.746458366933489
312 0.263421 126.705510105129 2.179966 0.781272596432407
313 0.42468 117.982529885138 1.945395 0.735141983361173
314 0.410639 125.061539927189 1.971308 0.753344890982563
315 0.456544 119.691657980293 1.891665 0.768035435319704
316 0.476811 116.400955952807 1.875501 0.765322459549812
317 0.48375 110.85198778809 1.886166 0.720062984461614
318 0.298921 129.346012460251 2.157064 0.819873698217894
319 0.436398 128.790138054939 1.97993 0.80999550856806
320 0.342452 117.538254596558 2.088551 0.750991775202602
321 0.411206 112.744622239305 2.018089 0.774744101565365
322 0.317375 117.969575490497 2.11199 0.790584192437117
323 0.562728 100.388004086519 1.709494 0.732142448659508
324 0.590263 115.113801283956 1.675929 0.789161807695693
325 0.491101 117.024173103849 1.853708 0.772583533297913
326 0.480943 88.3452974510956 1.876597 0.730440265635532
327 0.373762 122.492761731162 2.024362 0.792774899618123
328 0.427841 123.467846836722 1.983632 0.791724852197687
329 0.493004 109.245618698057 1.863281 0.738284654917033
330 0.482578 119.829639026934 1.912124 0.790479198356908
331 0.581732 105.940194670102 1.695245 0.73523870949263
332 0.268387 125.853299425579 2.188225 0.812824362256563
333 0.570783 109.197507066597 1.717202 0.719182503830339
334 0.495035 114.675217614927 1.820786 0.762188795541613
335 0.332565 120.994000272211 2.067292 0.781809064477162
336 0.470414 108.593280204318 1.879008 0.754353578782153
337 0.380305 116.364049546546 2.045502 0.787473073500759
338 0.318389 125.398926248585 2.139806 0.796006820386083
339 0.472816 120.182832769363 1.886781 0.762862005394815
340 0.411486 118.936018826585 1.957977 0.781640058900339
341 0.354699 118.449726207074 2.077573 0.773969206003783
342 0.416111 119.549425238998 2.014283 0.780758077672886
343 0.321764 117.092950108423 2.132892 0.753310008095509
344 0.284695 126.102973153341 2.168809 0.815016861149923
345 0.338402 120.206620302109 2.085312 0.782946491966355
346 0.403386 112.575995106993 1.991853 0.788835984840823
347 0.300769 112.438509667008 2.130323 0.769701673940736
348 0.44728 109.489696423716 1.942988 0.742580273680732
349 0.416339 112.431775694799 2.000853 0.742546272445569
350 0.493173 101.197890603924 1.859432 0.707675512892403
351 0.311136 120.034516494488 2.107311 0.804510874167952
352 0.446362 114.268323742106 1.922926 0.775157328422392
353 0.506434 113.435898570092 1.822225 0.768082272066452
354 0.501249 106.54514560023 1.813676 0.740418063979885
355 0.486272 110.636694471234 1.869156 0.774602353147598
356 0.450202 117.301959851733 1.932833 0.801068923213621
357 0.357729 117.243910697159 2.077396 0.81153699680131
358 0.326847 120.133928220038 2.110937 0.791959349200634
359 0.490635 120.167064891964 1.882621 0.797915828478176
360 0.443151 119.414039847397 1.935484 0.771860328505171
361 0.538561 105.8160390724 1.787662 0.74358906785394
362 0.510647 104.952473209766 1.817804 0.76154357425737
363 0.528661 115.486027017031 1.808627 0.781106221213393
364 0.264099 127.152866476192 2.169332 0.809036887813299
365 0.437487 110.764611204696 1.953125 0.760548802578794
366 0.395654 111.557634476995 2.007768 0.737991850633318
367 0.333434 124.238020897974 2.101278 0.782879606499912
368 0.390489 110.674738343562 1.996554 0.768098592139427
369 0.451535 115.383935023258 1.960704 0.766533247481292
370 0.426713 116.385876859378 1.980596 0.78102307242852
371 0.319852 123.979145799201 2.139867 0.810376395290874
372 0.493744 105.861377163809 1.871675 0.745271108092065
373 0.554904 112.823233373713 1.745209 0.750735223173542
374 0.463581 120.434674419949 1.941038 0.777214137563013
375 0.357209 126.061512258556 2.091905 0.804259028530695
376 0.418837 112.830937325385 1.943854 0.764917806853279
377 0.504003 119.362929348108 1.818797 0.739396893839763
378 0.369012 106.177024199772 2.026325 0.743789538893565
379 0.302078 117.063379061275 2.130839 0.79125802851875
380 0.35396 115.559586172163 2.060005 0.796213042633712
381 0.502438 100.390909010559 1.833225 0.760322326891493
382 0.509707 110.548960861338 1.852574 0.758929082903288
383 0.342164 130.505467964079 2.08652 0.840937739467874
384 0.139127 127.795034749459 2.271536 0.825407512110435
385 0.542516 115.009610825782 1.762121 0.792302704358967
386 0.513126 121.240182849735 1.862119 0.750102823732155
387 0.450154 115.531330666042 1.920474 0.759876775011241
388 0.449439 113.21933567497 1.956328 0.77938363589084
389 0.451406 118.067847768159 1.904462 0.739690737304704
390 0.373138 118.023213711828 2.062583 0.815654612902729
391 0.35939 122.8588226215 2.068277 0.797882671257303
392 0.231165 128.317943849341 2.219109 0.806363170888771
393 0.420841 106.805411554827 1.911029 0.762553519738109
394 0.33352 124.06993892036 2.111977 0.794920465227131
395 0.263241 123.250625530219 2.162872 0.821713802265736
396 0.507311 117.004539270913 1.790538 0.767361814643733
397 0.446214 110.912949083586 1.91734 0.730886003478261
398 0.465187 113.205050620192 1.898638 0.745950591167835
399 0.373626 107.289198897574 2.034738 0.768340122957135
400 0.517787 110.289043577142 1.80099 0.746589793034006
401 0.39747 121.410747452987 2.013305 0.797664361123483
402 0.2688 127.74245309808 2.186345 0.826026302446584
403 0.558127 102.143569909826 1.684749 0.700463324443713
404 0.444363 123.851798471302 1.936814 0.802371135922999
405 0.350461 112.159758080831 2.078218 0.77021588161582
406 0.346033 120.415701677722 2.07143 0.807778983820241
407 0.313445 121.662088338711 2.138438 0.784693616958214
408 0.405384 107.433695705157 1.959493 0.751772545398014
409 0.478041 110.376985434398 1.914732 0.719974661369844
410 0.401353 117.54034702234 2.017307 0.802983513277072
411 0.125766 129.196956190614 2.273059 0.845697661391986
412 0.631337 100.467684180483 1.564786 0.67194109325413
413 0.512008 117.984781034749 1.837286 0.791000030498466
414 0.617788 107.33847931458 1.598481 0.725792734478635
415 0.521175 117.510431196646 1.839358 0.786249468015977
416 0.451598 114.755744376841 1.930117 0.784184167570105
417 0.231618 120.87717619402 2.217617 0.764097785860382
418 0.558396 115.266256442502 1.750112 0.738154855418565
419 0.607192 100.370096392566 1.616345 0.68150186550043
420 0.481661 114.289650569717 1.881689 0.726885983743718
421 0.320127 119.7283953636 2.121218 0.799724186081637
422 0.402609 122.285041362787 2.035361 0.768225060302862
423 0.478904 121.089609284183 1.895463 0.749355183021455
424 0.43097 114.425862922948 1.9213 0.748333031050614
425 0.430547 115.657765323213 1.942427 0.751814827667077
426 0.381699 117.857665006206 2.030551 0.755433865738142
427 0.236076 116.266403780174 2.20711 0.802858657576813
428 0.417671 114.261489711514 1.99793 0.785593246778232
429 0.384218 113.629091710037 2.052784 0.775680441337573
430 0.316749 124.727988892859 2.128972 0.823679613935252
431 0.379708 120.060286224716 2.040523 0.786825241277284
432 0.389245 110.932854761671 2.026003 0.762527477807361
433 0.448875 112.435011005991 1.957321 0.751407674252584
434 0.427307 113.578641153753 1.956529 0.786620754590147
435 0.421786 114.735525541896 1.948105 0.760986495976775
436 0.418435 116.513595517322 1.968401 0.711969096823692
437 0.353734 123.670659111931 2.093941 0.778215363405805
438 0.476111 108.684345279399 1.86779 0.750310304417552
439 0.365723 117.156066229067 2.071281 0.773609980843546
440 0.460876 111.650890372303 1.927695 0.781362302417601
441 0.365631 109.496610473308 2.050878 0.76423276788395
442 0.337985 121.44380540584 2.102338 0.810388696420759
443 0.547033 98.71408721412 1.705201 0.734902364632146
444 0.471523 110.458802213746 1.904239 0.750510057338046
445 0.244658 123.325893533944 2.197282 0.805755037415852
446 0.475641 119.375570234783 1.889186 0.738302487414913
447 0.194691 122.235390515151 2.237727 0.717107044128751
448 0.513454 101.281742123634 1.811425 0.718535546360313
449 0.452734 109.423372823082 1.919056 0.768300873700886
450 0.445843 107.804916897751 1.904771 0.774291413046255
451 0.596064 106.771251510865 1.628488 0.761990411856696
452 0.396518 116.656419544671 1.999385 0.797892489061187
453 0.479344 115.13260784837 1.864882 0.754217703108075
454 0.459235 111.972417360845 1.945162 0.780512033879305
455 0.584879 109.096119753282 1.680557 0.766333526053946
456 0.509074 114.763639713056 1.833966 0.713893629405327
457 0.237577 117.886064670875 2.196119 0.803441047933723
458 0.565482 106.933456110409 1.725182 0.655565488316483
459 0.483216 116.268802827717 1.845816 0.742469908931409
460 0.459346 118.201283867433 1.890728 0.783185568906856
461 0.483381 116.17941772471 1.884622 0.768524491460876
462 0.654587 108.261947713381 1.488635 0.702016445523867
463 0.483708 105.162176119329 1.859344 0.683297249151134
464 0.476466 117.092246974084 1.860205 0.721353942182741
465 0.308456 118.649108796367 2.114046 0.763694162804815
466 0.397059 113.942858130311 1.997735 0.768243347970698
467 0.438153 110.808620597983 1.929374 0.762558444218651
468 0.419343 114.879696039685 2.002558 0.79742378480065
469 0.334891 117.06199478599 2.080884 0.79464486504039
470 0.405793 112.066927725787 2.014731 0.74386065202586
471 0.376205 117.965578436178 2.064864 0.804373665832468
472 0.434868 115.48817772515 1.926943 0.765645594662597
473 0.423517 116.544004123344 1.977746 0.76271367209912
474 0.500766 110.392390279074 1.840501 0.793014550579796
475 0.365602 119.845046627829 2.068912 0.788712657680634
476 0.469193 119.728822079587 1.888096 0.766969433862041
477 0.318309 120.230163015493 2.104307 0.798063845477826
478 0.413614 121.958728998795 1.960757 0.785904819411849
479 0.657888 119.427057822545 1.408142 0.78205169188975
480 0.37332 119.677218370172 2.027225 0.794513070296556
481 0.454173 111.140430755531 1.910852 0.714240001663337
482 0.519605 108.728074509936 1.790909 0.76571583686601
483 0.448702 112.852770201075 1.944869 0.75681182469731
484 0.330201 117.904141338195 2.104706 0.789413644821621
485 0.397942 116.002314049576 2.017642 0.695474522590283
486 0.591022 110.007800343953 1.676649 0.710797078671668
487 0.328288 116.149749401174 2.109271 0.772419165157799
488 0.502398 116.884446009431 1.838817 0.786768200834419
489 0.316832 121.289368198065 2.120894 0.775022052111021
490 0.416832 112.145719275846 1.934067 0.798336322789518
491 0.2919 125.229047276979 2.164189 0.779643264145193
492 0.213404 124.537802925404 2.190623 0.811084307212861
493 0.508263 117.491602349231 1.847926 0.751097773439761
494 0.424483 117.696983697162 1.955721 0.750116563947708
495 0.242765 127.011511994673 2.209352 0.812450648262092
496 0.600372 108.985648120694 1.655361 0.772156104043992
497 0.536769 100.371110352953 1.751399 0.736774235836672
498 0.382743 110.485003190949 2.014434 0.753203362422381
499 0.450792 118.832353113458 1.962778 0.797849102237994
500 0.490122 108.723257235708 1.858602 0.752425469415531
501 0.521229 88.9881805903291 1.77409 0.735843164378169
502 0.564979 119.974693297817 1.736766 0.761005563795534
503 0.388999 120.644686498319 2.031861 0.808397892976543
504 0.445344 102.996260772066 1.948916 0.762321295003365
505 0.462251 118.553765276659 1.909553 0.770137658340915
506 0.249884 127.866594554153 2.201134 0.808787126982241
507 0.467584 109.99375182415 1.878061 0.778886257049982
508 0.509133 116.501334215145 1.867465 0.737797645275097
509 0.398002 123.977181339033 2.015393 0.75683508781765
510 0.558819 108.440026175206 1.728709 0.735250859829461
511 0.321816 124.497482655018 2.091664 0.818171886196525
512 0.431325 111.032556439876 1.958203 0.76259686981824
513 0.454111 108.918720785157 1.915203 0.766799198740471
514 0.568133 113.187449831113 1.705704 0.719752856151881
515 0.273597 122.330858610113 2.118399 0.81507824565886
516 0.45043 115.633207942699 1.944419 0.770857123920884
517 0.33314 111.464149452973 2.098177 0.759563501707956
518 0.376603 110.056387748897 2.00554 0.760742864801627
519 0.301239 129.186577655193 2.153901 0.811228168326416
520 0.548526 115.314954336153 1.786468 0.735340549085683
521 0.344733 113.821701749264 2.077983 0.70780796865092
522 0.373905 106.026991069469 2.037471 0.751144965788246
523 0.397363 104.641166063133 1.957673 0.717940087336075
524 0.391227 119.364873632004 2.0053 0.790411267850183
525 0.631731 112.415712126926 1.586182 0.76102907764347
526 0.528117 109.727663173551 1.822116 0.712222696725365
527 0.487162 120.433792828351 1.867158 0.757140200570811
528 0.242741 124.971260440661 2.210782 0.801094088691273
529 0.561712 111.983131685888 1.717024 0.777978196633397
530 0.46066 109.334521131801 1.875113 0.785472700878698
531 0.332242 116.417206078081 2.112824 0.79621115081616
532 0.573848 105.245260794141 1.708817 0.747557097202627
533 0.409739 115.668575594379 1.998867 0.767599939676034
534 0.424403 111.47987558216 1.963816 0.739321999799478
535 0.300418 111.23633687197 2.151773 0.784418584445692
536 0.428865 117.478694802209 1.914625 0.792091624575189
537 0.443953 110.110033509491 1.947817 0.747490971110766
538 0.519436 110.401926849435 1.798377 0.711957892203612
539 0.397152 128.721122012393 1.996921 0.803687445523203
540 0.546694 112.670749158026 1.755355 0.762945018750412
541 0.396912 116.264062984212 2.024073 0.806932430555664
542 0.380009 123.497278677208 2.030116 0.779393020008906
543 0.408332 104.141430682869 2.005004 0.730293862833663
544 0.305406 115.405346502253 2.148563 0.786292929640454
545 0.567494 112.592626860279 1.724147 0.750870058922774
546 0.517325 112.638394904878 1.765568 0.726739128596151
547 0.378203 119.834804511415 2.025941 0.771868524461139
548 0.510197 112.992145187937 1.774205 0.738900901319216
549 0.446916 116.486483103714 1.924009 0.764351222130993
550 0.451484 103.68979201173 1.882342 0.74053466336773
551 0.415149 111.079770948541 1.963718 0.770524576816607
552 0.468018 119.24422290813 1.897292 0.749663180461806
553 0.45149 118.762345124576 1.963192 0.737616484091945
554 0.251318 131.422367636967 2.202679 0.817744103206127
555 0.625771 112.794271673672 1.585934 0.72619409179262
556 0.457703 108.984531353708 1.903108 0.747802087708895
557 0.425702 116.226147859146 1.965056 0.786751469593682
558 0.363778 117.396084698716 2.038297 0.770028818999495
559 0.491783 107.351506983752 1.864308 0.737574878414385
560 0.393925 116.254078896839 2.039167 0.785706938145647
561 0.402064 125.925383175433 1.999943 0.767488939152497
562 0.54035 99.7710007934963 1.758837 0.735333282954654
563 0.455303 107.591460258942 1.927395 0.749094524587339
564 0.418359 108.476504736952 1.967511 0.775545314531455
565 0.389645 116.532371611564 2.046848 0.784496692725959
566 0.471297 93.292949822859 1.887122 0.715491331143414
567 0.540682 112.719940787221 1.767276 0.754666351542737
568 0.386598 116.296720954982 2.026623 0.755186538572868
569 0.299872 124.856273345192 2.145825 0.812194320384802
570 0.447514 115.836740697905 1.932515 0.803069017515331
571 0.441988 109.703127206266 1.906258 0.773746715232308
572 0.359512 122.561607986855 2.038085 0.819275608101232
573 0.43756 118.101416637713 1.955545 0.776398429661067
574 0.451595 116.687915635124 1.954061 0.759080174711144
575 0.295919 128.272951771964 2.163905 0.811409794420763
576 0.379133 123.760765411792 2.02313 0.807705871863857
577 0.514641 117.83270577848 1.820265 0.755205017193286
578 0.445692 106.385374487533 1.90259 0.778668044779179
579 0.469522 102.992529796356 1.849575 0.742898514323587
580 0.435832 125.381460980757 1.973699 0.778436345287332
581 0.373703 113.535475993248 2.059795 0.769953736359813
582 0.329376 119.498195810545 2.11155 0.788870122362662
583 0.528832 117.125076372103 1.822637 0.78371232014892
584 0.433561 112.702211907388 1.938053 0.760530205528708
585 0.312486 130.060470516045 2.133713 0.786074921096815
586 0.442463 114.52667054594 1.948824 0.764597022512298
587 0.367422 121.539396996925 2.037621 0.790987694611607
588 0.320735 115.427558673842 2.071942 0.790531730531238
589 0.606815 95.9350301151882 1.622057 0.703217571780195
590 0.38815 107.440778033283 2.008355 0.760759439289918
591 0.486538 120.46475637902 1.893222 0.768352397880639
592 0.582877 109.753646982206 1.659904 0.725515929347798
593 0.443426 113.084454068409 1.916782 0.687786267937997
594 0.345722 118.110521599619 2.069818 0.767554261093684
595 0.472459 114.848247589513 1.865597 0.751431804866096
596 0.287498 120.129475411025 2.150691 0.804197309297611
597 0.551655 116.058988191513 1.771162 0.768856548985091
598 0.363325 122.718631331112 2.067433 0.774002148242963
599 0.346897 115.924169990486 2.069966 0.785983124886877
600 0.445015 101.276842556609 1.934022 0.745315356345342
601 0.357688 114.306554598663 2.044735 0.782425708606968
602 0.556391 103.221883857816 1.73432 0.715717240859726
603 0.555444 115.053979163836 1.7308 0.784094194302248
604 0.538077 104.931216944528 1.75613 0.732163592754333
605 0.324905 118.928972436881 2.117801 0.767314741607837
606 0.382461 107.592390545542 2.024269 0.77119001913605
607 0.346236 115.321755490218 2.072645 0.786447346444005
608 0.545379 106.53195212521 1.78342 0.767105758230956
609 0.390134 119.82937786573 2.047575 0.753183338008445
610 0.463704 120.389879834116 1.924062 0.786147033517058
611 0.367414 123.251288560184 2.057856 0.808036268410056
612 0.355778 117.375416122774 2.061371 0.768372551575717
613 0.505806 101.619353074537 1.826396 0.738303007901975
614 0.492334 116.625814320478 1.845711 0.788210771448472
615 0.303489 125.042903304451 2.154941 0.804906217357974
616 0.580911 109.336296635539 1.691265 0.76018030342031
617 0.465746 103.973111272917 1.904273 0.753874542913736
618 0.235887 123.77092857153 2.19901 0.797815059478318
619 0.259451 123.132595345745 2.188976 0.791785801117028
620 0.357389 123.711534697537 2.072767 0.799215878107097
621 0.395392 119.86575705367 2.023122 0.75407281368596
622 0.505957 117.502945008401 1.861674 0.770031155157666
623 0.256389 122.617526953609 2.176575 0.817255865852669
624 0.392278 121.566490714112 2.009558 0.757246147996063
625 0.391934 115.436305063746 2.004997 0.8055081830663
626 0.434571 110.998213622656 1.957308 0.775914293527075
627 0.400433 109.063541008246 1.994313 0.750857813854382
628 0.378309 111.391645828442 2.026657 0.774893460367517
629 0.553935 120.260936371188 1.739343 0.767897569791016
630 0.39848 122.685685872398 2.039743 0.772226647703766
631 0.648375 104.205627715679 1.516703 0.705102145526174
632 0.432316 113.916877849572 1.895378 0.75954533899247
633 0.367517 127.810385930733 2.042111 0.80330031026845
634 0.27263 124.565854824124 2.180382 0.812298474491147
635 0.520747 102.490424984102 1.783346 0.70049008247038
636 0.434934 111.442971698537 1.897755 0.741690865987468
637 0.397224 118.99812015723 2.010813 0.772560311813355
638 0.448795 112.960231514191 1.909108 0.763620214425035
639 0.343002 125.146940528116 2.098733 0.79294297312293
640 0.61633 113.859510065229 1.6053 0.733211872848961
641 0.465964 114.560932337609 1.894476 0.751884892521771
642 0.551419 112.749762348276 1.76392 0.743710329900846
643 0.35092 118.049892683013 2.038147 0.797649151418511
644 0.482829 112.159492799901 1.872251 0.742571137170621
645 0.465285 110.074833149367 1.916361 0.771813331427138
646 0.499937 109.977979635231 1.818178 0.759118558131021
647 0.578115 108.656904614009 1.694268 0.732362101382986
648 0.192936 128.995870192998 2.240269 0.841575347362679
649 0.553078 113.365123713898 1.728546 0.758531493915034
650 0.311979 115.004078995879 2.108672 0.782846125436294
651 0.413422 116.496867467325 1.98088 0.799469932720699
652 0.398847 104.287871516382 1.983554 0.767223268921352
653 0.343621 119.960522041708 2.09328 0.795688591962311
654 0.446419 108.91824037053 1.949489 0.761299991212168
655 0.402378 116.06399491727 1.986131 0.812783193143321
656 0.643843 104.74996328164 1.477183 0.663406326587022
657 0.407232 107.907016871695 1.974223 0.785054566933201
658 0.696389 109.849770462664 1.367211 0.672110024100932
659 0.475137 119.454451441608 1.91256 0.798919878386172
660 0.423503 112.265949269644 1.954923 0.756036928912974
661 0.427084 120.073953081753 1.978168 0.791016782803504
662 0.421555 113.123712405545 1.960383 0.74945706050872
663 0.372666 122.724484930589 2.06139 0.798036579176017
664 0.498693 122.706111096543 1.804565 0.802012835530274
665 0.410536 126.673198230238 2.019945 0.822051904712633
666 0.6559 110.888266274533 1.52093 0.737410381652381
667 0.353642 113.787057446105 2.102256 0.808043448258052
668 0.39592 110.978810047224 1.995062 0.766108124670849
669 0.408445 116.511046037344 2.015197 0.754702657124046
670 0.48096 117.809094634602 1.900701 0.755960729689042
671 0.539263 126.755831607667 1.763998 0.730967909303389
672 0.449467 117.375158829436 1.964419 0.757504556069758
673 0.466009 116.004419816387 1.932064 0.77544616953351
674 0.319737 115.5884602011 2.122772 0.785210122909886
675 0.376565 114.825327032893 2.025875 0.768035769036096
676 0.247857 122.38087555876 2.19325 0.805064230400717
677 0.357212 122.81624283907 2.059539 0.750642644256193
678 0.364013 114.523315961619 2.065209 0.784068814274017
679 0.411732 116.42317638723 2.006851 0.776857352365638
680 0.436087 113.409533586733 1.924422 0.736110070326095
681 0.310288 112.364499620037 2.107917 0.73544314858118
682 0.398817 115.224568261859 1.998937 0.763595578697468
683 0.254523 131.317697628457 2.187306 0.814549925132786
684 0.328438 111.217722189461 2.090864 0.778616377596866
685 0.388632 120.574779291402 2.054959 0.806994393897937
686 0.466477 120.853892809922 1.87895 0.765790697829335
687 0.510853 111.677506899969 1.836247 0.751581052292578
688 0.367214 125.41128380287 2.066606 0.80007868130005
689 0.373468 115.311277936898 2.01749 0.763412940114601
690 0.476453 118.074120850215 1.914044 0.71865566703315
691 0.558264 119.990143038513 1.756456 0.745082378187239
692 0.399606 117.010099761565 2.008632 0.772151150898199
693 0.530796 98.952515796151 1.796019 0.721987659167734
694 0.457265 121.883246400324 1.915984 0.814637915135448
695 0.475188 112.704945868498 1.88663 0.744563599394202
696 0.437442 109.824625000996 1.915625 0.762794185037853
697 0.413508 120.243306953852 2.004987 0.779293276083061
698 0.527154 118.653006391586 1.786962 0.801048207054178
699 0.470054 109.628625700879 1.874718 0.780599665231891
700 0.294227 123.850977476896 2.149022 0.777147203969996
701 0.357021 113.70770790426 2.063306 0.771634056296865
702 0.118264 132.306308880955 2.27912 0.832515345837227
703 0.220006 125.222121673896 2.222015 0.793950774537654
704 0.43779 107.912479594189 1.910319 0.723964826889181
705 0.399088 119.743463018663 2.005067 0.753932025448196
706 0.344394 118.291838783888 2.095471 0.760130780114876
707 0.309352 125.100026731722 2.150689 0.821730245311207
708 0.407773 111.840277229232 2.0321 0.766280107685327
709 0.490859 118.499841519955 1.845972 0.792541682726228
710 0.428623 120.289694705681 1.988224 0.803047709543506
711 0.539438 113.788905299674 1.742384 0.748958571911256
712 0.264536 126.785986027414 2.189676 0.806456686156626
713 0.523188 112.147160855938 1.812496 0.698457704901727
714 0.477521 108.128780932419 1.86607 0.721755442400371
715 0.436753 111.542033750218 1.971288 0.774918180091691
716 0.355004 111.321217585085 2.054072 0.758595809444315
717 0.478691 109.186991636963 1.867649 0.737924265158031
718 0.535873 114.963180605989 1.791036 0.754617120707894
719 0.280707 117.617295577283 2.11595 0.786976297117543
720 0.515199 109.980212606327 1.840288 0.756588087011927
721 0.405118 114.054668773299 1.960522 0.78106754776427
722 0.446898 108.230622767676 1.910184 0.755905778098558
723 0.438399 110.743471130332 1.921616 0.749512201265548
724 0.42033 112.092366932275 1.954002 0.790824222655506
725 0.354327 119.04613217242 2.061919 0.785446774280357
726 0.248651 123.903002765838 2.190003 0.785962994792131
727 0.374467 115.35357945073 2.022816 0.763576116948715
728 0.252167 114.443585751528 2.192201 0.812391180554603
729 0.413997 116.236812098631 1.939987 0.763096212368169
730 0.372757 119.275590152202 2.064685 0.797625025479412
731 0.312792 125.633706691739 2.129732 0.807671724202645
732 0.365609 119.763084647831 2.038637 0.81783626290828
733 0.372573 122.530915542755 2.039929 0.778244328366351
734 0.42849 118.137064184385 1.934371 0.803498931192805
735 0.358452 112.185082216085 2.027413 0.763085023722443
736 0.412894 123.457176682561 2.026431 0.758422063845427
737 0.545589 109.948467067229 1.75461 0.755967194627376
738 0.367976 112.378194103024 2.037666 0.772677492102007
739 0.315264 119.907158073173 2.116304 0.794419652974674
740 0.413717 110.452281981248 2.024225 0.811419615548625
741 0.366778 118.609393763025 2.038661 0.769678387360238
742 0.32718 126.699118695583 2.116389 0.803120179056723
743 0.242008 122.905702517541 2.201148 0.817393334420923
744 0.461542 109.523917141273 1.913494 0.741730746185635
745 0.621159 111.36307904826 1.606272 0.730422819968945
746 0.349961 119.52906335003 2.078939 0.796295186437688
747 0.431468 107.824205534032 1.964428 0.712295825509554
748 0.461951 123.221244993808 1.94533 0.743764109483843
749 0.408605 109.518642254878 1.932849 0.767452807446411
750 0.421064 108.711168467836 1.96213 0.754824209886417
751 0.428965 118.141780211981 1.962957 0.764138011734515
752 0.480314 104.654754109052 1.89122 0.730882967796812
753 0.490303 109.276315958437 1.855289 0.758233644211926
754 0.427472 113.729330833243 1.976823 0.779839748454518
755 0.403794 106.576111881875 1.964994 0.748601185554898
756 0.489147 116.071328257866 1.814384 0.75064344636315
757 0.506797 110.814589389025 1.826813 0.689945452649658
758 0.28687 113.695454886942 2.132166 0.790072603409813
759 0.289048 120.327446520165 2.152067 0.831037784075611
760 0.452418 102.225890724262 1.908367 0.737487323040456
761 0.503979 113.784983038618 1.835109 0.770887349664067
762 0.378498 120.279274361501 2.063903 0.806879850691034
763 0.342611 115.479634944857 2.083964 0.762183929454997
764 0.303128 123.496844159941 2.145644 0.817899215212717
765 0.512755 106.017406445143 1.821726 0.770937308109657
766 0.429985 108.619704014545 1.945049 0.777838667425431
767 0.229251 121.745708992939 2.203952 0.821792367997461
768 0.350069 121.738994897298 2.087208 0.777511764715715
769 0.312176 117.517177799115 2.136413 0.804186550382714
770 0.362001 128.495639091762 2.083543 0.790279881269059
771 0.482617 120.782482736229 1.909447 0.781813470800939
772 0.473329 115.016822318085 1.916685 0.76452982764094
773 0.456079 107.074060969007 1.894722 0.755770667406251
774 0.42518 105.109751031521 1.935377 0.733743683639772
775 0.581744 104.275100750087 1.64509 0.697686240338422
776 0.218731 128.777844340991 2.214968 0.822691697341014
777 0.436396 113.126981831873 1.937152 0.737662063641316
778 0.451018 112.105451054533 1.949245 0.737707105447321
779 0.386273 116.396808491533 2.05128 0.791477039605505
780 0.606764 105.94265659654 1.596281 0.715007618328976
781 0.341202 118.930402562348 2.099766 0.789156872740659
782 0.428321 113.728840193668 1.993602 0.77649480796212
783 0.305033 121.008470091844 2.121539 0.820173339207326
784 0.335885 114.073112546772 2.094401 0.776711840084229
785 0.391183 109.617351508611 1.987471 0.745819398558179
786 0.510588 111.218951210566 1.822596 0.754866784258491
787 0.365459 120.163965361444 2.043335 0.773459158287306
788 0.54663 109.971109859655 1.769809 0.723555973872548
789 0.480005 110.021151905795 1.826695 0.734634481285443
790 0.205192 126.958378925468 2.227712 0.824086703403145
791 0.485767 107.580799057808 1.850843 0.73198532665204
792 0.382474 112.878928741812 1.999488 0.729665251116724
793 0.492457 120.762680396951 1.883916 0.782952913781966
794 0.331454 118.953943687552 2.09564 0.78659650373812
795 0.518181 109.915707171611 1.820063 0.751364875782796
796 0.510019 113.235472957951 1.797537 0.716493664356214
797 0.49499 116.612814315475 1.847593 0.784296347483455
798 0.320947 106.674654694439 2.088056 0.769461407789339
799 0.391006 115.074299934341 2.006593 0.716999196821848
800 0.352438 127.869426787846 2.099971 0.810563359359376
801 0.569795 109.977464819221 1.702035 0.715715224574218
802 0.505421 111.013732202991 1.845433 0.713635625325519
803 0.428304 110.496488648734 1.979371 0.767298617440992
804 0.321489 122.991571776915 2.132187 0.799679575000921
805 0.731504 106.9502555204 1.185709 0.591007348920288
806 0.230528 128.976130859269 2.210148 0.800503605823929
807 0.535239 109.592275765772 1.757187 0.741894310841716
808 0.286634 115.637397863304 2.140743 0.780404162909872
809 0.368269 111.788504735663 2.068929 0.795677261311388
810 0.228496 122.901907851721 2.217091 0.818596444585804
811 0.43645 115.189000453962 1.974328 0.756664003023301
812 0.376468 124.280758335741 2.064653 0.814517038332999
813 0.370987 124.764994270586 2.081008 0.814032362057084
814 0.256476 116.848396630464 2.195732 0.801779679129043
815 0.313201 119.681245436747 2.118627 0.782903104171967
816 0.553964 119.402451095488 1.763379 0.762851477722017
817 0.690706 117.805536517534 1.382821 0.785385803129608
818 0.292278 120.724604669232 2.133798 0.789771958316362
819 0.505138 115.65802592992 1.854092 0.748986401660251
820 0.413723 120.726801644047 2.026203 0.814935040589727
821 0.203013 141.783363045491 2.238081 0.863622627959203
822 0.64646 108.835597897788 1.513195 0.689378470209804
823 0.493867 109.503282087201 1.864867 0.745870309004033
824 0.478253 115.387228413956 1.882961 0.779189704007083
825 0.39887 112.693706426543 2.010394 0.785770231221494
826 0.45568 108.738968459233 1.936498 0.759259821922109
827 0.332301 116.665783748687 2.063818 0.745946940172551
828 0.39022 123.914022988617 2.038525 0.784248853801261
829 0.424662 111.850403251775 1.961771 0.756221640928111
830 0.415886 118.028167946259 1.988617 0.78833353677389
831 0.299223 113.612464811855 2.139738 0.830169418188303
832 0.39306 114.200780633008 2.032779 0.774823339460945
833 0.40603 116.960115361826 1.986654 0.784295812282823
834 0.363337 128.845806733726 2.090831 0.790181327312661
835 0.370756 114.575249013943 2.036388 0.786342545033368
836 0.475806 107.741358947495 1.903504 0.71436563978425
837 0.41236 111.579812357588 1.991489 0.777811670770061
838 0.386059 126.008881963012 2.060448 0.816438253063213
839 0.359162 113.056609956442 1.987114 0.799314230133345
840 0.459079 108.430516694276 1.867669 0.76269180450262
841 0.439406 114.103016254512 1.954825 0.788743160925825
842 0.397591 117.45563196466 2.011971 0.766962430437449
843 0.43935 108.082278150483 1.946663 0.750040718365646
844 0.328383 116.052297104455 2.071116 0.786418929063678
845 0.466683 117.655354579426 1.918964 0.767368668093215
846 0.376723 113.289195954262 2.001379 0.767710173434336
847 0.472492 106.949354803834 1.872915 0.7458705624054
848 0.457013 121.188904023645 1.924909 0.767235700033905
849 0.471228 118.738695041354 1.896094 0.76234176466509
850 0.432648 115.45997629241 1.964574 0.805863708461905
851 0.404216 118.569925146691 1.992221 0.793850122263747
852 0.486183 119.620384079904 1.883067 0.738578414805669
853 0.358232 121.879826982515 2.092484 0.776292347170394
854 0.360596 113.638615754646 2.004222 0.784074935010235
855 0.194217 129.370914324624 2.239428 0.845064061074004
856 0.502539 116.603789667807 1.839833 0.757482994554193
857 0.38971 119.165456687902 2.047155 0.798085234119197
858 0.49494 117.342826886689 1.797936 0.771506694995908
859 0.553787 115.081960449676 1.74442 0.754334004540792
860 0.378525 118.893062256687 2.070901 0.774992992036073
861 0.269922 124.078178577077 2.184857 0.795694018900669
862 0.362618 117.2073196074 2.072223 0.790438914797337
863 0.377185 115.60474202719 1.972325 0.77085101531661
864 0.394181 117.6407805768 2.024576 0.776790511376286
865 0.436146 108.398150194234 1.962638 0.757570440867562
866 0.491449 113.550603472845 1.873204 0.737146199375737
867 0.396687 115.691755761796 1.951124 0.767569553397403
868 0.311235 127.582111136074 2.13181 0.810100274632162
869 0.506503 104.908392971118 1.835759 0.723428556720794
870 0.394119 111.563260664691 1.95356 0.75872833081819
871 0.530578 113.249461224896 1.816898 0.75797776438656
872 0.412199 110.725164965977 1.983134 0.761796833935353
873 0.597325 103.801378661641 1.673 0.731986380905338
874 0.431366 113.400513051146 1.974713 0.767614287173552
875 0.374952 117.044945235118 2.009254 0.802548412964322
876 0.397688 116.454024135429 2.029001 0.79594564359596
877 0.218947 123.434973555043 2.2144 0.798035007512869
878 0.425426 115.616406265685 1.97097 0.797882670858303
879 0.291807 123.038469000712 2.163904 0.786664284021623
880 0.565136 103.140383435213 1.701872 0.708888919201348
881 0.398485 121.869370832921 2.028276 0.773014268255019
882 0.456809 115.789397077155 1.920533 0.767679066100254
883 0.474794 118.077087195401 1.916831 0.771715138401608
884 0.457476 113.196550087921 1.903443 0.779219702530247
885 0.451188 119.80228836304 1.908211 0.798090268359236
886 0.429067 98.9751674368635 1.913744 0.747457277826562
887 0.391847 119.501627823375 2.017354 0.739086143501445
888 0.475759 113.512895436054 1.874717 0.727295833296903
889 0.356709 122.142241614844 2.088246 0.790979680715484
890 0.426015 102.930047486132 1.933683 0.73923482594739
891 0.282369 125.511480289356 2.172027 0.782144985360124
892 0.524146 116.365317579445 1.82541 0.796579017349309
893 0.473391 108.575070098654 1.876405 0.75770100750181
894 0.298437 120.121958272956 2.14509 0.804834828737091
895 0.42353 115.91831992742 1.92913 0.777751383493149
896 0.452767 112.335938371939 1.921512 0.806787097030787
897 0.365744 109.403755813394 2.013727 0.754079777930897
898 0.302148 111.013423698094 2.135056 0.780258296728488
899 0.417987 113.251671025115 1.955042 0.749356546654976
900 0.526004 112.782465846168 1.814829 0.738534459871511
901 0.501028 103.042298640207 1.843335 0.732138011851691
902 0.483717 102.061576409464 1.84795 0.76096549821947
903 0.4512 121.191489553294 1.918058 0.773330611891382
904 0.309378 121.305918422251 2.131816 0.807954674055772
905 0.551003 99.9192312206541 1.76968 0.751771263891538
906 0.321682 119.687235192637 2.105509 0.758656366306148
907 0.464118 112.460701215056 1.93275 0.721989845496121
908 0.444701 112.949945146654 1.90068 0.773318003550499
909 0.327457 118.226018028238 2.089064 0.759640432472855
910 0.327004 120.137671161547 2.080866 0.757661204958497
911 0.474207 122.76219538306 1.931377 0.795381623086525
912 0.194336 129.829696405442 2.238081 0.840195843088971
913 0.489612 109.950880854695 1.859176 0.745243410263077
914 0.451398 116.162734483057 1.91553 0.743972124404641
915 0.394194 121.896666780447 2.039596 0.774806331264823
916 0.504422 100.757147079113 1.817899 0.711432116878849
917 0.340553 115.474508763294 2.083438 0.792203999864148
918 0.51532 114.839105962536 1.841116 0.721760968493537
919 0.352464 116.851331483094 2.076551 0.785628640720202
920 0.35578 118.577816007714 2.054613 0.797903910026244
921 0.550406 107.750536227483 1.780418 0.703222106472067
922 0.423581 126.301809507978 1.96646 0.793745474705594
923 0.409791 119.273377324 2.000523 0.765824468154123
924 0.33656 120.422031849316 2.075878 0.778284466219774
925 0.561684 119.378126902957 1.748276 0.769141506069633
926 0.419687 118.246818978935 2.008415 0.776639647827942
927 0.391197 116.34098386208 2.048117 0.79469820046829
928 0.332537 121.442365478556 2.117083 0.779811204072722
929 0.537088 102.779923692712 1.731956 0.752786932931206
930 0.521337 114.224084909042 1.770532 0.746352064586072
931 0.363305 111.280462631578 2.078779 0.770867723267531
932 0.207393 119.508567451242 2.217902 0.832691288677002
933 0.260944 119.662275689567 2.18974 0.815585313492176
934 0.23078 116.671617763548 2.211779 0.799553628740374
935 0.456308 114.559937355884 1.925029 0.753603593800203
936 0.508277 124.249250516814 1.813988 0.815967966829195
937 0.546602 116.494571278443 1.73862 0.784058813417892
938 0.328764 120.599969402559 2.129225 0.795395500001453
939 0.533266 104.75433863597 1.782803 0.757754771362484
940 0.379154 112.40642532414 2.047019 0.787947460128082
941 0.420808 114.392159201303 1.987871 0.756764956855127
942 0.37913 116.332042110137 2.019902 0.789594299431377
943 0.458123 107.881316544306 1.899366 0.759596083479695
944 0.351821 114.585196801758 2.082924 0.779927869734055
945 0.331042 117.304961692657 2.112087 0.797887044311119
946 0.328423 125.175045020775 2.124265 0.790081721018602
947 0.424743 113.424982116838 1.979458 0.769983924233149
948 0.436466 120.315830786503 1.980332 0.754298980171436
949 0.493972 110.873627400637 1.856117 0.769972961289696
950 0.294148 123.249726278342 2.134459 0.814428778193353
951 0.413709 107.838057934649 1.983168 0.772477970445675
952 0.605575 102.180672265044 1.638724 0.659418210895317
953 0.553001 119.442970507701 1.775152 0.764533431469042
954 0.453566 114.81776521862 1.949523 0.757868960904777
955 0.222064 120.162751874513 2.224333 0.824924394179614
956 0.470772 120.084883879259 1.897343 0.793778235640295
957 0.347568 119.266655579213 2.096592 0.782379218563115
958 0.479472 113.087662925366 1.897792 0.756509328356237
959 0.35448 123.171944180664 2.095691 0.789580153392597
960 0.46868 114.558441552636 1.88942 0.785102405165807
961 0.430929 110.997015719452 1.97696 0.743576962899129
962 0.352741 106.248184082282 2.088729 0.757957361400708
963 0.495692 110.473559121693 1.866113 0.729167112937576
964 0.3027 124.622950449722 2.125573 0.823620877011861
965 0.513845 112.012071295851 1.825639 0.733527062198197
966 0.424236 113.808497074953 1.991831 0.754709217709009
967 0.465383 124.765799566325 1.909841 0.81441575899006
968 0.380944 117.452096804947 2.000833 0.793169082424328
969 0.440132 124.598074391419 1.942249 0.768203406347875
970 0.392744 121.535524197468 2.034765 0.772390658610403
971 0.226849 126.503563776132 2.2132 0.811870306315885
972 0.380296 117.20419999171 2.050986 0.782058524291814
973 0.320291 114.195471839564 2.108767 0.799267453836155
974 0.539769 106.733196673954 1.760229 0.743924091332352
975 0.405189 112.456931594153 2.002374 0.762587852085614
976 0.407031 113.934567096388 2.004051 0.765653528038375
977 0.399454 112.429116487651 2.037022 0.776010350337371
978 0.219191 117.884345755844 2.184416 0.7846218236668
979 0.573239 123.102712601039 1.711885 0.794143970706224
980 0.512809 105.685275271917 1.781064 0.697409565731133
981 0.40577 119.153551128887 1.982912 0.761819286353132
982 0.627752 104.162686668247 1.560847 0.724851414497572
983 0.395206 125.556365006659 2.034262 0.795873005791902
984 0.494626 116.117162126299 1.883125 0.745959948540186
985 0.382837 119.262320441556 2.002267 0.770126397708234
986 0.635703 111.243527817007 1.513927 0.73843556702944
987 0.252698 116.117837545205 2.184996 0.81138859402369
988 0.524398 95.8401908999203 1.739008 0.710492969929118
989 0.592115 96.2657920978332 1.668421 0.722736144375496
990 0.365474 117.338005007663 2.033216 0.791622564526093
991 0.499876 118.706803191318 1.868026 0.766489697695242
992 0.516067 115.906279640577 1.834259 0.725059195052107
993 0.551954 107.956568840218 1.744063 0.751753223881983
994 0.486622 123.538991163319 1.89233 0.763349906766732
995 0.588975 109.601136284254 1.682763 0.740474711278017
996 0.467404 117.140156220423 1.926168 0.764487560389767
997 0.365968 128.283485608301 2.073325 0.793765852122861
998 0.515827 122.097122177638 1.832998 0.79785354735381
999 0.616481 104.606194511039 1.608475 0.693703672048933
1000 0.583424 100.949750521677 1.661198 0.724455449529988
