rep	aei_left	left_area	adi_left	H
1	0.322443	120.1337716	2.070233	0.806760326
2	0.312544	123.7474194	2.12003	0.816915547
3	0.425892	107.3874325	1.905693	0.788465614
4	0.413596	119.5053415	1.966571	0.787042623
5	0.409303	117.4194842	1.98769	0.821081951
6	0.436405	117.9183017	1.934737	0.762353964
7	0.527607	113.4898449	1.780156	0.770668554
8	0.341226	120.6022072	2.082755	0.804395003
9	0.560214	107.1891076	1.725117	0.769891022
10	0.38089	122.4716664	2.028344	0.827178666
11	0.582685	108.0334876	1.701279	0.750760568
12	0.31731	124.0297605	2.137905	0.806908104
13	0.326903	118.6109985	2.105556	0.819734048
14	0.417946	113.9612021	1.998655	0.796567014
15	0.325242	124.2800618	2.09826	0.830113727
16	0.305853	120.1231593	2.108644	0.806821207
17	0.308911	114.1342588	2.134293	0.799015808
18	0.451263	113.8614438	1.895138	0.791417609
19	0.287943	125.2349814	2.111482	0.811023006
20	0.535677	110.4470974	1.742766	0.748556681
21	0.310405	122.1653384	2.135294	0.825379219
22	0.429794	122.8800609	1.948009	0.785897636
23	0.298948	126.1829198	2.11331	0.81591985
24	0.329152	124.8518789	2.114564	0.8546598
25	0.336502	115.8449864	2.097731	0.814758761
26	0.373237	111.3338492	1.990089	0.785879806
27	0.336951	120.9195469	2.033863	0.817298905
28	0.210354	128.2732881	2.19013	0.826841223
29	0.446289	125.4240143	1.921686	0.817459057
30	0.34072	121.3764619	2.089566	0.812287256
31	0.439965	118.0157994	1.953534	0.794026835
32	0.486617	109.3859034	1.840229	0.768314554
33	0.405448	121.7091027	2.013127	0.82226816
34	0.50261	118.4106257	1.84488	0.798436026
35	0.391598	117.3412141	2.018956	0.798419973
36	0.376954	115.2529251	1.996403	0.810190261
37	0.437962	120.0593806	1.963134	0.779026042
38	0.439428	111.9028455	1.942949	0.767881512
39	0.389209	121.5178421	2.007541	0.816540306
40	0.324962	122.1344791	2.081696	0.822731206
41	0.46013	116.7248589	1.884954	0.798833815
42	0.357466	121.2314753	2.056025	0.829633843
43	0.304253	124.7980829	2.139141	0.81769252
44	0.35018	123.6058272	2.055433	0.805818162
45	0.367646	120.9550602	2.05529	0.790906004
46	0.360541	124.2930563	2.055556	0.827218722
47	0.282048	127.8094185	2.167007	0.836722841
48	0.419542	116.3889271	1.950504	0.792352215
49	0.412733	113.4774542	1.942115	0.798966089
50	0.517883	117.8907187	1.838559	0.809272441
51	0.293433	120.1647322	2.14975	0.822604465
52	0.426816	122.6184169	1.989012	0.796231464
53	0.340548	121.2302181	2.090727	0.811171195
54	0.440876	120.928257	1.951205	0.798588727
55	0.328233	118.2215029	2.078414	0.789794255
56	0.474362	114.3232401	1.833783	0.779063944
57	0.358705	121.2798608	2.063223	0.819101563
58	0.422551	120.5860886	1.990196	0.801401738
59	0.372386	116.1331146	2.019913	0.772736538
60	0.222406	127.1367362	2.211263	0.847750599
61	0.417395	115.1226307	1.927237	0.763785418
62	0.37052	115.5207449	1.973906	0.798011826
63	0.445538	118.5875251	1.898801	0.795217473
64	0.466754	117.051303	1.887574	0.775477665
65	0.418231	121.1822149	2.001816	0.787809118
66	0.387091	119.0939279	2.020463	0.812385686
67	0.393424	114.8792974	2.02575	0.803792817
68	0.350225	127.4967866	2.100256	0.838482776
69	0.398329	123.0241927	1.975388	0.804582344
70	0.387325	118.1196252	2.008224	0.795074631
71	0.275025	128.8632272	2.178558	0.830538525
72	0.451683	119.1888831	1.908772	0.810155092
73	0.411249	118.1685959	1.971576	0.791955851
74	0.263366	122.0673706	2.167123	0.832617233
75	0.333786	123.7662496	2.05548	0.82412556
76	0.275336	125.7347458	2.174512	0.812861926
77	0.404879	112.0212539	1.953876	0.785391932
78	0.439377	119.5064172	1.980708	0.773422928
79	0.394962	115.8436652	2.00887	0.765638305
80	0.492087	118.3687607	1.873475	0.763637489
81	0.407859	117.3862269	2.005494	0.812106297
82	0.366044	123.6710822	2.063627	0.81766345
83	0.335938	110.7544892	2.079579	0.800158454
84	0.352293	121.4912429	2.055737	0.821679633
85	0.458115	120.2727412	1.946284	0.783212791
86	0.43325	116.4983332	1.950541	0.782738541
87	0.397573	123.3561412	2.0154	0.814799286
88	0.406286	117.4096352	1.976279	0.771343301
89	0.383506	116.6585512	2.002805	0.785050951
90	0.463054	121.2029042	1.93347	0.796931763
91	0.459451	120.0567875	1.934738	0.790267667
92	0.422517	117.1053235	1.964265	0.764625036
93	0.388157	119.1407517	2.030878	0.790539576
94	0.423309	120.8473932	1.974739	0.808174505
95	0.427419	118.6550327	1.939712	0.79041505
96	0.434343	115.7079187	1.970007	0.766395901
97	0.489613	117.9130708	1.860888	0.799135024
98	0.459619	111.1157994	1.908655	0.763164983
99	0.352039	118.8445993	2.055179	0.788329243
100	0.38362	115.3521553	2.018981	0.784788786
101	0.402652	119.8912736	2.001094	0.811610051
102	0.433277	115.2285736	1.952132	0.773120408
103	0.443878	116.0997626	1.922976	0.798322707
104	0.315678	128.6947513	2.116605	0.843879832
105	0.423027	121.1857848	1.970126	0.800721067
106	0.473228	114.9997285	1.882296	0.780183497
107	0.313661	120.9124437	2.124005	0.824345374
108	0.43792	110.4155103	1.873565	0.779550499
109	0.352085	118.5358728	2.049391	0.81414784
110	0.449029	116.5066908	1.895296	0.791944955
111	0.367277	122.1124772	2.080118	0.815719908
112	0.407255	123.1418635	2.012663	0.777225027
113	0.500233	115.7111453	1.855318	0.77938662
114	0.399421	118.5969246	2.011583	0.810112456
115	0.47318	114.0994893	1.861514	0.780469187
116	0.536608	122.4860409	1.798616	0.777419274
117	0.430421	109.0155477	1.906688	0.786630152
118	0.466896	104.8312063	1.837075	0.760191388
119	0.378236	110.5982912	1.958517	0.783739314
120	0.570201	115.0690951	1.709557	0.753892885
121	0.316628	126.7418614	2.103136	0.835807717
122	0.402535	111.1179605	1.97549	0.779868036
123	0.382264	116.3411118	2.001993	0.798644234
124	0.37602	124.435498	2.061978	0.801898738
125	0.520561	113.5242208	1.820442	0.76664086
126	0.284743	121.8281481	2.148503	0.823514413
127	0.426564	121.7298589	1.96502	0.787105687
128	0.405736	113.5524081	1.962597	0.800652661
129	0.462898	118.4188545	1.875028	0.795867432
130	0.395936	121.6813202	1.978206	0.824835006
131	0.443588	116.0663183	1.972649	0.795295514
132	0.381883	118.2089462	2.041568	0.786257281
133	0.46281	118.2190628	1.862684	0.8090885
134	0.347817	122.2353584	2.072134	0.804353847
135	0.458149	111.7229358	1.895984	0.789382493
136	0.383152	118.0485033	2.052113	0.812794851
137	0.438102	117.0104699	1.912755	0.80287297
138	0.329399	118.3506875	2.09017	0.820599912
139	0.415369	123.7119165	1.992373	0.817767774
140	0.324315	118.7271838	2.104094	0.782963403
141	0.353488	118.0055825	2.059306	0.815908273
142	0.316389	129.7768759	2.115469	0.818329656
143	0.425555	114.7989959	1.934661	0.795904214
144	0.427758	119.5343162	1.967051	0.774025296
145	0.371538	113.104983	2.024229	0.803945177
146	0.341733	124.2664165	2.086505	0.815422886
147	0.417779	113.2152077	1.960724	0.782712126
148	0.334174	120.6386654	2.091959	0.769421704
149	0.365398	125.8108022	2.073337	0.811135155
150	0.438171	118.9068979	1.947535	0.799706544
151	0.503032	119.5104573	1.811261	0.796083185
152	0.471007	102.5168169	1.885909	0.747228657
153	0.42273	117.078323	1.99313	0.807093566
154	0.441466	121.6224654	1.921094	0.825288171
155	0.501716	115.4915798	1.847524	0.78462384
156	0.273823	120.051252	2.160485	0.823044638
157	0.278983	115.7761922	2.159742	0.805291744
158	0.341511	116.5866234	2.072558	0.805976772
159	0.452499	118.9333468	1.917501	0.793658404
160	0.347381	123.0917193	2.078043	0.822236515
161	0.361753	116.3553321	2.012003	0.786920936
162	0.332562	120.527545	2.073249	0.820541272
163	0.290432	124.5560543	2.151482	0.817019198
164	0.48525	118.1140633	1.877618	0.80694227
165	0.418621	124.4464952	1.965479	0.798764583
166	0.346887	129.2862615	2.102308	0.827016509
167	0.430524	114.348636	1.953289	0.76468028
168	0.334311	126.4694917	2.09262	0.81529892
169	0.36958	112.8151368	2.026172	0.788246044
170	0.358267	120.6288332	2.078223	0.814712859
171	0.419592	115.6093929	1.975091	0.799027716
172	0.336875	122.7143445	2.079843	0.80195822
173	0.352122	119.6227296	2.064144	0.819358899
174	0.477021	120.8884304	1.904779	0.772294443
175	0.368189	118.3592824	2.03594	0.803481011
176	0.406578	121.2116558	1.987034	0.805757816
177	0.460926	119.7023592	1.850103	0.819260802
178	0.372623	116.5475979	2.025462	0.811488694
179	0.434275	119.9185019	1.943179	0.80710307
180	0.361656	123.9845961	2.059094	0.807572814
181	0.266679	123.2034732	2.161916	0.826011434
182	0.332908	118.1596195	2.090496	0.719681893
183	0.337844	119.2922861	2.101031	0.811738813
184	0.393553	116.3105933	1.999919	0.800964655
185	0.50722	113.6001645	1.84539	0.793655708
186	0.420198	118.5566253	1.963006	0.80797791
187	0.33425	118.3713864	2.079382	0.818210879
188	0.411098	111.9307143	1.945045	0.79014552
189	0.354829	121.2277628	2.082165	0.819264103
190	0.422887	118.5799859	1.968601	0.796510523
191	0.507235	111.3071475	1.803781	0.79181783
192	0.390787	118.2152242	1.998881	0.788882966
193	0.374162	129.7889485	2.036248	0.833899439
194	0.424007	119.9837746	1.965642	0.792473804
195	0.398654	121.6570279	2.008438	0.827002211
196	0.368338	118.0691716	1.989157	0.789395073
197	0.29591	121.9420023	2.134963	0.806308713
198	0.378368	117.6512298	1.999145	0.80538195
199	0.407066	116.3437327	1.97082	0.811824307
200	0.319184	121.2386132	2.111677	0.817458068
201	0.486183	117.9363197	1.877267	0.790794312
202	0.376693	120.3668435	2.067922	0.812581835
203	0.372112	123.9303248	2.05636	0.829415153
204	0.168998	128.2431098	2.242848	0.834939978
205	0.454142	125.4920868	1.910356	0.799672923
206	0.290804	128.7155368	2.146934	0.818094284
207	0.475613	119.6289245	1.909139	0.793530377
208	0.389114	111.9030936	2.009773	0.788300149
209	0.30152	119.5784063	2.138166	0.822396286
210	0.333172	121.1264968	2.065621	0.810112301
211	0.464471	118.2272778	1.885409	0.786821014
212	0.338337	118.2495439	2.099476	0.82849857
213	0.315977	120.3858123	2.092709	0.832639761
214	0.453927	111.026309	1.914505	0.771943902
215	0.388925	118.6857058	2.026884	0.81051368
216	0.401385	122.6459353	1.989424	0.798587666
217	0.371112	114.4242393	2.055079	0.784978574
218	0.451659	115.2805323	1.900201	0.810639554
219	0.358258	118.5365797	2.069608	0.806991344
220	0.269951	121.9944524	2.13334	0.805630468
221	0.383577	121.6701868	2.036563	0.787064982
222	0.413989	118.6527629	1.915983	0.809406389
223	0.417699	121.8215316	2.004632	0.818138536
224	0.413958	116.350413	1.951353	0.8078354
225	0.348516	125.4919087	2.079095	0.810526722
226	0.503058	122.501455	1.841201	0.786536876
227	0.374073	118.5480582	2.044781	0.828254026
228	0.398909	112.1759903	1.972665	0.789837329
229	0.40789	124.8889013	2.019667	0.81975188
230	0.508325	109.6139479	1.835775	0.770504877
231	0.450836	113.4148536	1.93608	0.78012949
232	0.427853	118.6253414	1.996017	0.772449398
233	0.397218	116.1496992	1.980495	0.774316427
234	0.433284	108.3444952	1.94713	0.784138819
235	0.438323	117.4563748	1.927251	0.748121506
236	0.409955	116.4839762	1.954071	0.798345366
237	0.474158	112.2812274	1.888845	0.75650983
238	0.40569	117.905407	2.020888	0.776020391
239	0.419787	109.6201288	1.944828	0.791283723
240	0.394857	113.9808469	1.972801	0.794529763
241	0.423543	111.3072417	1.939647	0.786111667
242	0.377988	123.9378441	2.049735	0.814168117
243	0.394102	133.5532005	1.9958	0.833300642
244	0.223088	127.7286587	2.214765	0.831929548
245	0.364962	121.0493776	2.031242	0.802784726
246	0.45967	123.4072551	1.916533	0.824979864
247	0.329354	126.0912897	2.122308	0.818288477
248	0.31501	121.4697378	2.120741	0.809791976
249	0.349917	124.9403975	2.089112	0.810324959
250	0.334847	116.7753671	2.070195	0.811091361
251	0.368288	120.2271673	2.036349	0.766000597
252	0.493727	119.028315	1.885009	0.79665827
253	0.525976	114.1737896	1.816556	0.749726471
254	0.34706	112.9759086	2.062447	0.805507601
255	0.391187	123.2085019	2.022149	0.825767793
256	0.316028	121.9978632	2.119806	0.834059466
257	0.270947	128.8478909	2.166065	0.841952166
258	0.320628	118.4877771	2.090925	0.806677605
259	0.307926	116.6764449	2.107939	0.806400968
260	0.25399	124.8577252	2.179004	0.836936489
261	0.38842	115.3819893	2.013629	0.796990047
262	0.415811	119.6276011	2.008595	0.786164616
263	0.354779	117.7470388	2.055568	0.809653894
264	0.472772	115.1271392	1.86918	0.785273066
265	0.452163	110.3880125	1.893547	0.78632942
266	0.345497	124.8406885	2.076765	0.814126452
267	0.470225	122.4516093	1.89954	0.810618631
268	0.323179	130.8564725	2.135625	0.849754665
269	0.41904	121.8979294	1.965307	0.821152442
270	0.407559	120.9888707	1.995847	0.826382811
271	0.327476	119.927969	2.096915	0.838692785
272	0.457418	117.5790897	1.885742	0.788476197
273	0.420266	119.9230304	1.9635	0.786628627
274	0.475493	119.2914009	1.880747	0.790735814
275	0.421412	115.3450708	1.93025	0.782481362
276	0.427856	119.5659569	1.941879	0.810611606
277	0.375108	118.5570671	1.999796	0.777921123
278	0.336989	120.0942714	2.102061	0.805556971
279	0.326995	118.5018048	2.074372	0.810881514
280	0.439379	116.3053552	1.913793	0.810563099
281	0.310174	116.4363341	2.085557	0.803232135
282	0.370746	120.1244219	2.041893	0.81066885
283	0.466721	106.2211443	1.880505	0.788124991
284	0.425617	113.4133146	1.944704	0.795100092
285	0.423477	120.3577951	1.9267	0.801367529
286	0.276623	122.8472309	2.161386	0.823257681
287	0.384853	118.3452533	1.995244	0.793488448
288	0.433112	124.2054622	1.977506	0.818311904
289	0.395233	115.347055	1.970636	0.796443091
290	0.433068	115.0059744	1.967697	0.783390227
291	0.455067	117.8055912	1.931362	0.80100788
292	0.235565	132.4753615	2.207364	0.830296663
293	0.460306	114.3678344	1.915968	0.790442135
294	0.248312	126.6625977	2.19092	0.83528443
295	0.444601	113.8218813	1.937903	0.795403787
296	0.368028	120.7599684	2.061969	0.806585979
297	0.376005	109.9515696	2.001206	0.770229612
298	0.365254	119.394531	2.016682	0.790970613
299	0.357348	121.5968197	2.028906	0.797813229
300	0.436722	111.9774697	1.951594	0.812561603
301	0.366852	116.8811411	2.054074	0.800107482
302	0.351606	120.7961864	2.105895	0.837004569
303	0.406704	114.7767087	1.978865	0.799241172
304	0.299873	119.5186121	2.104307	0.81063117
305	0.490731	112.4379227	1.830866	0.777636623
306	0.354324	120.6050892	2.06538	0.817455613
307	0.353418	121.4977179	2.067619	0.817514027
308	0.213826	125.208817	2.200295	0.834667435
309	0.517758	109.2392343	1.785638	0.772818739
310	0.38344	123.6122404	2.037152	0.805347387
311	0.423831	110.7903686	1.941319	0.794693056
312	0.357384	118.8761643	2.085344	0.769332564
313	0.341966	123.4949298	2.09745	0.811605895
314	0.190078	130.8419364	2.240359	0.860717092
315	0.416043	115.4812504	1.949556	0.817393862
316	0.237806	128.7079513	2.200413	0.837085811
317	0.259101	124.8233767	2.177821	0.834320004
318	0.441937	117.6841011	1.903734	0.770019075
319	0.449018	116.0395587	1.937672	0.775676487
320	0.336813	116.4015225	2.078188	0.784649171
321	0.357217	122.0671816	2.035414	0.835127476
322	0.242722	127.7234341	2.202985	0.84544316
323	0.38778	114.7844569	1.996826	0.791721697
324	0.46554	119.0900235	1.890196	0.779374227
325	0.386209	121.6747796	1.995686	0.815806683
326	0.466718	114.1036927	1.918478	0.780642927
327	0.260339	125.3793961	2.177964	0.841977566
328	0.36546	116.5960446	2.037813	0.789867833
329	0.314914	125.7580853	2.141453	0.814460105
330	0.424135	115.371143	1.984972	0.790090708
331	0.252642	121.1196396	2.196072	0.836319633
332	0.351002	123.0427564	2.020871	0.775635038
333	0.360964	126.6486514	2.04645	0.820651997
334	0.274155	121.8573102	2.150281	0.817914918
335	0.210775	129.2468984	2.217227	0.845847709
336	0.311194	119.2403949	2.120131	0.802054644
337	0.440149	110.41726	1.900157	0.767733879
338	0.417462	117.1739798	1.965645	0.780488382
339	0.236806	124.756699	2.192221	0.829869095
340	0.387483	120.6186946	2.019969	0.816743787
341	0.50332	105.6227904	1.837445	0.766421563
342	0.499571	113.7746836	1.872545	0.761134788
343	0.393089	123.9314987	1.987844	0.811778836
344	0.485599	116.4072484	1.886996	0.74530836
345	0.404982	116.5421432	1.947074	0.80004074
346	0.447662	124.6821468	1.968263	0.801656542
347	0.498111	108.5001178	1.818367	0.765937164
348	0.345546	125.8730039	2.069365	0.796521329
349	0.472822	117.6074393	1.920237	0.797708318
350	0.456664	111.7567474	1.890037	0.765121986
351	0.392444	113.6564783	1.993239	0.7761669
352	0.389388	118.4700181	2.009542	0.816186512
353	0.425687	117.3836409	2.000604	0.816341201
354	0.46561	112.5797185	1.881602	0.794292577
355	0.439533	114.843769	1.919905	0.787232994
356	0.361777	123.5121275	2.016303	0.819154572
357	0.352587	124.8860461	2.087134	0.820644211
358	0.317443	123.4598423	2.103479	0.818094024
359	0.382219	113.9769282	1.982112	0.807413749
360	0.38616	119.0949772	2.024326	0.816275447
361	0.400735	120.331733	2.024663	0.798400856
362	0.375569	123.0751749	2.042527	0.804988679
363	0.263674	130.8026608	2.189591	0.849479423
364	0.368923	124.7909951	2.031247	0.838331241
365	0.253434	122.9164147	2.177117	0.820814723
366	0.420767	107.7799566	1.904729	0.795699102
367	0.485935	117.885503	1.85546	0.805849545
368	0.398634	117.2325175	1.97776	0.806862342
369	0.451548	117.0404141	1.908434	0.798689388
370	0.307813	119.5202372	2.115677	0.801845033
371	0.4687	118.8017528	1.867507	0.801594187
372	0.436364	119.9441861	1.93751	0.791497499
373	0.425877	117.4443983	1.999676	0.778055861
374	0.390576	124.3076192	2.036196	0.81239059
375	0.343769	123.5342476	2.094011	0.8251569
376	0.42904	119.9063455	1.975688	0.795534385
377	0.368159	117.8910703	2.034744	0.804609166
378	0.441102	117.0559188	1.926687	0.80336228
379	0.54441	107.786745	1.77225	0.767685187
380	0.441395	120.4906166	1.957675	0.811340227
381	0.385613	119.3174525	2.03079	0.819857599
382	0.440997	112.5359504	1.943719	0.78825554
383	0.384671	109.4449619	2.005404	0.791090449
384	0.480891	111.4067206	1.847752	0.743210144
385	0.458794	120.3885619	1.869828	0.818914284
386	0.368577	118.2545461	2.01671	0.805815597
387	0.462494	119.746546	1.893056	0.787239805
388	0.259463	124.3317613	2.177404	0.841673676
389	0.342062	124.8684681	2.089891	0.823095297
390	0.297727	120.1583516	2.121846	0.838751142
391	0.357056	121.3665604	2.083171	0.821572145
392	0.435347	122.9469676	1.937141	0.793569198
393	0.335768	117.3678603	2.063817	0.817469828
394	0.37733	116.6877197	2.039444	0.816437586
395	0.48287	116.351548	1.874268	0.796265972
396	0.391153	114.4141772	2.011723	0.798078868
397	0.425012	115.8090963	1.955001	0.804612241
398	0.470045	115.9806412	1.872154	0.783937215
399	0.307278	124.7790302	2.148963	0.831340345
400	0.403206	114.2540266	2.019137	0.760754054
401	0.302488	120.0188141	2.124332	0.827140294
402	0.374672	118.9077659	2.017797	0.832470019
403	0.444723	116.6656901	1.933261	0.777611832
404	0.339145	122.1304325	2.085068	0.806449551
405	0.438031	115.3888201	1.939323	0.795821883
406	0.318407	127.5217018	2.121017	0.836272223
407	0.325759	117.7650842	2.033664	0.809094289
408	0.375923	116.743138	1.998376	0.808238982
409	0.505972	118.5100896	1.84748	0.788114045
410	0.462745	112.9566098	1.896547	0.800431407
411	0.297274	117.7451591	2.073221	0.797062512
412	0.409105	122.2294688	2.009612	0.802923255
413	0.273953	120.2452569	2.171276	0.820049987
414	0.441362	120.0970306	1.969009	0.806995566
415	0.373823	113.4389153	2.027037	0.804053142
416	0.50646	111.6633295	1.839358	0.749845914
417	0.406209	120.5867657	2.030133	0.809477146
418	0.322292	126.2578473	2.112907	0.823057487
419	0.413789	118.2189243	1.967351	0.804234321
420	0.345347	113.8353259	2.062858	0.81358706
421	0.341979	121.8120211	2.103641	0.801695216
422	0.388159	122.7063905	1.978294	0.769815282
423	0.374996	119.7286877	2.012249	0.814759946
424	0.324112	119.374358	2.075286	0.797395829
425	0.300004	121.0461658	2.142513	0.830319229
426	0.309859	127.760258	2.115771	0.81839364
427	0.366315	120.5591508	2.04723	0.797350006
428	0.399043	119.6254997	1.989644	0.807192243
429	0.441163	127.8658859	1.977755	0.814482424
430	0.364272	117.6975514	2.025313	0.818221582
431	0.460069	117.7897886	1.908701	0.797155066
432	0.493403	109.3353663	1.859722	0.764795898
433	0.396108	115.5022131	1.972569	0.802628547
434	0.403708	121.8541946	2.029289	0.792128227
435	0.470962	115.6821192	1.890232	0.77179395
436	0.406363	123.5206759	2.004416	0.789305151
437	0.48719	111.2143553	1.861977	0.779145039
438	0.378408	124.1316926	2.010386	0.816035105
439	0.409009	117.3718789	2.004455	0.78418805
440	0.415145	118.6875684	1.983154	0.775241392
441	0.376428	120.8109569	2.036941	0.815356647
442	0.426503	123.6789023	1.936229	0.829168633
443	0.37031	114.3198126	2.013504	0.790456269
444	0.442915	124.6004725	1.97407	0.808820978
445	0.45648	117.8763803	1.87261	0.787273166
446	0.287954	123.0702528	2.114464	0.822672241
447	0.350719	117.6463519	2.069754	0.77752441
448	0.367766	119.9083629	2.02667	0.811673421
449	0.367121	115.5953173	2.051344	0.820393395
450	0.49069	112.0514495	1.846796	0.773176738
451	0.496989	120.9048394	1.840842	0.778010382
452	0.471647	114.266641	1.896834	0.812325921
453	0.336996	116.5320777	2.059761	0.805287339
454	0.306129	125.3728337	2.115625	0.818041153
455	0.253658	122.6660148	2.168324	0.823075857
456	0.359901	121.8327304	2.037459	0.79280569
457	0.275786	114.4547544	2.150007	0.810028914
458	0.410488	124.1424251	1.9796	0.823692815
459	0.408496	116.3708101	1.96049	0.817634967
460	0.409299	111.437121	1.967691	0.796747754
461	0.307947	125.2602834	2.121825	0.840413647
462	0.317035	122.2727371	2.084748	0.826236719
463	0.433476	133.4691485	1.974777	0.826968617
464	0.381461	119.4605176	2.010203	0.82109088
465	0.295192	122.9199119	2.098169	0.81280212
466	0.39026	114.8982512	2.004457	0.78332192
467	0.403316	113.3062381	2.009953	0.80270979
468	0.481013	109.8441169	1.838023	0.768696286
469	0.478406	107.6989859	1.874419	0.778630141
470	0.442059	120.5211284	1.915876	0.798749722
471	0.382182	117.6630604	2.029613	0.8010519
472	0.409471	120.0766419	1.978577	0.803191375
473	0.370622	126.0437686	2.069548	0.837764449
474	0.412219	120.7957741	1.971879	0.814659378
475	0.456525	113.1491722	1.901291	0.795615284
476	0.283102	127.2276618	2.170054	0.840576733
477	0.241955	117.4255947	2.158102	0.825248185
478	0.441201	116.4542739	1.968651	0.775041017
479	0.464178	112.1408759	1.901675	0.779323531
480	0.425449	118.5612457	1.951798	0.811077161
481	0.418379	121.4000418	1.995808	0.83973605
482	0.332436	115.794396	2.072272	0.81012143
483	0.421	122.4152799	1.98321	0.81794569
484	0.295018	124.5717533	2.146632	0.8386719
485	0.368203	118.6452262	2.04077	0.821288837
486	0.296519	125.309714	2.137269	0.833911647
487	0.293594	121.07962	2.13356	0.817463386
488	0.255131	124.7127769	2.155918	0.829938001
489	0.468638	117.0285964	1.894919	0.828897975
490	0.525886	114.0472338	1.78264	0.7984959
491	0.452264	114.8201158	1.920735	0.788405262
492	0.366787	122.5205878	2.041628	0.834080647
493	0.307101	113.9055838	2.053396	0.788911653
494	0.443726	117.5497604	1.884174	0.795135745
495	0.273952	129.3148403	2.166486	0.846678307
496	0.39246	112.4677099	2.018291	0.77800937
497	0.427838	120.075067	1.970246	0.787649533
498	0.455746	118.8085595	1.927418	0.783590102
499	0.451632	117.3412634	1.906267	0.792555093
500	0.443468	115.7956419	1.85761	0.806788084
501	0.418689	117.9797175	1.961407	0.798480178
502	0.337262	125.1135342	2.097815	0.824331128
503	0.391038	117.5167669	1.990289	0.799948759
504	0.380873	121.0635422	2.020334	0.823385037
505	0.264632	121.4229926	2.169008	0.835925743
506	0.393238	111.8301085	2.001569	0.782730953
507	0.328936	126.0344203	2.128154	0.819930992
508	0.405201	121.0415699	1.976962	0.813648265
509	0.450798	104.4282017	1.896371	0.809191036
510	0.345295	120.71858	2.096714	0.810413081
511	0.375183	122.7731562	2.016216	0.824692229
512	0.364685	125.8700669	2.074268	0.816844416
513	0.285692	117.7823171	2.118739	0.822061918
514	0.515543	120.7566566	1.837215	0.800865104
515	0.38302	117.6018429	2.026397	0.780408511
516	0.47709	112.5452782	1.861624	0.791110015
517	0.414186	115.7520644	1.953697	0.783881189
518	0.358572	122.3809148	2.065941	0.82707051
519	0.450492	124.0223974	1.92275	0.800399766
520	0.258539	122.9683491	2.165887	0.834292564
521	0.334649	118.9807148	2.08657	0.825625574
522	0.459118	111.2233756	1.888102	0.778217523
523	0.356642	117.3804716	2.036493	0.795267705
524	0.376584	126.5867884	2.066056	0.825250846
525	0.367007	119.4353566	2.007466	0.804443174
526	0.434606	118.4314321	1.945381	0.821828227
527	0.242279	122.2747828	2.157579	0.829832996
528	0.266446	125.4156724	2.180546	0.796224499
529	0.428087	111.9273717	1.93732	0.792757689
530	0.434954	113.1470935	1.91871	0.790602401
531	0.46972	109.467173	1.8453	0.773014654
532	0.307779	122.4650569	2.130016	0.816331687
533	0.235942	130.4559749	2.177769	0.838810465
534	0.434594	118.6183686	1.972082	0.790055584
535	0.403819	122.6184849	2.015629	0.804456682
536	0.376216	107.3691782	1.977459	0.775987903
537	0.42671	117.3053549	1.964511	0.809389315
538	0.333383	120.3192821	2.117089	0.798773106
539	0.383501	115.9994075	2.026509	0.779742411
540	0.501393	110.5148103	1.836768	0.733613895
541	0.460872	118.5733403	1.919761	0.801666742
542	0.366704	114.9070549	2.045224	0.796882364
543	0.502644	110.7943583	1.811982	0.773574961
544	0.445649	117.6829966	1.91155	0.763553014
545	0.31005	120.4343471	2.116161	0.812435451
546	0.346051	125.6170281	2.102037	0.814220896
547	0.356793	125.2153483	2.057723	0.836725501
548	0.393449	128.4264323	2.034953	0.827949624
549	0.44129	118.3323457	1.933231	0.777117826
550	0.45871	112.4952927	1.921898	0.781545634
551	0.226419	130.4002537	2.201529	0.846368319
552	0.425284	118.7490572	2.002287	0.807628953
553	0.353948	113.6283353	2.00268	0.803765579
554	0.415579	117.8399427	1.987725	0.802301373
555	0.425637	121.4831541	1.993392	0.805837086
556	0.40196	116.882224	2.011857	0.802236691
557	0.330304	119.3659227	2.103345	0.818190833
558	0.4182	115.8197718	1.95457	0.802997249
559	0.449514	112.8996337	1.925176	0.786373078
560	0.326003	126.1375206	2.114873	0.804083976
561	0.437175	115.8377027	1.916105	0.799002773
562	0.426908	111.7594295	1.947712	0.789644131
563	0.462307	115.0799156	1.869325	0.786863791
564	0.402297	110.4320506	1.964813	0.784305797
565	0.473691	112.2407704	1.899471	0.76473602
566	0.434542	119.9405601	1.975412	0.789122292
567	0.493575	110.9306316	1.862623	0.78017462
568	0.452227	116.5824388	1.933814	0.79015356
569	0.389953	118.6216818	2.034201	0.780988988
570	0.380535	119.9973678	2.041751	0.811716579
571	0.368228	119.3914767	2.059319	0.809617405
572	0.378372	121.5522902	2.023541	0.804832892
573	0.414256	116.7959374	1.981517	0.796129504
574	0.365868	117.2348432	2.063349	0.802630965
575	0.432203	114.5605501	1.977292	0.807333308
576	0.502555	116.6886821	1.858128	0.790916659
577	0.479123	122.0957136	1.88153	0.769058844
578	0.355123	122.674446	2.069877	0.821700214
579	0.445861	115.3645436	1.930744	0.769098362
580	0.348486	124.7201451	2.046938	0.816334488
581	0.32602	118.2525359	2.089676	0.814911092
582	0.399765	120.5299005	1.983173	0.819449965
583	0.277939	123.6487917	2.166889	0.824169762
584	0.318162	120.1381121	2.113607	0.822816299
585	0.390245	112.8743232	2.004908	0.800589552
586	0.398067	125.7494978	1.966888	0.821718114
587	0.412387	117.840813	1.943111	0.791875324
588	0.352578	116.6709337	2.056905	0.80086409
589	0.357301	119.4143691	2.034391	0.786407036
590	0.238708	123.6956596	2.203567	0.839930546
591	0.258519	127.7499215	2.181443	0.841559945
592	0.472498	119.1140179	1.887481	0.803191016
593	0.445692	117.2626036	1.950901	0.77523124
594	0.42588	112.8466783	1.951917	0.793879971
595	0.40996	118.3474046	1.994335	0.785073444
596	0.276807	123.7524665	2.168239	0.832717248
597	0.391061	118.1630309	2.013099	0.814178385
598	0.408858	116.3829541	1.951318	0.800387654
599	0.287381	116.2111186	2.114147	0.78418771
600	0.427086	115.9136817	1.952812	0.773559191
601	0.32559	123.9911919	2.120672	0.81947889
602	0.448209	125.0084806	1.950282	0.809135232
603	0.313907	116.2671065	2.091255	0.80129727
604	0.53419	116.7265934	1.8003	0.775240476
605	0.354785	118.6346142	2.065249	0.810981596
606	0.418615	117.9532636	1.953879	0.791507013
607	0.32164	126.2974004	2.139683	0.808429577
608	0.342801	118.7557003	2.055865	0.815671587
609	0.436408	117.5966584	1.935959	0.806811828
610	0.351365	112.122361	2.066886	0.798716129
611	0.437891	123.2136476	1.939336	0.819435246
612	0.344272	124.4797617	2.057133	0.801311701
613	0.314772	124.4688656	2.127337	0.854631774
614	0.35057	123.5921722	2.080614	0.829258773
615	0.439663	119.7795863	1.937995	0.804350705
616	0.440833	119.2936586	1.956384	0.81042086
617	0.493197	109.0720779	1.832416	0.789977183
618	0.47994	110.725787	1.877154	0.784369533
619	0.260327	122.9973715	2.18146	0.836905342
620	0.346864	125.8717477	2.108323	0.811309002
621	0.495576	115.5252454	1.873457	0.777360575
622	0.344618	120.8088903	2.097964	0.802420953
623	0.349292	113.2653824	2.065864	0.782630013
624	0.385743	117.749403	2.011644	0.806297027
625	0.328139	119.2504467	2.102694	0.808715308
626	0.484694	116.4271221	1.878839	0.800379521
627	0.177688	129.1887942	2.230835	0.83956905
628	0.474436	113.7512266	1.901495	0.786325259
629	0.350691	115.9647673	2.055801	0.80851316
630	0.26114	117.8928312	2.160153	0.812671825
631	0.339849	118.8160983	2.063226	0.763898849
632	0.3598	115.2267348	2.012085	0.798482047
633	0.459481	112.9409839	1.895228	0.790336018
634	0.52862	115.0222123	1.798506	0.774473237
635	0.454724	115.8364268	1.951982	0.795036067
636	0.350986	122.7676207	2.037207	0.818828132
637	0.353119	122.0351785	2.068822	0.793075513
638	0.394523	111.5317747	1.965074	0.773975831
639	0.375806	116.3254246	1.995251	0.808804021
640	0.346053	117.7034766	2.080399	0.802249645
641	0.304225	111.1235689	2.124142	0.796575017
642	0.296993	120.9202565	2.148552	0.805919608
643	0.38304	124.3966481	2.019864	0.832331959
644	0.46078	122.0350214	1.950197	0.817073346
645	0.42802	113.9282303	1.914768	0.777825813
646	0.279551	121.188027	2.148008	0.816008585
647	0.437596	122.2576103	1.979981	0.802195435
648	0.347069	112.7636331	2.047637	0.800892946
649	0.409978	113.9062901	1.952646	0.753750197
650	0.307487	122.8514534	2.12323	0.797101627
651	0.494888	116.649501	1.861742	0.787779684
652	0.388717	123.9582707	2.027552	0.80955733
653	0.395207	115.7600959	1.985627	0.796081542
654	0.390493	117.6290523	2.005604	0.799266166
655	0.437818	115.6844755	1.970629	0.791582924
656	0.446451	124.3833467	1.967141	0.802351559
657	0.403438	119.1160654	2.006465	0.787182966
658	0.40068	127.0555434	2.005011	0.815109841
659	0.283112	124.6485194	2.168052	0.840683814
660	0.244667	128.0263129	2.14559	0.8009807
661	0.406798	125.0547033	1.988395	0.823315138
662	0.484019	117.8415341	1.834437	0.773985229
663	0.398364	118.378896	2.006696	0.79842601
664	0.371849	123.2256551	2.073547	0.81167387
665	0.372611	120.9971311	2.061324	0.802766346
666	0.406322	118.4085442	2.020994	0.818296382
667	0.274157	121.9153022	2.112305	0.833767167
668	0.317604	120.4379147	2.107758	0.830610317
669	0.361399	117.1345306	2.047623	0.812260405
670	0.428579	116.1463263	1.960964	0.796627068
671	0.338808	129.4316073	2.097148	0.807695347
672	0.448166	112.8142191	1.937811	0.806389946
673	0.350103	118.5505624	2.044825	0.825301035
674	0.286955	121.4081706	2.137969	0.829679136
675	0.415096	112.5446421	1.950205	0.784515613
676	0.433281	111.7112266	1.937003	0.77400187
677	0.331068	120.8703694	2.055675	0.803210661
678	0.313692	123.4181538	2.100929	0.79923756
679	0.469233	118.2430682	1.907187	0.812437784
680	0.444895	114.3146946	1.926587	0.790253743
681	0.501963	111.4013044	1.835426	0.768487756
682	0.399322	115.4896164	2.006254	0.805394719
683	0.280935	116.8491886	2.14826	0.82413123
684	0.451679	119.703193	1.93289	0.780950504
685	0.476953	117.1777376	1.912312	0.772897412
686	0.40569	116.8298888	1.979368	0.799558445
687	0.274319	123.8655512	2.172617	0.82478235
688	0.382454	111.1279825	1.9962	0.759644025
689	0.437255	114.9000637	1.977415	0.788468677
690	0.354349	120.0281807	2.057358	0.80722444
691	0.389885	114.517117	2.022057	0.808661556
692	0.300646	124.6878153	2.147899	0.827225705
693	0.448751	119.6165659	1.940758	0.812533023
694	0.527107	111.3412706	1.763674	0.763922822
695	0.447285	113.4379601	1.945952	0.799174049
696	0.467638	117.268758	1.862274	0.78507235
697	0.336448	124.1823479	2.014965	0.825108428
698	0.456703	108.0457054	1.915319	0.767536169
699	0.41688	118.2022248	1.999573	0.790219023
700	0.437378	116.5174772	1.942217	0.783171254
701	0.41292	121.3140461	1.97409	0.808266398
702	0.378218	118.9125428	2.020796	0.797371976
703	0.324273	123.2185591	2.086891	0.818472648
704	0.391297	116.428215	2.016955	0.801772674
705	0.407599	119.2051742	1.96611	0.806378897
706	0.26224	124.3885898	2.17446	0.836217764
707	0.386288	116.4865029	2.035145	0.817779169
708	0.402543	114.6682101	1.954881	0.792778265
709	0.226164	126.8968201	2.220215	0.856251233
710	0.384139	115.9600631	2.045752	0.807850664
711	0.231106	123.837946	2.200178	0.834970262
712	0.389964	118.7321955	2.022865	0.790732551
713	0.30062	125.3786533	2.147691	0.843008051
714	0.412701	120.9299655	1.957956	0.78424271
715	0.317652	124.9715891	2.113307	0.814958823
716	0.390896	118.3814609	2.014042	0.812655829
717	0.336573	118.8046447	2.043866	0.820632958
718	0.3018	120.3450035	2.100466	0.825917639
719	0.348875	128.474844	2.069956	0.811234276
720	0.380991	113.3496144	2.004335	0.802871043
721	0.365839	120.9374458	2.053355	0.786003793
722	0.381737	114.5324303	2.005936	0.809183549
723	0.306834	118.2142581	2.096583	0.811147226
724	0.277338	122.238948	2.147517	0.817437216
725	0.401193	123.8445917	2.027454	0.810436054
726	0.404022	110.5180355	1.975442	0.77347464
727	0.346204	120.1876932	2.069469	0.80730306
728	0.461651	118.6026641	1.917553	0.791310056
729	0.275807	122.0014794	2.141432	0.820675002
730	0.428899	107.6869201	1.957257	0.760061932
731	0.413101	116.8268854	1.978901	0.786191018
732	0.404566	120.5169106	2.021709	0.787279984
733	0.396316	119.4307752	2.041021	0.833976429
734	0.4043	120.3751722	2.006198	0.816344385
735	0.430132	123.2764456	1.981054	0.807437591
736	0.471038	109.8026525	1.863412	0.765558316
737	0.416483	124.5746899	1.963623	0.826134672
738	0.332285	121.5806137	2.099233	0.825767467
739	0.308281	118.7266942	2.141027	0.82612056
740	0.371249	114.6968585	2.041425	0.828641583
741	0.186597	132.6210793	2.248149	0.84282348
742	0.379846	123.7990659	2.009271	0.815535545
743	0.381691	112.418299	2.008553	0.805961611
744	0.329087	122.1465974	2.107189	0.788426952
745	0.333234	117.7971336	2.095231	0.808509032
746	0.362161	116.0009637	2.049039	0.804160065
747	0.345884	120.4877196	2.07118	0.797714117
748	0.352295	127.3017009	2.069815	0.833302001
749	0.284633	125.0369121	2.147221	0.827206171
750	0.326047	128.4729846	2.1144	0.854056159
751	0.478632	116.090191	1.874055	0.773476255
752	0.33045	121.8003162	2.123529	0.822557362
753	0.525496	114.885137	1.780918	0.78697949
754	0.373535	120.7800095	2.047786	0.810704121
755	0.438257	112.3373617	1.9212	0.78805047
756	0.369783	115.0786035	2.04919	0.805332361
757	0.310126	123.0843261	2.129313	0.826728725
758	0.445405	118.7785167	1.956891	0.788756736
759	0.373474	120.8723362	2.044345	0.805142345
760	0.38031	122.3699474	2.041468	0.82025838
761	0.317643	115.5704193	2.077837	0.810770812
762	0.42698	117.8325173	1.954114	0.790399837
763	0.363763	115.2033194	2.021598	0.786501988
764	0.347053	113.9250172	2.06579	0.806674299
765	0.478304	114.2887872	1.844054	0.769588629
766	0.331032	124.7562441	2.093901	0.806812761
767	0.366827	114.4508875	2.024653	0.812018877
768	0.322861	123.7416437	2.110844	0.814636319
769	0.306566	124.5260502	2.104848	0.824067275
770	0.47072	120.7877655	1.869313	0.810835264
771	0.343327	112.1700229	2.044833	0.810421923
772	0.399552	119.471583	2.028013	0.804970075
773	0.524244	107.7618275	1.767983	0.76060177
774	0.436982	118.530603	1.95198	0.785187944
775	0.31359	123.6941912	2.068183	0.822237665
776	0.41214	116.7648433	2.0206	0.782300513
777	0.386682	115.4745319	1.999117	0.786816592
778	0.372422	118.4414416	2.034015	0.793301946
779	0.413137	119.3725419	2.004054	0.813727293
780	0.259673	124.9253082	2.1884	0.832360726
781	0.324852	121.3383254	2.102873	0.815578223
782	0.361695	129.7821197	2.068568	0.796141968
783	0.269161	123.1028864	2.164556	0.840269113
784	0.388282	117.5270297	2.003289	0.811806264
785	0.324768	123.0526362	2.113944	0.799500676
786	0.535903	118.9769158	1.803665	0.770220175
787	0.394895	111.5820541	1.955465	0.783755497
788	0.452574	110.6754064	1.873643	0.789755415
789	0.34697	126.9180078	2.084178	0.839751379
790	0.366255	112.8664955	2.064735	0.808600431
791	0.390695	117.0031448	1.998229	0.797812118
792	0.247202	128.1670666	2.186148	0.831801827
793	0.435706	119.3252165	1.957218	0.808798925
794	0.340886	122.8990233	2.061596	0.823951287
795	0.381669	118.363913	2.04793	0.797166674
796	0.394401	115.6852975	2.0231	0.801579353
797	0.497071	117.2404726	1.862435	0.774731216
798	0.421558	112.1313647	1.955535	0.806857244
799	0.304242	124.0816275	2.11586	0.817779173
800	0.339133	117.6652747	2.093512	0.795956903
801	0.546822	115.9357338	1.764169	0.769727203
802	0.441726	115.8254181	1.923298	0.813166808
803	0.292433	117.7407846	2.117043	0.804082911
804	0.408509	113.6819646	1.985468	0.676273127
805	0.49718	117.5537405	1.839696	0.805459104
806	0.227615	117.1262906	2.174195	0.81862477
807	0.419835	118.2136678	1.966551	0.792533163
808	0.445798	112.4982084	1.916115	0.784107563
809	0.435806	114.4350232	1.93977	0.757835458
810	0.415006	116.7591523	1.972565	0.804102915
811	0.216545	126.9973902	2.225699	0.843642206
812	0.314713	113.9167367	2.108407	0.807430226
813	0.460497	122.9606353	1.896042	0.784509269
814	0.430868	116.2314083	1.976702	0.821002875
815	0.458996	114.3413446	1.884444	0.794034998
816	0.265832	122.1831741	2.166486	0.814662944
817	0.367466	117.6433742	2.023413	0.805854836
818	0.482983	118.9412589	1.828529	0.798018541
819	0.422347	120.7392834	1.952627	0.778181537
820	0.474018	113.9174335	1.907647	0.78919021
821	0.307571	124.697459	2.139368	0.812241213
822	0.418681	110.055296	1.976053	0.79206523
823	0.431866	120.457329	1.987541	0.818699144
824	0.390266	113.4135608	2.01259	0.79062706
825	0.239276	126.8769002	2.207492	0.834897057
826	0.527742	118.162428	1.772855	0.767702238
827	0.448945	119.6341715	1.925926	0.806036478
828	0.316687	118.7579289	2.081758	0.804264346
829	0.327891	125.8503341	2.11192	0.8214062
830	0.414904	112.8753011	1.937857	0.792952292
831	0.398378	118.7951945	1.985617	0.808149897
832	0.445907	121.6466777	1.967499	0.814726361
833	0.431057	119.1317967	1.99148	0.793977886
834	0.38857	113.3056874	2.019651	0.776039534
835	0.239457	124.0871273	2.202717	0.833337009
836	0.418275	112.679073	1.969585	0.795199584
837	0.357154	123.3346259	2.050433	0.810368206
838	0.489791	111.5248498	1.833927	0.785833059
839	0.349918	124.5247053	2.090577	0.838240857
840	0.387826	116.0570837	2.040125	0.789678994
841	0.44287	123.9319547	1.947926	0.801755689
842	0.384326	120.7905974	2.036402	0.823058296
843	0.38881	120.3071126	1.997752	0.801337537
844	0.352622	120.1396404	2.046824	0.806297688
845	0.52523	110.3936695	1.790225	0.768637302
846	0.403796	115.3555014	1.982267	0.807291082
847	0.299023	125.1464832	2.147055	0.85558837
848	0.380006	121.2232918	1.994043	0.807352029
849	0.329944	121.3763925	2.074908	0.828610804
850	0.290335	122.6626959	2.14569	0.837864277
851	0.467466	118.6366706	1.889709	0.770677942
852	0.426937	119.8434178	2.000475	0.789399808
853	0.33221	121.6213598	2.106748	0.82966135
854	0.363107	120.4680831	2.062442	0.825405921
855	0.364398	123.0874399	2.060088	0.811760867
856	0.422062	112.9785851	1.909449	0.799532125
857	0.391195	115.3515461	1.988617	0.790376684
858	0.358926	121.8031316	2.078955	0.818195975
859	0.406994	122.1159907	1.99743	0.826718318
860	0.422232	110.3469155	1.956837	0.767961225
861	0.358017	114.4552313	2.058289	0.801120928
862	0.322282	117.5974419	2.042681	0.816941871
863	0.304676	120.5198393	2.094398	0.816671975
864	0.231127	124.5452651	2.192849	0.825447617
865	0.467073	110.6554354	1.871413	0.781481943
866	0.434345	115.3960709	1.973449	0.792835512
867	0.431247	116.389522	1.962125	0.784291271
868	0.398345	119.869853	1.990645	0.814334892
869	0.4758	118.0941483	1.890662	0.809623804
870	0.450044	118.4965095	1.949195	0.796481071
871	0.343087	118.8492822	2.074161	0.806317024
872	0.37794	114.2480247	2.031822	0.797027578
873	0.394474	124.6612147	2.010012	0.821900384
874	0.376649	123.5748902	2.043783	0.824031305
875	0.224589	129.7555273	2.218748	0.82734317
876	0.262949	124.9147323	2.16662	0.82423778
877	0.39684	114.0926859	1.993506	0.784415371
878	0.395967	118.1805534	2.001736	0.815006868
879	0.453381	116.3852637	1.868007	0.778645595
880	0.368232	118.8279405	2.071569	0.81353384
881	0.489021	115.3244132	1.861785	0.803057496
882	0.299279	121.7345089	2.152456	0.836149976
883	0.460168	112.3939157	1.864932	0.76200891
884	0.446377	119.2819471	1.936798	0.824227053
885	0.401669	119.191715	2.001308	0.805951159
886	0.449807	114.0723735	1.92349	0.773323019
887	0.409786	115.2118825	1.993525	0.780060117
888	0.400671	115.0621932	1.970634	0.798508036
889	0.275028	119.5273003	2.15916	0.813016426
890	0.37107	114.2131481	2.029593	0.806146587
891	0.289722	125.2049577	2.144403	0.852075732
892	0.460223	120.4893327	1.941803	0.783670071
893	0.493434	112.7956745	1.85369	0.789820839
894	0.386555	116.1800945	2.013652	0.799119534
895	0.415741	113.495613	1.971169	0.79092861
896	0.323233	118.889709	2.093904	0.82318044
897	0.447316	116.1019455	1.95139	0.789862478
898	0.352928	120.9272352	2.065853	0.822007998
899	0.443369	114.0271049	1.927593	0.757678342
900	0.446077	110.2286016	1.931384	0.781295587
901	0.440251	122.0944281	1.957953	0.806109547
902	0.437781	117.3216361	1.944356	0.788220233
903	0.492458	113.8027675	1.872829	0.775528496
904	0.408723	114.5892109	2.002887	0.777975729
905	0.463927	118.6973735	1.897375	0.790621857
906	0.331233	126.4844029	2.121751	0.81801059
907	0.38999	119.7207934	2.007635	0.798580409
908	0.402629	114.6682313	1.957856	0.801134949
909	0.388139	125.458838	2.042894	0.818782336
910	0.435583	116.8450384	1.977339	0.810232103
911	0.311289	117.4556625	2.054649	0.798666768
912	0.517801	116.4414988	1.838596	0.760335598
913	0.519949	111.2508419	1.80178	0.75218007
914	0.443793	108.2948301	1.932175	0.789523759
915	0.304786	123.9026304	2.14527	0.828671473
916	0.252241	124.2602262	2.188247	0.834686866
917	0.410783	113.2246866	1.992842	0.811263203
918	0.404267	114.208534	1.997612	0.81176797
919	0.423716	118.0199038	1.972762	0.825433177
920	0.395754	122.7350919	1.993983	0.815261497
921	0.382817	126.1932959	2.01812	0.786765105
922	0.331249	118.5210587	2.090918	0.801552244
923	0.341714	118.1996925	2.091665	0.815433299
924	0.301953	118.0144974	2.138791	0.814346917
925	0.398676	120.8556399	2.018135	0.810388295
926	0.39263	116.1392377	2.029375	0.801383397
927	0.364973	120.7484272	2.057357	0.81320747
928	0.301426	128.4131895	2.128334	0.809623127
929	0.502099	110.6404033	1.818837	0.772645923
930	0.477953	110.6199515	1.851324	0.761939245
931	0.424247	118.9908368	1.987385	0.800454579
932	0.496332	117.7278939	1.847222	0.788636273
933	0.458629	116.441401	1.928676	0.790414077
934	0.224414	129.633283	2.206444	0.844824405
935	0.414116	115.0931082	2.007046	0.784334092
936	0.320351	127.1705952	2.111145	0.825888575
937	0.279197	123.7124183	2.165604	0.833360693
938	0.455132	119.9930764	1.912695	0.802219881
939	0.369103	120.4446005	2.068723	0.805308845
940	0.38507	120.1554038	2.036093	0.816493811
941	0.193199	128.1211902	2.199532	0.828655261
942	0.420705	123.8325829	1.963847	0.828831233
943	0.398195	112.4978595	1.966636	0.781401922
944	0.40097	108.7059666	1.960011	0.793759288
945	0.442969	116.1368468	1.965879	0.792468361
946	0.287885	124.3612732	2.159143	0.825022371
947	0.430033	113.5034008	1.97026	0.777595387
948	0.342218	122.5399331	2.104352	0.819965816
949	0.397817	122.5713343	2.021796	0.813784278
950	0.17084	129.2328454	2.244692	0.836498429
951	0.397084	126.558085	2.029127	0.836267898
952	0.264596	127.1876386	2.159665	0.804187734
953	0.23606	124.5555736	2.182039	0.826856196
954	0.302212	121.819306	2.138343	0.830439237
955	0.409549	117.1685907	1.982211	0.803181594
956	0.370314	123.2902771	2.041036	0.792507824
957	0.37014	118.1005472	2.036385	0.806338459
958	0.256982	125.6291672	2.185382	0.83357647
959	0.357229	121.0879825	2.090502	0.815103035
960	0.347569	119.9190152	2.018599	0.792836399
961	0.46187	113.3439908	1.884113	0.751037764
962	0.410171	115.1346467	1.990365	0.794845258
963	0.363942	123.6986936	2.029248	0.824478898
964	0.466896	114.6265254	1.919416	0.786084061
965	0.440259	120.2802965	1.970314	0.791673412
966	0.416994	110.0123278	1.984212	0.785525308
967	0.370673	119.7911083	2.001771	0.822642108
968	0.386662	121.4138646	1.999581	0.818853648
969	0.451499	113.4344931	1.919619	0.794523151
970	0.518469	116.321744	1.81876	0.673957859
971	0.331277	122.9839692	2.107502	0.794203293
972	0.396087	123.523075	1.982278	0.769048825
973	0.35077	126.4923086	2.087882	0.810105084
974	0.469991	114.4524131	1.895694	0.774337398
975	0.435418	114.064398	1.933791	0.793507181
976	0.388645	114.9689233	2.03433	0.808338324
977	0.322	121.4896082	2.093823	0.825951816
978	0.384208	131.3678932	2.02962	0.821257442
979	0.472474	115.0208434	1.875539	0.814266665
980	0.396463	119.9671426	1.968613	0.813637461
981	0.405949	123.7583661	1.994159	0.823958946
982	0.340785	123.2398734	2.074428	0.821842963
983	0.32363	123.6675605	2.105217	0.831148398
984	0.298723	123.8848003	2.135957	0.823355143
985	0.483395	115.0831834	1.853617	0.800252639
986	0.232242	120.7755961	2.186759	0.81557275
987	0.256289	124.0729163	2.178378	0.840062793
988	0.484373	117.230212	1.873675	0.802686194
989	0.352914	125.30135	2.079518	0.822280962
990	0.344636	118.582073	2.095044	0.813191314
991	0.396458	117.7800972	1.99799	0.80005636
992	0.508817	118.9160635	1.830411	0.789895059
993	0.397352	116.1184905	1.983659	0.781647489
994	0.297673	118.8985546	2.120998	0.799481651
995	0.388938	119.4724283	1.974859	0.800380958
996	0.351913	124.0778099	2.080754	0.831263965
997	0.367409	114.4505328	2.075984	0.782390393
998	0.336245	120.6158501	2.086644	0.807829
999	0.368231	116.1924306	2.031501	0.790293861
1000	0.526583	108.6699157	1.783929	0.774997199