rep	aei_left	left_area	adi_left	H
1	0.363875	115.9845886	2.042627	0.81562964
2	0.381178	119.8178963	2.037852	0.802534874
3	0.362591	128.0300149	2.057774	0.841035351
4	0.296239	124.0015543	2.133516	0.84171193
5	0.400481	117.6594833	1.975443	0.812865689
6	0.532436	113.8790734	1.771297	0.776313483
7	0.339951	120.5725626	2.077718	0.809056089
8	0.244573	125.5833712	2.135613	0.839794918
9	0.367194	115.8473584	2.017286	0.815535282
10	0.366786	115.4929633	2.032299	0.811515583
11	0.298875	125.902915	2.132258	0.842498551
12	0.287966	123.0189319	2.129503	0.838749399
13	0.33581	121.6722667	2.080963	0.823728237
14	0.447966	114.9016392	1.892171	0.803777794
15	0.453774	116.5796463	1.931133	0.767846662
16	0.364444	119.6758122	2.030354	0.830188012
17	0.393794	112.1054113	1.983001	0.798732784
18	0.330061	120.6945028	2.094761	0.822480458
19	0.389866	124.0483025	2.044907	0.79585794
20	0.295399	120.3254551	2.126292	0.83246397
21	0.343472	119.312347	2.076701	0.833442166
22	0.247178	123.5755113	2.186831	0.846856966
23	0.503371	120.387341	1.832194	0.825753227
24	0.240865	129.3131483	2.168384	0.846885059
25	0.32696	118.4241087	2.086272	0.817844107
26	0.443399	117.0111781	1.93809	0.807223551
27	0.327289	120.3109561	2.096934	0.808949041
28	0.32431	118.7998665	2.094921	0.822228269
29	0.374597	114.6918578	2.013558	0.80717528
30	0.409469	115.0038433	1.94321	0.810469342
31	0.249214	123.1904949	2.190026	0.849247956
32	0.287199	122.2232384	2.145074	0.827188115
33	0.384532	119.7822353	2.000398	0.820073534
34	0.358729	122.5506541	2.051051	0.809734211
35	0.417773	118.4743248	1.948789	0.813943355
36	0.249559	118.9029754	2.145886	0.823681583
37	0.448947	114.946101	1.924573	0.81113306
38	0.42227	118.0273231	1.954186	0.820546474
39	0.3666	120.8272892	2.036584	0.812892238
40	0.289026	124.3679138	2.113684	0.846228488
41	0.386414	114.0211513	1.98548	0.818193389
42	0.339156	126.8395449	2.085177	0.846486921
43	0.465639	116.3341441	1.909546	0.786152097
44	0.43198	118.4003211	1.958833	0.803716033
45	0.339471	121.1756516	2.087994	0.829959044
46	0.368941	117.4224823	2.031016	0.821620574
47	0.336916	120.1419196	2.065271	0.837805446
48	0.314841	121.7078277	2.135979	0.82952352
49	0.35803	121.5726277	2.057913	0.829986255
50	0.224083	124.1173702	2.196286	0.847481884
51	0.326098	118.8362989	2.101866	0.820193769
52	0.316507	122.5501638	2.078276	0.846606771
53	0.310139	123.1776804	2.102882	0.827214424
54	0.354198	119.2550762	2.062995	0.815854627
55	0.39235	122.741644	2.007372	0.841597487
56	0.468845	116.4778912	1.907993	0.781457235
57	0.358688	122.1544971	2.048781	0.834599414
58	0.395644	119.8990815	1.982116	0.819659751
59	0.356766	122.3913967	2.076957	0.828913661
60	0.3426	116.6958192	2.056056	0.819722815
61	0.366908	119.9363537	2.020265	0.815476627
62	0.377194	125.615807	2.033412	0.847441589
63	0.308847	122.9290958	2.10477	0.834197763
64	0.427868	113.9095906	1.927569	0.795332325
65	0.283627	125.5202222	2.151016	0.844338886
66	0.253281	118.499526	2.173474	0.833280773
67	0.369025	115.7577593	2.021265	0.815845551
68	0.370369	126.4461559	2.034317	0.842762466
69	0.292772	117.5013365	2.121928	0.821565209
70	0.393824	115.0721883	2.005965	0.808679086
71	0.341656	124.5463506	2.044506	0.810034671
72	0.343782	119.9010116	2.072258	0.828155152
73	0.385422	115.4489573	1.990435	0.802290568
74	0.357366	119.1389344	2.037334	0.803617803
75	0.409676	122.722308	1.983792	0.809459955
76	0.319551	120.1012605	2.081758	0.804633151
77	0.349057	112.6909055	2.065278	0.810079526
78	0.367263	129.4512899	2.062579	0.837290659
79	0.231568	124.696293	2.189348	0.838330962
80	0.387117	120.5600334	1.988255	0.813708137
81	0.288833	120.0626271	2.132953	0.8310601
82	0.405071	117.8318489	1.967701	0.807031445
83	0.336712	122.0970392	2.071253	0.838048972
84	0.227899	129.6802403	2.204655	0.852766252
85	0.315555	122.8071056	2.117642	0.833054792
86	0.305855	118.172117	2.130429	0.818387739
87	0.305421	115.8454578	2.0862	0.8120318
88	0.35869	119.9694278	2.086439	0.801062101
89	0.345355	122.5606469	2.071131	0.81860821
90	0.341437	117.6368375	2.056459	0.820004259
91	0.389876	122.8718965	1.997788	0.830375894
92	0.360355	118.5554838	2.064516	0.807724406
93	0.39436	118.5156371	1.974218	0.782012863
94	0.329347	117.5706603	2.033963	0.801231206
95	0.37043	115.3083247	2.016486	0.816878667
96	0.283289	125.1948517	2.130474	0.844176504
97	0.358062	120.3053877	2.07618	0.816913804
98	0.283116	119.2941589	2.095953	0.832907296
99	0.324084	118.6113943	2.082981	0.82873359
100	0.369611	125.0131263	2.059958	0.825205491
101	0.323228	118.9778356	2.090665	0.818044158
102	0.372548	125.5090399	2.050426	0.827175612
103	0.469329	112.3617428	1.872478	0.803505882
104	0.32932	120.8662761	2.027347	0.82849007
105	0.257411	130.1167047	2.185316	0.85021552
106	0.370575	121.0918522	2.040901	0.820977123
107	0.33298	118.2185733	2.099679	0.812293778
108	0.365746	122.5395849	2.052935	0.825026815
109	0.320617	124.0026627	2.11637	0.82188611
110	0.41842	114.6848983	1.981418	0.794218052
111	0.288306	121.9228172	2.090777	0.835082956
112	0.340329	114.1290051	2.046695	0.818420675
113	0.309861	120.9560485	2.107262	0.829776504
114	0.250128	123.6983301	2.192269	0.854659532
115	0.348243	118.7660716	2.051113	0.795949366
116	0.380746	120.6270407	2.023579	0.82207442
117	0.329344	120.0874155	2.088162	0.818933214
118	0.41604	116.1307674	1.934013	0.812776747
119	0.273321	124.2352756	2.114476	0.828402258
120	0.414016	119.3015543	1.990872	0.815631635
121	0.451945	117.2824992	1.953668	0.823594092
122	0.39334	114.8015758	2.00413	0.815508101
123	0.351431	124.359381	2.086162	0.823302359
124	0.32974	121.2533676	2.098578	0.825502946
125	0.333839	121.0276135	2.037446	0.834814552
126	0.423297	119.1129977	1.966239	0.820504511
127	0.35906	118.3555729	2.026588	0.818912861
128	0.316039	123.1093094	2.102693	0.81997137
129	0.394335	115.3502166	1.978821	0.807847438
130	0.394865	116.0741948	1.998061	0.803746489
131	0.288892	120.6643846	2.139029	0.838281596
132	0.298053	126.0384008	2.134223	0.844230536
133	0.2428	123.5890113	2.186444	0.846313643
134	0.352685	117.5856734	2.059285	0.805948323
135	0.271358	120.941344	2.137083	0.83268805
136	0.336812	120.9034971	2.082335	0.820907683
137	0.405884	117.4965034	1.974385	0.814699044
138	0.324125	125.1163678	2.120924	0.844229672
139	0.440094	110.8306492	1.914964	0.8000148
140	0.408156	121.7420366	1.9647	0.794766674
141	0.265698	123.0641809	2.097768	0.834988495
142	0.416534	114.6640875	1.940139	0.788204188
143	0.374367	118.9542514	2.019918	0.806445385
144	0.408007	120.3177735	1.957039	0.814975976
145	0.393174	116.1199752	1.959811	0.814216145
146	0.378188	120.0705447	2.0102	0.816449071
147	0.372059	122.1754346	2.059231	0.830348022
148	0.457805	117.3174908	1.896624	0.784883906
149	0.20744	122.0337397	2.222039	0.846647124
150	0.210105	125.5548548	2.221729	0.861896002
151	0.246815	125.6872307	2.17842	0.849987493
152	0.37878	119.3764931	2.033541	0.832837827
153	0.384198	121.4461803	2.035738	0.787379905
154	0.348519	124.0866601	2.067185	0.820476613
155	0.381648	119.7565241	2.018937	0.82260439
156	0.261302	123.1425801	2.16286	0.839043487
157	0.353576	124.0084274	2.074376	0.806047666
158	0.343262	125.8312408	2.097237	0.835263168
159	0.307059	117.1956429	2.111164	0.821600025
160	0.330175	115.9128229	2.076959	0.820019718
161	0.304156	123.0333424	2.11633	0.834519288
162	0.278171	123.9118146	2.140656	0.83826162
163	0.277149	113.6416394	2.082017	0.818147627
164	0.39165	120.5099213	2.023344	0.821437925
165	0.359707	118.5820958	2.013656	0.825638311
166	0.331956	126.6475778	2.074378	0.842993378
167	0.346407	123.2275779	2.056283	0.84367364
168	0.415072	117.3461533	1.932121	0.813956191
169	0.336236	124.357882	2.084814	0.835941507
170	0.185989	127.0156693	2.241027	0.860743271
171	0.382581	117.9754935	2.027294	0.808768379
172	0.430053	117.0309537	1.9595	0.810247691
173	0.368902	120.8663409	2.019182	0.817914252
174	0.303362	123.0078409	2.113569	0.83885905
175	0.31908	121.6862878	2.098149	0.849093457
176	0.361264	121.3981423	2.032343	0.824173915
177	0.315642	123.4226541	2.101476	0.7983772
178	0.333941	126.1256666	2.082223	0.814068903
179	0.285506	121.1206262	2.140638	0.834700529
180	0.403744	120.438034	1.969574	0.811581243
181	0.376794	119.1100226	2.022765	0.807022942
182	0.161684	124.4565847	2.240777	0.851431277
183	0.340392	122.4323531	2.065868	0.833019445
184	0.37021	113.1227293	1.996248	0.806807685
185	0.354519	115.8437582	1.994089	0.819539766
186	0.353066	114.5376217	2.029585	0.805265812
187	0.263327	125.7246754	2.169391	0.859357157
188	0.344403	120.1316927	2.08372	0.830528693
189	0.330723	120.4655249	2.09633	0.839530723
190	0.297854	119.8834621	2.127075	0.833595814
191	0.42881	120.0936333	1.943396	0.798696842
192	0.405276	118.1939958	1.94977	0.808154503
193	0.317699	120.4829702	2.11611	0.839198648
194	0.31931	122.5694906	2.108927	0.838859617
195	0.295047	117.8166298	2.122041	0.827968506
196	0.312098	117.9541174	2.08098	0.835811488
197	0.385282	117.1154152	1.992937	0.824352136
198	0.364623	125.2118798	2.047698	0.841450081
199	0.396483	116.5534113	2.000078	0.810365578
200	0.358739	122.9728233	2.040868	0.82680056
201	0.408885	119.3670537	1.965596	0.812516265
202	0.360772	121.339258	2.021743	0.820483943
203	0.297576	120.3992937	2.121176	0.830975497
204	0.350225	124.7528031	2.022911	0.830006592
205	0.401393	119.5014913	1.998996	0.80932368
206	0.343398	125.5052986	2.072599	0.832244817
207	0.420859	114.2506028	1.938158	0.784857157
208	0.436094	116.2451002	1.920946	0.795252993
209	0.389657	117.0882214	1.986214	0.816678834
210	0.421164	121.8390846	1.934385	0.826443889
211	0.287981	119.6634593	2.086184	0.824678136
212	0.35227	117.2042771	2.057065	0.822034588
213	0.286729	123.0197856	2.15127	0.825241642
214	0.516375	111.7379251	1.808312	0.748070788
215	0.400758	118.1446252	1.972589	0.813335511
216	0.33647	123.4132805	2.060253	0.836738951
217	0.349355	122.0670981	2.086186	0.831030117
218	0.358961	119.7359205	2.075982	0.818855257
219	0.278365	126.0093607	2.149536	0.859247881
220	0.365692	117.1427076	2.02252	0.818687343
221	0.407182	120.2966085	1.98174	0.81773216
222	0.26469	127.1439054	2.166487	0.83984329
223	0.396331	115.655855	1.95971	0.782243461
224	0.38195	119.7774292	2.001242	0.832420322
225	0.422068	118.0629763	1.982006	0.811788257
226	0.399812	122.5270598	1.990876	0.817551092
227	0.28408	123.0706427	2.090632	0.831877445
228	0.287905	117.4013289	2.114951	0.826010231
229	0.23612	119.3069434	2.182077	0.837019533
230	0.36296	117.8644825	2.016405	0.815526774
231	0.318518	116.6509776	2.045601	0.824580606
232	0.397504	114.5004305	1.975183	0.79374955
233	0.320462	117.4108427	2.101901	0.821135289
234	0.371333	118.2305831	2.011046	0.828103905
235	0.43485	125.3405095	1.935153	0.829991386
236	0.262421	126.1579966	2.180704	0.854353664
237	0.395662	119.0462523	1.997487	0.802972348
238	0.259612	123.6172585	2.165145	0.827566027
239	0.353742	116.9522451	1.991886	0.813914658
240	0.368093	118.8485504	2.063961	0.812498367
241	0.381156	116.1796237	1.963189	0.817568244
242	0.386299	118.4157383	1.981108	0.813765018
243	0.483914	115.2073373	1.859368	0.795071241
244	0.456995	117.1466544	1.878544	0.805217428
245	0.290548	125.5156477	2.130346	0.832353015
246	0.225413	125.3966523	2.187898	0.841941529
247	0.284324	127.4441713	2.145503	0.843941334
248	0.335222	119.846698	2.070087	0.827581072
249	0.335534	125.038097	2.081059	0.838388436
250	0.248947	116.5750055	2.130421	0.825604706
251	0.324015	121.9824595	2.090513	0.83690577
252	0.462518	115.1348083	1.887184	0.80473477
253	0.343938	116.3478402	2.040613	0.805366197
254	0.320772	124.825453	2.091336	0.848227326
255	0.314619	116.6784472	2.100892	0.820361021
256	0.40935	114.5269617	1.981253	0.81171954
257	0.410322	116.9064126	1.982013	0.810829302
258	0.505437	107.2964582	1.794665	0.764087827
259	0.353561	119.8577512	2.05403	0.819931015
260	0.418472	114.3895575	1.949775	0.794575636
261	0.342539	118.1891837	2.050111	0.835228134
262	0.306132	119.6244824	2.104015	0.787637566
263	0.486409	117.2244102	1.832864	0.765246068
264	0.351017	114.7756818	2.033364	0.813435242
265	0.270534	124.0826093	2.167845	0.835024862
266	0.445723	121.6929278	1.894865	0.811643019
267	0.33731	118.4732919	2.066743	0.822945013
268	0.415629	118.3772229	1.953067	0.821908755
269	0.312344	118.0149284	2.100629	0.836870096
270	0.418298	116.3597591	1.943885	0.801087259
271	0.348517	116.9977143	2.058632	0.824121286
272	0.455757	114.321503	1.893327	0.801606947
273	0.436137	116.4528627	1.91277	0.806656097
274	0.310732	122.0189187	2.098964	0.839114544
275	0.300947	119.3431694	2.133245	0.838678814
276	0.31196	121.487373	2.105146	0.826641142
277	0.27065	127.0943494	2.156739	0.861859139
278	0.216301	116.6327355	2.194405	0.833894289
279	0.316996	121.558769	2.111214	0.82397008
280	0.332949	118.9680823	2.029557	0.821233031
281	0.310887	122.7215107	2.106539	0.830697784
282	0.356335	119.9302128	2.037276	0.813310109
283	0.409613	120.4042774	1.956816	0.821511805
284	0.267127	123.7236854	2.179917	0.838190847
285	0.269871	118.1833422	2.138602	0.841984742
286	0.245683	119.5397515	2.181972	0.828209691
287	0.359027	123.3739202	2.071935	0.824794656
288	0.374632	117.0666407	2.012867	0.78587928
289	0.422315	113.8632796	1.913155	0.808604109
290	0.405773	122.6190422	2.00484	0.827993156
291	0.416545	117.2888577	1.978679	0.808842334
292	0.396964	121.9925593	1.99365	0.828225792
293	0.358907	116.2828852	2.026764	0.796910824
294	0.418535	126.8115976	1.976236	0.835538256
295	0.392478	123.4636303	2.005561	0.814061342
296	0.408125	121.377418	1.99377	0.833975335
297	0.350503	121.1912385	2.08098	0.804882116
298	0.360754	121.3874638	2.054012	0.818857413
299	0.361909	121.0629911	2.039406	0.824862799
300	0.370893	118.807817	2.037779	0.816136035
301	0.298771	119.6567616	2.116243	0.822769273
302	0.399579	118.1094384	1.993499	0.832430481
303	0.317314	119.9969479	2.076587	0.834473557
304	0.32336	123.0870856	2.100835	0.839585343
305	0.339949	118.6794833	2.093262	0.812028909
306	0.375385	120.7666573	2.020752	0.821723048
307	0.23937	129.3393027	2.19452	0.859740748
308	0.437641	118.499455	1.929143	0.787341469
309	0.329397	118.5546254	2.056589	0.815800599
310	0.471009	117.0151002	1.905302	0.792199434
311	0.3766	117.3566637	2.012978	0.812742712
312	0.386875	118.6763345	2.010341	0.803311915
313	0.337298	121.1510984	2.073267	0.82806545
314	0.307135	126.6200482	2.118139	0.842532761
315	0.33193	121.2891662	2.081264	0.826332567
316	0.276817	124.8894322	2.14181	0.834480644
317	0.330798	121.7838572	2.116675	0.838322202
318	0.426343	116.7116353	1.972365	0.792755221
319	0.392999	117.8570119	2.013073	0.818093858
320	0.318957	120.1902728	2.08366	0.820316428
321	0.269127	124.6693815	2.14873	0.837262944
322	0.435928	114.9469104	1.959349	0.801757079
323	0.28737	124.3312293	2.136434	0.841470258
324	0.431594	127.8870167	1.956202	0.828927322
325	0.356219	119.401553	2.060546	0.815838796
326	0.349045	122.3185755	2.080443	0.836232335
327	0.473037	109.7517365	1.865077	0.783128767
328	0.469038	120.6440377	1.893631	0.799238078
329	0.316912	117.4067235	2.061042	0.820277366
330	0.294588	121.5486138	2.14042	0.831792549
331	0.346814	122.5934463	2.068663	0.811879907
332	0.240951	124.7303047	2.176252	0.851561893
333	0.313021	128.3038872	2.116619	0.838230023
334	0.440962	115.7797414	1.907419	0.800587272
335	0.381179	121.4475878	2.014669	0.816727382
336	0.396552	118.7345342	1.980295	0.807862478
337	0.319247	125.4687052	2.090191	0.831990843
338	0.335658	128.6110738	2.092611	0.81922904
339	0.358581	126.7693579	2.070418	0.849142157
340	0.376477	120.2075353	2.039953	0.809197189
341	0.473309	119.0542184	1.908432	0.790992675
342	0.387094	122.0591075	2.025567	0.82601709
343	0.298979	120.9906481	2.121194	0.805907495
344	0.34056	122.5630045	2.078519	0.826988374
345	0.505963	116.6764072	1.837781	0.797266448
346	0.359863	117.7319377	2.014784	0.816597511
347	0.202064	124.1853729	2.23177	0.849385089
348	0.300625	118.6770527	2.113547	0.831423777
349	0.25504	122.274932	2.184217	0.850942105
350	0.397907	118.1593927	1.976332	0.806236038
351	0.39736	115.7135831	1.95984	0.796059018
352	0.355365	109.8753206	2.022114	0.803099689
353	0.339438	123.4562326	2.087911	0.843506019
354	0.262997	121.7961233	2.142097	0.825493638
355	0.267045	124.9610329	2.154761	0.823955634
356	0.332114	115.1641703	2.056485	0.817731451
357	0.379783	117.5709931	1.996016	0.813444242
358	0.372392	118.4595449	2.020364	0.815051023
359	0.352126	123.8315052	2.057626	0.827864709
360	0.371436	122.8877383	2.013939	0.837554102
361	0.308079	118.5583951	2.096723	0.845111849
362	0.388031	117.4019459	1.98376	0.799578186
363	0.315993	122.0529848	2.069847	0.833408909
364	0.390466	115.4971982	1.976135	0.799831672
365	0.411018	114.1297107	1.94486	0.806875299
366	0.217183	128.8354792	2.215691	0.855403436
367	0.349671	120.476544	2.035648	0.828032215
368	0.349498	119.0869885	2.033237	0.814521238
369	0.335747	123.2197504	2.060585	0.837913623
370	0.289643	122.1403591	2.158802	0.832834511
371	0.339587	125.176856	2.059405	0.847071716
372	0.345976	117.5643878	2.043174	0.819674551
373	0.315588	120.6619848	2.080008	0.822480526
374	0.398629	119.1809067	1.975286	0.794744516
375	0.361941	125.7842486	2.016051	0.820060979
376	0.329862	125.3727195	2.072251	0.81743945
377	0.334016	125.7430426	2.082147	0.840164554
378	0.433597	119.7878096	1.941725	0.817439869
379	0.402638	117.0737683	1.99143	0.797188377
380	0.281179	117.9080719	2.086589	0.829025173
381	0.375445	117.3727451	2.004513	0.827298782
382	0.35151	119.7202112	2.039132	0.826796732
383	0.443023	122.083316	1.937131	0.817820435
384	0.319681	123.6481449	2.10084	0.847233824
385	0.466086	116.4105255	1.882747	0.80645479
386	0.331429	118.997845	2.07267	0.797950076
387	0.428071	119.5376346	1.933042	0.820480706
388	0.252457	121.6827282	2.165949	0.837689791
389	0.41402	115.0478628	1.958213	0.802624454
390	0.400928	121.7704307	2.00475	0.823324728
391	0.283615	117.4584719	2.099493	0.834327713
392	0.331615	118.7618088	2.064792	0.821704547
393	0.391092	115.8673836	2.006319	0.826780096
394	0.331441	117.4404978	2.072486	0.826767089
395	0.29996	119.9725581	2.126938	0.835198461
396	0.378264	122.3359315	2.021965	0.817849505
397	0.406115	117.1064147	1.9863	0.817746977
398	0.341101	122.9433976	2.013668	0.818903617
399	0.400593	118.9787456	1.977053	0.81956987
400	0.535224	117.1206921	1.775553	0.801090458
401	0.328533	122.440025	2.094993	0.831854093
402	0.436453	114.7450909	1.92384	0.818622638
403	0.23333	130.7424517	2.2102	0.86701369
404	0.299741	128.4634768	2.144664	0.842206143
405	0.371546	117.4507293	2.004764	0.828512971
406	0.42244	118.084367	1.922347	0.803763437
407	0.3269	121.5495877	2.082776	0.832932028
408	0.25357	126.1867552	2.176695	0.848978169
409	0.364105	119.575763	2.011141	0.823211634
410	0.391402	120.0941463	2.013351	0.818822741
411	0.308396	121.134355	2.105491	0.837192763
412	0.324909	121.4927385	2.089735	0.816183889
413	0.386506	121.9445898	2.014888	0.829605353
414	0.311047	117.7897458	2.110924	0.825624029
415	0.430759	123.7150033	1.947299	0.835553446
416	0.311728	120.6296264	2.122166	0.829495504
417	0.392667	123.1108038	2.005341	0.838977375
418	0.412311	117.9986743	1.968432	0.818675554
419	0.369143	118.9925832	2.050022	0.835811392
420	0.326707	124.0448851	2.099293	0.832996678
421	0.385614	121.262241	2.020288	0.810967009
422	0.3458	120.8214063	2.054709	0.817385371
423	0.446239	115.4758226	1.911434	0.806386008
424	0.251123	121.8359906	2.171565	0.839177332
425	0.304646	124.1520261	2.124101	0.833511537
426	0.501215	117.2699719	1.841296	0.780963784
427	0.375547	118.0756888	2.024885	0.824011247
428	0.381464	119.4834711	2.030272	0.81988993
429	0.346521	119.2996512	2.037442	0.82034691
430	0.385989	124.5913206	2.010842	0.815971124
431	0.296385	125.8117688	2.132947	0.834246543
432	0.457732	117.081706	1.920905	0.811524385
433	0.303369	123.8308449	2.125234	0.847284754
434	0.370682	118.4284112	2.024594	0.823747728
435	0.353819	119.4150027	2.029064	0.83714227
436	0.379959	120.227557	2.02294	0.835800488
437	0.30218	121.2498805	2.108498	0.828403923
438	0.28754	120.4018069	2.13072	0.834642161
439	0.456681	119.0174151	1.898464	0.825094592
440	0.274839	119.2026105	2.135637	0.829460199
441	0.282202	122.123663	2.156316	0.833362508
442	0.474062	116.5901562	1.872333	0.799791112
443	0.34922	125.4535103	2.068709	0.834241698
444	0.383306	116.9002912	2.008836	0.81817551
445	0.41342	118.1411224	1.98005	0.815652757
446	0.336703	123.151924	2.048833	0.834993909
447	0.281658	120.7700371	2.150317	0.847501464
448	0.314716	122.111317	2.103787	0.834699341
449	0.443496	115.9904078	1.924387	0.814596683
450	0.398655	123.3942698	1.982061	0.851049611
451	0.432146	117.2392047	1.960223	0.804910919
452	0.356722	118.9213563	2.030078	0.818080073
453	0.27493	122.4507802	2.10999	0.835742994
454	0.3883	119.8603704	2.001847	0.79906506
455	0.231569	125.7658759	2.198875	0.858718562
456	0.406456	117.9491964	1.950296	0.799413318
457	0.321719	121.0379748	2.073026	0.823747764
458	0.337018	119.8065995	2.083283	0.827688197
459	0.422363	117.1933148	1.918653	0.807771759
460	0.399968	117.5074184	1.973748	0.82011317
461	0.338611	119.408827	2.056586	0.831483944
462	0.357084	117.4787854	2.046608	0.818275551
463	0.301235	122.5588694	2.079467	0.834579895
464	0.449137	117.2589908	1.904274	0.802311791
465	0.359067	107.7299297	2.02437	0.796394573
466	0.409792	123.6721649	1.975445	0.847425466
467	0.285682	125.571198	2.135687	0.845514921
468	0.350944	118.4351174	2.051704	0.830486532
469	0.342458	121.7047816	1.989999	0.796235485
470	0.399944	117.8759695	1.976293	0.824655606
471	0.25492	126.114132	2.146975	0.855892902
472	0.273356	125.034988	2.108621	0.838320251
473	0.313706	121.6933586	2.112134	0.831215938
474	0.305749	119.1678657	2.117916	0.832262621
475	0.370551	112.192231	2.011741	0.805692395
476	0.450998	114.5310086	1.891357	0.798131696
477	0.376884	119.6880826	1.982342	0.820716402
478	0.374145	115.8117531	2.01641	0.812214285
479	0.338456	119.8015055	2.098144	0.82787214
480	0.380157	128.8431159	2.030789	0.845366202
481	0.312105	126.7767786	2.099821	0.838839884
482	0.311844	114.2212262	2.057316	0.805330548
483	0.337044	118.2216904	2.055124	0.810898752
484	0.294788	124.7038933	2.149632	0.855693031
485	0.365241	116.851171	2.010395	0.817130023
486	0.379815	122.1379876	2.025856	0.819800728
487	0.269596	120.968562	2.155668	0.836798556
488	0.243769	122.5690534	2.168044	0.845662208
489	0.328574	120.94609	2.074786	0.812824432
490	0.353816	116.1628398	2.046861	0.807842086
491	0.320603	119.2314038	2.117905	0.819082385
492	0.303012	118.5771213	2.089619	0.827129837
493	0.443688	118.7711011	1.937184	0.815878701
494	0.433269	117.2158526	1.905705	0.815329419
495	0.330866	120.7412661	2.074721	0.835732546
496	0.343323	120.0962046	2.059814	0.821161767
497	0.296242	118.3314958	2.113846	0.812271074
498	0.306039	118.3989318	2.07895	0.82666438
499	0.42595	115.9730508	1.949293	0.803068947
500	0.272485	117.7539567	2.144683	0.816785277
501	0.383143	123.1748129	2.018634	0.82381612
502	0.28618	123.493026	2.107788	0.832470631
503	0.289406	115.7889648	2.138489	0.818191596
504	0.442046	116.5366784	1.938079	0.810329496
505	0.522327	114.1636608	1.798947	0.691259356
506	0.283374	116.3700688	2.106383	0.821379973
507	0.431903	116.3990295	1.932633	0.792498805
508	0.391292	120.4345595	1.975115	0.820559213
509	0.380039	118.0837247	2.012971	0.82079878
510	0.381928	116.3809993	2.008859	0.8154278
511	0.357913	116.0899683	2.050132	0.795203999
512	0.371158	124.8099734	2.031448	0.845274248
513	0.432157	121.0111256	1.92487	0.798389239
514	0.398628	119.6853798	2.025146	0.829244678
515	0.308989	121.683707	2.126807	0.822780495
516	0.322216	122.2384054	2.113605	0.840071657
517	0.423351	121.9123242	1.967158	0.826782922
518	0.426908	120.5144636	1.942946	0.82931954
519	0.225463	123.8406054	2.189111	0.845457903
520	0.352414	120.5453236	2.053215	0.836753082
521	0.462478	115.8598076	1.865068	0.790651332
522	0.446231	119.115453	1.914337	0.784943951
523	0.394856	122.4857812	2.016512	0.815499165
524	0.320625	116.9737024	2.095922	0.818336961
525	0.311209	117.0302951	2.075335	0.826124088
526	0.331286	119.4361729	2.089556	0.826912886
527	0.415239	120.1963097	1.960624	0.817808492
528	0.247706	122.4607031	2.183812	0.839355083
529	0.427928	112.950152	1.941122	0.801399858
530	0.434922	120.8123006	1.95749	0.81264489
531	0.370097	123.5524112	2.043165	0.836193609
532	0.427116	116.940912	1.943782	0.817367889
533	0.444497	120.3625072	1.900814	0.807404106
534	0.339477	119.8251494	2.090221	0.794227493
535	0.325753	116.4235341	2.067942	0.82227006
536	0.337692	123.9694611	2.068059	0.817306084
537	0.328237	119.9896827	2.081973	0.845316803
538	0.238449	122.393461	2.149133	0.838630695
539	0.399302	122.5413677	1.982363	0.793738897
540	0.432025	116.132234	1.92957	0.80912002
541	0.438648	117.8790905	1.940995	0.820627371
542	0.287898	119.3940035	2.136784	0.832552558
543	0.462471	114.7913006	1.884458	0.808094991
544	0.342584	117.8123518	2.074538	0.81907439
545	0.370251	124.4396806	2.027972	0.841163133
546	0.463759	115.2158057	1.876582	0.795688562
547	0.337279	119.5967741	2.022203	0.825860072
548	0.458877	115.6775497	1.916162	0.80120554
549	0.277455	122.6569451	2.145617	0.840882197
550	0.281325	125.1260683	2.148555	0.842842664
551	0.378207	117.4408267	1.985744	0.810589825
552	0.407154	114.4604784	1.94238	0.798299832
553	0.346786	122.6734131	2.052104	0.830442477
554	0.308514	121.5153749	2.115884	0.840704229
555	0.42421	114.3469684	1.961438	0.796135118
556	0.39154	118.2698554	2.012789	0.808964183
557	0.353144	119.5535464	2.048519	0.83124599
558	0.362321	123.5406938	2.052413	0.836349733
559	0.39507	121.0732787	1.985814	0.818528076
560	0.37349	122.5170153	1.991481	0.815294246
561	0.336456	117.446847	2.067303	0.777376314
562	0.348507	120.9417029	2.081866	0.815001538
563	0.263972	127.0379655	2.132313	0.83503391
564	0.304445	123.9716762	2.132308	0.836202979
565	0.285438	118.8643434	2.095195	0.823068854
566	0.433694	112.7664164	1.917582	0.795560863
567	0.388591	121.6500181	2.015965	0.825077058
568	0.408206	112.2766091	1.948304	0.805987251
569	0.40072	112.7813281	1.982649	0.813581071
570	0.477904	112.6596603	1.887562	0.775415175
571	0.265579	123.0971726	2.150238	0.841712631
572	0.376441	119.0029941	2.015161	0.824047033
573	0.305364	120.7771384	2.116567	0.814579115
574	0.333929	119.2673887	2.072186	0.828794469
575	0.477021	122.5257046	1.850856	0.833083872
576	0.31552	122.8623531	2.0971	0.826059094
577	0.304216	117.9326635	2.106557	0.822411693
578	0.348602	119.6020926	2.070373	0.815133911
579	0.374614	121.0335495	2.027004	0.820690408
580	0.394001	120.8557111	2.018938	0.837667787
581	0.324558	122.2516907	2.069725	0.842851999
582	0.407369	122.8499425	1.942914	0.812172403
583	0.288588	119.0449448	2.13702	0.824913497
584	0.431235	118.0867899	1.947918	0.798205146
585	0.359524	120.9121238	2.064392	0.803425544
586	0.17774	125.5573327	2.248009	0.859439431
587	0.259013	124.9839169	2.137309	0.841238247
588	0.317271	121.6109771	2.108571	0.837062117
589	0.256494	122.0516375	2.155048	0.824436414
590	0.375056	122.951514	2.032214	0.835222105
591	0.395468	119.9479387	2.034723	0.805793895
592	0.311249	119.1248028	2.107871	0.825564203
593	0.296326	119.6199682	2.1248	0.823186328
594	0.374004	116.459804	1.998774	0.81482267
595	0.370523	120.7540142	2.024763	0.828732081
596	0.366556	124.8604849	2.027347	0.858012136
597	0.302115	122.1495499	2.099734	0.825162309
598	0.316784	119.6394337	2.040829	0.830858094
599	0.367938	119.0535665	2.001944	0.805797843
600	0.36624	119.3154283	1.988124	0.822554148
601	0.361678	117.1871528	2.048601	0.774741344
602	0.391128	123.6466343	2.018305	0.816406047
603	0.236922	123.5338822	2.186398	0.83864795
604	0.376916	115.5080296	1.993803	0.817151366
605	0.299732	123.6269862	2.143226	0.822406802
606	0.354254	116.0035178	2.033949	0.816012524
607	0.301727	121.6272384	2.084999	0.827195092
608	0.305047	127.1225198	2.127198	0.847604362
609	0.377761	119.2930376	2.006661	0.815278493
610	0.358395	121.1177387	2.042278	0.804365429
611	0.326617	119.166779	2.088157	0.81770753
612	0.310586	124.4617632	2.122077	0.842991636
613	0.343697	122.0001191	2.106907	0.824258989
614	0.412439	114.5434188	1.980029	0.802989937
615	0.397419	119.6912589	1.986049	0.808854821
616	0.305197	118.0694957	2.130906	0.832549511
617	0.294032	123.1695447	2.103664	0.839570724
618	0.396932	112.9994117	1.968464	0.80944975
619	0.397113	117.4732787	1.989316	0.806365054
620	0.344842	118.9022436	2.040877	0.830335301
621	0.418089	117.1700187	1.955396	0.810431128
622	0.361368	123.4362769	2.066118	0.818424723
623	0.388272	121.2304238	2.00555	0.792903613
624	0.395871	117.0705998	1.976718	0.798812536
625	0.387848	119.1574595	2.019242	0.805292511
626	0.46794	116.3764639	1.897728	0.78473031
627	0.33221	123.2703765	2.090053	0.831610815
628	0.319187	119.7357037	2.107984	0.832002976
629	0.264671	127.8448421	2.180468	0.842267447
630	0.306913	121.5978032	2.108844	0.831492176
631	0.385974	118.7355138	2.004715	0.774818217
632	0.282016	124.4968437	2.142672	0.839301857
633	0.366376	120.6999093	1.999761	0.822257898
634	0.298184	119.0585862	2.122063	0.824740387
635	0.393084	117.7780937	2.020266	0.818594747
636	0.255537	115.0845694	2.123961	0.800697544
637	0.392537	121.3387772	2.007833	0.806305546
638	0.389457	120.1511938	1.98778	0.837000434
639	0.343128	120.8990498	2.071563	0.823506228
640	0.338829	118.1388806	2.080872	0.810605728
641	0.273169	121.5835937	2.163554	0.83832985
642	0.358552	125.5248211	2.071192	0.823067103
643	0.377694	126.159403	2.031663	0.845142227
644	0.484848	108.0051397	1.855087	0.793037648
645	0.390515	120.5118142	1.991256	0.821327258
646	0.390155	120.5728166	2.031963	0.7861534
647	0.435769	122.1404168	1.916261	0.808221039
648	0.288497	124.6050617	2.144333	0.842822721
649	0.406885	116.217976	1.971954	0.805075148
650	0.372516	118.2503726	1.995007	0.826933729
651	0.32222	121.9244909	2.114995	0.832431711
652	0.416671	114.2520591	1.965997	0.799603635
653	0.468015	123.3375711	1.891141	0.802414338
654	0.380287	120.7471201	2.007409	0.820756136
655	0.449455	113.6059218	1.926065	0.789045487
656	0.392734	116.1968355	1.985882	0.800898458
657	0.249024	124.8992016	2.177327	0.839711407
658	0.352847	118.7696717	2.057243	0.819058416
659	0.354128	120.7415981	2.081037	0.819594903
660	0.272104	120.8027414	2.114157	0.836369319
661	0.323257	130.2910488	2.116049	0.857153047
662	0.285191	121.9159948	2.140869	0.8375443
663	0.421968	116.8625788	1.942617	0.805163473
664	0.36341	123.0360407	2.050791	0.831194567
665	0.39206	118.2067343	1.97132	0.81013174
666	0.372906	121.4345948	2.022364	0.81605948
667	0.28733	120.6645922	2.127516	0.829014543
668	0.362547	123.8990003	2.054155	0.831935064
669	0.266216	126.9316041	2.176696	0.855617928
670	0.479235	120.8431479	1.892396	0.782134778
671	0.309214	119.308601	2.081188	0.830937881
672	0.432579	120.5256249	1.925889	0.815988691
673	0.354275	120.1831922	2.053101	0.823775822
674	0.216009	121.1958695	2.212163	0.84745203
675	0.305648	121.5918245	2.102501	0.831480908
676	0.429597	118.4409806	1.919406	0.792549551
677	0.399364	118.2944942	1.981548	0.811606362
678	0.377485	120.2077162	2.024019	0.822690451
679	0.452385	119.5483872	1.913512	0.8060383
680	0.336217	116.0418357	2.066668	0.80681748
681	0.379497	120.5655144	2.005494	0.830016961
682	0.268594	122.4734329	2.16996	0.833853868
683	0.348062	124.7687292	2.081538	0.846495473
684	0.322626	120.5087071	2.099655	0.845504932
685	0.373863	122.0409389	2.016302	0.834871669
686	0.419239	122.8025905	1.965901	0.820699267
687	0.358884	124.5540319	2.068683	0.812974942
688	0.358865	125.6357857	2.070918	0.845230373
689	0.431515	119.2599359	1.938971	0.818232814
690	0.301572	120.7605231	2.120016	0.821632099
691	0.429599	117.0584927	1.916811	0.796171588
692	0.40432	124.6312215	2.021382	0.833617863
693	0.469133	117.9647543	1.867484	0.81312662
694	0.353448	118.3541637	2.048722	0.811974436
695	0.216192	125.1122155	2.210716	0.8551584
696	0.386005	117.8051379	2.016641	0.816457308
697	0.379346	123.5934425	2.032137	0.823164593
698	0.391065	114.7648082	1.98997	0.790413058
699	0.317783	122.9732792	2.097515	0.83725155
700	0.306084	123.0404141	2.119406	0.824619367
701	0.336505	121.5610067	2.057305	0.826162341
702	0.371738	121.6719788	2.058901	0.823976044
703	0.359006	111.1791148	2.016515	0.815419711
704	0.417669	119.519928	1.943196	0.794417775
705	0.320916	123.2141722	2.090444	0.831597472
706	0.433653	117.2406168	1.923516	0.795488189
707	0.39752	115.8623705	1.956051	0.789305948
708	0.305454	120.1496761	2.109638	0.825155983
709	0.378726	117.0825515	2.019965	0.824174765
710	0.408494	119.5825419	1.977468	0.802925146
711	0.468201	116.8076811	1.863458	0.806080334
712	0.366341	121.5509967	2.067835	0.825493008
713	0.328988	117.240729	2.070415	0.822623578
714	0.351595	127.5829696	2.071106	0.846920252
715	0.316739	119.7709458	2.101193	0.834889671
716	0.253073	123.0491108	2.177947	0.847146344
717	0.436671	120.2956884	1.918099	0.80789932
718	0.321515	119.5365208	2.105434	0.836651115
719	0.308118	125.2742105	2.119879	0.836268626
720	0.295487	118.7439799	2.112687	0.834563824
721	0.437185	113.3384785	1.897114	0.812137109
722	0.406948	119.7331171	1.988017	0.790266888
723	0.382437	117.0296011	1.991892	0.805669037
724	0.256716	124.7687398	2.16893	0.844089615
725	0.45586	115.5753842	1.899423	0.815254048
726	0.302592	121.4557148	2.13496	0.836649543
727	0.359202	120.1534278	2.029467	0.826431141
728	0.357683	118.8703992	2.016033	0.822825533
729	0.382791	116.9610075	2.025445	0.812833637
730	0.302328	116.9013032	2.076803	0.816032932
731	0.321621	119.2389555	2.089892	0.832444361
732	0.39247	118.13911	1.961666	0.810021029
733	0.333028	121.6614494	2.068457	0.822176943
734	0.395008	118.6128437	2.009733	0.814959426
735	0.316621	122.0024693	2.071256	0.815258606
736	0.240625	127.0750809	2.17056	0.857263954
737	0.347991	119.4225666	2.05378	0.822163843
738	0.372498	124.6149471	2.034234	0.825124203
739	0.382172	116.4075337	2.032304	0.802509421
740	0.321543	123.1318001	2.094844	0.830977949
741	0.434198	112.8917097	1.935528	0.792270894
742	0.444418	114.4232481	1.912901	0.781336676
743	0.447141	115.2119871	1.891792	0.790236052
744	0.343593	119.7259083	2.063274	0.820773816
745	0.341929	125.3842003	2.087592	0.828210866
746	0.397193	114.4520324	1.998653	0.813126656
747	0.357989	121.3893521	2.034171	0.845522158
748	0.319595	124.1879211	2.093418	0.827563491
749	0.354047	127.8720848	2.077814	0.828072562
750	0.320347	119.9272401	2.091444	0.820400494
751	0.371147	122.8763113	2.035994	0.843864381
752	0.364594	116.4383556	2.009486	0.824871891
753	0.402191	114.7338266	1.974334	0.806680139
754	0.394332	117.2208228	1.988102	0.813059463
755	0.289806	122.246668	2.136841	0.833816906
756	0.362271	125.8870055	2.05645	0.834526536
757	0.335702	121.0726863	2.083782	0.825934837
758	0.454325	121.2270369	1.944461	0.824886598
759	0.375067	112.1033401	2.008492	0.80634331
760	0.331087	123.0061077	2.086407	0.819589191
761	0.419731	116.407495	1.961242	0.791833467
762	0.387491	123.9587482	1.991343	0.83817648
763	0.379091	118.4567416	2.01253	0.808593123
764	0.341263	123.6738027	2.071427	0.835009755
765	0.302497	124.2249583	2.138216	0.824184268
766	0.399854	122.9300533	2.011039	0.817354315
767	0.32417	121.215129	2.082535	0.835103482
768	0.458098	119.5488126	1.874664	0.827364268
769	0.365346	117.3209824	2.041821	0.804343318
770	0.34512	120.0086934	2.070983	0.840443195
771	0.274486	125.8586656	2.164818	0.853822418
772	0.354533	121.6000944	2.068799	0.826862296
773	0.446527	120.9297221	1.920724	0.792522775
774	0.339076	124.4102016	2.086066	0.820974538
775	0.420165	121.81352	1.942118	0.829930752
776	0.284487	124.4814288	2.133606	0.833971496
777	0.439173	118.0443922	1.899752	0.820835121
778	0.403903	117.637451	1.979564	0.806399299
779	0.384128	120.6205732	2.000364	0.820102411
780	0.253529	121.9789081	2.139718	0.83027507
781	0.345526	118.7097042	2.077449	0.830983399
782	0.323909	123.5366926	2.044245	0.82636668
783	0.316428	121.0857438	2.102395	0.831727114
784	0.504126	115.7328498	1.808359	0.796178518
785	0.31711	122.4814171	2.099591	0.835680952
786	0.26181	126.439444	2.170026	0.854324398
787	0.309668	119.4712518	2.106287	0.812352916
788	0.22977	123.9513092	2.187987	0.836527183
789	0.379388	118.6627206	2.005262	0.822211468
790	0.318448	116.9506279	2.096677	0.833590915
791	0.255928	122.2680248	2.165582	0.849937424
792	0.392202	117.2327996	1.988082	0.800083572
793	0.465684	114.47824	1.889488	0.816580567
794	0.260583	129.8405269	2.189777	0.847045374
795	0.385821	116.1786473	2.012414	0.819459387
796	0.394362	116.0327986	1.983472	0.799463822
797	0.358653	125.0981759	2.074471	0.847851836
798	0.363355	121.8414391	2.045751	0.825412751
799	0.34343	118.0941121	2.052838	0.808753117
800	0.384678	121.4229945	2.017383	0.811115997
801	0.354129	119.7058765	2.084855	0.806709573
802	0.308314	121.1501391	2.103405	0.838462773
803	0.281684	126.4545082	2.137433	0.830240497
804	0.328032	122.6239722	2.100122	0.837176136
805	0.31695	123.0319536	2.082922	0.834617764
806	0.382408	122.7706169	2.016838	0.809828571
807	0.402748	118.2655472	1.956916	0.809213297
808	0.300567	118.7851178	2.084257	0.814837502
809	0.344057	121.6292572	2.067965	0.807323922
810	0.354047	126.9553741	2.073476	0.834577024
811	0.397247	115.9646832	1.981804	0.805533657
812	0.270781	126.4354094	2.174013	0.821799295
813	0.401029	115.3229341	1.962103	0.803559172
814	0.356129	117.0243237	2.019031	0.822717965
815	0.32199	117.3763505	2.072052	0.830299825
816	0.295637	123.0253294	2.126952	0.840601933
817	0.434234	115.0184049	1.9247	0.81557156
818	0.47605	114.8205973	1.831471	0.803787266
819	0.433233	117.8139699	1.92822	0.800943113
820	0.521039	118.8432844	1.827368	0.77503785
821	0.364319	123.0845231	2.017535	0.830514607
822	0.352547	126.8548072	2.062477	0.855694217
823	0.406598	119.3775957	1.988923	0.79981472
824	0.284188	123.638635	2.132722	0.832831265
825	0.339223	124.3605754	2.06004	0.848110476
826	0.425736	116.1177899	1.926413	0.810010614
827	0.337345	121.2659231	2.09895	0.824363905
828	0.379699	119.9394141	2.040872	0.825164932
829	0.237221	128.6572489	2.189022	0.839091239
830	0.353354	118.3202238	2.053538	0.821742529
831	0.364005	120.3775925	2.034469	0.812109042
832	0.32416	114.9972478	2.078425	0.819023537
833	0.415142	118.9041214	1.987037	0.814561624
834	0.402452	114.2510451	1.964677	0.793330301
835	0.402637	114.1474937	1.984329	0.810040407
836	0.389652	122.8935916	1.982315	0.832456489
837	0.408578	118.3532732	1.965681	0.818607195
838	0.435353	122.947085	1.971794	0.824309603
839	0.421594	118.2226238	1.936428	0.805224094
840	0.342374	121.0471307	2.073323	0.831217952
841	0.298716	119.6620837	2.085174	0.822372013
842	0.379072	118.0902528	2.005786	0.821255863
843	0.306261	118.7754249	2.095224	0.83181874
844	0.33009	117.8685504	2.075046	0.831860852
845	0.309224	118.4057519	2.111405	0.833176752
846	0.369552	118.8231094	2.021241	0.816130417
847	0.365786	119.9927638	2.054999	0.809805636
848	0.237555	129.7126675	2.191443	0.85975686
849	0.370796	115.2031267	2.008713	0.809007787
850	0.304589	121.259548	2.119492	0.824592976
851	0.321819	120.6999972	2.085096	0.832577351
852	0.385232	120.4636304	1.991403	0.820913945
853	0.335967	117.2347344	2.062501	0.823466901
854	0.362831	122.1435757	2.042	0.824165383
855	0.350165	120.6411472	2.032908	0.817598469
856	0.439121	114.3972891	1.91657	0.790986953
857	0.419425	121.4893171	1.980018	0.825264938
858	0.303306	125.7672349	2.112778	0.852560392
859	0.359259	116.1415752	2.065425	0.807599804
860	0.364179	118.828118	2.03603	0.812462436
861	0.393683	120.7235433	2.035514	0.817521278
862	0.306756	121.5413963	2.121748	0.829407055
863	0.417935	120.1072239	1.976046	0.82339072
864	0.201624	127.5805563	2.179826	0.843076524
865	0.379231	113.2950108	2.00383	0.799352571
866	0.358393	121.2276735	2.054319	0.816353941
867	0.441423	118.1860005	1.948519	0.803620448
868	0.350262	122.3692927	2.061282	0.82362685
869	0.34248	118.8148097	2.04723	0.810434488
870	0.469994	109.4252125	1.88087	0.755667725
871	0.39334	116.3524135	1.985895	0.812096094
872	0.269539	122.6551927	2.166132	0.844481932
873	0.286577	126.3339472	2.105767	0.848472415
874	0.40242	116.7874708	1.98585	0.794221601
875	0.425446	115.6079164	1.963379	0.797971759
876	0.39227	116.9648366	1.995908	0.816104527
877	0.269591	124.6673958	2.130583	0.836006439
878	0.273959	125.1861917	2.142763	0.827725378
879	0.331966	125.7541098	2.091124	0.832998092
880	0.331146	124.368927	2.07276	0.802152809
881	0.351682	119.3169663	2.030012	0.838576024
882	0.31259	118.7247534	2.112326	0.820011735
883	0.389173	119.6332669	1.998605	0.823095788
884	0.295885	120.9637242	2.145705	0.84471378
885	0.303647	116.8905282	2.047242	0.808004741
886	0.336635	119.0866336	2.060612	0.805401487
887	0.411304	115.1823092	1.973249	0.812185781
888	0.29536	123.6349407	2.134211	0.842936867
889	0.285167	123.820308	2.127836	0.840492306
890	0.35567	119.9051289	2.035584	0.825878943
891	0.339671	123.7047734	2.076994	0.83571345
892	0.364474	120.6913097	2.054899	0.843596795
893	0.345939	116.6959958	2.086182	0.794871596
894	0.335015	117.4124093	2.067181	0.803983503
895	0.376328	120.3567402	2.01835	0.835904309
896	0.332988	121.0211575	2.075976	0.82135368
897	0.444762	118.0235337	1.893219	0.811950763
898	0.389373	117.6790636	2.023044	0.807830055
899	0.459646	118.6837824	1.898095	0.809758529
900	0.319906	124.5022251	2.106399	0.82188551
901	0.24121	123.7933383	2.172687	0.844194312
902	0.352914	118.1634834	2.061388	0.828632739
903	0.276703	123.0562896	2.149513	0.836265863
904	0.330631	119.6878015	2.026099	0.828822241
905	0.400121	119.0786864	2.006189	0.812343434
906	0.387124	119.9823552	2.017955	0.80503515
907	0.301951	123.6038466	2.102668	0.844775964
908	0.434871	117.0113468	1.944009	0.806286549
909	0.327426	123.0186829	2.076342	0.83105315
910	0.327612	121.3404972	2.065753	0.825341335
911	0.306854	120.1557536	2.102171	0.829259194
912	0.306939	123.7787785	2.109959	0.826456058
913	0.330662	120.0131021	2.08513	0.831078941
914	0.321654	122.8990153	2.043607	0.838884534
915	0.319846	119.1160388	2.104272	0.820278258
916	0.475322	113.7909792	1.851432	0.776239071
917	0.311326	119.8466559	2.114524	0.821117576
918	0.205859	132.6299526	2.22561	0.859566703
919	0.457471	119.2184834	1.856153	0.790795543
920	0.409038	121.0851538	2.005496	0.820119626
921	0.381275	122.5965431	1.997118	0.816482113
922	0.368386	115.2959016	2.038753	0.804439008
923	0.383035	118.0224318	1.996229	0.830407741
924	0.363264	122.2962093	2.039368	0.826073937
925	0.325949	125.4173227	2.105987	0.845445545
926	0.348576	121.7803303	2.04587	0.827849964
927	0.362515	118.516626	2.026694	0.815984351
928	0.453511	113.9349854	1.926776	0.785494164
929	0.257361	123.2172767	2.175125	0.839846094
930	0.416133	120.1251134	1.98621	0.813387888
931	0.406738	116.4366267	1.965822	0.812474244
932	0.420635	119.5370751	1.94278	0.809650481
933	0.309536	121.143816	2.104045	0.828958472
934	0.316123	120.4709343	2.096738	0.818132103
935	0.452876	117.6173802	1.920231	0.80555181
936	0.303785	119.9038201	2.116076	0.824760524
937	0.333856	122.844191	2.080183	0.814954046
938	0.299618	122.1348933	2.12525	0.834483388
939	0.332067	119.948527	2.086849	0.826834574
940	0.362	124.3053755	2.038299	0.848477337
941	0.281434	123.4700333	2.155516	0.850270064
942	0.295167	126.1824506	2.069959	0.830244882
943	0.398588	113.1195547	1.994329	0.803483567
944	0.305358	129.4550472	2.122516	0.853198823
945	0.359299	119.0387522	2.029814	0.820909101
946	0.36548	117.5852847	2.011325	0.8119144
947	0.273479	127.0667349	2.149942	0.852529775
948	0.379534	121.6832497	2.021176	0.830244173
949	0.365592	118.5041845	2.033638	0.807824303
950	0.3577	118.3185265	2.057261	0.819434088
951	0.314193	118.2720952	2.095927	0.825484941
952	0.344222	126.5116252	2.089751	0.841530445
953	0.474149	121.1784313	1.877228	0.838220122
954	0.436652	117.7578712	1.934461	0.794960038
955	0.397248	119.0209057	1.996424	0.807949461
956	0.369693	122.1990916	2.024614	0.828443404
957	0.365532	120.4152675	2.006029	0.825595389
958	0.312758	127.059671	2.107281	0.850553742
959	0.388091	121.5599555	1.99239	0.808627117
960	0.35267	127.5682272	2.068282	0.84564919
961	0.322736	122.0398849	2.079392	0.834776478
962	0.352742	120.0672171	2.04515	0.831892337
963	0.426703	114.0609772	1.954585	0.801958364
964	0.424271	124.1738408	1.938521	0.827626958
965	0.382559	116.6059718	2.00802	0.785968007
966	0.173733	128.0406177	2.235007	0.854993853
967	0.374269	118.9014531	2.028819	0.805364168
968	0.36226	117.3836928	2.045472	0.825116299
969	0.295119	124.2875186	2.138663	0.846579753
970	0.335034	121.666129	2.072886	0.813953086
971	0.338081	113.607175	2.035798	0.813282066
972	0.359086	119.0924486	2.040647	0.802427
973	0.30997	121.6944666	2.099029	0.806941412
974	0.29283	124.4914929	2.12263	0.833777911
975	0.351152	120.991216	2.079576	0.816385392
976	0.392005	118.0983999	1.99928	0.803865595
977	0.459981	121.6571628	1.916181	0.812073239
978	0.392866	118.3051542	1.966196	0.810393918
979	0.401571	117.7960483	1.9811	0.818375599
980	0.311144	119.0671051	2.099269	0.820456276
981	0.390847	117.9984714	2.019122	0.810258265
982	0.423997	121.9837059	1.973757	0.819382718
983	0.373147	120.1186178	2.02918	0.836446154
984	0.455531	113.8410659	1.89149	0.777588162
985	0.393962	120.8125271	1.995942	0.821976848
986	0.430404	116.7565358	1.913131	0.804815796
987	0.384244	116.984052	1.987145	0.80490027
988	0.335555	124.8704752	2.090383	0.8396711
989	0.436098	121.3639113	1.925	0.818981259
990	0.385238	114.1002978	2.005406	0.80643535
991	0.360421	123.6961222	2.053367	0.829332306
992	0.364849	124.8998411	2.039005	0.844549483
993	0.362179	121.0491195	2.049198	0.816384828
994	0.366074	116.3643948	2.004139	0.830545012
995	0.31622	120.6355741	2.110598	0.827895048
996	0.392593	114.0543124	1.964782	0.816194161
997	0.226997	124.148607	2.186105	0.849835986
998	0.187513	126.391746	2.236653	0.843933154
999	0.314312	128.1195887	2.103789	0.84281533
1000	0.391296	121.9204446	2.024843	0.820475983