rep	aei_left	left_area	adi_left	H
1	0.382317	121.1070215	2.030248	0.806210678
2	0.537114	114.1694049	1.796098	0.786358015
3	0.21007	118.225065	2.21719	0.839250508
4	0.39715	123.4551924	2.037781	0.821322663
5	0.435647	112.4750106	1.924008	0.774119475
6	0.33298	122.7136905	2.102462	0.853108254
7	0.290403	118.2517195	2.143454	0.83017887
8	0.410173	120.2626068	2.004093	0.816272935
9	0.490627	113.169628	1.85299	0.752007521
10	0.458876	112.9612104	1.899965	0.789465012
11	0.297991	126.2749561	2.13139	0.841664632
12	0.388595	120.9541091	2.009959	0.811338845
13	0.449065	109.4178027	1.904872	0.782320417
14	0.346816	121.5701724	2.068273	0.806092499
15	0.461503	111.4115178	1.900221	0.76910558
16	0.424315	110.6984934	1.967168	0.762018032
17	0.398732	115.1547367	2.036387	0.795497827
18	0.351551	124.3608816	2.065677	0.83927341
19	0.429419	113.1622046	1.954413	0.780879618
20	0.369937	117.9202983	2.029664	0.810475447
21	0.538869	114.3675779	1.766539	0.757168651
22	0.389855	119.8111696	2.016647	0.804813185
23	0.452593	116.9349627	1.881582	0.804341642
24	0.319234	124.6812169	2.136136	0.830600022
25	0.45025	113.3487708	1.920451	0.768222582
26	0.409244	115.970726	1.98569	0.800287507
27	0.459868	118.2460302	1.916478	0.784100793
28	0.355236	117.2960227	2.064799	0.827361784
29	0.436348	117.0240638	1.954978	0.789786852
30	0.404645	119.3195094	1.999603	0.810714522
31	0.361096	123.5815507	2.078885	0.808367941
32	0.30908	115.8279417	2.087994	0.811277033
33	0.385388	123.7117627	2.024868	0.833833208
34	0.475846	118.0402109	1.897145	0.790180704
35	0.249144	121.4206015	2.172103	0.817606626
36	0.462945	114.5590756	1.865316	0.794653149
37	0.280731	117.6841966	2.166214	0.819295122
38	0.365794	125.0362225	2.062655	0.823903299
39	0.393711	124.8699719	2.016407	0.809359631
40	0.350277	119.3942094	2.05611	0.803852899
41	0.404138	115.8851059	1.976506	0.791856615
42	0.388498	121.0863863	2.006304	0.809708215
43	0.500195	118.8858071	1.8517	0.774671934
44	0.50747	120.063888	1.852239	0.81218043
45	0.358156	116.7059972	2.037468	0.802629623
46	0.378521	117.9842429	2.03263	0.819609815
47	0.392302	121.8452369	2.040019	0.789069786
48	0.401434	119.6939921	1.989514	0.807064831
49	0.42372	114.5690947	1.976242	0.77495162
50	0.364949	118.5147086	2.047994	0.825814744
51	0.347499	126.3351947	2.084958	0.832528719
52	0.370552	120.4638266	2.037842	0.823946975
53	0.309679	124.2714988	2.119436	0.830247379
54	0.416633	117.8111293	1.997521	0.811075092
55	0.349843	124.4773649	2.077503	0.830291229
56	0.412932	114.7194559	1.958693	0.80684642
57	0.251125	122.9800785	2.167309	0.840779295
58	0.446732	111.2092905	1.908763	0.788113863
59	0.430015	113.6222794	1.926639	0.789941499
60	0.386062	121.0380535	2.009973	0.789277865
61	0.483671	116.0925708	1.89286	0.787980882
62	0.419444	115.7267914	1.994114	0.796226977
63	0.442873	120.0834312	1.949022	0.80414542
64	0.363285	120.9848121	2.047516	0.820563875
65	0.440723	113.1427774	1.908735	0.797814683
66	0.422382	112.9311144	1.922562	0.802943075
67	0.422879	120.7007405	1.986718	0.79825477
68	0.499398	115.854562	1.873531	0.813741046
69	0.316283	116.0112896	2.097307	0.825021433
70	0.428164	114.7270957	1.977658	0.778545861
71	0.385066	119.6358808	1.995752	0.809938387
72	0.487273	116.2335764	1.893292	0.791662662
73	0.430057	109.3867309	1.948227	0.795023894
74	0.442014	117.73511	1.935418	0.797667624
75	0.397192	119.2215877	2.018417	0.802852998
76	0.287095	118.4731222	2.140473	0.812081292
77	0.420696	122.7336679	2.005398	0.791024603
78	0.27864	122.7061629	2.165622	0.828581197
79	0.370925	116.061906	2.011212	0.821658044
80	0.279461	126.6087139	2.145944	0.835723008
81	0.412966	117.7523511	1.972205	0.790484649
82	0.420251	115.7970019	1.945481	0.806553309
83	0.541262	110.5160817	1.736176	0.781369535
84	0.412685	117.0292523	1.981387	0.816146753
85	0.252254	125.0335197	2.124449	0.840736606
86	0.41721	108.3196296	1.93957	0.793869951
87	0.426251	113.5478491	1.955661	0.785948335
88	0.305257	118.0631123	2.124425	0.831507964
89	0.294294	131.893839	2.138742	0.837480448
90	0.237729	128.3245048	2.203755	0.840205853
91	0.404298	119.9852452	1.984958	0.807268056
92	0.412173	118.0774114	2.006353	0.824008457
93	0.37678	118.1575425	2.054048	0.811576563
94	0.317495	121.6266821	2.092604	0.817061268
95	0.345922	118.3995522	2.07596	0.806407495
96	0.322768	120.3026156	2.112401	0.798000292
97	0.40751	118.9838543	1.956195	0.798786056
98	0.338993	122.47723	2.081887	0.81763064
99	0.383547	120.416906	2.030824	0.81129048
100	0.305012	122.5101329	2.121942	0.818753096
101	0.330232	120.4990896	2.100596	0.823865931
102	0.473779	112.5025662	1.856478	0.78311182
103	0.358142	120.4720608	2.049985	0.819753902
104	0.407807	110.2833504	2.004609	0.782110969
105	0.411638	120.1104507	1.985478	0.80577003
106	0.341504	117.778753	2.029443	0.816684204
107	0.386442	119.4331354	2.009891	0.815186827
108	0.407885	119.6197548	1.987753	0.800014753
109	0.386261	119.0251061	2.021101	0.831864538
110	0.359964	126.2182549	2.067756	0.833096278
111	0.492593	116.1159704	1.832219	0.778881933
112	0.439137	116.3523614	1.923323	0.788804135
113	0.378109	119.8953605	2.04556	0.821591861
114	0.321634	119.6034338	2.096435	0.820038244
115	0.326432	121.3464561	2.123739	0.835519199
116	0.318926	117.4810049	2.127825	0.828876661
117	0.429583	117.2538084	1.976084	0.785360764
118	0.417073	118.3126215	1.987578	0.800325953
119	0.367778	122.8305726	2.060875	0.816697468
120	0.406773	117.47523	1.970746	0.82043427
121	0.299341	123.4245166	2.127275	0.828556386
122	0.313193	116.129451	2.113096	0.801648826
123	0.418538	113.977628	1.959186	0.800172554
124	0.398245	117.5943501	1.975105	0.813056718
125	0.368699	116.7061971	1.989129	0.815491008
126	0.382842	120.3169444	2.032323	0.830586172
127	0.297516	128.299786	2.146531	0.830499141
128	0.47015	117.0971362	1.884094	0.809763249
129	0.413562	123.1741351	1.973852	0.807947272
130	0.317745	119.0997371	2.105933	0.815081073
131	0.361481	116.3948574	2.043255	0.82229666
132	0.376941	112.7126823	2.023569	0.800398274
133	0.275558	121.2043137	2.169363	0.832088886
134	0.405642	118.9861635	1.958355	0.802287099
135	0.397642	118.871756	2.013485	0.801939297
136	0.360995	122.8728221	2.04973	0.800063854
137	0.428535	118.7532629	1.966413	0.809000409
138	0.296482	122.259309	2.156326	0.837457673
139	0.464029	119.0449025	1.900948	0.798670917
140	0.322621	122.1093566	2.113873	0.817586495
141	0.496156	115.5408611	1.849715	0.810600853
142	0.479792	109.3984171	1.850129	0.77834785
143	0.325329	117.9436666	2.071275	0.820842948
144	0.321935	118.492795	2.103073	0.825649705
145	0.464759	118.5371415	1.911554	0.799364161
146	0.376639	118.5102868	1.998751	0.82481594
147	0.350812	122.0759378	2.075504	0.827628331
148	0.419986	113.7112606	1.936343	0.797191889
149	0.367877	119.0310747	2.072515	0.820071829
150	0.359619	114.2806274	2.014032	0.80457219
151	0.443941	116.8212208	1.901816	0.797463647
152	0.345322	118.9672842	2.060945	0.79511391
153	0.301423	117.645933	2.135072	0.812401668
154	0.38392	123.6433324	2.032471	0.81599461
155	0.452542	118.6795819	1.859899	0.820901343
156	0.370598	123.6398757	2.052733	0.817658208
157	0.352844	120.4812285	2.049137	0.832861941
158	0.31351	117.8968038	2.115963	0.826038722
159	0.34398	124.3667114	2.066901	0.821550719
160	0.46418	114.6109557	1.898854	0.7751774
161	0.342768	121.9652014	2.084916	0.837313174
162	0.392566	118.079831	1.998715	0.824804659
163	0.428584	118.1694981	1.971617	0.803045221
164	0.39083	111.1260875	1.995167	0.794229795
165	0.270014	124.869101	2.166237	0.847217644
166	0.368369	117.7804202	2.04481	0.826891945
167	0.34152	125.0572169	2.071161	0.835932167
168	0.392079	121.9608146	1.987129	0.81741325
169	0.320448	118.2895603	2.085764	0.814289073
170	0.264643	130.3903379	2.180512	0.848935815
171	0.284695	118.6380309	2.145532	0.832105702
172	0.387168	120.7732953	2.031483	0.802333805
173	0.299569	121.237707	2.123024	0.830937769
174	0.326541	118.0410783	2.086094	0.798087377
175	0.305915	119.7663796	2.113651	0.830372878
176	0.427525	124.8616947	1.978896	0.823369565
177	0.389623	121.0151172	2.033924	0.813787797
178	0.427289	115.6110496	1.967121	0.818226195
179	0.342911	120.2584368	2.080834	0.829939405
180	0.245081	125.1359934	2.20011	0.843348175
181	0.271883	127.7151997	2.170951	0.826025661
182	0.36481	123.9537107	2.046074	0.832702231
183	0.351087	114.9225056	2.025755	0.798634907
184	0.412335	118.382736	1.974102	0.808312997
185	0.358232	116.4030342	2.045102	0.807858311
186	0.371348	117.8570343	2.044698	0.831616406
187	0.378051	123.1278165	2.025021	0.825686548
188	0.315211	124.8518535	2.112529	0.84315354
189	0.430708	115.1586246	1.913245	0.805368625
190	0.456015	116.8101135	1.914719	0.71504179
191	0.342721	130.2942076	2.104607	0.83665445
192	0.394774	116.6688774	1.995102	0.814373927
193	0.412503	115.1533448	1.982455	0.783881726
194	0.269113	118.9566996	2.153578	0.846231213
195	0.409632	118.3071412	1.98243	0.807207913
196	0.368698	115.7417188	2.002545	0.782378307
197	0.28853	118.9923233	2.08218	0.814522865
198	0.440506	113.9157478	1.940699	0.783224545
199	0.409259	114.1271577	1.966583	0.810819045
200	0.331695	116.862282	2.069859	0.758591595
201	0.31913	120.9696381	2.122221	0.816635577
202	0.326968	117.0213282	2.065673	0.825734519
203	0.394061	120.4755564	1.989289	0.82659667
204	0.294752	119.6749926	2.13025	0.831105723
205	0.426176	111.9656658	1.914491	0.792172634
206	0.445409	122.0746921	1.942309	0.775692507
207	0.330268	126.2146303	2.091432	0.831923297
208	0.225365	124.6727963	2.20325	0.84305481
209	0.3668	119.1713757	2.060495	0.822777461
210	0.390046	120.9992349	2.045027	0.817254026
211	0.384057	118.9684291	1.995119	0.80219744
212	0.45	114.527234	1.926832	0.801681159
213	0.507576	120.7192131	1.855025	0.829712662
214	0.393465	121.6999341	2.02002	0.81605666
215	0.241919	128.2696198	2.203187	0.842437949
216	0.330375	116.5211272	2.081693	0.822678601
217	0.356817	120.8553989	2.053694	0.839891992
218	0.272355	124.6096032	2.153586	0.831366512
219	0.391088	115.2143055	1.972057	0.797754788
220	0.397541	117.1578361	1.997462	0.800125996
221	0.387681	118.8862446	2.016289	0.818613369
222	0.273254	125.1601102	2.158601	0.853430597
223	0.280947	124.7490833	2.156748	0.841412443
224	0.327157	122.1893089	2.11328	0.838295876
225	0.409479	117.8867736	1.968146	0.81334786
226	0.397867	115.4617269	1.996006	0.821195884
227	0.35049	113.8167526	2.058789	0.779509322
228	0.444369	116.424354	1.942568	0.809706566
229	0.425577	116.4293116	1.982161	0.790447525
230	0.45768	116.0171963	1.887794	0.774526608
231	0.350203	119.3384899	2.069415	0.81398893
232	0.359121	117.9991276	2.051449	0.796959075
233	0.471303	114.8929006	1.924645	0.811105092
234	0.315486	124.312803	2.100178	0.836223639
235	0.45906	121.1204306	1.917575	0.801250115
236	0.353855	119.3835177	2.058217	0.806026395
237	0.426936	117.4390621	1.968341	0.805839333
238	0.229582	126.0678455	2.179434	0.847886755
239	0.339403	122.5393062	2.07893	0.807920609
240	0.453131	116.2657146	1.927486	0.782959685
241	0.276271	123.6086999	2.165573	0.852483689
242	0.287078	125.5379485	2.150606	0.832133038
243	0.366275	119.3848879	2.03441	0.815248124
244	0.387121	126.8591117	1.973513	0.810838697
245	0.307458	124.1958583	2.144369	0.821035891
246	0.439307	117.6614304	1.946497	0.809338376
247	0.373375	117.4687608	2.049473	0.822999807
248	0.381213	119.6410161	2.040859	0.795562
249	0.441272	120.5684658	1.934657	0.77251545
250	0.506006	114.9420316	1.799641	0.794238522
251	0.341117	125.3326012	2.095837	0.825858782
252	0.402933	119.0235825	2.012374	0.816532929
253	0.414603	124.6954193	2.016903	0.806682382
254	0.437928	115.3510744	1.899102	0.805701824
255	0.331455	124.3637311	2.080264	0.817046931
256	0.264317	127.1633786	2.141391	0.849520739
257	0.325966	121.5905691	2.063379	0.813416826
258	0.483011	118.24109	1.893523	0.827654595
259	0.462097	115.4926903	1.916927	0.804524857
260	0.345226	124.9442667	2.06732	0.823808887
261	0.21073	129.231178	2.201995	0.856549497
262	0.24288	120.3551065	2.170765	0.829379149
263	0.382055	120.5313745	2.007394	0.788086686
264	0.434186	120.8201711	1.929642	0.805719926
265	0.440576	112.8171696	1.908989	0.778595854
266	0.410234	116.4411372	1.975193	0.791429005
267	0.310061	122.3550925	2.114028	0.824627112
268	0.302045	122.927005	2.121974	0.828496879
269	0.335852	115.116437	2.047465	0.808535196
270	0.414649	125.0548556	1.996729	0.82061001
271	0.403808	116.5091921	1.964119	0.793959087
272	0.402548	121.9422689	1.996754	0.807610477
273	0.397942	119.1669391	2.001056	0.81055588
274	0.391039	115.1710211	2.010403	0.807493738
275	0.274077	122.6256715	2.157136	0.850064447
276	0.409133	112.7744258	1.98192	0.811890792
277	0.344625	125.3775932	2.074096	0.8429712
278	0.378591	115.0886583	1.987449	0.809656662
279	0.256007	120.5903008	2.184136	0.830563353
280	0.340525	119.6397357	2.06952	0.822399874
281	0.33534	118.8199432	2.066504	0.832000924
282	0.315116	120.3409487	2.107005	0.836069609
283	0.333545	127.0617011	2.091271	0.824269953
284	0.398708	117.6866011	1.987292	0.813078096
285	0.434937	114.7418686	1.899393	0.790101717
286	0.465367	113.7701674	1.890441	0.814085561
287	0.388691	120.9268831	2.041702	0.814243394
288	0.358091	121.1911854	2.042441	0.831600289
289	0.509146	119.37764	1.800704	0.808783899
290	0.296772	120.3894399	2.087241	0.822545901
291	0.424158	115.5334303	1.942892	0.777918122
292	0.360239	123.5927185	2.058628	0.837120715
293	0.322443	121.8368421	2.087121	0.813168313
294	0.477831	109.4579087	1.863962	0.778503464
295	0.369759	111.5192109	2.00759	0.809386196
296	0.396986	115.2744243	2.033666	0.795434883
297	0.359636	114.101199	2.03371	0.825000336
298	0.355768	123.1765461	2.053627	0.816688597
299	0.293527	117.533842	2.124245	0.809610982
300	0.255115	124.8189323	2.162648	0.83622152
301	0.361216	117.9573524	2.02215	0.836453023
302	0.300644	126.020263	2.142156	0.833975652
303	0.339434	116.9103869	2.078667	0.813834669
304	0.421948	117.2901456	1.936918	0.800432348
305	0.258589	120.7707291	2.129635	0.820457287
306	0.369888	116.5602106	2.006013	0.804998216
307	0.279794	122.9461485	2.141407	0.840781368
308	0.56662	115.1369141	1.692476	0.766887362
309	0.28564	122.1313795	2.143493	0.824954477
310	0.374711	123.3836143	2.040494	0.785275234
311	0.235825	120.2259548	2.191588	0.842350547
312	0.452266	115.6409245	1.876926	0.807245157
313	0.426711	118.3161299	1.953028	0.810078355
314	0.272857	126.0843358	2.147925	0.829989819
315	0.41098	113.2893024	1.948313	0.814479937
316	0.36311	118.6091934	2.056309	0.830366741
317	0.263222	118.8843581	2.124787	0.839775575
318	0.436765	119.3650577	1.942652	0.795610212
319	0.378222	118.0081991	2.019971	0.815611574
320	0.403521	126.2232442	2.013373	0.827426357
321	0.390723	117.6655631	2.031403	0.810256791
322	0.395464	118.815043	1.961346	0.765242505
323	0.34273	122.9849568	2.047286	0.825196256
324	0.370982	120.507872	2.006228	0.809736284
325	0.449813	120.4070499	1.926759	0.8009491
326	0.383153	113.681449	2.013815	0.805543986
327	0.292987	121.6591028	2.101258	0.833375103
328	0.363375	129.0047485	2.081972	0.812231295
329	0.434059	120.643331	1.933262	0.783239781
330	0.402491	120.0471808	1.971972	0.798586852
331	0.457953	119.3545821	1.880153	0.806795539
332	0.322061	123.5760585	2.118102	0.828670872
333	0.556422	111.9893884	1.720788	0.741312414
334	0.438124	114.5662712	1.975316	0.781235364
335	0.561665	114.6643714	1.722974	0.787252595
336	0.290083	125.0471924	2.163126	0.839314712
337	0.386561	119.0652968	1.997872	0.807227409
338	0.357217	119.5042441	2.080974	0.817680488
339	0.368057	120.9881952	2.048427	0.801290296
340	0.493225	111.8145604	1.786951	0.768868238
341	0.44649	120.1789813	1.928444	0.772784484
342	0.296799	114.2586189	2.105857	0.814552309
343	0.438651	107.2526769	1.918026	0.779854606
344	0.307116	120.7275455	2.14794	0.82099473
345	0.309801	122.8390704	2.121688	0.852465222
346	0.352858	124.8076477	2.086792	0.846249694
347	0.483657	119.6929133	1.883019	0.810820734
348	0.412913	120.1344592	1.988636	0.794401175
349	0.332879	116.9114663	2.047905	0.808751329
350	0.300893	122.1986439	2.124645	0.829068347
351	0.50688	119.3412471	1.831986	0.808949936
352	0.385899	122.1914665	2.022661	0.816048785
353	0.301883	127.3099756	2.136115	0.828703416
354	0.340984	119.9819129	2.069327	0.823547259
355	0.511165	116.3868964	1.855088	0.734007418
356	0.467575	117.9542208	1.883543	0.805946808
357	0.252622	127.5468579	2.191555	0.82730332
358	0.369682	120.370712	2.028632	0.822222246
359	0.292581	126.5346694	2.146701	0.840677079
360	0.371372	122.5830637	2.045315	0.786990045
361	0.264867	122.7204	2.162758	0.835596654
362	0.368561	120.4550778	2.057436	0.833726686
363	0.359639	113.21707	2.025146	0.789805949
364	0.391026	117.4485492	2.014825	0.776717053
365	0.40487	117.7479541	2.025078	0.803148288
366	0.389229	122.9809586	2.00481	0.839765114
367	0.466625	120.3813762	1.934804	0.821385928
368	0.319613	125.4541033	2.117321	0.837562104
369	0.394529	118.7394673	1.995144	0.803512171
370	0.38631	110.7915122	1.988828	0.801702929
371	0.406906	114.5723377	1.977754	0.802774402
372	0.300994	120.1296441	2.062492	0.818133183
373	0.39555	119.002184	2.012	0.801563428
374	0.408955	116.9306633	1.981738	0.805039161
375	0.324949	125.2608071	2.108205	0.841022637
376	0.309948	118.6412524	2.098883	0.812458531
377	0.359263	117.9785922	2.054833	0.821948429
378	0.449994	116.3445532	1.932921	0.812111466
379	0.255202	122.4009878	2.126158	0.841609262
380	0.310892	120.7213323	2.098246	0.835167269
381	0.356241	119.8754856	2.051381	0.820116001
382	0.303445	124.9846517	2.091229	0.836320253
383	0.313152	113.8366351	2.122852	0.811302129
384	0.31884	122.6597383	2.105788	0.818560886
385	0.398662	119.6757246	2.003629	0.828918178
386	0.420607	119.9481786	1.971729	0.823365432
387	0.303805	119.9038504	2.133939	0.824367261
388	0.452838	125.0472897	1.959553	0.810467024
389	0.357298	119.711687	2.056041	0.818493261
390	0.295079	127.9889305	2.144995	0.854993287
391	0.296732	122.75269	2.141178	0.817593928
392	0.396804	120.6553445	1.974742	0.830624124
393	0.33958	121.5183357	2.064723	0.834409745
394	0.311584	118.8923005	2.121378	0.820976445
395	0.352485	120.987721	2.067386	0.825363372
396	0.417835	124.7816678	1.981179	0.819919402
397	0.362604	120.1017671	2.034157	0.832150124
398	0.418762	114.2019692	1.948732	0.782101999
399	0.304128	122.1501816	2.146989	0.82821882
400	0.351771	114.4154376	2.042217	0.804935271
401	0.346003	121.191237	2.08193	0.803329329
402	0.405457	121.0447221	1.997715	0.811274196
403	0.348521	116.8356135	2.04948	0.79888016
404	0.334454	120.6627711	2.079766	0.829618564
405	0.226842	119.6177913	2.215085	0.823950454
406	0.442766	115.9667435	1.896079	0.81885807
407	0.351635	120.4936532	2.081374	0.823917673
408	0.391951	121.043901	1.995267	0.829172892
409	0.484581	113.1923907	1.838645	0.799984961
410	0.415775	116.8918101	1.969059	0.816446242
411	0.318982	126.4567948	2.11969	0.82164933
412	0.249651	120.0591027	2.201267	0.802577861
413	0.350912	117.2832303	2.048595	0.825548067
414	0.291326	123.1479566	2.124748	0.833424599
415	0.290532	119.0367566	2.105345	0.827719665
416	0.405641	117.8503795	1.994416	0.809708747
417	0.461314	114.455602	1.876192	0.784014649
418	0.486648	111.912039	1.855902	0.771970804
419	0.364584	124.2558806	2.045972	0.836581438
420	0.362812	115.5287668	2.025055	0.788172849
421	0.264004	123.8301693	2.162878	0.842415385
422	0.45242	111.0538909	1.887449	0.773681417
423	0.4801	116.5885983	1.885483	0.793576701
424	0.350231	123.2099613	2.052544	0.819087913
425	0.357574	117.9697488	2.055075	0.850626252
426	0.400474	114.2157589	1.979848	0.800481991
427	0.473646	118.0472265	1.868975	0.81110824
428	0.372431	119.3886799	2.035402	0.825762291
429	0.50418	115.2075921	1.856971	0.792331285
430	0.392283	120.4184204	2.049174	0.823855113
431	0.400896	122.8617499	2.002824	0.826068132
432	0.279674	120.8525655	2.165398	0.833582344
433	0.314529	123.9579734	2.092809	0.824724674
434	0.454902	124.9087565	1.928283	0.832193686
435	0.403849	117.3065138	2.009392	0.799833288
436	0.423778	116.7629644	1.928249	0.79393765
437	0.3457	123.5734643	2.046852	0.831692513
438	0.328464	122.0644965	2.050237	0.83851222
439	0.293434	124.0297318	2.126944	0.828390476
440	0.358763	119.214108	2.050561	0.805043131
441	0.303178	119.0574736	2.104984	0.811250002
442	0.408436	120.297391	1.99034	0.811902944
443	0.422593	114.6144304	1.997042	0.803897436
444	0.268079	122.9835718	2.178946	0.830157229
445	0.414019	111.424071	1.971769	0.795109369
446	0.325312	116.0642965	2.082197	0.802513092
447	0.374051	122.4461619	2.019943	0.817101399
448	0.380554	121.0965081	2.036035	0.819063569
449	0.369752	118.3731823	2.056086	0.80043176
450	0.336365	126.112619	2.081398	0.820972026
451	0.404465	119.8115721	1.96172	0.821801555
452	0.436571	120.3583428	1.958856	0.796687302
453	0.507519	113.514679	1.802019	0.777656223
454	0.37527	120.8530971	2.04605	0.831952465
455	0.466659	114.9797684	1.916207	0.781709975
456	0.36701	123.5227514	2.059637	0.849283429
457	0.326758	121.6164269	2.120107	0.820566165
458	0.392032	120.1310464	2.038435	0.796676497
459	0.308036	117.3563719	2.127644	0.822589438
460	0.513803	113.2906434	1.823854	0.783135019
461	0.269529	125.2067765	2.157827	0.843149881
462	0.392999	117.8457879	2.018977	0.811848944
463	0.35994	117.3445119	2.0656	0.807752154
464	0.406023	116.2359445	1.966362	0.807016635
465	0.255541	133.3743256	2.190069	0.849595356
466	0.419197	118.4519936	1.997391	0.792684731
467	0.402891	118.2891265	1.975488	0.799843018
468	0.338774	120.10371	2.075794	0.838779221
469	0.457794	117.1262754	1.896872	0.779978783
470	0.425221	123.1309979	1.943576	0.827814877
471	0.37107	116.9753266	2.013296	0.825979956
472	0.342752	124.0140163	2.087486	0.815216955
473	0.391759	121.8965477	1.987285	0.83831959
474	0.334308	122.7234397	2.09714	0.828090672
475	0.498508	112.5013111	1.863501	0.781492842
476	0.385504	122.6826194	2.026768	0.829442444
477	0.338277	123.6563574	2.090642	0.834532244
478	0.238278	124.5146392	2.196582	0.834157028
479	0.261514	126.159838	2.160599	0.850087421
480	0.392997	116.7493791	2.000172	0.800057789
481	0.40455	120.9554208	2.018617	0.819668269
482	0.479813	121.1257171	1.887477	0.791501801
483	0.456601	117.5434422	1.912138	0.81228554
484	0.322733	117.8853661	2.098261	0.810113776
485	0.380194	119.7190687	2.021138	0.820508764
486	0.354172	123.7535702	2.085012	0.817762914
487	0.441325	118.4496407	1.912405	0.797680663
488	0.311707	120.2333748	2.131261	0.823573422
489	0.380629	120.1994378	2.048298	0.800782952
490	0.382206	119.5336656	2.001037	0.811483791
491	0.441252	120.1146285	1.932134	0.822700509
492	0.341217	118.2963959	2.069165	0.822336593
493	0.292137	121.9370903	2.121283	0.824394292
494	0.417465	113.3966688	1.983788	0.791350745
495	0.416777	119.6946592	1.942207	0.8224589
496	0.351522	118.3586706	2.073774	0.819379498
497	0.366463	118.0364558	2.027674	0.820117827
498	0.458302	112.1910054	1.929984	0.79036047
499	0.413182	116.9946213	1.945028	0.810042728
500	0.305289	121.8215537	2.119868	0.823435156
501	0.436868	121.3596048	1.935464	0.825629027
502	0.506304	113.701974	1.852493	0.783005116
503	0.378209	115.7278676	1.995691	0.821358136
504	0.355417	120.5900912	2.051333	0.8207331
505	0.40589	119.5639718	1.99351	0.828018032
506	0.432022	119.7875794	1.901187	0.808034895
507	0.35872	120.846144	2.042293	0.824000809
508	0.434087	116.6482762	1.920438	0.797983226
509	0.492012	116.9034112	1.867541	0.785943244
510	0.36287	118.0481599	2.047968	0.807743531
511	0.499707	120.3384554	1.848571	0.716752465
512	0.439663	117.0198924	1.946986	0.796795602
513	0.398176	120.7271438	2.009685	0.805708016
514	0.46672	124.4834947	1.879937	0.837579034
515	0.316842	126.4060438	2.125671	0.833690068
516	0.349387	124.1890935	2.089923	0.825859001
517	0.286711	117.3437658	2.087488	0.808796831
518	0.281895	122.9025968	2.138458	0.833624225
519	0.416426	120.7146058	1.984035	0.803238257
520	0.397911	119.8871669	1.982695	0.812668275
521	0.261362	121.39093	2.166579	0.841043241
522	0.406849	117.4317583	1.988712	0.811733644
523	0.412199	116.8449934	1.962524	0.815371914
524	0.374044	119.6106818	2.038153	0.811941544
525	0.32003	121.9422285	2.111218	0.81944105
526	0.4396	119.3422989	1.931144	0.806596375
527	0.278475	120.3165234	2.11456	0.812183529
528	0.362909	125.7248265	2.033018	0.805572224
529	0.436004	116.7583619	1.897977	0.793496835
530	0.460842	110.5032033	1.908943	0.778743172
531	0.523435	121.5694442	1.804713	0.814694143
532	0.350349	118.3422871	2.063985	0.82024056
533	0.332411	123.0190422	2.108453	0.803813383
534	0.483772	113.6888707	1.828895	0.775974638
535	0.267109	123.4936097	2.127236	0.831053135
536	0.306641	115.4338353	2.082071	0.806896801
537	0.33539	119.8198973	2.087642	0.806430524
538	0.391341	119.8923105	2.005446	0.814509801
539	0.360374	113.9374976	2.025845	0.810570189
540	0.341015	125.003177	2.070517	0.823214369
541	0.364399	121.856974	2.084546	0.81737676
542	0.422083	118.170357	1.95791	0.791329316
543	0.304846	119.8162412	2.10071	0.828722437
544	0.430732	116.9042938	1.892324	0.807336159
545	0.303407	124.8139586	2.135523	0.815365704
546	0.287244	123.7907702	2.131895	0.841223363
547	0.477192	122.7573757	1.925796	0.799860715
548	0.479802	119.9635095	1.906094	0.767569006
549	0.375415	122.4496754	2.038546	0.819511855
550	0.324912	119.4758585	2.084246	0.805518919
551	0.431917	113.1323985	1.943074	0.799519733
552	0.432285	108.0716317	1.89913	0.775441925
553	0.325551	121.9816045	2.061488	0.829067162
554	0.351119	120.3747596	2.089533	0.826282692
555	0.370828	123.5141361	2.052564	0.812555186
556	0.551352	111.8155629	1.743893	0.783917719
557	0.485382	113.0124976	1.883276	0.794850491
558	0.391555	122.3482754	2.015039	0.775651608
559	0.406012	118.6062799	2.002208	0.799585429
560	0.366858	122.3304666	2.038342	0.826998949
561	0.527877	115.9167205	1.807153	0.80563242
562	0.473748	115.8966491	1.919558	0.771000089
563	0.347456	116.1989206	2.074688	0.791070221
564	0.449443	114.5374463	1.931402	0.80151749
565	0.292412	123.3571874	2.14574	0.817841613
566	0.43633	115.555478	1.931808	0.808739562
567	0.335813	130.0933303	2.102069	0.819120575
568	0.185874	121.0527361	2.213255	0.836600983
569	0.41041	120.0513635	1.943011	0.807956051
570	0.375168	117.0591259	1.998682	0.813907126
571	0.365281	122.3152231	2.060911	0.808399277
572	0.327432	123.184357	2.089302	0.830595794
573	0.376673	118.0753193	1.992253	0.81817198
574	0.377465	120.6538236	2.057574	0.824854555
575	0.380569	122.7886409	1.975258	0.847940803
576	0.331311	122.1606114	2.075736	0.82496245
577	0.397185	124.4739105	2.036582	0.83529645
578	0.303438	120.8511316	2.141454	0.839512453
579	0.436616	119.0919182	1.909567	0.795569766
580	0.325897	122.4648309	2.084569	0.836061192
581	0.457589	112.841999	1.918294	0.792751929
582	0.398732	127.671471	2.03753	0.854263253
583	0.433641	118.4818547	1.946592	0.811469933
584	0.386241	122.2307186	2.023851	0.815795254
585	0.370394	116.8711528	2.04361	0.797848318
586	0.410987	116.2343394	1.968494	0.80384274
587	0.516924	112.7715978	1.773082	0.78736028
588	0.34386	125.8537238	2.075507	0.837319941
589	0.380883	119.5818153	2.02297	0.830701558
590	0.282083	119.2308138	2.151817	0.820864613
591	0.234829	129.4425032	2.207198	0.839953456
592	0.495847	115.8872845	1.830106	0.794167498
593	0.3465	124.9198016	2.079825	0.850105146
594	0.312299	120.2740513	2.09375	0.830932788
595	0.29269	123.4708106	2.144265	0.806628894
596	0.436599	124.8773658	1.980023	0.823218286
597	0.337956	116.3404466	2.064009	0.808014562
598	0.425714	120.9208028	1.974713	0.799470795
599	0.254871	123.9205345	2.170453	0.836435062
600	0.301626	120.4023173	2.128273	0.821348504
601	0.351098	118.1306179	2.052907	0.809734594
602	0.253495	124.6878489	2.183576	0.833751253
603	0.431495	118.6386647	1.956686	0.808354764
604	0.476234	110.2444873	1.832274	0.77888266
605	0.356236	117.869779	2.030911	0.798018543
606	0.32995	113.3820494	2.084846	0.822621524
607	0.377152	117.1292549	1.99931	0.807413313
608	0.343061	118.9402622	2.051629	0.822094867
609	0.383148	117.5529721	2.021451	0.797785439
610	0.449333	112.2584398	1.911941	0.801171149
611	0.44986	119.6286006	1.940573	0.82167028
612	0.402058	117.0826216	1.967906	0.778873449
613	0.333496	122.0170377	2.083663	0.811559797
614	0.313323	123.5482831	2.114848	0.814761298
615	0.421352	115.8201205	1.947647	0.802163364
616	0.330231	123.8560225	2.111859	0.823383148
617	0.368944	120.5502517	2.02066	0.82221022
618	0.362687	128.1249481	2.06221	0.81259702
619	0.403763	120.3155126	1.996854	0.810947645
620	0.424239	119.2430217	1.946539	0.803314249
621	0.32893	119.2628302	2.058365	0.822594012
622	0.533961	114.5391864	1.780764	0.783070651
623	0.323168	122.9943702	2.066918	0.842280217
624	0.28369	121.0887571	2.160045	0.826267799
625	0.4052	115.4467846	1.991289	0.811429703
626	0.348383	123.3073967	2.100737	0.803746176
627	0.489414	119.4359312	1.857997	0.825821257
628	0.52102	116.6614193	1.798688	0.790404609
629	0.381994	123.6233247	2.038103	0.799407515
630	0.371459	119.0651398	1.997031	0.820202619
631	0.407431	122.2212482	2.006606	0.83481169
632	0.346028	120.3417158	2.07281	0.826627043
633	0.331983	122.6501135	2.078524	0.827943044
634	0.408353	118.768549	1.954681	0.781800018
635	0.346143	121.1201827	2.081134	0.834824493
636	0.38092	116.1122539	2.006376	0.80790519
637	0.405863	118.08884	1.978898	0.829436403
638	0.351862	119.6876885	2.067411	0.805864556
639	0.360184	122.4032447	2.045275	0.816299141
640	0.32271	120.5087907	2.08697	0.830276939
641	0.367114	115.2608525	2.038043	0.799439157
642	0.419509	117.6346677	1.989621	0.796312716
643	0.286576	124.5046575	2.147452	0.856893659
644	0.371405	118.8265951	2.01087	0.80639702
645	0.293281	124.8019147	2.150604	0.829816917
646	0.31924	119.981998	2.073682	0.809702387
647	0.240208	124.2232364	2.189974	0.855033866
648	0.318902	119.0066387	2.119406	0.82735278
649	0.287295	123.2242054	2.144131	0.830852156
650	0.362958	118.3622432	2.042619	0.807920235
651	0.423988	119.2635404	1.95127	0.815564466
652	0.292291	119.5492904	2.08173	0.814238087
653	0.393943	118.4789385	1.992031	0.798136294
654	0.339489	125.2085462	2.060853	0.815192267
655	0.414781	112.9901268	1.968516	0.803183722
656	0.303575	119.3319219	2.107896	0.816762525
657	0.447174	115.6200303	1.900124	0.808791783
658	0.444423	111.9507186	1.924927	0.80832694
659	0.345433	118.8793111	2.086934	0.829814411
660	0.332827	126.0342574	2.101343	0.839101674
661	0.258939	123.6818342	2.173155	0.855497841
662	0.376743	117.1952332	2.029971	0.806157111
663	0.33645	115.6412997	2.033176	0.807497373
664	0.296789	129.7811429	2.123509	0.846633506
665	0.300478	117.9501233	2.126664	0.829771293
666	0.442326	112.7275571	1.935687	0.779583871
667	0.410144	119.9322578	1.953003	0.800729782
668	0.47041	114.4758644	1.885891	0.7869301
669	0.256007	119.1562597	2.154578	0.821966444
670	0.43855	113.3191056	1.917564	0.775564876
671	0.198614	125.0956986	2.224057	0.862598315
672	0.427621	117.4486112	1.980713	0.802066765
673	0.369185	116.9371016	2.045229	0.806382992
674	0.351627	119.1906962	2.082237	0.805847061
675	0.415493	116.3838898	1.960825	0.813359653
676	0.289009	124.6311886	2.140997	0.828287215
677	0.316441	116.457612	2.101011	0.827719213
678	0.416928	123.3345192	1.957396	0.820757155
679	0.413919	111.2954665	1.985442	0.794536475
680	0.30824	126.9695247	2.13629	0.8216338
681	0.482489	118.0980428	1.845761	0.762095444
682	0.263868	122.8093593	2.165258	0.838173517
683	0.299674	119.0036112	2.098932	0.827333223
684	0.409204	120.8782857	1.988863	0.839933531
685	0.364564	119.3435421	2.043772	0.819808337
686	0.412296	119.2678774	1.946908	0.770741055
687	0.383275	124.5138251	2.02475	0.818324919
688	0.347502	118.9041468	2.077645	0.830733192
689	0.215251	121.93758	2.202192	0.836494268
690	0.379462	118.0868637	2.009121	0.771823231
691	0.41961	118.8614624	1.935997	0.818660687
692	0.312276	122.5885071	2.077655	0.786620091
693	0.235479	126.1968392	2.207301	0.851314701
694	0.346523	118.0429901	2.081073	0.836795297
695	0.31333	115.9020758	2.060889	0.814068336
696	0.401053	114.9903777	1.979048	0.79286787
697	0.467143	117.7243196	1.880255	0.80045713
698	0.347183	126.868974	2.093999	0.829226662
699	0.353725	118.8409065	2.072046	0.824935173
700	0.247262	124.4848576	2.196208	0.818201949
701	0.235261	127.4690006	2.195042	0.840731813
702	0.384388	119.6225225	2.029077	0.807500736
703	0.39256	114.1373261	2.001387	0.789520326
704	0.383552	114.4222377	2.0046	0.817049289
705	0.43472	113.49495	1.912617	0.794069218
706	0.290788	120.1182148	2.105442	0.822043474
707	0.31011	125.5133433	2.14096	0.837623152
708	0.499456	116.3973691	1.847814	0.779928295
709	0.363853	121.0504951	1.996209	0.822268347
710	0.275898	121.169667	2.177591	0.833662997
711	0.472828	116.3653767	1.869083	0.797147634
712	0.39982	117.6592882	1.997324	0.795131078
713	0.477462	117.4672961	1.861835	0.785916292
714	0.361965	120.0711224	2.059586	0.810159609
715	0.367782	120.5561751	2.056776	0.829492917
716	0.317913	125.6393238	2.12352	0.835434824
717	0.298195	117.7268955	2.13702	0.81919799
718	0.454387	124.519745	1.900123	0.806699917
719	0.43266	114.5507035	1.948289	0.791385959
720	0.379578	114.1188354	2.006242	0.803896334
721	0.448305	115.8583925	1.875905	0.790942254
722	0.346909	117.5547783	2.048199	0.823899027
723	0.478386	119.4330391	1.876343	0.802397166
724	0.394457	114.8809317	1.984977	0.798507306
725	0.304742	120.8825485	2.095659	0.826932256
726	0.200928	123.3834432	2.229655	0.844357002
727	0.368408	122.8379662	2.034986	0.805163085
728	0.373413	122.7273093	2.020277	0.81716664
729	0.464419	120.4450767	1.889833	0.791032242
730	0.291566	129.459706	2.144682	0.847745041
731	0.450569	118.9890773	1.916584	0.808646539
732	0.310634	125.7988416	2.128142	0.816908684
733	0.408462	115.0776471	1.995801	0.80084892
734	0.476007	117.3015726	1.890603	0.786865728
735	0.489451	112.8152551	1.879963	0.745632887
736	0.494561	112.9772749	1.864479	0.742816262
737	0.383431	117.6570888	2.033466	0.807319237
738	0.362742	125.4612251	2.073025	0.819227673
739	0.342527	120.5528487	2.048055	0.828599176
740	0.34081	120.9891517	2.058767	0.83176599
741	0.356388	120.235667	2.039907	0.813379038
742	0.405097	115.7393166	2.004678	0.810424448
743	0.335525	117.6982199	2.0886	0.825171551
744	0.500506	117.1070609	1.857042	0.823095925
745	0.35354	117.6072901	2.060215	0.815393749
746	0.384536	117.1828153	2.037037	0.814843052
747	0.379733	124.2566884	2.037338	0.827732205
748	0.473999	116.3025866	1.875554	0.815097073
749	0.377837	125.0948827	2.020943	0.832992914
750	0.39723	119.6770194	2.020051	0.80435558
751	0.29515	120.7814242	2.130275	0.825218023
752	0.431304	120.1053258	1.952798	0.8106966
753	0.402706	116.4335039	1.980303	0.79780531
754	0.400598	116.2536779	1.998102	0.805398552
755	0.413282	118.4480994	1.960888	0.777669702
756	0.309143	119.3029807	2.108719	0.811366229
757	0.371525	115.0716192	2.011519	0.807882678
758	0.464325	122.8886447	1.912364	0.81191883
759	0.326375	123.1903257	2.103446	0.835060465
760	0.286249	120.2673219	2.151253	0.831860888
761	0.506276	113.0537348	1.802735	0.79070145
762	0.458523	116.9558106	1.918313	0.793982077
763	0.295078	124.1389434	2.152847	0.829839398
764	0.490533	114.2748317	1.875249	0.764339172
765	0.432879	117.7532563	1.95935	0.805443806
766	0.406342	122.1925902	2.001864	0.806143112
767	0.391161	119.0240611	2.024937	0.827296677
768	0.223163	122.9602166	2.193643	0.849061715
769	0.361183	128.0806129	2.082102	0.826599501
770	0.289179	131.4206524	2.159008	0.831588674
771	0.343665	117.7747531	2.064722	0.805003551
772	0.361248	117.3433144	2.03016	0.814237548
773	0.29383	117.5832923	2.131481	0.811858046
774	0.429295	116.1898072	1.944302	0.796374149
775	0.445299	121.8330985	1.932862	0.812538191
776	0.23925	127.9383869	2.202581	0.848216884
777	0.280803	126.0810536	2.14784	0.843879789
778	0.300431	124.6826039	2.138666	0.840106654
779	0.394914	117.7214335	2.010794	0.814433239
780	0.462218	113.6547574	1.854593	0.80285932
781	0.379952	116.6287714	2.02802	0.814120328
782	0.441848	116.4126514	1.925332	0.798494058
783	0.39647	118.3727624	1.974768	0.805589638
784	0.401182	117.6964065	1.999653	0.791662509
785	0.453604	116.7473063	1.887248	0.789742488
786	0.310988	120.1957216	2.099539	0.825762973
787	0.398265	118.6509888	1.981111	0.802872588
788	0.360325	125.5785585	2.088122	0.824530563
789	0.391662	116.2705951	2.01256	0.782162249
790	0.300331	124.3763663	2.083885	0.814355502
791	0.430337	111.919228	1.961365	0.768923305
792	0.357021	113.8492192	2.053561	0.819205098
793	0.462716	121.1543661	1.870562	0.816800996
794	0.450038	114.4389125	1.905127	0.801763946
795	0.481731	116.7389338	1.80646	0.798647107
796	0.434816	117.6642399	1.95123	0.805645961
797	0.421608	118.0773632	1.957808	0.823699464
798	0.434021	110.0308694	1.91543	0.793925516
799	0.362493	119.3871621	2.059941	0.823946717
800	0.417287	116.9636887	1.97268	0.815446217
801	0.352891	116.2439516	2.080467	0.809663325
802	0.328773	124.0687963	2.105284	0.811290156
803	0.511404	114.4367586	1.819475	0.788215064
804	0.412486	118.8705228	1.951119	0.803138739
805	0.401933	123.4724103	2.014541	0.798508717
806	0.371885	121.3201286	2.046493	0.815325366
807	0.474551	108.8653226	1.872036	0.77091623
808	0.390629	115.4055789	1.99795	0.805275265
809	0.394335	123.7534508	2.04532	0.81239081
810	0.421229	120.0035667	1.969922	0.807235648
811	0.342024	116.4357081	2.035766	0.811291175
812	0.353713	128.4185474	2.09472	0.839791751
813	0.39259	118.249038	1.990501	0.8087573
814	0.418711	117.2677125	1.954674	0.757812849
815	0.29939	127.158707	2.110885	0.841637395
816	0.326494	121.6666518	2.061543	0.816113653
817	0.292505	121.7860889	2.112756	0.83984074
818	0.518607	107.3760582	1.796084	0.76369103
819	0.47176	117.9353601	1.879019	0.788395048
820	0.404229	111.661089	1.976343	0.782486832
821	0.35915	118.8297728	2.036364	0.823424815
822	0.357471	119.2179251	2.045924	0.797408277
823	0.246274	122.6771371	2.136051	0.833166634
824	0.325103	113.5247742	2.063582	0.804288085
825	0.279416	124.7428164	2.131743	0.84692894
826	0.378169	122.0743349	2.050339	0.826657463
827	0.298683	119.6630821	2.11999	0.811994551
828	0.35149	116.7923414	2.057013	0.817729611
829	0.430885	115.8263125	1.933549	0.800808889
830	0.316018	118.8103498	2.115284	0.832775745
831	0.296526	120.1069791	2.075142	0.835016103
832	0.286099	126.2069019	2.16044	0.842437241
833	0.337753	120.1274489	2.071421	0.821197093
834	0.3482	123.1421955	2.027609	0.830744933
835	0.351406	119.3418262	2.052833	0.824900847
836	0.399003	116.0723401	2.021184	0.805326516
837	0.364357	120.2806314	2.050187	0.812521559
838	0.287005	124.4584621	2.151699	0.84057275
839	0.2932	125.2821214	2.130332	0.846055335
840	0.41027	115.6089124	1.988926	0.75841381
841	0.366068	119.7192844	2.038166	0.828129748
842	0.303815	117.7363428	2.130303	0.81868192
843	0.41488	118.9163906	1.966316	0.796960863
844	0.420406	121.1103819	1.987052	0.835029003
845	0.398268	121.1664223	1.983769	0.809853114
846	0.446264	114.5010985	1.900842	0.811044856
847	0.278789	121.4124513	2.139976	0.8301423
848	0.298406	124.5560703	2.150195	0.842419835
849	0.37513	118.1823254	2.046944	0.817173692
850	0.340055	117.998826	2.073057	0.814828702
851	0.318376	121.8260641	2.120636	0.822115276
852	0.451334	119.2922445	1.911224	0.825380114
853	0.379659	115.140004	2.03668	0.80494464
854	0.364547	119.8637911	2.030723	0.82656459
855	0.337263	121.3067601	2.053355	0.82910672
856	0.466039	120.5936797	1.937688	0.786345808
857	0.312066	114.6725011	2.119132	0.806756138
858	0.252365	131.0700713	2.188589	0.833792109
859	0.344909	116.8254492	2.092698	0.815209022
860	0.45307	121.8019588	1.918663	0.815079012
861	0.39284	114.5317889	1.993411	0.809415621
862	0.332475	122.4284486	2.083705	0.820696641
863	0.273456	124.9440963	2.159052	0.823473747
864	0.350638	117.5515577	2.022373	0.822355167
865	0.480638	115.1673215	1.874236	0.768632675
866	0.37809	120.4488929	2.019347	0.826343364
867	0.470823	115.5737695	1.85707	0.82228731
868	0.421378	114.2895952	1.952898	0.786405868
869	0.292686	121.6212907	2.126017	0.833703871
870	0.524263	116.2650352	1.827906	0.700381908
871	0.286436	122.2315267	2.155355	0.845548799
872	0.40667	119.5965393	1.99335	0.80352441
873	0.446232	121.7892588	1.913252	0.825515667
874	0.361696	118.9222537	2.057121	0.788109343
875	0.365853	117.6234569	2.042328	0.824609242
876	0.434353	115.8281057	1.951893	0.800489675
877	0.364251	122.4827595	2.039821	0.831018079
878	0.388584	116.40596	2.031474	0.785800576
879	0.426836	119.6126573	1.952985	0.823737565
880	0.486284	125.4465678	1.895218	0.814263859
881	0.400667	117.0356433	2.00779	0.801080546
882	0.354808	117.1647587	2.038464	0.810249241
883	0.402707	124.0747839	2.019197	0.785593263
884	0.306563	117.6193383	2.082218	0.825700037
885	0.296142	120.784598	2.137784	0.837440051
886	0.431898	116.0242906	1.940778	0.813640027
887	0.363738	115.6875158	2.015044	0.808021035
888	0.391585	117.6433463	2.0078	0.797324921
889	0.346306	119.5873101	2.092773	0.803808938
890	0.378302	114.9010411	2.053501	0.813803802
891	0.250644	128.3484804	2.182652	0.828122935
892	0.397481	119.9998124	2.012202	0.80597766
893	0.411562	110.7375553	1.973293	0.80332714
894	0.480534	113.5266816	1.860076	0.782647072
895	0.505184	114.8604462	1.856103	0.782876948
896	0.386373	123.9643073	2.048635	0.81411244
897	0.599231	116.0161424	1.6102	0.74188875
898	0.332764	120.5239206	2.11658	0.84338434
899	0.333258	116.0126938	2.084952	0.820878576
900	0.243885	123.15911	2.187493	0.850817839
901	0.38154	116.8529697	2.023127	0.813155369
902	0.50052	111.1623989	1.830949	0.783048464
903	0.562036	110.9887623	1.711432	0.774380125
904	0.487485	108.65478	1.822992	0.791987715
905	0.333515	119.3375187	2.1034	0.825857649
906	0.424209	116.7018433	1.924239	0.814020276
907	0.345547	120.054675	2.062534	0.814609463
908	0.355668	113.5400804	2.017822	0.799335868
909	0.377706	123.567766	1.997711	0.842961786
910	0.417881	114.8362225	2.009691	0.782514652
911	0.213008	127.6580502	2.196536	0.849485576
912	0.373308	119.450557	2.019931	0.81670517
913	0.359061	115.5048095	2.037014	0.805166329
914	0.340587	125.4173293	2.111409	0.814697598
915	0.417086	120.9318824	1.937668	0.797581492
916	0.298644	121.7116346	2.140216	0.834438124
917	0.400134	122.2833302	1.97283	0.812393488
918	0.344856	124.5429172	2.098419	0.782436576
919	0.474078	114.36379	1.858451	0.809787315
920	0.318085	118.9074735	2.115508	0.822387219
921	0.373224	114.9000977	2.017449	0.825304383
922	0.475475	118.9046037	1.896	0.805061344
923	0.33083	126.2674182	2.073384	0.815631492
924	0.253337	123.7017142	2.176326	0.832349357
925	0.347042	116.0818373	2.045421	0.825229552
926	0.360656	117.4516509	2.053113	0.819784783
927	0.325896	125.416348	2.104769	0.832557348
928	0.439207	113.5533171	1.933611	0.805586692
929	0.566639	113.1336857	1.730526	0.765347717
930	0.319302	121.1114271	2.0959	0.84433052
931	0.380352	115.3180532	1.99245	0.801175956
932	0.382289	118.5533119	2.025478	0.816878006
933	0.390548	121.3483888	2.004936	0.807429574
934	0.32647	117.0550072	2.08925	0.829092833
935	0.293035	127.9536498	2.139353	0.848109241
936	0.247179	123.9802032	2.186007	0.861719011
937	0.39441	119.2495582	2.008462	0.819129122
938	0.406575	121.7819814	2.017879	0.819488652
939	0.341629	125.665017	2.080282	0.826160973
940	0.312046	113.7954426	2.093587	0.812750351
941	0.506551	117.1750284	1.861853	0.784222663
942	0.342147	117.8895877	2.046995	0.794905351
943	0.361937	120.6189746	2.072378	0.823229861
944	0.288212	124.7633477	2.134494	0.835488356
945	0.409648	120.1037544	2.0106	0.80337243
946	0.330094	121.3973779	2.102375	0.840065133
947	0.310125	129.6872638	2.111277	0.849378404
948	0.380941	116.1126776	2.003532	0.801096021
949	0.421925	108.8774213	1.954256	0.779027987
950	0.230573	121.1742772	2.191678	0.841060782
951	0.474458	112.4305636	1.839241	0.810027335
952	0.310274	124.5170613	2.116836	0.831671484
953	0.362408	115.4000604	2.014108	0.776745118
954	0.245175	124.199567	2.127894	0.82169678
955	0.29347	121.7672546	2.137269	0.851806942
956	0.455079	114.0833699	1.882172	0.801885891
957	0.292956	123.3673282	2.135337	0.851465803
958	0.51562	115.8466014	1.839058	0.75896123
959	0.392859	117.3968763	2.019921	0.806119072
960	0.404706	119.8349171	1.978944	0.811347159
961	0.293788	120.3114932	2.132322	0.831237078
962	0.304597	127.5827158	2.136086	0.859512502
963	0.306938	127.6301753	2.135442	0.861494034
964	0.336523	117.4173487	2.088936	0.83335532
965	0.423254	117.4459146	1.948653	0.806995188
966	0.474888	114.1972586	1.881721	0.78966274
967	0.455792	120.4604742	1.929302	0.813621489
968	0.245198	122.9204463	2.182262	0.841839456
969	0.402788	112.5332576	1.977576	0.791006373
970	0.261627	129.2332042	2.172253	0.844400088
971	0.454224	114.0466741	1.916258	0.806506605
972	0.341367	119.0885668	2.100601	0.791960375
973	0.509368	115.0524347	1.838482	0.773710712
974	0.290077	120.7950646	2.130495	0.831466092
975	0.350379	117.6676845	2.04192	0.829254418
976	0.380733	122.4100503	2.023283	0.825871433
977	0.302284	122.0538684	2.120338	0.833581602
978	0.437653	117.0186642	1.963574	0.800191137
979	0.370103	124.1047738	2.036318	0.832555688
980	0.435567	117.1222149	1.931795	0.795507255
981	0.317068	120.7502484	2.116567	0.823731411
982	0.387372	117.5253895	2.036434	0.814462436
983	0.456158	109.5040763	1.921021	0.783229177
984	0.429846	118.385285	1.943319	0.798879525
985	0.406875	120.7184144	2.005867	0.801891828
986	0.461763	119.5861895	1.93422	0.794989829
987	0.432973	116.4010091	1.933587	0.796056462
988	0.473127	121.1228998	1.872664	0.783424677
989	0.315415	119.9442227	2.118616	0.820767012
990	0.372774	125.4064622	2.069345	0.833666023
991	0.40058	116.7712542	1.997434	0.790536852
992	0.374637	116.8608047	2.015806	0.812450309
993	0.491738	116.7741206	1.864643	0.802546513
994	0.272283	124.2993047	2.164381	0.861681646
995	0.361207	119.265785	2.07226	0.818231834
996	0.269176	124.5218652	2.186258	0.837331279
997	0.344657	118.5513152	2.073674	0.819880208
998	0.428185	113.0306041	1.931245	0.7993105
999	0.478533	120.0273291	1.883753	0.804874
1000	0.220708	136.3656501	2.21579	0.854311785