rep aei_left left_area adi_left H
1 0.230946 106.710228630324 2.21711 0.779797211153018
2 0.354154 117.479909495653 2.09854 0.76268796393287
3 0.547046 104.694585718563 1.760626 0.723460023293428
4 0.435396 112.520597421105 1.959608 0.757391790030055
5 0.679432 109.08224269086 1.408749 0.647674262503202
6 0.314072 117.8450745163 2.105215 0.746434773857763
7 0.42525 106.121202249968 1.986354 0.741085724950407
8 0.439012 110.789077184789 1.939669 0.77249501370384
9 0.166917 130.472793924443 2.25893 0.819528611394024
10 0.488539 109.506172905661 1.845681 0.722017863707414
11 0.356535 115.215770836583 2.089074 0.757142729817082
12 0.587928 95.2300940956831 1.620063 0.615051890471578
13 0.210339 128.010027383781 2.230354 0.783521235530637
14 0.409818 119.888123945983 2.026727 0.793757326732201
15 0.430137 109.104539360646 1.961335 0.728378134778525
16 0.450475 105.602787219961 1.935604 0.67509879066238
17 0.168482 132.914369121671 2.25482 0.817255387880262
18 0.250025 124.226510730739 2.193156 0.807321641612275
19 0.500718 104.957487722763 1.873711 0.72507750548053
20 0.259051 125.197583168229 2.179765 0.818321556825081
21 0.62393 110.410714266515 1.593268 0.593257718248432
22 0.381643 117.363349374171 2.024266 0.741444508208295
23 0.312161 115.06170504476 2.107016 0.779133410269167
24 0.656911 112.264225934184 1.505899 0.676604780284899
25 0.463857 113.713613646569 1.879819 0.725675994361819
26 0.357614 116.318792480891 2.062433 0.739670808201465
27 0.251813 120.861714600647 2.172071 0.78477350011782
28 0.553038 106.616493617999 1.746373 0.726046237231967
29 0.208857 124.111238234627 2.202306 0.781983959053466
30 0.332531 113.973541972178 2.091525 0.768342072995873
31 0.502934 119.257142110081 1.820631 0.739452711017723
32 0.395882 121.206963359595 2.043611 0.75176055226321
33 0.672401 93.9387978548783 1.469221 0.638424970016172
34 0.334934 116.955193901198 2.091049 0.785055827136066
35 0.577518 105.57886046838 1.692242 0.709609754382086
36 0.533831 107.689532810374 1.779659 0.708575521482269
37 0.358377 115.23301930838 2.068125 0.75327848980631
38 0.363699 119.412883658471 2.068771 0.746624943379667
39 0.522387 102.812618023365 1.803684 0.668713480482413
40 0.253798 114.940355769234 2.193986 0.772907681852002
41 0.438335 112.391450112192 1.960856 0.698790560005204
42 0.638171 114.668632722498 1.55789 0.763020240306224
43 0.376281 120.900560462385 2.054053 0.777069165520695
44 0.44247 113.221867807736 1.948348 0.687570661096017
45 0.624795 95.2569802183692 1.568501 0.671364623895507
46 0.514041 117.656553200286 1.785398 0.748045177862004
47 0.367742 124.744364360999 2.06897 0.775043841005933
48 0.544542 107.970089858602 1.754259 0.759234031852866
49 0.414411 111.969149841842 1.981599 0.757022170044714
50 0.407172 110.99800260766 1.975593 0.74171806641966
51 0.294855 127.105124922112 2.158481 0.777079484206915
52 0.399542 113.553402045266 2.01385 0.777905948582939
53 0.402778 108.922193314278 1.997701 0.748178784369813
54 0.539406 110.025007963991 1.787325 0.710747265461233
55 0.370461 109.187498367016 2.065193 0.733834289699871
56 0.502301 112.146764019366 1.870557 0.692137425063909
57 0.666427 115.951805632134 1.448152 0.742889672879252
58 0.487346 116.91797448446 1.873307 0.755033184809004
59 0.364517 122.396074081216 2.083396 0.775344163641483
60 0.220887 125.703698665743 2.225236 0.789440892410673
61 0.206783 121.228520534724 2.233742 0.814537565441174
62 0.258406 104.877222807333 2.193011 0.781665985931682
63 0.38566 115.099559381981 2.019075 0.738329287604348
64 0.336454 117.030846914787 2.08947 0.712865748654333
65 0.624209 97.1726826123364 1.57895 0.686399635478274
66 0.618749 101.91820388534 1.592419 0.59132022216024
67 0.290896 113.412869760452 2.14749 0.750416497323538
68 0.217947 127.264230553658 2.216927 0.774409337715631
69 0.413673 118.645920276286 2.004725 0.767266772636852
70 0.484991 104.873881179332 1.864432 0.725836335603463
71 0.47608 108.206914460888 1.842518 0.745944151077547
72 0.361442 111.646919402237 2.076654 0.739407441727998
73 0.516583 113.190659367591 1.759456 0.73151133442812
74 0.651376 105.465838093821 1.490106 0.684443772382652
75 0.57706 110.863629117679 1.689779 0.746655002314265
76 0.378143 113.414192381149 2.026765 0.778783292722201
77 0.393461 111.010712234114 2.03525 0.747849458641321
78 0.290821 127.003975027707 2.146551 0.733956330887005
79 0.418246 113.397006614656 1.988071 0.732168175171775
80 0.366327 114.394123653021 2.05436 0.736947109609297
81 0.558257 112.688946662077 1.743616 0.762111427402917
82 0.443009 119.638428009432 1.957428 0.753352058938554
83 0.484038 123.425891554427 1.865082 0.692455071722281
84 0.386964 108.756199450651 2.042368 0.722031249415473
85 0.494083 112.413098716246 1.870258 0.743028257386166
86 0.314297 115.620115489185 2.129663 0.722886910962874
87 0.341966 120.864876599491 2.114666 0.735090480720718
88 0.382458 106.483507534251 2.032479 0.758545395497163
89 0.448037 114.319657428908 1.929114 0.73150284750539
90 0.363745 122.111657671185 2.055927 0.762470745239006
91 0.207942 124.787058717535 2.232778 0.802302113386318
92 0.453072 120.960753869968 1.909167 0.778287382503037
93 0.451109 112.050642949863 1.919688 0.652868865631013
94 0.292965 128.913032576743 2.159076 0.810712737214302
95 0.297307 121.759841664386 2.158777 0.776085155180559
96 0.517259 101.578405969616 1.783795 0.566205722956724
97 0.469348 125.523665653428 1.923864 0.802212592551986
98 0.418826 108.105360331571 1.975577 0.779587701466483
99 0.409843 110.721772936275 2.008585 0.718161972185821
100 0.255614 118.806407708349 2.156936 0.775203386303354
101 0.414708 114.372749299556 2.006436 0.768813151408887
102 0.4821 99.2713903769429 1.814055 0.705496085183446
103 0.375367 118.067515609219 2.067062 0.75344057207795
104 0.258316 127.611743924406 2.191753 0.78160232884542
105 0.405073 107.096809901671 1.986476 0.738972984358354
106 0.556138 108.572493407881 1.730398 0.734154753127967
107 0.454707 109.688462239718 1.951465 0.708785818949633
108 0.334843 111.624501495996 2.076385 0.7424279437584
109 0.410797 110.331998063101 1.959211 0.778622925626776
110 0.487298 119.727868170622 1.895541 0.740405165772463
111 0.332613 124.318085458384 2.121734 0.747910895064791
112 0.614353 109.664932411138 1.617997 0.735941182959652
113 0.373703 112.191140037443 2.031991 0.769839616251546
114 0.458571 107.768031594868 1.916895 0.742739850113168
115 0.239496 119.848026339622 2.194601 0.762125543107347
116 0.422945 108.788791136411 1.981689 0.744533379780361
117 0.524022 109.513136972004 1.820985 0.672149582584811
118 0.61031 99.1772998321656 1.593378 0.640502091000486
119 0.28599 117.744647519061 2.159532 0.784517751104714
120 0.445817 117.509305888881 1.936982 0.772454556701896
121 0.531784 118.77787634442 1.813874 0.779169026443478
122 0.448047 116.238114776959 1.952408 0.744633061836284
123 0.414274 110.370863613883 1.975554 0.755956837961152
124 0.34308 117.785312990357 2.083101 0.759781225039969
125 0.329571 116.729206213547 2.12321 0.778343279813355
126 0.126834 129.693337493895 2.275606 0.80533475867461
127 0.533279 115.180213148939 1.814599 0.716726136675947
128 0.567863 100.969570929404 1.693899 0.654063131747552
129 0.491029 102.524894499521 1.868952 0.711731753802285
130 0.373698 112.244059934295 2.025596 0.750263206246669
131 0.327397 125.308342861414 2.080662 0.776075197299295
132 0.489689 111.234018677027 1.886645 0.726774905226539
133 0.367765 111.747071966426 2.061135 0.784290465942751
134 0.450046 96.8013172600769 1.889411 0.718340022835413
135 0.51657 111.906864412415 1.823657 0.740176946190736
136 0.333441 112.669239636429 2.100638 0.708136472709205
137 0.168072 127.134787863666 2.256973 0.796172048467492
138 0.36422 112.818414007143 2.045612 0.734832428034876
139 0.316685 118.408375022162 2.097747 0.727615384397815
140 0.366251 116.611599929552 2.083686 0.705475539171585
141 0.488536 100.859081356639 1.842855 0.710256930114682
142 0.570988 109.75812789621 1.697363 0.652196596438837
143 0.159179 128.284728976137 2.260202 0.81130580705431
144 0.410454 120.284535789865 1.975486 0.777784766735656
145 0.286814 120.585489412583 2.161389 0.806588654165239
146 0.423611 107.665407663067 1.963112 0.723656277308216
147 0.407205 119.68424565798 2.013151 0.760442893537843
148 0.310767 122.280628866395 2.109709 0.732535440999165
149 0.467136 113.083074366188 1.896874 0.706838653035814
150 0.435151 122.782408054179 1.919941 0.784970234271725
151 0.455136 111.818874275501 1.953827 0.704882634640453
152 0.281335 113.56066942193 2.155596 0.723076724423867
153 0.289305 125.869296922439 2.155422 0.779524472194097
154 0.426828 105.463747654261 1.953103 0.722931319984189
155 0.452804 116.174560385847 1.927346 0.798004717253572
156 0.642718 94.9825648339391 1.508689 0.659965225028852
157 0.257208 136.830299723137 2.195382 0.796276152520636
158 0.524152 112.44728723731 1.81829 0.715324752339389
159 0.351781 116.863303941147 2.094909 0.802246340070147
160 0.347047 112.135009169269 2.064408 0.721644093766462
161 0.529916 108.675346629225 1.746289 0.697684623835298
162 0.4996 115.742842714468 1.866259 0.726259408589969
163 0.219926 126.052392776031 2.221881 0.803855706772004
164 0.390995 112.24246925957 2.017192 0.715745005879552
165 0.640949 106.824022010616 1.532471 0.65089167269524
166 0.431358 111.980689014198 1.980747 0.721631696801473
167 0.243899 122.130230611546 2.208226 0.797584216478886
168 0.544803 106.02089423322 1.748709 0.708336777062616
169 0.33921 100.936266179378 2.044246 0.684344570366822
170 0.30678 97.2789501941918 2.106143 0.70732987557038
171 0.559595 114.429993351958 1.757608 0.741079581755194
172 0.42156 110.037075672083 1.967029 0.717255114103047
173 0.462886 117.119341130107 1.904671 0.75808149639481
174 0.495621 116.449913898702 1.851735 0.738545338690135
175 0.428576 112.285866311312 1.949314 0.762863999582719
176 0.324535 120.835612171552 2.112123 0.783533173585707
177 0.426595 120.695398736663 1.959291 0.794201047262434
178 0.493766 100.140417153848 1.831445 0.70468909653099
179 0.504689 105.752401685042 1.762611 0.65349044704175
180 0.373286 103.266072603012 2.050485 0.751256608251913
181 0.297903 112.020905360119 2.159904 0.780701348220915
182 0.362667 110.931566260429 2.071309 0.761298211060965
183 0.364998 115.294931214948 2.064388 0.758424899166132
184 0.643214 96.1586609018726 1.515748 0.66942708124833
185 0.489277 103.292347205872 1.879838 0.709623339211605
186 0.392011 109.169183124296 1.994969 0.708613659638999
187 0.381333 121.427140732911 2.033131 0.768689335638267
188 0.41503 112.979822558373 1.957501 0.732999346426959
189 0.352987 119.100885808244 2.085758 0.719549973654837
190 0.365705 116.876191448021 2.020234 0.762526686706771
191 0.411906 95.3753025569262 1.97273 0.722460231065569
192 0.438604 114.140172091889 1.927748 0.781357972923804
193 0.311442 119.817758577595 2.134658 0.748902903263305
194 0.517285 106.507558890782 1.781371 0.737374744456104
195 0.485536 111.90657794054 1.899773 0.746439865280897
196 0.376716 108.770748756083 1.999766 0.742091797267601
197 0.433493 106.491498197977 1.943814 0.735496812771461
198 0.563861 115.430468611947 1.745815 0.725184561818666
199 0.500477 110.722548408649 1.856234 0.721909153189818
200 0.491486 112.826251752004 1.889566 0.739189658576013
201 0.161141 113.466836528773 2.251597 0.763988703251288
202 0.464378 116.582241329253 1.944157 0.76544924536252
203 0.232846 118.917387892052 2.21836 0.810429964179776
204 0.497909 104.338399541871 1.856627 0.723674398378755
205 0.456081 121.579745769079 1.938941 0.753878470642618
206 0.410605 115.352286653828 1.997814 0.758855515639036
207 0.510523 105.253736037795 1.822847 0.754252951125762
208 0.429092 121.366782513378 1.992263 0.796389323153963
209 0.534375 113.685539162845 1.789216 0.708995998975642
210 0.387593 102.109510357037 2.036765 0.735928151803599
211 0.355383 124.806294130752 2.08161 0.777528703043564
212 0.285039 126.899386093939 2.16786 0.747084264272595
213 0.284388 118.410528932621 2.160796 0.744526518637557
214 0.534946 101.943227292548 1.788029 0.67668757295201
215 0.505268 112.961017836986 1.8669 0.743511455209476
216 0.198124 130.807222385707 2.227655 0.821202982847377
217 0.678536 97.2718963016298 1.410882 0.663408817761531
218 0.517638 117.684517767029 1.813979 0.759323100414319
219 0.431093 107.249532309476 1.927015 0.727962339664514
220 0.197806 116.236249384985 2.238538 0.757290872238801
221 0.436776 106.017027438864 1.962276 0.714361935238712
222 0.468109 104.91375223465 1.910372 0.723525771791848
223 0.410917 122.175972970255 2.00918 0.771167155526356
224 0.383513 113.044308966595 2.018879 0.746167027723747
225 0.395783 113.02817601501 1.982303 0.738519586664923
226 0.472541 116.440158194182 1.917141 0.70553649384585
227 0.508864 111.290273233609 1.845501 0.760617735017304
228 0.550316 105.711285646226 1.719291 0.699215820575233
229 0.333018 113.439967948263 2.105247 0.768652211570289
230 0.395631 124.063810783854 2.04508 0.758267216693843
231 0.312861 101.911562407211 2.121277 0.74516860593798
232 0.368133 114.729579480118 2.05556 0.737408673884701
233 0.503215 99.1395500299788 1.792439 0.73735577393018
234 0.481544 108.275896978015 1.866835 0.728359341224662
235 0.486441 111.171003248565 1.826974 0.735664924961093
236 0.52629 113.978914620639 1.823705 0.686008993054166
237 0.417306 121.250892788983 2.016228 0.738695020131452
238 0.3865 107.74263016846 2.027253 0.729290705637035
239 0.518175 104.717025638998 1.798975 0.719939279130432
240 0.376982 112.210903936514 2.038986 0.753700161489267
241 0.427743 100.657308505146 1.955577 0.707172232775978
242 0.571459 110.406677209426 1.699132 0.726997626341318
243 0.429927 109.225020515728 1.938319 0.749040450783532
244 0.443338 119.574860092945 1.955399 0.770078325638958
245 0.548468 116.256653793133 1.754938 0.717171926556558
246 0.607797 107.622593184098 1.619015 0.71522294394964
247 0.455262 110.605913005563 1.911008 0.723832379705912
248 0.427993 112.499930133368 1.961318 0.745721412207022
249 0.554634 114.093908978394 1.742111 0.756721681917074
250 0.373627 118.21026810864 2.055735 0.742212285478478
251 0.516455 120.40272664482 1.765967 0.75156550825758
252 0.549328 106.068853605684 1.776368 0.715705878942666
253 0.223627 121.800058205818 2.223898 0.777718303286274
254 0.587678 97.9666797295544 1.691347 0.697407832682757
255 0.30893 120.043836145785 2.127059 0.778328530801642
256 0.529493 105.734735611399 1.764842 0.707763903969391
257 0.458726 113.249466546049 1.902739 0.759280212481278
258 0.458103 118.358563913087 1.943592 0.76304874335566
259 0.402287 109.586140997146 2.016177 0.746050682106901
260 0.420457 106.257699797196 1.928854 0.748514490798193
261 0.370556 114.26511139744 2.026021 0.788793557271814
262 0.40763 112.662308099074 1.982862 0.75733325757838
263 0.326472 119.089329727532 2.100581 0.798221495060131
264 0.546174 110.020569228425 1.748583 0.727586011757706
265 0.335156 133.911235184564 2.117787 0.764729499325393
266 0.497418 118.476254935949 1.877416 0.755283264708712
267 0.401494 105.957699614608 1.994401 0.762806183816368
268 0.285938 114.182594914836 2.156724 0.748658929831643
269 0.37333 109.66199957794 2.02081 0.740383074560713
270 0.412785 97.9099557067292 1.947826 0.720260141838854
271 0.409759 115.519631158679 1.983067 0.742195519677655
272 0.398313 114.573800570511 1.998128 0.742451575647877
273 0.370822 105.492199715116 2.001601 0.700709896609192
274 0.417195 109.831736789969 1.958812 0.758888013311565
275 0.546183 108.464101504716 1.726799 0.705152236930136
276 0.50285 116.48058391629 1.834977 0.733954116305528
277 0.391588 111.361413668328 2.0046 0.745292784240099
278 0.289785 116.794440241388 2.156349 0.775417667310885
279 0.385591 113.669532236828 2.032682 0.767740263625694
280 0.492278 110.346195517273 1.836547 0.729733246054916
281 0.397974 115.288449258498 2.013305 0.766773242021815
282 0.279451 120.334923248466 2.154418 0.758456732257606
283 0.410835 109.569370768874 2.010218 0.771935070317056
284 0.387039 121.799414301891 1.995855 0.81354213876202
285 0.45384 117.278081589994 1.924983 0.793287022987926
286 0.361095 128.002153737939 2.075822 0.763116583724413
287 0.556072 112.503904608505 1.742889 0.740861792722361
288 0.501848 114.110165990618 1.87351 0.753614092506584
289 0.362681 116.462514782564 2.060175 0.757866857162541
290 0.226229 125.504364597664 2.210408 0.80851978819653
291 0.45565 119.40949361382 1.954873 0.699690498848428
292 0.452825 111.42244275586 1.92301 0.766514560111338
293 0.456795 121.989593238233 1.924827 0.773245598073779
294 0.371351 116.31689632339 2.024521 0.786573123326048
295 0.432323 118.227127340142 1.97567 0.727245454664632
296 0.49185 112.787825452822 1.867815 0.734729435149286
297 0.48205 110.910905540692 1.906702 0.690312264251079
298 0.29806 121.582741241911 2.149311 0.724460536489508
299 0.4217 111.47886527627 1.971211 0.763993611323437
300 0.377263 120.807523562978 2.059327 0.752271089148368
301 0.288938 119.128736932001 2.156792 0.785224803176374
302 0.470419 101.009337911463 1.897752 0.696718442967483
303 0.461044 102.814597262362 1.884482 0.703824684343895
304 0.28505 126.922188304581 2.16157 0.739012802721073
305 0.449845 104.9213608927 1.895115 0.722296250783204
306 0.346918 114.027765276096 2.058893 0.737314943193378
307 0.483616 102.49920481819 1.876274 0.669033138831845
308 0.529575 104.8287457296 1.779177 0.723539793983752
309 0.526961 115.404178091269 1.784654 0.726179219133159
310 0.481126 113.143910067546 1.890515 0.751302133887986
311 0.274448 124.916582222799 2.153011 0.766432089955281
312 0.282005 123.179757619555 2.172698 0.784769845073043
313 0.334762 107.872019874239 2.080081 0.768517401956961
314 0.66623 98.4017237283375 1.436225 0.680235105467465
315 0.515132 109.76382547818 1.782311 0.702710615430218
316 0.44635 111.290016359988 1.956274 0.729447559039042
317 0.445835 108.270206199992 1.938592 0.707906265708083
318 0.285528 125.201252522208 2.170989 0.778131657876401
319 0.313715 109.836858022436 2.134277 0.755933318024923
320 0.482122 103.777738930164 1.849859 0.70830178626067
321 0.4404 123.540767748149 1.9517 0.769247660699799
322 0.377176 113.115412206114 2.022406 0.722748269721048
323 0.47294 117.905404313705 1.911702 0.742067489623458
324 0.789717 99.7497278140854 0.970968 0.67631272324753
325 0.420677 104.481051494492 1.948951 0.729178804295906
326 0.379934 105.128035093977 2.046835 0.74827330497913
327 0.759656 108.453990274968 1.137334 0.704659522497646
328 0.5085 121.237001511237 1.821285 0.78573665836679
329 0.418937 121.490594737836 2.010972 0.756109208523413
330 0.617224 108.737845706701 1.599224 0.656293929515911
331 0.327167 117.981598939534 2.117614 0.704077098490394
332 0.476076 117.926031886459 1.892141 0.733179515414777
333 0.496692 111.62064920805 1.836078 0.710796844961106
334 0.407718 107.344193774227 1.986302 0.748356728838083
335 0.291949 111.135421302595 2.075175 0.744803308458791
336 0.528574 112.291350469042 1.818136 0.758298780149606
337 0.395391 118.149592133323 2.000865 0.765334243294613
338 0.260211 120.259939487917 2.177792 0.707189065337207
339 0.399262 115.439632505376 2.009618 0.740393620343201
340 0.324055 120.387227835573 2.117431 0.75949303416692
341 0.423194 109.0078367444 1.961078 0.699488560254806
342 0.35889 114.550050885109 2.069075 0.744414138246868
343 0.324333 114.58084730504 2.104977 0.779795181187489
344 0.232567 118.237458007455 2.213712 0.814264201290474
345 0.376802 108.01198205726 2.021802 0.731958755653391
346 0.338942 114.266765524734 2.092962 0.748434631121571
347 0.305271 132.614850810597 2.140388 0.778332343431238
348 0.523119 124.583888531046 1.785984 0.739958547303172
349 0.35035 118.695735531061 2.09711 0.767762941522067
350 0.398676 110.407380460912 2.016266 0.740285679473415
351 0.316372 121.075541487983 2.133622 0.766944160968611
352 0.424606 106.417554650437 1.957563 0.742799825690449
353 0.41215 109.981102479271 1.994167 0.706357432828987
354 0.532058 110.139266598927 1.820165 0.750353196467803
355 0.506608 116.30674642115 1.856291 0.760576668170097
356 0.593504 115.459885902371 1.666216 0.773288699598431
357 0.357597 115.778095486938 2.060843 0.751708222172607
358 0.608356 100.82960168568 1.612169 0.599495912362672
359 0.518732 103.146093976545 1.754718 0.709682205885243
360 0.350903 123.459262227667 2.100945 0.791051558742073
361 0.323274 114.965162803642 2.104515 0.745587359671441
362 0.345778 116.562749598494 2.0647 0.758045100494406
363 0.400027 115.194427982478 2.001561 0.756628076694538
364 0.388776 113.796702668846 2.039155 0.715671527525248
365 0.237963 125.834261869963 2.204649 0.789724605409343
366 0.201215 127.933320348998 2.237158 0.775858187253469
367 0.612206 100.263465969136 1.613392 0.724987437647114
368 0.139436 129.977609066155 2.258797 0.809387192558963
369 0.60236 109.81326885298 1.638563 0.719782995736124
370 0.444561 110.102946839841 1.925069 0.746345211861289
371 0.515285 99.7987541774139 1.849259 0.785241913515513
372 0.427514 129.963602688589 1.981675 0.786002198013197
373 0.50154 111.722889551303 1.845837 0.759720756943192
374 0.383222 118.152363594637 2.029264 0.747992537187241
375 0.405229 108.133359015742 2.018998 0.715198210590938
376 0.343768 127.503760349688 2.108105 0.750290790382103
377 0.397733 116.425549107386 2.045404 0.719308649674574
378 0.459165 107.155403306584 1.89748 0.744571672275107
379 0.628004 102.031091313624 1.479784 0.574885965555497
380 0.543797 94.066866130329 1.774312 0.649636397347921
381 0.315006 111.214001981341 2.110302 0.758938938858686
382 0.396813 111.088333093765 1.987538 0.720178368376254
383 0.488887 111.718457404881 1.86658 0.718854780059606
384 0.231222 123.352166720051 2.211721 0.816925892443022
385 0.300116 118.942427293291 2.149606 0.77143230193334
386 0.545617 110.120124576669 1.762371 0.707897620995855
387 0.416789 116.004825133854 2.008347 0.738517859573114
388 0.505932 116.426934378958 1.849306 0.751627079244523
389 0.682643 98.36471142499 1.416244 0.670157841174535
390 0.486291 108.00000882655 1.873965 0.750334828189203
391 0.387727 118.670399872862 2.04581 0.748900019318609
392 0.580434 110.969918288447 1.677835 0.723607923083038
393 0.398961 101.751625687383 1.997906 0.71361999613597
394 0.448074 107.859395076743 1.88937 0.693563306357607
395 0.611065 104.127764450654 1.621242 0.68697452984147
396 0.456311 106.769119880327 1.948196 0.707130676042975
397 0.42436 113.945870920269 1.954621 0.73036449991171
398 0.449855 101.848160943309 1.8881 0.701328785720558
399 0.217518 114.743749361563 2.221338 0.747897472427315
400 0.450071 103.180113047593 1.923257 0.749613813449212
401 0.331381 115.907290194205 2.079195 0.754797148172236
402 0.433223 113.906687254604 1.962437 0.754699611238099
403 0.161291 130.606757136156 2.25735 0.799160155285098
404 0.28706 127.066109630438 2.165675 0.800668765883596
405 0.487276 114.874433749162 1.872274 0.720864352142826
406 0.456245 111.528670778169 1.902426 0.740215553142757
407 0.210053 115.845413781386 2.224298 0.776157970982663
408 0.414898 113.231676198606 1.992068 0.763117404930153
409 0.276913 118.368351381435 2.180253 0.785589739246601
410 0.481912 111.681271079833 1.903686 0.788195058589934
411 0.467192 113.804106389762 1.871299 0.726479350241351
412 0.434917 114.15065212213 1.958354 0.790985630605057
413 0.472453 103.120214119545 1.89053 0.703491617900044
414 0.476072 123.914793680512 1.917344 0.770706923258305
415 0.337062 115.742637651961 2.116437 0.786484602990902
416 0.32517 113.912993765563 2.094014 0.750157815592426
417 0.42179 114.603085395801 2.002466 0.746215227304028
418 0.442579 122.092468360287 1.94702 0.781779589613098
419 0.539756 113.894260610941 1.730297 0.683150621809515
420 0.459596 112.783445487595 1.848181 0.721240689695579
421 0.358984 118.601887520928 2.074911 0.780791894098702
422 0.556187 105.237332613064 1.727662 0.59353890727156
423 0.358145 109.057234890088 2.054466 0.750853929257029
424 0.473886 100.062804173466 1.911691 0.700772263088075
425 0.680029 110.285045292162 1.357806 0.699954414237427
426 0.439167 112.762160767543 1.92598 0.758713556540179
427 0.41779 116.853310646935 1.968795 0.728264418652218
428 0.35849 109.127392877935 2.074992 0.71125780923553
429 0.366091 122.962279582559 2.081732 0.754365136227933
430 0.489405 112.977660393412 1.873259 0.745123032316423
431 0.332027 127.76198392873 2.12403 0.75492433452124
432 0.539032 104.297926902582 1.793505 0.675520064981053
433 0.366237 122.898065091916 2.068676 0.801819376941258
434 0.503465 107.53916748809 1.833408 0.722655291387906
435 0.568615 110.418162787939 1.736113 0.719230062069541
436 0.598095 106.70300471856 1.653851 0.727803119721138
437 0.59695 99.4956487032783 1.629274 0.730655806713289
438 0.451825 100.937888649371 1.928465 0.724617952772123
439 0.53367 109.023276659058 1.802548 0.728263107328299
440 0.517974 111.177003580073 1.763899 0.644187862958438
441 0.318779 118.012708542205 2.101651 0.731434028093918
442 0.42356 110.608741484702 1.963207 0.758930161721495
443 0.297587 119.987005517222 2.150539 0.790629674192027
444 0.439103 118.181104232854 1.976951 0.760001658181876
445 0.661426 101.631672127452 1.476973 0.717388791893708
446 0.532767 117.94245197505 1.768807 0.733634381934971
447 0.484047 111.796829345972 1.86639 0.723882212795724
448 0.286 120.066784482371 2.170899 0.777046493154432
449 0.393033 106.40073219011 1.989353 0.672461395151434
450 0.525454 113.830455264585 1.82846 0.716499742552095
451 0.339467 115.06787731288 2.096578 0.743582053759139
452 0.363389 107.548437162775 2.049319 0.725897445798257
453 0.41277 113.648050273258 1.954836 0.758127775025623
454 0.284888 125.583857678521 2.154157 0.776562008254151
455 0.381108 116.74524477094 2.025014 0.77219064685157
456 0.551641 99.3232416255488 1.768866 0.698505780120311
457 0.49479 111.415168198406 1.865472 0.671743687932112
458 0.359888 113.446538704955 2.046473 0.755917330979552
459 0.594303 98.0287706793739 1.630432 0.674703756834483
460 0.303037 121.986418420019 2.115197 0.736455566782213
461 0.410922 111.02419082526 1.987934 0.714587077285645
462 0.405977 120.860897497904 1.982331 0.688809964220269
463 0.391656 113.770801132912 2.043938 0.733152760201348
464 0.433592 120.410241972533 1.990981 0.748210222828167
465 0.345949 112.618662074174 2.023361 0.734590973016483
466 0.487295 101.376864004245 1.883298 0.686954502785349
467 0.617702 94.7626397589917 1.551434 0.629791831143169
468 0.546927 107.95324764303 1.753422 0.749124088419862
469 0.40677 107.204622206178 2.002654 0.734794839576234
470 0.381698 111.095487142582 2.025491 0.747858582219202
471 0.564132 117.446308712401 1.716892 0.736455166042418
472 0.380496 113.078429673301 2.020549 0.741021275283745
473 0.415678 115.16781470653 2.019411 0.764138722765638
474 0.415059 123.094247529029 2.02385 0.77067638979297
475 0.631634 97.0078465648771 1.552978 0.558022526277814
476 0.494713 116.329788245409 1.8583 0.666223012130615
477 0.518168 93.1026674254728 1.836683 0.699913359294364
478 0.545031 99.8589791781367 1.767279 0.696885868025841
479 0.292384 113.817585811412 2.139093 0.703909978180842
480 0.372482 112.724333076373 2.011194 0.746499237363539
481 0.432377 105.800807152747 1.947622 0.721171501915525
482 0.374938 120.878349788915 1.990518 0.720392609392403
483 0.534953 108.199115546953 1.722231 0.734859915211963
484 0.422997 104.879572158494 1.967365 0.75485548930414
485 0.394541 109.883490316663 1.982145 0.733843986509749
486 0.240224 113.372037443497 2.194717 0.73548887300817
487 0.312229 120.570543282597 2.14285 0.764704860361374
488 0.391427 107.839366693408 2.021561 0.742091036212805
489 0.423885 114.114316888023 1.982507 0.732052345661046
490 0.349336 118.446918509312 2.079368 0.735706785561568
491 0.422432 121.735765414863 2.002132 0.77220618253336
492 0.324887 114.897217428404 2.103682 0.743181736566245
493 0.435145 119.566122851772 1.979484 0.801001790085295
494 0.334122 119.40770028296 2.101105 0.75836522240005
495 0.384466 108.237148002922 1.963558 0.750185955615575
496 0.441114 102.648399539268 1.921952 0.740814280767245
497 0.418931 114.911194969069 1.944488 0.691329209933678
498 0.342302 108.937803330457 2.091576 0.791531344435239
499 0.450311 114.090558982532 1.957698 0.744436175025782
500 0.343107 119.080571598945 2.077117 0.734501705681189
501 0.311569 129.033672326133 2.146097 0.738250055193401
502 0.298362 120.287055675522 2.148911 0.784052503158915
503 0.393052 113.056068450414 2.032818 0.771700971800324
504 0.181433 125.840729620311 2.248105 0.805351916293439
505 0.7236 98.2435728141919 1.270026 0.693520939906015
506 0.723524 89.7189782456784 1.282178 0.567336579362386
507 0.318222 120.740624731146 2.135035 0.77000500454437
508 0.349774 123.079859824001 2.103311 0.752953652689331
509 0.357912 113.950461265272 2.046128 0.768537531361838
510 0.59558 115.500016718543 1.662456 0.719653485284521
511 0.269351 123.583267377103 2.178752 0.786915854199962
512 0.340663 112.205474372461 2.093252 0.730318697474172
513 0.518533 119.149924662325 1.793267 0.771845041248558
514 0.261436 120.516051155842 2.173919 0.734692588746527
515 0.307559 114.949112117595 2.139894 0.746007502347962
516 0.275781 119.473774851603 2.166195 0.758837470363161
517 0.16599 130.401105847208 2.253803 0.786961304584671
518 0.633101 98.7769159539681 1.567818 0.66280452016206
519 0.229053 116.672657105194 2.159212 0.792963146161597
520 0.434197 105.353571173488 1.951713 0.720534524608837
521 0.612823 102.708696374621 1.627145 0.694862849950635
522 0.364906 120.17730092494 2.08489 0.754869179664389
523 0.398301 111.388623999126 1.945376 0.665817476567787
524 0.525159 98.8373565590318 1.800755 0.747726642364687
525 0.421646 106.753986923358 1.993074 0.751311114362907
526 0.425749 112.766015730466 1.942198 0.723446725951029
527 0.29405 115.87448668417 2.161958 0.792998414880564
528 0.492829 103.62535051236 1.826963 0.704233729761797
529 0.553714 119.372441680845 1.769557 0.720532433940668
530 0.421192 112.492023956572 1.933911 0.752927216673761
531 0.557794 111.613914900642 1.756009 0.736482287726158
532 0.319846 114.530339437455 2.091278 0.748114496542514
533 0.410912 120.011724282448 1.960315 0.734217720426991
534 0.399884 119.197998871743 2.021162 0.746967963791826
535 0.466081 111.916126599395 1.910377 0.694761680736856
536 0.391887 113.835870751655 2.032254 0.72575920016559
537 0.488904 112.852886800531 1.889657 0.738037898395062
538 0.403156 123.371668873388 1.971062 0.708011806816379
539 0.362803 118.308818679524 2.051058 0.779316315251078
540 0.403379 120.016778788419 2.034709 0.753966457148942
541 0.462981 113.205578311691 1.915661 0.723896367415907
542 0.528993 106.38542793742 1.815406 0.729278338812075
543 0.547362 104.915156622052 1.762643 0.741488722320062
544 0.537846 110.100255195347 1.727854 0.697477417094854
545 0.522559 103.72811078945 1.790155 0.732699434950662
546 0.415598 105.364828544025 2.000943 0.724477741981588
547 0.185158 131.20610928874 2.245621 0.811307218267291
548 0.270892 113.452144328973 2.176593 0.761775447215447
549 0.538826 107.159363908618 1.759654 0.666772658177015
550 0.502912 114.509537220039 1.832897 0.727465409343278
551 0.464229 119.584032862272 1.917817 0.749613569386948
552 0.485569 117.540078257885 1.826163 0.735144253395333
553 0.42963 115.599659691168 1.998242 0.739300759919582
554 0.492414 96.502814144952 1.814772 0.684663174244792
555 0.317537 124.6318699133 2.115741 0.804188795053694
556 0.525328 118.344951250478 1.822259 0.7561213678384
557 0.371539 126.45633043278 2.067961 0.794743188281709
558 0.461371 93.3596649985427 1.8502 0.73520948006213
559 0.435914 107.842260196972 1.935022 0.701856169529468
560 0.596014 98.6489308347948 1.675369 0.685756278425002
561 0.353088 121.281306710227 2.053352 0.779375302831869
562 0.52858 108.327915605534 1.808654 0.739900035999053
563 0.451207 113.604289974967 1.920971 0.738237644432387
564 0.50035 116.727153760621 1.866554 0.712795086508454
565 0.35874 119.621525029602 2.054698 0.793548326916948
566 0.228118 126.772961018807 2.200192 0.782481684829297
567 0.449826 111.094203575589 1.910405 0.754281874039748
568 0.377368 110.816553446919 2.015207 0.731019511633516
569 0.336375 127.805041115576 2.103858 0.75063294286225
570 0.276064 119.145593875431 2.147074 0.780847501135386
571 0.395879 115.826012080433 1.980447 0.72520673232206
572 0.364365 119.888695820385 2.08227 0.754257975276077
573 0.300575 128.312462520475 2.155863 0.798962387018878
574 0.396871 111.836735920358 2.016582 0.766092780076451
575 0.280188 112.583049480196 2.162681 0.726360259941852
576 0.580033 95.2052938869947 1.694477 0.69301147272406
577 0.418598 108.930978160094 1.958531 0.753876219020894
578 0.447309 113.019654363112 1.928861 0.758481685070747
579 0.421136 108.204898685564 1.93376 0.673139952602605
580 0.422101 116.331678627494 1.992568 0.78230762802879
581 0.485608 114.564403922169 1.88356 0.720363103537826
582 0.398363 129.626412034229 2.039509 0.793184553729902
583 0.555919 116.71085639202 1.766726 0.751507386864088
584 0.411826 108.318206054972 1.976672 0.724102599446743
585 0.315373 118.675496004505 2.102414 0.776468324501113
586 0.646905 109.195049339099 1.546129 0.665774535103522
587 0.43297 106.380214717155 1.993397 0.694075599555425
588 0.526625 118.841476727193 1.809237 0.740262916667385
589 0.547584 114.170930959833 1.767828 0.753118626814651
590 0.314643 122.112102117024 2.118329 0.742054939322535
591 0.479344 115.649877866793 1.874396 0.732385344553722
592 0.550452 113.727794803669 1.743525 0.736770798937616
593 0.324528 125.239665763158 2.117525 0.786363585742076
594 0.368666 120.011384285678 2.057049 0.770636619316295
595 0.249183 133.006091148566 2.204554 0.802346111905021
596 0.268969 126.554517168757 2.185493 0.768235391103056
597 0.426299 114.49849732767 1.982596 0.751324949181799
598 0.427762 106.284684435878 1.942239 0.701221620497348
599 0.411362 113.687178017578 2.014639 0.784636151592919
600 0.39991 121.379693635635 2.027797 0.770920613794726
601 0.313711 116.099648694105 2.130611 0.786697921555912
602 0.331414 129.82168351575 2.124396 0.761745928070741
603 0.479392 104.123307328396 1.876961 0.746795028824573
604 0.429539 123.088202123394 1.943564 0.729769115885273
605 0.429701 119.453354307254 1.988256 0.753599679392328
606 0.231793 114.023456416263 2.20972 0.766763822666089
607 0.149569 126.041196547286 2.266802 0.791283995300674
608 0.49856 105.998975924884 1.859637 0.751740358549809
609 0.448755 112.718327542879 1.940066 0.736148086101867
610 0.494907 104.430438326435 1.865269 0.689922730836435
611 0.346717 114.617026988776 2.086044 0.752661646589714
612 0.469249 116.671175359521 1.880976 0.762462435728089
613 0.422565 118.188484609487 1.976256 0.773308694238997
614 0.368681 110.479486070525 2.048123 0.754445210075885
615 0.442652 117.069061585477 1.910225 0.742056329520202
616 0.406505 114.304311069635 2.006261 0.744097830945992
617 0.440808 106.379807067978 1.942108 0.729920743983135
618 0.681735 99.8306318279697 1.438566 0.644312917168294
619 0.509686 108.321281146698 1.845715 0.74976869622741
620 0.469549 114.726231855145 1.865681 0.66335838158229
621 0.207952 107.512874286339 2.232183 0.795331914466885
622 0.37066 108.022645981967 2.029934 0.733251822538475
623 0.40816 116.429715281276 1.986475 0.760113575914445
624 0.195014 130.744955738221 2.242201 0.778477015451902
625 0.440766 115.242002479765 1.929874 0.728065928918963
626 0.44168 111.103608112871 1.934146 0.736956555247093
627 0.371856 112.404602297125 2.036372 0.71889232149109
628 0.402534 114.852628628734 1.982719 0.733768393249063
629 0.536275 121.734127123726 1.795558 0.672362708383769
630 0.399937 111.689590287417 2.008875 0.761816728153622
631 0.371226 118.404808715188 2.071615 0.775486742556105
632 0.321041 120.558495624118 2.127021 0.760841309836822
633 0.50534 104.584352236786 1.815763 0.731037815056051
634 0.159741 129.639961128439 2.262794 0.784264557186689
635 0.510838 102.978063681376 1.826196 0.700467840277239
636 0.458952 113.957649070407 1.890159 0.723184511408376
637 0.337773 120.813754037402 2.103195 0.71003452695367
638 0.292298 131.993437070566 2.16657 0.82091473928234
639 0.56704 102.480247056418 1.686242 0.708458342539345
640 0.193848 119.41925034585 2.223723 0.754612450510347
641 0.394919 113.73912091549 2.008348 0.742609748137938
642 0.502948 105.123735207603 1.785915 0.71571441416025
643 0.62448 101.906592127353 1.54451 0.667256591711763
644 0.446207 116.035062776518 1.919698 0.779617417799957
645 0.570361 107.141943957928 1.725988 0.687677909950074
646 0.464337 108.110173375554 1.90551 0.767339376613354
647 0.486542 107.543508596555 1.893659 0.719186708517091
648 0.275319 120.789826793453 2.177863 0.762787692526353
649 0.59354 112.511458327576 1.659506 0.760222862453395
650 0.487829 107.160898665166 1.865951 0.734098942597942
651 0.542394 107.788662577706 1.772266 0.67745423173337
652 0.447493 109.531012106838 1.933538 0.74096673635094
653 0.400889 124.051436923949 2.036785 0.772389705749279
654 0.580694 112.286071553039 1.684516 0.741169836214526
655 0.506545 109.501953933893 1.842545 0.717913124672976
656 0.490595 104.887475388087 1.871515 0.724526560228905
657 0.606706 101.216933775019 1.608761 0.701827896901259
658 0.506192 121.686663397692 1.848452 0.747658543943878
659 0.456191 105.217666419663 1.938723 0.645547303305491
660 0.487448 103.923050913508 1.845547 0.693057351218734
661 0.311293 119.749075868166 2.11693 0.785069463883801
662 0.206099 122.456484266009 2.222874 0.805075359358211
663 0.51475 107.418176354829 1.847482 0.681450690177698
664 0.652656 102.147064367743 1.468631 0.738424162468411
665 0.430526 123.895207195312 1.989895 0.747416583554355
666 0.516965 107.373963084656 1.832541 0.731958726353565
667 0.394173 113.311594864006 2.025465 0.783516983839317
668 0.489541 114.356855009754 1.805913 0.714155519215862
669 0.214403 129.854857598361 2.229605 0.819400880801206
670 0.57295 100.90696112743 1.666269 0.714350561650264
671 0.375485 114.769288881894 2.037347 0.770887502613432
672 0.53675 115.810766842703 1.783803 0.760271333704652
673 0.574232 102.256440641353 1.709373 0.720863805577714
674 0.216367 119.239688777377 2.224165 0.804773952555728
675 0.476414 110.705818886835 1.878739 0.746662496196514
676 0.477348 93.7459574218996 1.828446 0.719505614261788
677 0.435338 114.720916050759 1.974066 0.77618743440764
678 0.486252 116.187671386352 1.873927 0.747610580221277
679 0.249058 115.440763677784 2.197421 0.781676956083508
680 0.619602 100.464481659801 1.567417 0.674559450585278
681 0.366639 117.906417152653 2.0425 0.763018592076051
682 0.46734 113.626091909026 1.86465 0.76556203479552
683 0.413777 114.591536156069 1.977648 0.772140203190921
684 0.380846 118.276154555821 2.017534 0.751346242315831
685 0.392017 122.760688619863 2.038791 0.682938016592507
686 0.406977 98.3942891490015 1.947129 0.666304303307689
687 0.521894 112.325931870289 1.830436 0.71683478653109
688 0.350801 111.895430450021 2.058895 0.696154078899362
689 0.343751 108.222305911659 2.082213 0.743172138924289
690 0.320042 113.097459067897 2.112653 0.735676858050054
691 0.434759 118.232081166108 1.965057 0.737335614159597
692 0.431855 106.280894138889 1.973112 0.70446096685476
693 0.084725 128.53411936585 2.291307 0.793902954386468
694 0.415319 114.057503077816 2.008219 0.740748095923261
695 0.181761 132.848721514194 2.250263 0.823757130006231
696 0.496451 106.791721490688 1.79463 0.726876610688142
697 0.523022 114.278715904568 1.835903 0.72912319394579
698 0.310765 109.220791890764 2.070618 0.743127000268743
699 0.405268 106.050486498023 1.965846 0.695245901633751
700 0.368554 121.469865767743 2.018131 0.764335905386919
701 0.255612 108.905027731708 2.14606 0.746299777277199
702 0.468601 114.361353897195 1.879156 0.75530816115945
703 0.313317 112.417902845281 2.122967 0.780923131486131
704 0.303323 111.918925801325 2.127765 0.757785088153032
705 0.492645 117.099746927815 1.8872 0.765970162241057
706 0.473071 107.744743563024 1.887094 0.716328606176078
707 0.182567 130.956504155508 2.248149 0.798984073522049
708 0.381706 111.448129246311 2.039257 0.706630150763318
709 0.400356 114.010818982733 2.012844 0.696652734800891
710 0.60486 101.208956558794 1.633821 0.711612338180458
711 0.177411 128.879284568508 2.245731 0.819695259712622
712 0.362043 115.990987818917 2.031627 0.759762215296032
713 0.604395 104.211508406479 1.580522 0.747698896296967
714 0.504888 104.286899496731 1.821815 0.678537313155282
715 0.432095 112.067495248881 1.887797 0.710902212852614
716 0.489579 120.76786591562 1.8882 0.718879645222167
717 0.550331 100.722282745478 1.746455 0.752486675877422
718 0.312556 117.404015486638 2.10274 0.726123042618296
719 0.526437 117.414397285329 1.811289 0.741303311735795
720 0.728251 93.7533688437719 1.263772 0.54971591430709
721 0.590775 101.332986152251 1.65171 0.709119716004452
722 0.434145 100.884626865252 1.906707 0.720566152483546
723 0.519598 112.052843665975 1.832755 0.781675097963934
724 0.530969 112.107393843236 1.728868 0.768846584429893
725 0.22651 127.876072703529 2.220285 0.82002073482851
726 0.58358 102.954694133518 1.654286 0.691471734544512
727 0.315628 119.511646999668 2.142823 0.798012785544643
728 0.564848 112.876164524245 1.720434 0.757655373628366
729 0.48003 94.8007597223944 1.842167 0.616862497283476
730 0.405144 112.90211713418 1.995732 0.776994583023846
731 0.39567 110.460238332362 2.023695 0.746435958636517
732 0.623692 97.2379600042577 1.58544 0.592765669208763
733 0.563694 100.905761241838 1.690076 0.680873762554596
734 0.32059 113.985139964548 2.100499 0.703758486647038
735 0.145161 134.671034239083 2.269554 0.814598484540851
736 0.331007 117.30506392444 2.110534 0.780814874708839
737 0.533526 116.587308825512 1.804065 0.775097102233926
738 0.43245 111.943286104381 1.962425 0.735009599880592
739 0.29097 119.222330425316 2.122509 0.766349638778684
740 0.272724 131.82994941318 2.18291 0.75979715453174
741 0.498754 112.016163768393 1.867921 0.732856698251002
742 0.408231 111.880480418172 1.970898 0.755552862693057
743 0.313157 117.149016465303 2.130041 0.756737528223154
744 0.354412 118.571400845662 2.069088 0.766251998202236
745 0.359513 119.319334594809 2.063102 0.742542566654065
746 0.611622 97.4245161276112 1.616808 0.702922397276387
747 0.414615 115.280661304204 1.956173 0.788294519979205
748 0.495225 117.395182101171 1.861761 0.789948859707236
749 0.33344 115.635252287732 2.104191 0.741535655147483
750 0.462221 128.54287338099 1.942329 0.724616811516369
751 0.499914 115.498664652474 1.806484 0.687453073921145
752 0.565607 122.418169531158 1.707024 0.751523422660073
753 0.318371 111.042946520955 2.132743 0.770947036816756
754 0.698705 99.7059524323534 1.296434 0.657682960233792
755 0.503273 120.38806155247 1.875609 0.698856613043955
756 0.499251 114.405689552615 1.863999 0.715704354823848
757 0.425009 115.665338472152 1.949576 0.742371108127287
758 0.234977 129.660211078966 2.216379 0.740867871932045
759 0.485766 118.368127553203 1.86016 0.789365085398053
760 0.500243 103.096703243978 1.813946 0.680130082683534
761 0.477376 114.451074760748 1.907991 0.732632131008834
762 0.339638 106.117234950516 2.06999 0.735303914815448
763 0.286661 112.344538217763 2.149816 0.775081493896473
764 0.600232 109.542066532614 1.616587 0.728345208230104
765 0.416502 112.520333563412 2.007672 0.788656548996668
766 0.347939 107.452603524283 2.032452 0.755688692659982
767 0.348426 112.056573518787 2.084704 0.724023746529637
768 0.329788 125.307343774926 2.115006 0.80649556935579
769 0.367165 125.837261763175 2.084542 0.75611156405012
770 0.424408 103.145254479761 1.926931 0.716373120364267
771 0.553881 111.398903179263 1.758007 0.707532765397842
772 0.431377 107.392268783367 1.963408 0.736272326574422
773 0.504879 117.346134125943 1.849614 0.733494665361658
774 0.571104 114.050426191326 1.70704 0.704772672499791
775 0.391893 110.275989020492 2.015433 0.749861966350224
776 0.372832 122.268362937067 2.035402 0.781047438593133
777 0.399605 112.431238318337 2.018959 0.736933684421832
778 0.474823 109.977149068136 1.893731 0.742397697044048
779 0.386709 106.897309021208 1.999949 0.749360117470283
780 0.305746 115.745226329384 2.113968 0.773968690292474
781 0.41491 119.556462751308 1.970423 0.736182743236047
782 0.4438 104.061087073478 1.967043 0.715055035235754
783 0.453068 110.628956602039 1.913281 0.67386493748733
784 0.485455 117.129508294362 1.889318 0.726343667426491
785 0.535401 117.732899313968 1.802396 0.795986404716003
786 0.478231 114.921734062061 1.887818 0.750445733596145
787 0.479106 107.004210351154 1.894802 0.730484098158527
788 0.391618 115.706754628857 2.014704 0.714772614052867
789 0.557277 109.843384547701 1.715029 0.686905622379431
790 0.588979 108.172871354603 1.686934 0.76175312457437
791 0.283772 119.463685147745 2.170463 0.773273593142663
792 0.290854 125.924775015597 2.165549 0.768396231819
793 0.284746 124.642309776073 2.169943 0.768105540086145
794 0.44636 115.226608084294 1.932232 0.7203230372652
795 0.378764 113.321145931014 2.003237 0.720918013649989
796 0.095288 135.019075876229 2.287843 0.840797285181914
797 0.499128 117.55287048374 1.798278 0.716424337124523
798 0.27691 125.305345526973 2.166067 0.791140744888425
799 0.409454 117.386545048498 1.994415 0.753214448921411
800 0.472722 111.963234552998 1.877844 0.759412639638379
801 0.625198 100.251974173239 1.606578 0.655645074433656
802 0.496565 115.661016857028 1.783291 0.775549665300675
803 0.306041 111.977440378145 2.133709 0.741895152431683
804 0.493927 105.913583743242 1.840047 0.716450064258099
805 0.493118 124.519320138426 1.820644 0.786313903340483
806 0.490921 108.626925914154 1.836522 0.692431303496421
807 0.461283 113.584192564402 1.943551 0.741557532150853
808 0.59165 113.477195525474 1.677187 0.608488465076478
809 0.366813 111.549000485166 2.051229 0.746235542212993
810 0.411813 112.10954749342 1.978491 0.801251760232174
811 0.377773 114.969614732845 2.059736 0.751436787935321
812 0.479114 121.78131189923 1.887783 0.775368087261764
813 0.463541 108.446233260211 1.929395 0.752655248464036
814 0.234029 125.101397625147 2.211874 0.790942758526237
815 0.371903 107.172782790972 2.036013 0.683214610833102
816 0.487654 121.478768142847 1.872457 0.756294726487903
817 0.592463 122.307148160624 1.668331 0.758961921015722
818 0.310129 120.297146618963 2.135125 0.794257308736884
819 0.503295 111.107239547218 1.875293 0.723110044761331
820 0.177266 126.561804896511 2.253484 0.816356334199023
821 0.368521 127.746458966882 2.051194 0.703000843848582
822 0.584464 109.171376423869 1.683533 0.701584025169559
823 0.559806 100.27637958884 1.739278 0.72309803513072
824 0.52855 104.071916128872 1.788601 0.754250835126356
825 0.465529 101.984798546213 1.856453 0.693057029405711
826 0.361998 111.191776220434 2.071294 0.760075570821759
827 0.445532 111.916491147826 1.925228 0.732593319411749
828 0.519973 96.8698752190733 1.795788 0.661914819187109
829 0.396872 113.86770027392 1.996901 0.762155623859985
830 0.578984 105.431038198386 1.684595 0.684013725858834
831 0.288313 118.080350766361 2.130721 0.717989727935587
832 0.461234 110.594873802318 1.896812 0.721275274645271
833 0.549597 113.828759129164 1.721089 0.760051709688936
834 0.620119 114.039091547849 1.575915 0.731229050219509
835 0.3475 115.707403133365 2.05432 0.746474769582981
836 0.292313 127.28638063341 2.160702 0.749744821715642
837 0.269242 114.168683898154 2.180868 0.727701943285236
838 0.421904 115.622463270824 1.983651 0.727621754654976
839 0.340293 115.525875791282 2.112493 0.78027649340468
840 0.249356 129.689674647365 2.190375 0.804907405963583
841 0.592446 103.988132177753 1.650311 0.760704585335105
842 0.568976 115.196770932807 1.731552 0.709385096891283
843 0.258234 117.504468223018 2.189389 0.809853244232981
844 0.239199 130.395000070377 2.210645 0.734995601466355
845 0.491974 109.130713481903 1.834223 0.730553094061744
846 0.423569 109.519240445267 1.961781 0.643056371169984
847 0.40796 117.287424684278 1.988241 0.761690516758209
848 0.435886 105.764266931365 1.979384 0.761493462126388
849 0.430352 121.569207203218 1.97567 0.779539865255172
850 0.481984 115.128480140936 1.895712 0.743883556429059
851 0.526204 110.954721252023 1.771366 0.723970347148471
852 0.362525 121.569804517138 2.085699 0.763277833940189
853 0.363972 110.200950154286 2.068549 0.768199212797936
854 0.64951 107.96444529664 1.519392 0.707837552343332
855 0.43417 107.319519403478 1.933076 0.766229932708879
856 0.622094 109.866985730266 1.598081 0.751638155634816
857 0.342884 118.838046906589 2.087118 0.771842772202478
858 0.406245 121.243382777228 2.00742 0.736162548903674
859 0.472291 117.431432072218 1.895464 0.738265315107012
860 0.32627 120.935742399257 2.131472 0.767870880231605
861 0.448646 110.535881311926 1.912101 0.696971449259753
862 0.451093 111.246302051561 1.960758 0.736797937025135
863 0.519464 108.023215220135 1.831206 0.717894510353715
864 0.289769 112.1340944652 2.118761 0.762287025352135
865 0.522994 117.810069517197 1.795846 0.762464567971931
866 0.399375 113.879553586981 1.990312 0.737738588451071
867 0.50461 112.336939440097 1.836392 0.756601127905564
868 0.513822 102.39631812992 1.789253 0.695167748225531
869 0.336311 124.819659182427 2.089801 0.774136763140345
870 0.53332 107.917297917386 1.816173 0.75937829218047
871 0.466745 107.776396317401 1.860099 0.698713780981057
872 0.344207 120.444036639496 2.087969 0.725755089672791
873 0.317944 111.866829856243 2.089056 0.758489639388899
874 0.479138 104.411792608726 1.896866 0.705354240872721
875 0.425362 116.849520233493 2.005039 0.736760379566391
876 0.312823 113.298355668068 2.105812 0.766880145416709
877 0.367057 116.041050880874 2.073407 0.755544349230946
878 0.398896 112.443889153256 1.979385 0.765404989955286
879 0.286429 117.915390768075 2.151588 0.757399749038355
880 0.290016 125.111961594212 2.163882 0.805971627964528
881 0.59193 104.156960893261 1.667247 0.677719641671936
882 0.489679 114.995127553999 1.864962 0.782521841743776
883 0.424894 106.96087647236 1.982425 0.66284626193387
884 0.490747 107.19868439454 1.882599 0.696893425019092
885 0.544579 98.2992325963779 1.731909 0.676417735740087
886 0.327376 115.745461546912 2.116942 0.783925286361517
887 0.367064 118.809667844579 2.049403 0.717773727354536
888 0.455059 100.846169328294 1.950119 0.72625327640479
889 0.511341 108.434771192754 1.845628 0.748810288566567
890 0.379536 110.776133169216 1.965855 0.697989889714807
891 0.41074 108.588836351272 1.994432 0.727917340557486
892 0.410808 123.229106072662 1.990766 0.753574311831435
893 0.35929 99.9745784132892 2.050332 0.718358300866525
894 0.290795 117.174874585523 2.163236 0.784534958609487
895 0.336201 110.913113333342 2.089203 0.736030946512031
896 0.405252 109.111284821769 2.03349 0.72685633555799
897 0.428787 111.767872042997 1.986125 0.718666072998607
898 0.405127 108.289793164188 2.005543 0.699066358317527
899 0.388374 112.646527353361 2.002892 0.730845881154481
900 0.60504 109.22272902661 1.638191 0.692118610773348
901 0.532487 105.88136930589 1.797152 0.667584988314956
902 0.273132 114.115665913888 2.171049 0.747019876315712
903 0.390038 120.343179825126 2.04069 0.757718181505377
904 0.348876 118.006125116504 2.055125 0.778355342273841
905 0.31161 114.57571904411 2.101158 0.76018708855843
906 0.475929 109.080366073501 1.903099 0.733707072491516
907 0.425165 121.195836502357 1.940418 0.784747810076047
908 0.496645 109.97839263734 1.865802 0.717015094718382
909 0.556631 115.125475371796 1.722046 0.755130444645459
910 0.39307 117.607775527405 2.020019 0.767845004235926
911 0.49045 115.165378799832 1.897353 0.731400557049668
912 0.453697 109.588278945818 1.897131 0.682641426212571
913 0.422422 117.650805740296 1.998618 0.727870140956908
914 0.451314 117.180890800075 1.933288 0.74781276772587
915 0.557496 113.746065259771 1.717634 0.720333210370462
916 0.570954 105.947837028756 1.697681 0.709113302053684
917 0.306658 104.62501420056 2.09269 0.745961409472986
918 0.501069 108.363599436926 1.882174 0.642639592655678
919 0.599287 116.444330755954 1.638938 0.707626888442144
920 0.494199 117.350759068512 1.876789 0.774205506258264
921 0.415115 127.681345101111 2.008834 0.706200811161601
922 0.483155 117.7687624688 1.898738 0.611614077931364
923 0.448837 117.116137491727 1.942279 0.801544129910174
924 0.49852 108.329605219034 1.821516 0.712187390323175
925 0.395862 123.827267655537 2.03174 0.750775099231376
926 0.427982 113.003488580431 1.949644 0.771133694735762
927 0.340697 113.600208127859 2.074261 0.754077502763338
928 0.423782 114.69264533764 1.992642 0.732525510003197
929 0.527034 115.880609111245 1.783699 0.769475476980677
930 0.5136 108.745314961666 1.855185 0.760276840011141
931 0.655119 112.875606439921 1.504337 0.730975272859078
932 0.395054 128.233757543274 2.028129 0.737030596624231
933 0.434654 100.906024924878 1.920323 0.7572305408924
934 0.675168 101.032202441488 1.435394 0.656279597883843
935 0.354607 126.94096729966 2.096115 0.81623581826068
936 0.514425 106.28789189886 1.830752 0.70667980615506
937 0.347072 117.117077130188 2.0884 0.746692720044572
938 0.527607 112.180427089763 1.749692 0.730498562517598
939 0.456714 110.4608490341 1.937318 0.747750626190736
940 0.42626 105.758237826286 1.995243 0.758484411321095
941 0.367809 121.448951834094 2.053219 0.743671648063731
942 0.538094 103.717797274131 1.789538 0.716601076948126
943 0.366411 98.7461547634133 2.050399 0.712285967550339
944 0.476824 110.357800791845 1.879044 0.74254082973585
945 0.474154 111.787937510707 1.830685 0.72151163748055
946 0.611089 112.637247751675 1.633518 0.771996466201679
947 0.271211 120.952721529792 2.18546 0.788706570827582
948 0.652049 108.247108535118 1.471686 0.612409723774866
949 0.41481 119.732548322381 1.979135 0.779677159334282
950 0.335857 121.653470371929 2.114022 0.746762012104069
951 0.401847 111.612437113203 1.987644 0.733902399756206
952 0.465839 111.51874098229 1.886388 0.718638726123874
953 0.41841 118.902047213434 1.9917 0.710130217583555
954 0.456148 114.786835124845 1.937793 0.74341244586941
955 0.323201 112.621110450268 2.116119 0.671892773537163
956 0.405967 100.796400052971 1.988273 0.752001905702657
957 0.453981 116.815252676608 1.940112 0.736107486376962
958 0.461088 103.409825052381 1.916252 0.713116475508727
959 0.437304 107.457400064981 1.936281 0.732547912685525
960 0.475034 109.873023386231 1.863366 0.765806960786494
961 0.34012 124.022093044538 2.104651 0.776233602539663
962 0.536836 114.426732206996 1.746454 0.740175222013792
963 0.432165 112.585408873383 1.973115 0.762694373570251
964 0.485704 115.544847241111 1.843003 0.710487282457107
965 0.35397 115.017184973206 2.049811 0.795453206205621
966 0.525641 103.774092706143 1.822678 0.665365946941739
967 0.319145 122.992775666332 2.136235 0.754287674428925
968 0.417428 115.78787427954 1.954219 0.757006783400964
969 0.4588 117.872056288269 1.910485 0.736717802695661
970 0.491945 110.708476664063 1.849762 0.728651334384252
971 0.451952 112.139774116716 1.930804 0.695769941310086
972 0.342732 118.290418208607 2.040718 0.762389564105492
973 0.44768 111.74566331082 1.968575 0.742489344281043
974 0.444221 100.39048899509 1.944292 0.739802037476127
975 0.355978 118.288643074259 2.059655 0.784533433360179
976 0.369792 106.341299473472 2.039969 0.728798127893133
977 0.280289 129.543378394845 2.177331 0.8164719690848
978 0.433372 114.660161301972 1.936119 0.740315632518029
979 0.497347 114.949001102203 1.844336 0.765764111288298
980 0.378132 117.599955303169 2.036166 0.793450992529827
981 0.402184 104.44781444174 1.995036 0.719980481473527
982 0.324059 117.637929014532 2.121235 0.768936938557363
983 0.59831 97.907730046839 1.608497 0.710290240689463
984 0.461868 107.822724223007 1.909334 0.733601906380002
985 0.513881 94.8158144448109 1.83681 0.699030680348016
986 0.205343 134.003705426975 2.235677 0.805207440569397
987 0.465976 108.496528263933 1.887479 0.736623231854709
988 0.381114 126.977332783976 2.06061 0.796799785674247
989 0.366039 119.824601762606 2.078993 0.744627294434623
990 0.356796 114.5525670371 2.051437 0.745493980219261
991 0.44821 110.807556661243 1.943319 0.748570287114387
992 0.301734 120.669384375059 2.15589 0.806100307381653
993 0.366815 117.586447002857 2.060284 0.772673695229995
994 0.466684 114.967095480794 1.913581 0.72382351524492
995 0.371972 118.449820054082 2.064604 0.735750337927154
996 0.572681 117.444681529096 1.681433 0.754656200030186
997 0.327805 103.994308400776 2.026386 0.727835826355081
998 0.422977 122.482272494179 1.988019 0.768853413515751
999 0.385877 107.939899393608 2.03122 0.73216406244935
1000 0.288914 124.681795503648 2.168575 0.758500542760913
