rep aei_left left_area adi_left H
1 0.457314 117.468259493746 1.942141 0.709917093636127
2 0.344019 113.392942609907 2.106633 0.766024564461892
3 0.208873 126.01479310851 2.22767 0.817350513359213
4 0.51539 111.580357369663 1.830942 0.764811513372682
5 0.420738 116.62399366194 1.966008 0.744627237443365
6 0.521881 113.055616079442 1.803103 0.731692985369702
7 0.29423 123.664531555119 2.163687 0.790071433906633
8 0.314726 117.842415414827 2.124548 0.799934237249391
9 0.297017 108.969054353013 2.101933 0.777550152432993
10 0.570503 102.633863110544 1.704535 0.713041333610995
11 0.526977 108.01176230655 1.778316 0.719516139138817
12 0.736623 89.5105218388165 1.231979 0.614404792135635
13 0.366778 119.592332956545 2.059298 0.751307246661298
14 0.252906 110.540984878436 2.190299 0.815916918940237
15 0.164455 127.053607850559 2.242688 0.829407256103726
16 0.265003 116.730256683545 2.18703 0.779160513453009
17 0.300188 127.608848076398 2.131755 0.828577408386186
18 0.43944 111.934703599651 1.954301 0.729799621292031
19 0.240117 118.840923950136 2.193684 0.761664359297586
20 0.661738 105.978904543891 1.415106 0.704044799417375
21 0.375575 113.289198671029 2.032623 0.771323154868922
22 0.590623 117.435571273782 1.688744 0.742518824306915
23 0.364309 119.595428655522 2.051016 0.777291308688094
24 0.385072 114.728752687097 2.040283 0.772638370517915
25 0.625049 103.691799413789 1.540783 0.707029382480766
26 0.390969 119.536401645662 2.047161 0.77303247449252
27 0.501392 110.361022778339 1.842407 0.733954474936326
28 0.404113 113.462130936176 1.975656 0.764252660667971
29 0.358273 114.455593981175 2.065502 0.773222439216805
30 0.428068 102.215301059388 1.97962 0.760752273144904
31 0.376333 114.722284427344 2.042551 0.787576322435925
32 0.436655 110.439347522001 1.95838 0.751413956221917
33 0.365874 118.096620529183 2.053239 0.721282924823099
34 0.420312 126.196605674932 2.004581 0.750543875049235
35 0.427248 107.776519217868 1.936921 0.739990075554789
36 0.439059 109.899668668144 1.927059 0.752307993993559
37 0.451177 117.465928647918 1.943177 0.760834567665072
38 0.302042 112.820174434291 2.130686 0.78742649815514
39 0.470216 118.158057456021 1.920056 0.784591696179198
40 0.62647 110.852492650748 1.558531 0.699566240875347
41 0.505923 105.823394775701 1.844352 0.738151805771226
42 0.423761 107.12653656018 1.939816 0.76520401320832
43 0.345606 119.454623045153 2.107459 0.763393740598996
44 0.321191 127.176611705596 2.109874 0.78883782169259
45 0.308973 121.123588572959 2.138291 0.818585883239454
46 0.458698 107.582104274885 1.908279 0.717802731872384
47 0.388887 110.556536356621 1.990072 0.761765528099161
48 0.242918 127.535912972899 2.209662 0.804201236734347
49 0.32718 117.30585995736 2.097629 0.787017865175512
50 0.642583 102.238330526071 1.529938 0.668256213055063
51 0.488206 116.238672767962 1.870732 0.725467093684978
52 0.351502 117.824145173498 2.093294 0.795516708314986
53 0.357238 113.45911472068 2.089166 0.77050190460995
54 0.461148 116.997723557477 1.901511 0.758330937463624
55 0.486169 101.815792113851 1.889422 0.749102458922252
56 0.494121 117.48575951102 1.886876 0.727889661407852
57 0.391211 119.687760926069 2.046344 0.823825689693226
58 0.387174 106.80292970715 2.022454 0.739141832618292
59 0.492207 122.886590310362 1.888131 0.745265188452018
60 0.465605 112.162620043708 1.900363 0.755477278406061
61 0.427742 119.236049947158 1.97397 0.786102006942545
62 0.377036 121.225784315107 2.006722 0.782285390087814
63 0.439009 116.0096290129 1.925046 0.746440623594809
64 0.449969 116.342409769423 1.924838 0.775013385389875
65 0.503221 112.011839892653 1.843698 0.726204440253645
66 0.560696 93.096703727413 1.721237 0.694312326831098
67 0.472311 115.902629771722 1.922928 0.786988398972202
68 0.385283 113.133676091017 2.047124 0.768710824470835
69 0.545261 109.031595590173 1.786092 0.728509725236025
70 0.29602 120.379545429092 2.138198 0.778519981026832
71 0.530944 106.329046072371 1.775394 0.749345366466618
72 0.506617 100.221669346677 1.81937 0.755688576554163
73 0.541747 112.78079720851 1.771509 0.749754027161562
74 0.499653 113.046420672795 1.868866 0.728673102759197
75 0.621119 100.294668240918 1.587995 0.731994247161881
76 0.521192 125.357453626664 1.824274 0.74909505348009
77 0.402465 115.647937075657 1.969675 0.745437539066367
78 0.402074 117.056890161833 2.025978 0.772802532690216
79 0.345264 123.86388574784 2.102832 0.797355175256951
80 0.440398 107.762368469858 1.929689 0.74087449157173
81 0.29788 122.204409898517 2.154413 0.801429652551573
82 0.403222 108.559411046529 1.976914 0.752077582419693
83 0.411035 109.253997759536 1.967129 0.77451286475898
84 0.391089 111.387471018437 2.016749 0.753976603231571
85 0.456525 112.686051550296 1.952172 0.750018945065383
86 0.248451 129.266977276996 2.191369 0.80743362352799
87 0.313644 124.575036229359 2.134951 0.819728050816169
88 0.455962 112.952929912113 1.916758 0.741237552979623
89 0.278987 118.211294566086 2.177533 0.785987719270568
90 0.361485 120.235025036124 2.062501 0.786757497354915
91 0.387157 120.735454335045 2.049644 0.752274326820411
92 0.545638 108.72558402077 1.772996 0.764452871498289
93 0.409619 106.562772137129 2.006759 0.723115301663911
94 0.177954 130.786680193574 2.25191 0.843394375524325
95 0.382446 113.643164007888 2.047372 0.74994878787539
96 0.395322 112.730261434363 1.948314 0.732678448249114
97 0.413873 110.731525025472 2.015525 0.741694680815817
98 0.408653 112.477922144414 1.994012 0.761864028132528
99 0.416814 117.323796913227 2.004841 0.776882139963097
100 0.466607 108.523606202689 1.912109 0.747480849770754
101 0.591894 108.496936688178 1.663706 0.695658364402991
102 0.429502 100.52194734181 1.953569 0.73317845607508
103 0.402517 109.815126181766 2.018716 0.75099117172692
104 0.529901 106.140351350574 1.764756 0.704008220738408
105 0.665403 114.160595730409 1.468734 0.723840335229024
106 0.287977 128.95293513704 2.172313 0.789273987323164
107 0.653399 97.0729597540627 1.524077 0.736982050223089
108 0.533336 118.125107911867 1.802742 0.732293185666799
109 0.445807 90.8050762720764 1.92477 0.740277215834739
110 0.598964 110.254021140669 1.624461 0.713180551347343
111 0.504806 112.237677902206 1.869497 0.696991446121303
112 0.464049 104.160778250906 1.848277 0.741780887563527
113 0.330809 118.69391504792 2.11984 0.784268662203381
114 0.492034 102.568488358188 1.888462 0.688238246433515
115 0.507993 100.941285286936 1.784635 0.735708835753652
116 0.410743 116.539752862216 1.989271 0.778236616783742
117 0.350178 118.688974858785 2.099772 0.752718535077206
118 0.58923 100.583923814308 1.669744 0.699274768961183
119 0.513481 123.396464320098 1.820273 0.796786900223377
120 0.53786 110.698596675503 1.794591 0.66112119914501
121 0.315149 113.164094262618 2.106257 0.779378469153924
122 0.434181 115.530139349918 1.901073 0.722729620034454
123 0.357856 124.743881605318 2.079492 0.77073546782375
124 0.401319 112.894466982727 2.032545 0.78553218782304
125 0.407326 126.118626497276 2.033327 0.750112600851363
126 0.620402 113.617516883354 1.600807 0.760291746618415
127 0.376084 115.853237829112 2.057619 0.755620739082555
128 0.537284 104.11993272738 1.754492 0.749011155757015
129 0.428273 117.775346291111 1.985758 0.758386484453965
130 0.429047 112.530443883924 1.98101 0.748418818990125
131 0.31515 121.951359610892 2.102951 0.787077529913183
132 0.49588 111.411909747584 1.878932 0.785233673259007
133 0.516525 103.214947483135 1.819604 0.752577569739003
134 0.230384 125.981336833359 2.211742 0.8383770771673
135 0.517051 112.79892435013 1.796512 0.699178471297927
136 0.350482 110.347045324758 2.072724 0.7039149223202
137 0.460942 104.953182035554 1.936457 0.751434941668156
138 0.569185 114.142078576923 1.716398 0.751512316978494
139 0.277585 121.749518509604 2.17497 0.76765792850191
140 0.542289 113.173502985354 1.793988 0.729247252720764
141 0.155138 126.563828915085 2.255638 0.819884820156479
142 0.406767 114.546514643111 2.029958 0.758291505512524
143 0.324792 126.434711091784 2.132512 0.78904773450455
144 0.309068 105.440172399775 2.136079 0.745432469677903
145 0.176056 129.772122368862 2.248785 0.80099022562819
146 0.508782 99.1825216111865 1.855744 0.687656493026656
147 0.457134 104.620247420277 1.928999 0.662184696902299
148 0.445191 115.868129735949 1.970749 0.735358660201326
149 0.577464 106.487478281613 1.664255 0.712129889082301
150 0.455667 111.234521543318 1.934602 0.744672639117763
151 0.590785 104.477797028278 1.677104 0.719504643123547
152 0.4479 112.064009545112 1.934463 0.741608430992859
153 0.445798 118.808877757746 1.931208 0.685405493119494
154 0.466213 116.599122978802 1.920983 0.780698369305689
155 0.296292 127.576873331593 2.131077 0.808764885815693
156 0.6403 112.786415703402 1.55039 0.671262615967529
157 0.662164 109.359319084776 1.451772 0.683389768095329
158 0.300121 119.434037579696 2.136668 0.777688450610845
159 0.356455 115.881882438701 2.079736 0.778186099128869
160 0.649332 106.816120098291 1.523835 0.780452752586216
161 0.204818 121.064078094933 2.219346 0.799409337239713
162 0.453586 111.899805395273 1.92587 0.725959919321274
163 0.293955 116.17372048699 2.135455 0.787357036934367
164 0.32265 109.422204811198 2.090666 0.755324738170416
165 0.388857 108.872531321972 2.024106 0.759590983049052
166 0.633206 103.661898862227 1.5505 0.687355956099672
167 0.307831 119.601403101602 2.1506 0.802937732962591
168 0.480546 105.574542308815 1.891952 0.69511551234233
169 0.798386 96.6967557733501 0.953789 0.639868775094692
170 0.441715 120.787152341627 1.985331 0.718761560805277
171 0.384472 127.387728410957 2.019423 0.792880402435108
172 0.608261 110.382031470263 1.602402 0.68956052601045
173 0.425145 117.870663012124 1.983215 0.775928755673206
174 0.368969 117.840131530175 2.060805 0.738842700028114
175 0.419901 121.733293866029 2.000362 0.780607194859438
176 0.450977 119.421029261636 1.920238 0.71800544155246
177 0.355804 114.163902169066 2.067632 0.774343477676762
178 0.351854 123.451571258924 2.097474 0.800361211680324
179 0.332564 114.404881480568 2.079064 0.769233351896806
180 0.432307 118.143559326239 1.977648 0.748911112845019
181 0.392628 123.406594563216 2.041784 0.794462780939404
182 0.608863 100.209997766746 1.622761 0.676772220369624
183 0.397432 107.817555361381 2.035858 0.778483933720438
184 0.494671 113.666645931081 1.888573 0.803939553811684
185 0.171353 126.94084360188 2.254454 0.83945285447671
186 0.498332 104.105064101159 1.801212 0.739548611625876
187 0.675717 93.8154793888731 1.409563 0.631925504465433
188 0.404423 112.550432318529 2.00615 0.777537495090825
189 0.433602 114.608937875768 1.980347 0.721324579314622
190 0.495154 122.619454650543 1.85485 0.772484388348168
191 0.148172 125.878081406167 2.263671 0.823638079679648
192 0.462959 112.641185669776 1.910085 0.771925677921438
193 0.188306 133.356947341868 2.24482 0.830460697820505
194 0.610436 112.546728904891 1.603352 0.71686690402035
195 0.527552 113.635384429392 1.796184 0.714615760347393
196 0.493069 105.832590744182 1.86982 0.761912069029325
197 0.503443 114.940898582562 1.846508 0.793865556920004
198 0.215016 136.785340175808 2.227277 0.797461974495936
199 0.257563 118.249809082621 2.163605 0.791405535187802
200 0.486601 108.351697613787 1.859243 0.756156779518581
201 0.617218 116.88200673116 1.614695 0.728359988102049
202 0.495787 102.910211781128 1.788568 0.734581827418056
203 0.509082 105.068261977013 1.827851 0.735723186505459
204 0.441616 104.979781467571 1.972637 0.757161719343139
205 0.520737 108.378178525783 1.787439 0.746735378094526
206 0.548767 98.6554909376013 1.720243 0.73962673303411
207 0.420133 107.468951238851 1.976796 0.76445020719293
208 0.335267 114.363984521401 2.118845 0.683671547251524
209 0.529228 103.777412379975 1.74422 0.732939570724777
210 0.466441 119.266897358032 1.900424 0.729689973175934
211 0.606698 122.024994279954 1.65525 0.80671274156407
212 0.343736 113.282704462562 2.037464 0.778653387915211
213 0.381422 119.044779009631 2.026281 0.736653720442392
214 0.241772 114.786089437494 2.193096 0.791175453583298
215 0.40133 112.297940114144 2.00187 0.74950694804233
216 0.605678 103.869252308938 1.625131 0.737722246052551
217 0.421294 115.710156099487 1.963635 0.772100424476277
218 0.450887 103.828848427388 1.916972 0.716881525794445
219 0.191547 128.555324065253 2.236772 0.798262641283405
220 0.458069 118.165414759079 1.85859 0.766364594863157
221 0.618347 91.7374505637286 1.60614 0.665084742193638
222 0.427624 117.321849644469 1.938435 0.757838303163507
223 0.478212 119.330971714355 1.915846 0.730995376959811
224 0.365461 122.788548337971 2.068541 0.720398699315012
225 0.521105 115.558222544728 1.808082 0.752674239393845
226 0.522541 100.020996173058 1.793034 0.719204981355876
227 0.44439 122.258368673991 1.945813 0.754000381678327
228 0.270344 107.707518097096 2.13039 0.782982849147108
229 0.281173 117.186218521511 2.157382 0.803588596308156
230 0.645261 102.539499063495 1.514742 0.676793205042394
231 0.281871 120.782795858641 2.174458 0.808728311948871
232 0.48036 108.83833300569 1.890486 0.72078006280542
233 0.419824 105.273788372244 1.972833 0.768982912465039
234 0.383762 117.114672687368 2.056136 0.744080814433405
235 0.484665 109.109912472248 1.849047 0.745173878002979
236 0.365618 122.401327730229 2.08142 0.816299421877871
237 0.439916 113.519632201707 1.965983 0.767133148729324
238 0.396317 127.353041611356 2.022347 0.822856032604055
239 0.43969 111.694751832646 1.974504 0.772691397697775
240 0.591982 99.1116479854471 1.65524 0.760680141841582
241 0.447727 116.997992848874 1.946802 0.782051912500715
242 0.498656 99.7796757391871 1.784969 0.76103301134211
243 0.343106 108.255937944338 2.042393 0.747910526040915
244 0.247301 117.932987353948 2.201686 0.823621358820025
245 0.367631 115.879290509146 2.067831 0.769388986067556
246 0.524425 111.01585648689 1.811567 0.797534529341629
247 0.504012 99.7543443666291 1.821035 0.753212672662393
248 0.674574 99.1040679917117 1.457617 0.604645258853351
249 0.56554 106.252905428884 1.714174 0.746413480432115
250 0.734052 86.8052951368311 1.239907 0.605245924328162
251 0.397789 118.602562767016 2.044753 0.726830250584475
252 0.558652 110.43106997227 1.752046 0.763143562568713
253 0.291655 117.920424315696 2.158736 0.79596731287642
254 0.484657 97.6896009974758 1.862165 0.680893157835914
255 0.494301 96.1662780371113 1.831729 0.697031156452093
256 0.247151 126.366759192017 2.201552 0.801779123445251
257 0.532858 109.870822687619 1.782412 0.798236353369844
258 0.444188 121.532232429758 1.96439 0.775148988997694
259 0.510874 107.62015156828 1.824212 0.654972131594125
260 0.281872 112.164659199473 2.168612 0.776463022744076
261 0.584283 111.988507185613 1.698645 0.748177667680694
262 0.332458 107.933491961498 2.034496 0.761000248766679
263 0.439025 107.495767354219 1.947322 0.734213901660492
264 0.608584 114.83034672268 1.633349 0.698074524703352
265 0.450377 107.350542484962 1.93018 0.763957118722347
266 0.255608 123.082549753357 2.192976 0.805867706271941
267 0.627973 95.7668667665758 1.572608 0.672711447836193
268 0.710479 99.7818333118179 1.331725 0.669849794848573
269 0.262122 125.868376170172 2.187537 0.782223630507897
270 0.355176 121.597141479881 2.080153 0.811204850740944
271 0.318996 111.229233518234 2.096286 0.750677807155859
272 0.453452 108.42633791697 1.936305 0.70322007021174
273 0.459348 109.359309153863 1.932802 0.706254623231266
274 0.325394 117.007463982142 2.101357 0.787715840991807
275 0.539245 109.47172902977 1.76438 0.750258171526672
276 0.492688 110.77687596602 1.865367 0.73471775507751
277 0.536346 108.692841829079 1.760669 0.751504728158788
278 0.512187 98.359234421047 1.818652 0.751273122315791
279 0.585739 110.533533683978 1.689587 0.765520433289979
280 0.454715 95.4000782857593 1.904844 0.761383478689787
281 0.456039 105.28232879536 1.942129 0.762015924094116
282 0.347544 126.545497549266 2.098503 0.77742421346261
283 0.354031 113.512728138051 2.037522 0.76291828765222
284 0.492769 106.447588236658 1.856743 0.741596781714482
285 0.552836 120.170905756377 1.775752 0.740970264206715
286 0.546774 107.6572777721 1.781463 0.711548854254967
287 0.653363 117.635483386733 1.509339 0.757957493544865
288 0.401804 110.31225744823 2.021107 0.765328096110548
289 0.361509 113.777255780224 2.066337 0.756246101510118
290 0.516809 123.433073696783 1.814685 0.817694705386803
291 0.199112 119.387321408131 2.211133 0.773564853272348
292 0.568212 121.099156260355 1.692847 0.784437375203521
293 0.504434 111.62168047012 1.842465 0.714992723434347
294 0.399513 120.800130004028 2.015485 0.779155202402022
295 0.366399 113.278065482822 2.058837 0.745194781522009
296 0.341649 116.04198062279 2.06326 0.789365293268031
297 0.282806 110.402833780246 2.130149 0.775666321474946
298 0.41295 105.252082822141 2.003063 0.723513851325867
299 0.138463 134.502128993976 2.271221 0.838026428654264
300 0.412707 114.309245015813 2.004992 0.768417880501581
301 0.382424 120.572395563851 2.062431 0.786272984192428
302 0.412809 113.142254614557 2.020894 0.767484931030123
303 0.429559 116.25981328411 1.965848 0.774607728694778
304 0.325434 115.706975387104 2.103763 0.777414047764264
305 0.310623 126.024845170888 2.145921 0.817061121205882
306 0.4834 108.043460962867 1.854201 0.718433253780801
307 0.505669 93.42356617976 1.836238 0.690919709683675
308 0.489011 111.488671690452 1.859595 0.710947694650478
309 0.426368 104.736768921323 1.942616 0.715600318009165
310 0.315762 131.443295975205 2.128508 0.780353831219675
311 0.30238 128.341479794652 2.138807 0.752252951637791
312 0.558715 113.56758075411 1.691468 0.762961330547241
313 0.223884 114.39234737192 2.196923 0.783692479372744
314 0.313368 121.537987970399 2.127692 0.785392794270789
315 0.313015 118.834824447194 2.118889 0.773995708547505
316 0.461813 113.649028781311 1.898519 0.756479480152111
317 0.471082 102.720822706404 1.856899 0.764526188306121
318 0.423179 117.760773539248 1.988036 0.744557520769378
319 0.436162 116.320708810563 1.966433 0.774552901257187
320 0.30105 125.635393355358 2.158742 0.788027080668888
321 0.292745 109.433412285025 2.103454 0.752590876725493
322 0.288589 116.67147241102 2.150694 0.771699622936782
323 0.538743 119.822464186143 1.776006 0.689097854163434
324 0.508968 103.938447159155 1.797834 0.739580428288814
325 0.359871 120.290303674859 2.078794 0.753893774034111
326 0.353707 116.258869595306 2.027826 0.779441596414931
327 0.451139 129.968755148941 1.955033 0.805821321903334
328 0.427575 118.677002203234 1.982578 0.771363594458708
329 0.437425 111.31221544828 1.959082 0.755717231713856
330 0.461756 108.409549215218 1.922562 0.774096534259491
331 0.413003 119.183070763905 1.991414 0.700222749758912
332 0.300073 115.855916036225 2.13277 0.724239246971174
333 0.441218 110.433305945295 1.926808 0.740961693017754
334 0.294875 118.553008238485 2.134554 0.792481968399555
335 0.326316 114.423440294573 2.115042 0.763930636762111
336 0.590949 110.285742839975 1.637403 0.736355123295816
337 0.385743 108.613757180317 2.021405 0.733862338038349
338 0.265263 123.014176600228 2.183139 0.80605499443091
339 0.532753 105.234521259983 1.81455 0.725953076000807
340 0.431494 111.22845946493 1.954933 0.737780264548882
341 0.363098 110.533491458413 2.056887 0.736958754422488
342 0.363163 123.99292230585 2.061082 0.794916431502839
343 0.479087 104.489584345999 1.862889 0.747919422055608
344 0.580549 101.797596005972 1.637751 0.70108100319717
345 0.554863 104.559230545408 1.69184 0.68437818830806
346 0.358084 103.269901187553 2.019172 0.771387560819154
347 0.4413 119.12556899437 1.950401 0.792788867442018
348 0.336123 114.312610551807 2.062602 0.753460767779283
349 0.334572 129.43841188651 2.115557 0.813411116034126
350 0.465419 128.420858232081 1.926853 0.766875121488029
351 0.385342 121.068574174531 2.061312 0.742265563453637
352 0.570661 108.765927360586 1.742444 0.773283714389783
353 0.458864 115.525358032076 1.93863 0.759342086917478
354 0.359092 108.649883851023 2.034967 0.771371489547745
355 0.408936 115.271601763388 2.00996 0.776981220118079
356 0.372902 120.119043221808 2.063058 0.795413945383621
357 0.604617 106.462054491784 1.622823 0.661431093786334
358 0.348213 118.010785747058 2.08768 0.792853991162034
359 0.213805 124.075931897361 2.227832 0.806420666869578
360 0.482945 113.087805846461 1.842271 0.769419878645235
361 0.388823 112.697325585852 2.050525 0.76768611367256
362 0.512443 119.418178794721 1.793371 0.748320832590947
363 0.347075 123.041858027392 2.097685 0.803406910810659
364 0.476719 120.860878843582 1.913751 0.795868430619221
365 0.360102 119.880176259076 2.074192 0.850979589869933
366 0.632369 107.712207994942 1.535957 0.689658114759404
367 0.449903 110.105271928731 1.962957 0.769509546901411
368 0.609531 111.062120398002 1.627765 0.702422422232765
369 0.684044 102.482041246921 1.400002 0.650904723717405
370 0.455681 111.470093219849 1.904889 0.758108591609056
371 0.467253 111.524408376049 1.916456 0.751107240245906
372 0.487541 113.641207571727 1.866189 0.688085950515914
373 0.430787 106.768499005915 1.945546 0.767764054646373
374 0.296076 115.403127074777 2.145222 0.785604982501622
375 0.530293 106.100053940511 1.798057 0.74490088294326
376 0.194452 118.867162215265 2.228952 0.809980463254269
377 0.347185 112.949974471936 2.089494 0.802942371578114
378 0.557489 115.504027112487 1.746164 0.776479068254105
379 0.556903 114.964151043666 1.740355 0.678582770724995
380 0.483953 111.949178930073 1.826793 0.767759002579311
381 0.139033 125.335341965607 2.270312 0.85413144881021
382 0.476582 113.267653516126 1.851335 0.754107615691035
383 0.344267 107.313954434611 2.076311 0.762994261137126
384 0.24753 124.480209619747 2.195786 0.791007712765909
385 0.434154 104.638408327288 1.915452 0.766493693312787
386 0.544454 108.787961413834 1.771507 0.732272696831067
387 0.456417 103.988767342875 1.922234 0.749751061659095
388 0.530446 101.630641002504 1.736117 0.664279939238961
389 0.567155 120.243385461664 1.72096 0.735795488010228
390 0.169852 117.353543755506 2.25504 0.689524991159521
391 0.527911 113.615986986602 1.785834 0.781386562821599
392 0.438098 108.811795562791 1.921676 0.720850748184464
393 0.21788 135.368118009394 2.228246 0.787315221807642
394 0.185225 120.736029900093 2.246481 0.814858981204787
395 0.307694 121.45907239981 2.102139 0.813365606787064
396 0.28188 131.237029686319 2.173266 0.795014764813738
397 0.34438 120.422465463476 2.08761 0.805105706635508
398 0.250155 125.156180894569 2.193892 0.825814221416161
399 0.583112 106.881538338862 1.66741 0.643923903054858
400 0.47948 108.456287309978 1.89353 0.756495082201785
401 0.523316 110.884802283394 1.813352 0.78011592940472
402 0.421559 115.082962970174 2.007926 0.770223017475131
403 0.433212 102.332412944021 1.98079 0.590966526620933
404 0.409226 109.950525915282 2.017285 0.784211291867975
405 0.674339 98.3247451004412 1.41533 0.697815073212036
406 0.486261 120.894946189412 1.888059 0.778923419009202
407 0.472153 115.35010566034 1.892566 0.779837144139123
408 0.362901 124.349054275216 2.088542 0.795316001505078
409 0.431669 119.893644223095 1.988146 0.756358060808578
410 0.205385 128.595650372527 2.226213 0.826795712582306
411 0.168029 116.070256604491 2.236021 0.803348850649596
412 0.616046 106.263973074032 1.616498 0.735433297245163
413 0.455348 115.892546231698 1.925476 0.756919692932558
414 0.52451 109.660517219817 1.824147 0.72759265776191
415 0.536822 106.052177150518 1.745226 0.75720478616749
416 0.402529 112.29893996049 2.031905 0.793338391134092
417 0.46098 116.548889074188 1.845367 0.766545377047925
418 0.388743 126.08269798001 2.040922 0.792991593306247
419 0.573477 97.8398171181267 1.683974 0.732148052048858
420 0.502823 117.340704989031 1.862408 0.703826648642582
421 0.489559 112.777763636411 1.878219 0.729069894223364
422 0.267659 124.523278069669 2.162686 0.75845665489276
423 0.588396 120.592956971749 1.632774 0.733132090006033
424 0.371652 107.658937868192 2.0316 0.746505202155537
425 0.521067 109.300200573937 1.795082 0.715428618614694
426 0.411786 113.667038581683 1.991811 0.756981506635446
427 0.618791 101.040787099629 1.529528 0.707522036361699
428 0.696909 114.185129676033 1.300565 0.736459276388115
429 0.179744 124.685806422764 2.2502 0.799210132626579
430 0.736676 91.1893054590636 1.177905 0.618471007057284
431 0.479997 107.199074147228 1.906857 0.755746275478065
432 0.645002 102.65390604762 1.539052 0.723231989287413
433 0.544299 100.039654580166 1.72709 0.690608230796559
434 0.667313 111.590991538432 1.450973 0.732570899728304
435 0.346198 127.95702740002 2.108486 0.796675866445559
436 0.428199 100.07151979456 1.971545 0.717749125181697
437 0.348684 110.455792508791 2.044199 0.764399119241276
438 0.410828 112.41444591438 1.945285 0.733841002316438
439 0.546161 102.772574265338 1.745498 0.739387489566591
440 0.473537 106.615918392933 1.86467 0.748973308208322
441 0.52283 109.495134310572 1.799023 0.70801824061543
442 0.335796 114.665639194998 2.10034 0.788519908320859
443 0.552449 103.756865327447 1.716488 0.695686484528982
444 0.43762 112.506841674801 1.96815 0.768240114920962
445 0.323867 117.795978817402 2.134603 0.788883116130079
446 0.453365 107.631364541912 1.876591 0.736592689356416
447 0.683297 101.143092998116 1.398102 0.684466793102954
448 0.366975 101.933995289775 2.032665 0.779281276572545
449 0.421532 98.6888334878084 1.961184 0.726049704831422
450 0.282094 117.981943213624 2.16848 0.804506396933997
451 0.361167 113.129654605772 2.051844 0.781768933868431
452 0.329051 113.819222018696 2.082617 0.779431124695719
453 0.374789 116.006552811842 2.07349 0.767021146315006
454 0.421532 104.403321357271 1.941187 0.752229903880832
455 0.476993 98.5365245855614 1.866583 0.734338281490772
456 0.527299 115.789382329418 1.752772 0.714058800523402
457 0.318895 113.479117348132 2.122893 0.775430599750678
458 0.406578 109.735319730531 2.004289 0.753096954058252
459 0.277839 111.094133428964 2.174611 0.789705476782469
460 0.353522 120.920325976301 2.066526 0.82924880601571
461 0.461562 116.807344354007 1.906083 0.769242911970162
462 0.54442 107.89632837441 1.735037 0.69611561758809
463 0.517646 114.770402241301 1.835424 0.764943198253128
464 0.73529 94.1481896969412 1.238988 0.65078631521305
465 0.354081 125.652361941334 2.097224 0.816932186218869
466 0.578689 112.155160432233 1.69773 0.725114603154446
467 0.507563 103.155061026059 1.83265 0.720825906710912
468 0.480184 100.46857936859 1.86096 0.712816940721787
469 0.253797 128.408214006734 2.199028 0.821753186359004
470 0.498961 115.165699779865 1.882895 0.735254235899277
471 0.492115 105.055482707421 1.840357 0.74847408715347
472 0.500808 113.105745513852 1.87743 0.778993581930487
473 0.572461 104.05271727942 1.700598 0.722055065083192
474 0.538968 105.857145871223 1.738535 0.731141653716092
475 0.485989 113.537710374281 1.904191 0.719462035237888
476 0.582513 99.3249171085563 1.680751 0.6981768274568
477 0.363721 114.488126480623 2.07012 0.756268193620966
478 0.369079 125.381878049232 2.078928 0.78848729231384
479 0.387624 108.871688610362 2.02667 0.74155166453879
480 0.510422 116.691777510106 1.817957 0.793032495942249
481 0.446039 110.288723560254 1.946965 0.748608060309777
482 0.490834 118.319068449786 1.859561 0.775930650547511
483 0.416381 100.675400016756 1.96052 0.748360446597699
484 0.617909 111.60162530321 1.560671 0.732060482060439
485 0.376261 118.703819560572 2.050556 0.784321325905112
486 0.691002 90.3684053410257 1.38488 0.673817205770134
487 0.521598 109.0901279887 1.761767 0.744134170808336
488 0.401746 107.60629661364 1.959552 0.741632627632465
489 0.45928 114.860511683973 1.910892 0.750007139930206
490 0.449955 112.812601528942 1.950511 0.742084050941723
491 0.569662 99.4604440452715 1.714992 0.746889096146267
492 0.284665 123.481412092432 2.153196 0.801221449539404
493 0.443393 113.009734431029 1.954618 0.77711276706331
494 0.41321 118.655917701472 2.00547 0.695526583310452
495 0.381759 125.835543006055 2.063724 0.729745738798319
496 0.456099 110.592673870877 1.882127 0.702942557032957
497 0.473693 96.6863280872375 1.875737 0.733509467995273
498 0.312609 113.509520524141 2.102223 0.767116100984228
499 0.294168 121.603698506302 2.130671 0.816634592469113
500 0.68963 99.0558938574908 1.385204 0.671444363595248
501 0.619011 109.818439433069 1.588692 0.648737332192201
502 0.457158 118.883189846734 1.958232 0.767745440608929
503 0.288179 122.202835861565 2.145685 0.799901611600509
504 0.438274 107.245483479171 1.895404 0.736039260128591
505 0.45085 120.094353197845 1.949064 0.762624811215147
506 0.473721 110.026039637628 1.918661 0.714225151427741
507 0.412223 118.941781383268 1.992237 0.791238433643955
508 0.437145 109.455557317592 1.923024 0.745025984049277
509 0.479994 108.336488375724 1.867626 0.737077851373089
510 0.536415 111.585542112083 1.796159 0.704441955777776
511 0.417906 99.5287655430636 1.945498 0.747283613454525
512 0.532089 105.629013622086 1.777015 0.662364782022554
513 0.835527 95.4999195219717 0.701404 0.608074625331405
514 0.37493 109.791248410269 2.053943 0.778573558227923
515 0.484281 111.316887964409 1.872665 0.732570619690267
516 0.484768 103.584667461723 1.867717 0.690394617085453
517 0.289067 119.827999217472 2.158976 0.793801390063544
518 0.327757 118.888588946802 2.131381 0.774364097937417
519 0.453786 113.614074270125 1.907026 0.773957596866154
520 0.45936 114.866377294318 1.935186 0.76409724233432
521 0.482307 102.296394557941 1.813608 0.728754638199695
522 0.47669 107.378679776765 1.918268 0.756322903647815
523 0.466587 112.062068748893 1.904869 0.768723656568426
524 0.541914 110.015731851734 1.768444 0.719140400454402
525 0.457703 115.608705605019 1.937895 0.740518976217533
526 0.446929 114.52481329702 1.952455 0.75716673160799
527 0.643666 107.629904365655 1.534971 0.750819224367627
528 0.239563 123.820147872915 2.206453 0.807051338310453
529 0.3741 107.595950979049 2.004238 0.709285891963953
530 0.536851 111.448432417187 1.773078 0.766616565364563
531 0.466763 111.020631317771 1.923236 0.70801155970424
532 0.492314 114.299730272476 1.859739 0.716028636068339
533 0.317895 120.049509519836 2.111172 0.772360683275471
534 0.346517 113.632975595635 2.080116 0.762664291267466
535 0.591795 101.859281057273 1.648272 0.684800430603845
536 0.639844 107.60855829037 1.547882 0.746585430770509
537 0.70797 106.607178283367 1.336917 0.725321899563291
538 0.436473 103.915116530924 1.963677 0.768028596961845
539 0.2496 124.224736152251 2.204957 0.807700230281155
540 0.339207 118.917723187196 2.105404 0.804682955264589
541 0.437719 118.530621457959 1.986736 0.73455120053297
542 0.25278 121.964101053072 2.175541 0.796602787199336
543 0.453973 113.762199271659 1.957135 0.767878576165461
544 0.169383 125.031349148368 2.254497 0.810365216785518
545 0.438043 117.828983161881 1.957905 0.742240641169278
546 0.383447 122.31086584623 2.027071 0.801795305163397
547 0.558254 106.516002454165 1.680435 0.70639090458601
548 0.528769 112.001607569929 1.786947 0.771124546944654
549 0.496542 111.817166002191 1.859237 0.769561822758785
550 0.331028 119.246701277476 2.118474 0.764103279026591
551 0.421151 114.465491429495 2.00457 0.738735336637838
552 0.294865 118.275222713174 2.141017 0.741097868238527
553 0.23456 127.045257708544 2.204567 0.814332528824978
554 0.466081 102.623176863503 1.899473 0.746761729568762
555 0.587984 112.613184098971 1.692002 0.719109068985575
556 0.679252 99.669818994302 1.433047 0.668761352299385
557 0.693755 104.336086102784 1.267579 0.626152259843439
558 0.397283 117.477751663671 1.997431 0.766242352423602
559 0.415525 116.246886267955 1.992733 0.769916969564316
560 0.340827 121.042190520123 2.108973 0.80711398461096
561 0.422815 112.494404459158 1.92618 0.733422932981677
562 0.557633 88.6877854771167 1.727631 0.697659953930634
563 0.333202 116.135481408911 2.091663 0.753159210365943
564 0.445559 110.096735232245 1.945518 0.759383364166271
565 0.469518 113.716308793464 1.924881 0.774537104850089
566 0.236707 120.055446393571 2.157807 0.801653532418166
567 0.510379 110.687645582361 1.840193 0.762008352571313
568 0.525076 107.920210624141 1.789411 0.743036433917645
569 0.48553 106.915381952591 1.847561 0.722174298048845
570 0.398293 112.160715055091 1.993706 0.759514401819583
571 0.434886 116.588991263054 1.970276 0.765378257304109
572 0.473387 110.306753619751 1.806839 0.753055782134423
573 0.177386 131.292758804801 2.252861 0.837809134504351
574 0.3825 115.331389317204 2.061253 0.805124829219959
575 0.38117 114.273757038839 2.025164 0.772893708734987
576 0.374341 120.4554220921 2.048373 0.750613810688648
577 0.294048 116.389902968179 2.157007 0.795690501495104
578 0.244909 128.501898779908 2.200679 0.82294685767188
579 0.358539 129.363565961962 2.087076 0.804220702798406
580 0.734388 91.9411179418698 1.24943 0.636131617499628
581 0.411367 101.725211730119 1.94533 0.741263100046395
582 0.463598 112.620847781147 1.926313 0.799257897887679
583 0.542352 90.8307783002908 1.751182 0.674989785456632
584 0.376296 116.796961868899 2.053814 0.770554434656101
585 0.472771 106.415514959271 1.90823 0.705574491639927
586 0.7886 106.010498268051 0.969946 0.655708181265197
587 0.504974 107.647210817356 1.863121 0.651654830638166
588 0.362219 100.88242754858 2.039313 0.676481972853696
589 0.412532 101.158467453113 1.965597 0.757518600546648
590 0.331405 113.835104780796 2.086503 0.767416505827115
591 0.434089 108.867635149534 1.924711 0.767353333706468
592 0.556481 99.3337931318978 1.720678 0.70128401554468
593 0.588895 106.00577501461 1.641806 0.70356922504476
594 0.291464 114.526757034065 2.144664 0.817883445442319
595 0.539024 105.230563995503 1.715571 0.748101839259723
596 0.560294 106.052447287803 1.732421 0.644420455096038
597 0.291784 106.411224316244 2.126401 0.758422552492871
598 0.527053 103.149966313788 1.766574 0.727313744317973
599 0.495248 99.5692139577772 1.830636 0.748130483961385
600 0.528701 96.0615359858414 1.77616 0.706499624317523
601 0.456895 105.972791295862 1.904749 0.702398934120334
602 0.521481 113.509393964855 1.818246 0.751256574517994
603 0.420973 106.633341799764 1.968896 0.763867119198168
604 0.331514 117.281576399089 2.111093 0.813673560757258
605 0.537446 111.655781209743 1.788987 0.779235736401337
606 0.672696 108.049983987255 1.4353 0.654227676519039
607 0.37755 118.03737668544 2.058412 0.744195815005783
608 0.614831 101.647075344176 1.572701 0.648881142737666
609 0.340587 116.85474815841 2.096506 0.750789148708415
610 0.464682 117.423754878925 1.93983 0.761327500999767
611 0.342593 109.893084168863 2.079181 0.791690015066288
612 0.406284 114.223329899323 1.9474 0.75970838749017
613 0.40363 127.264745323155 2.005821 0.801849905220025
614 0.467441 114.488329183418 1.884402 0.770067316924067
615 0.501443 116.536522165161 1.86245 0.772971110116927
616 0.287089 116.778780575203 2.164094 0.796782208251271
617 0.734484 99.6700727079748 1.24889 0.70148225282124
618 0.543295 119.241108376241 1.785819 0.797720267862576
619 0.249771 125.536265190938 2.195149 0.806610489961316
620 0.492993 123.829309839243 1.878475 0.739165841634372
621 0.463556 106.808431246438 1.907557 0.767301630146577
622 0.322032 123.715821775437 2.131172 0.813472941165353
623 0.439126 113.084473070318 1.94925 0.736705697851727
624 0.572762 101.133160828688 1.720356 0.729828394326575
625 0.383377 114.176502626218 2.046841 0.802599147757437
626 0.537707 111.647433593894 1.794314 0.740584460094571
627 0.613802 101.730767033915 1.584546 0.731486064479506
628 0.184651 129.500076407496 2.242439 0.794803556345133
629 0.55207 107.495381469156 1.752764 0.736715508847237
630 0.316328 123.961906962288 2.132497 0.768674226785188
631 0.527155 107.957448814458 1.813393 0.753724781910839
632 0.474673 113.454242929405 1.848078 0.746321856649955
633 0.389467 119.360443763213 2.047433 0.775383491119099
634 0.367833 112.2420668997 2.070482 0.764122870801965
635 0.456916 115.589123325383 1.956371 0.771721950738181
636 0.22985 132.49185964597 2.218468 0.810490471468572
637 0.298417 119.738378290523 2.142079 0.802952446603285
638 0.478808 115.391597743759 1.87421 0.721544747881915
639 0.674241 102.749061849184 1.453761 0.677118323724776
640 0.449261 111.116585006742 1.917265 0.764248160520895
641 0.242313 123.959531669763 2.207573 0.823457818464581
642 0.584225 107.270329269947 1.670968 0.747578025574387
643 0.478827 118.8702172051 1.92235 0.82807891340595
644 0.451841 121.730900111835 1.947801 0.720417951806264
645 0.544334 111.194559563003 1.783888 0.752708284114656
646 0.295359 111.826389858364 2.140516 0.763940479410427
647 0.526592 106.346917668226 1.767686 0.739454160757741
648 0.605885 105.947547058691 1.615461 0.732372432026163
649 0.454104 118.103471787107 1.930429 0.778492766966226
650 0.461626 107.454458532934 1.899516 0.766133638372282
651 0.420076 107.160880317315 1.969129 0.793758508703318
652 0.262813 125.879770496319 2.188916 0.803771919890371
653 0.449608 118.454686811117 1.903819 0.77335091191309
654 0.321779 134.588460057602 2.114284 0.832563842715801
655 0.372205 114.523993431194 2.034134 0.777072250043476
656 0.524125 113.213339912687 1.817666 0.782128621349914
657 0.452218 123.612440462951 1.931253 0.758240445583469
658 0.486616 104.141113356601 1.898589 0.721899774609445
659 0.358588 123.961983569628 2.081394 0.802977117989703
660 0.480501 100.054311272421 1.908839 0.721060231330115
661 0.484416 116.105159295953 1.884736 0.696024512824192
662 0.332713 101.466628316158 2.09909 0.743211773112092
663 0.555859 104.624613906222 1.736239 0.68449988483825
664 0.503118 103.163637497875 1.840599 0.721848528670848
665 0.395292 115.049159031085 2.011769 0.764614047013755
666 0.483295 107.01965543309 1.883844 0.768228194933228
667 0.467396 112.93840478505 1.893304 0.75425579717944
668 0.377815 112.963405924005 2.057135 0.793654543585536
669 0.346511 119.191234246893 2.097019 0.794773691818359
670 0.36459 119.140447766949 2.089431 0.751316626058779
671 0.529318 111.560419728296 1.803254 0.778069879366443
672 0.271253 122.914355552881 2.174849 0.777415579749515
673 0.346956 128.841740247044 2.108163 0.850599666603387
674 0.489196 116.064360546341 1.868444 0.746996555920173
675 0.242031 125.831968027328 2.208532 0.818915852868972
676 0.153326 122.809590298574 2.264593 0.809707751990191
677 0.397012 109.102247315182 1.989545 0.761347804266302
678 0.380572 115.797941251055 2.016828 0.776043647871048
679 0.49857 108.751356614839 1.794265 0.762225102263126
680 0.449562 99.8963503934135 1.946502 0.659203686333985
681 0.391228 110.182141795874 1.978529 0.745976879308322
682 0.391059 122.991769493715 2.040679 0.742403718857985
683 0.523258 115.312855089849 1.757775 0.759532555989479
684 0.503724 112.982057306229 1.850501 0.741604216937828
685 0.490399 110.613519526878 1.827872 0.748204827134987
686 0.633335 95.557830555011 1.570469 0.666490594486428
687 0.374774 104.926142545212 2.02686 0.74482246004351
688 0.425924 110.394707970995 1.926092 0.709853395576691
689 0.436414 113.923799025133 1.95629 0.755453442689498
690 0.521809 105.103083422986 1.795759 0.700599045256572
691 0.48654 111.792644177892 1.881326 0.714110543997471
692 0.508613 110.219977719344 1.80905 0.728434630809854
693 0.381094 110.74572275672 2.041133 0.777444277863689
694 0.512769 115.795964091386 1.841376 0.768988921436369
695 0.455675 112.875067753623 1.939329 0.764290463187762
696 0.383808 119.56566742921 2.042225 0.774662903061783
697 0.420101 115.36674414495 1.974414 0.761752922128814
698 0.423551 114.989439287095 1.974784 0.752956338242169
699 0.532271 103.58278934409 1.709962 0.720319694169407
700 0.227755 127.637974211543 2.217884 0.80431887023995
701 0.395684 112.915183201918 2.037026 0.778598780240581
702 0.525992 112.819361979413 1.773378 0.68278121975827
703 0.458869 113.726979569628 1.927185 0.747080038613968
704 0.472014 118.373608146815 1.867248 0.761431561746812
705 0.516899 112.648921840155 1.840725 0.745076638124667
706 0.366323 124.267192263906 2.055445 0.787528602589535
707 0.350369 114.919917510051 2.045285 0.771949123164325
708 0.415079 102.970656814249 1.966207 0.744554743041432
709 0.4322 117.732018670072 1.993205 0.746612998555812
710 0.326545 119.090464123665 2.121268 0.776288537062071
711 0.567277 105.268961349282 1.698129 0.652460026539133
712 0.40142 114.648709007076 1.986705 0.722287485023498
713 0.476989 106.880464377531 1.871664 0.739387839300259
714 0.360547 118.631208119118 2.074128 0.777603830783097
715 0.367095 114.222591311529 2.017421 0.755348625252265
716 0.468167 105.509618196268 1.873026 0.737438934406913
717 0.268196 132.767001815091 2.181247 0.806212815567976
718 0.550693 115.891402893495 1.768102 0.7376265872616
719 0.339367 108.812503979002 2.062823 0.780830041361402
720 0.325532 116.955460436175 2.110266 0.793913321361204
721 0.458852 107.971231564058 1.895722 0.75892563069633
722 0.361191 111.454007751215 2.090806 0.736904404145542
723 0.43003 111.775289484334 1.9085 0.740691386787279
724 0.604918 99.415323927339 1.627973 0.698118044838089
725 0.421791 123.339053769241 1.997745 0.783249190959066
726 0.501966 106.060271593179 1.847353 0.696483641856161
727 0.602086 113.728874255849 1.623342 0.725340012928334
728 0.310073 115.99973084113 2.1334 0.760624233511382
729 0.392227 121.646435662089 2.041886 0.782219752889782
730 0.404934 110.698431570636 2.013019 0.749293808808171
731 0.69012 92.4141305703443 1.37903 0.62338091473105
732 0.448641 110.801153175928 1.933665 0.754999686505942
733 0.632433 102.208427099004 1.514184 0.648637242601724
734 0.202014 124.489962964029 2.237832 0.836732622942669
735 0.6413 110.287042289933 1.538981 0.695840338075592
736 0.377527 106.432545343524 2.025506 0.693417333809819
737 0.700392 104.684075852519 1.334501 0.701710738696128
738 0.331833 114.680733099234 2.113638 0.753659063324961
739 0.388122 111.859171129764 2.048114 0.796242236485504
740 0.466055 118.647805496577 1.913873 0.78029304029082
741 0.375889 113.914676609102 2.057572 0.775445821270979
742 0.381844 113.780906963497 2.053858 0.757923234071719
743 0.457723 98.0761768644214 1.932954 0.710813562933232
744 0.364743 116.762823221654 2.038986 0.788283532980597
745 0.546996 115.109250374473 1.779784 0.716355124509353
746 0.485654 109.176808061532 1.878916 0.722947313161991
747 0.420704 110.2307804261 1.950179 0.746334907482113
748 0.432488 118.329804826794 1.984071 0.742225109705655
749 0.46858 105.988677289276 1.922614 0.721488686035428
750 0.33873 114.328557075275 2.096537 0.769327781805784
751 0.580909 105.678031700337 1.684927 0.78713611710108
752 0.306445 104.853785047308 2.139957 0.74324670240903
753 0.500173 110.697714323849 1.886258 0.77082834061624
754 0.407945 87.2645123600859 1.945061 0.748574250978125
755 0.380184 108.352652139697 1.971222 0.778917444326679
756 0.325831 117.347472254119 2.084891 0.766984254829631
757 0.506274 105.083454335406 1.86865 0.735660236860539
758 0.566125 112.281482300702 1.654991 0.726737831566893
759 0.38818 112.08938932095 2.016767 0.753811592571911
760 0.408251 109.535762867376 1.967716 0.763661227846593
761 0.428103 116.898087199784 1.97816 0.735611817411756
762 0.240509 124.382342757897 2.206996 0.811019131084606
763 0.492908 108.881870737392 1.851476 0.756182098086574
764 0.406858 114.380064253951 2.011787 0.773002425639884
765 0.462565 116.555503477994 1.921678 0.748976825755687
766 0.543701 105.87819986671 1.791242 0.720252117774614
767 0.565186 108.729663087889 1.729024 0.757115338025546
768 0.688588 105.563045784356 1.402151 0.801125568533701
769 0.379975 117.131730031715 2.051043 0.772773255070044
770 0.461962 119.723541898806 1.92289 0.814818216657834
771 0.370139 122.261485738996 2.066105 0.794632580451057
772 0.301916 117.108610164455 2.147616 0.795298939319095
773 0.228185 126.391550103795 2.211822 0.813116560202958
774 0.353242 121.419599040303 2.099412 0.797546242866705
775 0.400784 106.067931902892 2.015159 0.712519582143891
776 0.672217 120.963032532732 1.471514 0.770620088379443
777 0.533428 113.894244864664 1.785587 0.785943701914505
778 0.418052 116.013356194073 2.000679 0.78394201455851
779 0.265731 113.396907712779 2.179725 0.768515775092332
780 0.482974 121.155267978057 1.872141 0.749004540227658
781 0.260435 130.16171112167 2.194384 0.809179129685846
782 0.414904 115.011975761433 1.993248 0.78818202576648
783 0.488258 115.50888642001 1.896127 0.763336513085126
784 0.456104 118.353239814838 1.940507 0.70657929392141
785 0.45931 109.57244449363 1.888387 0.701239096182575
786 0.503896 113.504138471211 1.857332 0.75675522426642
787 0.424664 112.85216305133 1.984974 0.750862037268311
788 0.527918 113.938660307913 1.778304 0.686577530721525
789 0.465925 107.760905223822 1.929761 0.7926877683379
790 0.518568 110.242275999951 1.812889 0.757781889885122
791 0.384354 114.796402550998 2.02222 0.76233021007555
792 0.36082 113.182778290415 2.008755 0.780324995311024
793 0.347164 113.049810732673 2.065045 0.762142631955006
794 0.502347 108.750391069659 1.840514 0.764369860063634
795 0.411252 119.366744080187 2.014753 0.725525027478025
796 0.469966 121.670581813947 1.931991 0.748163055899344
797 0.261909 134.044811592114 2.188667 0.81263355732315
798 0.279168 127.578673111297 2.169504 0.827258464529603
799 0.428714 123.893319493454 1.975727 0.768853579692811
800 0.445227 115.853736760461 1.955539 0.789654125426625
801 0.571944 107.022824537589 1.728646 0.763069342943838
802 0.509794 113.875714220729 1.844044 0.738126174284236
803 0.247497 113.112928794214 2.151162 0.777669428425339
804 0.517228 107.484098019948 1.804134 0.735188382958024
805 0.518569 105.263451532177 1.822432 0.74612290044319
806 0.655655 119.167359130444 1.48732 0.786552903371672
807 0.273687 111.389998473087 2.172592 0.750114699634169
808 0.561594 105.316704048693 1.68835 0.675272329899321
809 0.44598 108.753051777785 1.935503 0.72402854056038
810 0.42836 107.883794546337 1.988892 0.762277540315109
811 0.548795 117.603368334899 1.746574 0.729349987908652
812 0.460459 112.451219171243 1.886986 0.744466206278367
813 0.487253 104.261966655075 1.833028 0.730813669336085
814 0.583603 115.091431944437 1.700682 0.760869027910856
815 0.393226 119.871231927156 2.003599 0.754049481303442
816 0.366231 122.729609353765 2.07413 0.807049484446751
817 0.73033 98.5223414933565 1.250168 0.66197592111051
818 0.353588 126.982834152327 2.101954 0.702153644682725
819 0.436382 115.166679576911 1.975224 0.765278965615388
820 0.340643 120.63905613623 2.080519 0.779485166717606
821 0.449036 115.3556924983 1.92808 0.763882511884126
822 0.40194 119.896141895412 2.034935 0.799240141670674
823 0.535951 117.748975864308 1.800792 0.782407025342384
824 0.405962 105.459198745408 1.97205 0.753878545636343
825 0.432956 120.55720559888 1.977996 0.723359398512388
826 0.384692 117.493114316305 2.013159 0.803212850128919
827 0.318306 116.099523068149 2.113922 0.799503762797914
828 0.160089 122.981191478637 2.258741 0.805880437271861
829 0.437677 115.958811726948 1.962797 0.738394140583548
830 0.548851 106.431484712768 1.711386 0.720217728434494
831 0.53042 91.0936436772491 1.773276 0.67310696125414
832 0.547313 93.4254621749365 1.752383 0.690785362763784
833 0.415695 117.031609282063 1.996107 0.735745515125176
834 0.533424 114.841525152554 1.796684 0.75491317417307
835 0.654715 99.8877574819686 1.506987 0.677820193017492
836 0.480677 115.502414431232 1.875852 0.759935432914396
837 0.499433 107.357717334988 1.803082 0.739730616792244
838 0.485818 114.338475248241 1.865881 0.773893322530548
839 0.4767 94.4898363468878 1.902201 0.686521862197639
840 0.618084 109.591046358934 1.620552 0.75492977194362
841 0.441855 125.086075148598 1.957656 0.782754257608014
842 0.357105 117.823081714255 2.049838 0.76827190144572
843 0.275055 124.911566244004 2.138463 0.761381669142082
844 0.345708 110.681863930385 2.079144 0.767217080858189
845 0.421226 115.743718427155 2.005989 0.73730939486458
846 0.357434 119.363087245622 2.056292 0.783590783387974
847 0.412183 116.201869728221 1.987486 0.766731010458603
848 0.454495 112.465498147065 1.909077 0.75401751691399
849 0.45636 117.787575816986 1.952794 0.773279594465588
850 0.369024 111.929116183222 2.034714 0.764997808294471
851 0.367813 107.367896726215 2.050387 0.730540034708323
852 0.354416 114.238608100583 2.069846 0.808127844171255
853 0.381622 116.251102697495 2.033419 0.71578118880948
854 0.384353 101.940766827301 1.998389 0.691665699034059
855 0.39476 116.476081371363 2.012565 0.807847745007414
856 0.492294 99.9466066544682 1.859278 0.690871373254259
857 0.363387 109.884407163775 2.025308 0.73535869070297
858 0.341222 120.003390364312 2.074463 0.726697729642301
859 0.232385 127.058029397404 2.207444 0.8073168721993
860 0.598141 105.715353177965 1.674797 0.696810688624267
861 0.622464 127.461337905112 1.604946 0.757164866817675
862 0.251916 127.044995225456 2.182366 0.807056212150293
863 0.494894 104.740398717593 1.854805 0.767878748682565
864 0.521235 104.520906297479 1.828993 0.77647859160717
865 0.403446 111.951474079516 2.020841 0.810317761832306
866 0.542996 102.513921799664 1.784483 0.747875999760378
867 0.184211 129.454011961809 2.248599 0.834464180131981
868 0.491856 105.551160587601 1.891148 0.782537654227216
869 0.304275 117.94663809378 2.147411 0.789511056237957
870 0.35903 127.049488984612 2.069606 0.791368857031512
871 0.369062 112.31016970161 2.067384 0.7664151049741
872 0.149206 126.765098204754 2.266809 0.792786396737563
873 0.524261 117.369308645504 1.828183 0.7620285392871
874 0.323906 114.964180008818 2.128247 0.737974817833417
875 0.646705 104.199133196632 1.437513 0.668057938640224
876 0.432369 107.67898653228 1.94549 0.731067642255962
877 0.582717 117.511698651312 1.691862 0.75533185801731
878 0.513745 110.300026420165 1.784041 0.688290934590412
879 0.755299 107.987575725701 1.148854 0.663557023661339
880 0.438433 109.831088807585 1.946619 0.763931046897956
881 0.507448 99.1661079774018 1.786584 0.701216069047634
882 0.425612 127.132393676992 1.979864 0.795649984969446
883 0.479463 106.190971327584 1.87692 0.753778055240544
884 0.64115 105.534843592438 1.560726 0.706916753553352
885 0.494158 111.839956296803 1.82116 0.717657833472458
886 0.370373 113.64457223603 2.066063 0.753555575515441
887 0.330378 114.453394896674 2.103399 0.767504556188475
888 0.343056 108.807965949036 2.089874 0.777906695575583
889 0.569687 112.967202669047 1.63789 0.644230674715123
890 0.293086 119.006510829831 2.131997 0.80796807033782
891 0.527786 110.582002567501 1.794856 0.772930319922486
892 0.320308 126.374287336029 2.138682 0.833207276316827
893 0.458738 115.369998609434 1.864816 0.796015106220419
894 0.450714 118.127017137963 1.960122 0.80595006328905
895 0.395725 124.511184676045 2.030558 0.793767599136434
896 0.430914 109.25790400994 1.895173 0.735979285355883
897 0.312443 107.994831865991 2.112224 0.800317963202714
898 0.398807 119.157499550789 2.037404 0.759747567406843
899 0.351545 125.343234287938 2.084462 0.770554052627205
900 0.349916 121.191408521757 2.070119 0.789003559586068
901 0.656747 95.5519903290604 1.487425 0.720110985469938
902 0.352528 114.025449931205 2.100766 0.815579536472564
903 0.430183 108.855811334808 1.977561 0.745689352980078
904 0.245329 119.243323818855 2.205842 0.828924391394946
905 0.44249 116.246683731866 1.978296 0.753278053568808
906 0.414812 112.021136335693 1.998974 0.784866173162083
907 0.373197 121.698361754532 2.012494 0.750718102380111
908 0.367425 121.106287815408 2.083155 0.799177202161768
909 0.624675 116.541664660315 1.582159 0.626370736140074
910 0.312267 123.24109254222 2.139911 0.792216268356829
911 0.430231 116.154570791857 1.942559 0.812688857955939
912 0.341971 119.446063250312 2.070619 0.753291215914472
913 0.349729 109.196005687958 2.063646 0.763951984575479
914 0.395284 115.951790266511 2.048757 0.748937769907499
915 0.66281 101.726951461465 1.479592 0.704249148363098
916 0.364556 107.064272700282 2.054468 0.745542750470305
917 0.36224 117.655238211195 2.059423 0.778636173619987
918 0.574938 108.857016712972 1.716162 0.694027874658544
919 0.455528 117.628308111581 1.948104 0.778452486507284
920 0.277203 126.351725129795 2.15734 0.81847127217344
921 0.715183 109.650820786713 1.279654 0.629187715222475
922 0.383924 94.3758109315753 2.016169 0.740309122296892
923 0.401482 110.424881900996 1.978726 0.752146895023295
924 0.44036 108.400683096167 1.918371 0.754703335682906
925 0.370025 121.471306728639 2.053586 0.76386108075778
926 0.512459 109.369918086073 1.846849 0.75599174842698
927 0.495059 115.820597758593 1.846442 0.758966012148751
928 0.587907 103.308841728899 1.647539 0.685880263800072
929 0.414795 123.552911083513 1.972528 0.774283340902687
930 0.443305 110.848851001264 1.929731 0.713984664910716
931 0.471387 120.53785291867 1.903369 0.695972836718984
932 0.40612 104.523934987933 2.005415 0.727344246660721
933 0.282442 120.769082436622 2.140051 0.785901205351858
934 0.430107 112.237951181672 1.988378 0.790688401037948
935 0.237104 118.276714463755 2.203795 0.77412231001846
936 0.533425 110.860287364251 1.801947 0.739325293769452
937 0.654683 106.681810243858 1.519469 0.750127035022304
938 0.511761 110.06843121489 1.840628 0.756626569964825
939 0.726195 95.5476956286448 1.238644 0.648464736505425
940 0.458203 99.0672657376986 1.910356 0.770203085997672
941 0.340974 115.447969944351 2.065037 0.780572856827184
942 0.366771 120.765663385307 2.075725 0.759776580272977
943 0.474104 104.200023954522 1.922351 0.7009839894426
944 0.555386 101.865876372923 1.710279 0.726180682992775
945 0.3887 114.143080420152 2.014855 0.755991228084154
946 0.656398 117.505339688387 1.488615 0.735788670797099
947 0.433116 122.677301877865 1.930569 0.761725040755791
948 0.42667 106.53372319396 1.975368 0.741434213267924
949 0.585766 94.8442136966011 1.651352 0.71454566231618
950 0.433635 115.197255097503 1.951364 0.756335870404563
951 0.47974 108.637254447649 1.907367 0.688570103887978
952 0.558602 101.554762607899 1.749997 0.741184958504188
953 0.847375 92.5288006242679 0.61564 0.54882239784279
954 0.386246 114.487942734928 2.043013 0.762436430145335
955 0.623754 107.064119650011 1.598832 0.722315062077732
956 0.306883 117.038089724825 2.116539 0.779384115613198
957 0.492314 103.361516972937 1.836307 0.741670893704262
958 0.544114 114.532712172128 1.775688 0.705241159877009
959 0.537375 103.878445083893 1.767882 0.741276495967179
960 0.400292 126.434972654793 2.041384 0.821923909386494
961 0.560247 113.162151813375 1.705471 0.728274104843319
962 0.451577 104.456805361953 1.932849 0.759548019347088
963 0.405174 113.152752685398 2.013932 0.756034974512841
964 0.211588 119.881475156004 2.217192 0.808367408641873
965 0.623132 102.523050431108 1.550976 0.721084811657828
966 0.3903 114.305517813229 2.010598 0.766438757881563
967 0.40187 118.141575598961 2.007778 0.79934652626123
968 0.470442 110.798920983596 1.914043 0.733021472696763
969 0.463212 125.091776637459 1.93632 0.768052740276693
970 0.391885 111.708464023265 2.037809 0.759377171304539
971 0.46223 122.370279532168 1.922658 0.782825659872052
972 0.541541 101.71969765834 1.78373 0.764134486493386
973 0.271827 126.933661884137 2.174263 0.803811941712271
974 0.557077 108.443278777231 1.755758 0.731319338327405
975 0.284632 123.380835480899 2.169798 0.818747673368324
976 0.386139 110.684607775931 2.031282 0.775322478209426
977 0.341951 119.30562187232 2.082729 0.785995459302972
978 0.28273 117.023085935709 2.147693 0.789735367026049
979 0.478884 114.876070409197 1.887247 0.752868857549711
980 0.384898 117.242804672535 2.043497 0.742983033624465
981 0.485321 114.995028904746 1.853036 0.789095844668627
982 0.373279 111.558371327939 2.020532 0.790539384619981
983 0.470123 104.331041311115 1.837689 0.751920118007988
984 0.392695 101.576533603973 1.9918 0.749971193030241
985 0.554106 106.525317424068 1.752851 0.719931909206601
986 0.695267 85.1471529208624 1.33577 0.416792911954879
987 0.501971 123.952021620673 1.869493 0.772088203636316
988 0.319569 124.21802477982 2.12936 0.801432307150883
989 0.49309 109.177475277133 1.852345 0.735736811025395
990 0.457056 111.503158609291 1.917206 0.778548297970114
991 0.424233 107.161018098639 1.963578 0.754769193470151
992 0.337932 111.643438226113 2.093916 0.773568729769237
993 0.717955 95.9702572783956 1.317949 0.684949604558808
994 0.467051 102.646106236338 1.906185 0.750006131892248
995 0.375931 121.352672091608 2.038031 0.799920146160045
996 0.543737 109.903804175242 1.7641 0.744117065821463
997 0.50889 116.017533767678 1.869928 0.744904282856189
998 0.513425 112.529400085758 1.784943 0.740973198480585
999 0.404186 109.346520906872 1.99518 0.746949402398121
1000 0.559059 112.219891891268 1.643026 0.687254503649895
