rep	aei_left	left_area	adi_left	H
1	0.55382	104.9236136	1.717749	0.71482311
2	0.369821	107.7412808	2.026544	0.746846332
3	0.383936	114.4875612	2.021052	0.767272826
4	0.341208	118.3746436	2.066405	0.771845499
5	0.390774	118.6012135	2.035864	0.795863417
6	0.417826	115.1741039	1.986919	0.761978532
7	0.332888	119.1902159	2.093828	0.780111346
8	0.351641	115.1823531	2.068671	0.783329266
9	0.472075	114.2545175	1.879764	0.754026074
10	0.382785	113.7547479	2.029766	0.792092686
11	0.326598	123.9737316	2.129265	0.803626173
12	0.367685	124.4424884	2.07922	0.795286369
13	0.412431	112.5927913	1.999748	0.736884745
14	0.349305	108.368271	2.042166	0.719895251
15	0.541478	112.1188258	1.772062	0.714100308
16	0.414334	109.7087796	1.983289	0.747931648
17	0.545947	113.6639303	1.747249	0.754922949
18	0.328039	119.6729804	2.057854	0.7410206
19	0.240033	116.2477191	2.170525	0.783566193
20	0.448244	110.4741315	1.944069	0.74911851
21	0.424102	118.1223188	1.975098	0.737524749
22	0.51118	112.8326628	1.824351	0.710054613
23	0.404707	110.9326528	1.974068	0.75090209
24	0.231567	124.5787646	2.201407	0.822526501
25	0.42286	114.7705325	1.981006	0.762157538
26	0.448124	119.0302496	1.943589	0.777175096
27	0.58588	118.2192018	1.670436	0.747495068
28	0.404727	115.4409681	1.990787	0.732239546
29	0.453376	124.9252003	1.948356	0.799075469
30	0.446372	115.6605582	1.958758	0.754295718
31	0.366573	114.5256179	2.082503	0.746597076
32	0.473139	114.8229975	1.903336	0.755670601
33	0.398137	118.6930051	2.002804	0.778085846
34	0.425178	114.0102257	1.980898	0.736764826
35	0.431043	111.9257458	1.989338	0.78012408
36	0.403031	117.10006	1.983208	0.751905285
37	0.433862	113.2151067	1.919969	0.71961389
38	0.541385	111.2494645	1.769275	0.761359935
39	0.439122	117.5394393	1.945271	0.609364399
40	0.369151	109.4073116	1.991442	0.733033133
41	0.464121	113.0856149	1.924413	0.712116159
42	0.357635	107.8616586	2.073345	0.760345233
43	0.495674	112.6766906	1.860377	0.75262766
44	0.389808	120.1394181	2.028908	0.76671226
45	0.482707	109.5730372	1.856854	0.731909185
46	0.337746	117.5405693	2.114737	0.761179313
47	0.39126	118.4799601	1.992805	0.776091326
48	0.285955	112.9738585	2.147199	0.731842031
49	0.420324	116.0457446	1.97789	0.718475961
50	0.532742	123.2748592	1.781237	0.758540098
51	0.353783	119.147231	2.063937	0.751117051
52	0.480113	117.7144132	1.909234	0.759534181
53	0.39741	116.7219312	2.02766	0.7861885
54	0.274495	116.3279196	2.154271	0.763660649
55	0.37979	123.8566481	2.066125	0.789474346
56	0.550308	116.9148261	1.780806	0.745588756
57	0.316361	117.8531186	2.134136	0.765820616
58	0.334271	125.0209052	2.103142	0.793462281
59	0.385016	119.6752363	2.016943	0.797504787
60	0.614535	112.5088364	1.631819	0.745966642
61	0.268791	114.5156091	2.126754	0.778547442
62	0.543658	108.6935401	1.745492	0.738181417
63	0.497382	108.8504481	1.875965	0.779986991
64	0.492699	102.3522429	1.872989	0.701878992
65	0.432995	114.2258625	1.971946	0.755407825
66	0.1448	131.9331251	2.267575	0.807562779
67	0.504144	103.2297045	1.861204	0.749628103
68	0.441129	114.54033	1.9067	0.760407739
69	0.479236	111.2305401	1.887466	0.757684878
70	0.471469	115.2694162	1.894344	0.776805255
71	0.482761	109.1968483	1.885287	0.770672373
72	0.485649	105.5813915	1.889361	0.726249236
73	0.452179	112.3083368	1.897815	0.7468891
74	0.348451	118.6220615	2.079487	0.779928159
75	0.437206	106.3354446	1.939905	0.718450112
76	0.397158	110.7059642	2.004179	0.783664315
77	0.399661	127.8573351	2.034936	0.804875338
78	0.427688	117.9199868	1.98699	0.774651594
79	0.366802	122.2185216	2.061361	0.760850903
80	0.411652	115.1350952	1.984888	0.763037504
81	0.382403	117.4471601	2.049964	0.751135033
82	0.39459	113.8713932	2.013438	0.783470759
83	0.401396	109.2197183	2.006684	0.740908658
84	0.471742	110.6660392	1.881095	0.715526438
85	0.427736	110.7989901	1.915632	0.706417941
86	0.398057	112.8307758	2.000021	0.761605327
87	0.381587	109.6000607	2.00756	0.756456725
88	0.292934	114.0615557	2.154967	0.776508151
89	0.368058	108.4970056	2.051367	0.748251806
90	0.570705	118.2924563	1.672729	0.750360455
91	0.441635	117.4610767	1.95036	0.765694512
92	0.313964	112.6179627	2.084663	0.760109841
93	0.366073	117.8618539	2.069799	0.74787316
94	0.356814	118.4710879	2.032613	0.779032011
95	0.252638	132.3050795	2.20066	0.765897743
96	0.361773	115.663694	2.088823	0.78365738
97	0.371792	122.1469429	2.072019	0.791700254
98	0.278148	109.3137706	2.171541	0.766699322
99	0.384021	120.5828423	2.008591	0.794199368
100	0.417506	110.4541209	1.985813	0.744385251
101	0.213094	125.5515633	2.230248	0.762095777
102	0.414994	118.6877821	1.984799	0.760740324
103	0.430383	109.8141398	1.956764	0.710630155
104	0.349572	120.9920811	2.089183	0.794169266
105	0.423676	113.2874597	1.944356	0.781409201
106	0.283558	109.7905932	2.160193	0.779559859
107	0.309791	114.9133631	2.138585	0.762752797
108	0.374742	110.2659647	2.014875	0.753519905
109	0.368799	117.6206149	2.072484	0.745155639
110	0.444354	101.0674876	1.967725	0.72885919
111	0.41142	117.3091681	1.97277	0.765366777
112	0.350958	116.0843177	2.059799	0.782913323
113	0.230762	122.8352175	2.211207	0.79018849
114	0.512081	105.8286052	1.79047	0.705131205
115	0.358849	110.9086372	2.037822	0.726279618
116	0.416042	123.001199	1.996964	0.779704928
117	0.496936	109.8718146	1.857663	0.741838334
118	0.418375	110.3399277	1.975456	0.774975502
119	0.407883	111.151751	1.972974	0.682472556
120	0.253863	126.3297809	2.186405	0.752447575
121	0.417022	111.963709	1.980619	0.753173738
122	0.499504	123.5737375	1.87803	0.739999726
123	0.515763	122.8517955	1.823971	0.782810376
124	0.335505	116.6942485	2.102263	0.779370788
125	0.363764	118.2047832	2.070578	0.759328937
126	0.43928	108.237226	1.953455	0.738370346
127	0.38937	113.4329214	2.047459	0.780818176
128	0.250059	127.703357	2.191295	0.782099992
129	0.492159	120.1730128	1.836335	0.776349688
130	0.505589	120.3418745	1.826883	0.778142185
131	0.500575	111.7902622	1.812461	0.773784249
132	0.398099	117.5927137	2.001383	0.776610195
133	0.487009	108.4040749	1.849602	0.678574961
134	0.436625	115.8166418	1.953398	0.745073739
135	0.558	105.1530965	1.683994	0.676588429
136	0.383657	113.3517517	2.047143	0.759445675
137	0.302265	123.1804292	2.120931	0.77899238
138	0.369043	120.3623813	2.055246	0.804088174
139	0.427581	114.8378623	1.944529	0.760862576
140	0.407338	106.3437262	1.964385	0.728592446
141	0.51376	115.6909812	1.848032	0.755584532
142	0.463713	117.6552787	1.922511	0.774868604
143	0.398801	118.1733602	2.030212	0.770106764
144	0.32824	117.646905	2.094669	0.780301866
145	0.438658	117.0070814	1.923261	0.739546276
146	0.462339	109.5059628	1.930263	0.735421241
147	0.390147	118.8721292	2.055978	0.776046347
148	0.483701	118.7141625	1.873322	0.771125007
149	0.446541	103.3243077	1.927776	0.73605513
150	0.469704	117.8981717	1.893569	0.772848202
151	0.346495	123.0677668	2.084269	0.792012299
152	0.491232	112.1584866	1.832315	0.749716764
153	0.351085	107.2221957	2.065168	0.754967087
154	0.103772	132.3769264	2.283942	0.811436827
155	0.405655	115.7155126	1.974968	0.766702998
156	0.361726	110.3322158	2.057899	0.775963813
157	0.38339	121.2164207	2.048839	0.763476043
158	0.494698	119.578007	1.826455	0.743945857
159	0.448212	106.8767834	1.926679	0.708859129
160	0.437209	127.3212429	1.939409	0.786322453
161	0.54985	117.7637514	1.779263	0.726639732
162	0.557958	102.7205313	1.735398	0.727996138
163	0.454238	116.2098136	1.926932	0.762850727
164	0.405812	113.9070204	2.001032	0.763707612
165	0.375712	123.4598333	2.011606	0.724986225
166	0.477175	117.2176136	1.890677	0.777823446
167	0.546394	103.5383844	1.745251	0.727836034
168	0.117548	135.5002494	2.277976	0.825387339
169	0.416985	103.5763407	1.964084	0.733444567
170	0.241009	119.9857441	2.176112	0.798556428
171	0.534086	121.8527586	1.771451	0.738717274
172	0.546944	105.9102859	1.731701	0.682176858
173	0.374369	123.1393079	2.018068	0.763804943
174	0.358896	117.6764821	2.067155	0.786072334
175	0.4482	104.8916316	1.888241	0.736425214
176	0.496244	106.1336928	1.791273	0.757661899
177	0.347354	115.2013567	2.04483	0.758572458
178	0.341753	116.9694442	2.097984	0.773753517
179	0.503075	111.0071327	1.818809	0.737692309
180	0.331883	121.8110213	2.116601	0.773882738
181	0.432669	118.5138133	1.99594	0.786681355
182	0.461622	105.5629005	1.897738	0.735797683
183	0.409142	106.4827937	1.984643	0.752010176
184	0.464682	114.9141621	1.937714	0.753018967
185	0.498475	110.3581315	1.871472	0.735281971
186	0.561358	117.674112	1.728541	0.771247708
187	0.314653	119.6678426	2.142431	0.793077093
188	0.463213	116.0351796	1.923651	0.746175
189	0.450302	103.5942589	1.920389	0.727631361
190	0.404649	104.9724851	2.008877	0.71344551
191	0.398879	116.5514159	1.994879	0.763608176
192	0.592605	113.8704414	1.614734	0.738251969
193	0.519287	105.932238	1.804241	0.714200218
194	0.259647	117.8476437	2.177901	0.768206933
195	0.446005	112.9640142	1.937744	0.717361229
196	0.412502	118.7554747	1.969002	0.819241994
197	0.32815	118.0327612	2.11361	0.773193782
198	0.567178	116.3044311	1.737837	0.739466864
199	0.44452	120.313993	1.953376	0.790394885
200	0.537603	104.8423786	1.756037	0.666923204
201	0.365632	118.6617645	2.018139	0.763702889
202	0.372864	120.0850562	2.052719	0.746509698
203	0.349532	107.2721064	2.059284	0.746628017
204	0.475324	110.460207	1.909416	0.745841895
205	0.419827	110.6423261	1.9429	0.775634485
206	0.388901	109.5425662	2.004514	0.738029073
207	0.366032	113.2197059	2.041543	0.796291535
208	0.448781	111.8027236	1.971509	0.725812792
209	0.183828	121.6896227	2.249364	0.785237407
210	0.413482	126.6383707	1.942435	0.798378932
211	0.467085	111.5101324	1.905143	0.75529831
212	0.438809	114.037516	1.954747	0.75489572
213	0.214488	119.8158117	2.213863	0.744814059
214	0.474531	105.9182285	1.911571	0.726136279
215	0.41311	123.1952634	2.021453	0.732928289
216	0.325972	113.8682651	2.115125	0.759746947
217	0.382159	106.6232741	1.994975	0.745024698
218	0.536358	104.751164	1.77884	0.680515368
219	0.35687	109.8808248	2.049596	0.711690028
220	0.453199	114.7216462	1.932796	0.717701553
221	0.325568	115.4022315	2.093693	0.763948525
222	0.432333	111.2906249	1.964829	0.761914705
223	0.384708	118.2305942	2.024881	0.752665595
224	0.313193	122.6482921	2.140649	0.759585326
225	0.520448	102.7845922	1.785142	0.698244523
226	0.332967	128.6629812	2.108446	0.749994457
227	0.498308	112.0850073	1.861401	0.724841088
228	0.342322	112.9185346	2.031643	0.732377535
229	0.359977	121.8515686	2.088061	0.821677293
230	0.377658	109.8262109	2.034044	0.738839798
231	0.328158	115.1965266	2.10455	0.74533697
232	0.321252	123.1399852	2.133462	0.776520027
233	0.196134	135.090681	2.241727	0.794608237
234	0.371564	111.5728733	2.045246	0.735501006
235	0.408305	112.3730225	1.962508	0.748995872
236	0.379623	110.5957067	2.011922	0.758863748
237	0.528159	115.6042257	1.793692	0.756975051
238	0.210128	128.9205206	2.233364	0.80247985
239	0.493712	110.2596902	1.890484	0.688728712
240	0.457808	128.4716904	1.949891	0.794729833
241	0.332852	127.5531539	2.081104	0.795094069
242	0.444428	108.0336216	1.91499	0.771211977
243	0.363502	114.2636347	2.014888	0.731297637
244	0.349118	125.4867651	2.093804	0.845084595
245	0.407181	110.8492352	1.975479	0.733423108
246	0.478363	100.1806963	1.836895	0.722495913
247	0.310922	124.2028888	2.13778	0.78422021
248	0.186888	124.0315799	2.238953	0.795616659
249	0.46991	116.853569	1.922476	0.781353388
250	0.496639	104.6138936	1.873932	0.740098774
251	0.395389	113.9378222	2.015264	0.767531373
252	0.439383	116.6323537	1.970466	0.758046896
253	0.312517	122.7968954	2.124763	0.79205853
254	0.411506	115.0481021	1.966171	0.775372279
255	0.386744	117.2152085	1.995365	0.764797034
256	0.422439	113.7658689	1.963757	0.771167329
257	0.390885	104.7180813	2.020606	0.718000688
258	0.431799	114.5493544	1.969768	0.779460357
259	0.456883	111.7931029	1.909778	0.762252699
260	0.469388	122.4846296	1.91452	0.770723179
261	0.388771	120.5674423	2.03967	0.762039558
262	0.606911	120.203508	1.642332	0.726600838
263	0.181738	116.7401599	2.245799	0.744519489
264	0.32446	129.6577761	2.115626	0.813303431
265	0.438549	117.2420543	1.970215	0.775954442
266	0.401701	115.5258084	2.00102	0.752124075
267	0.276725	134.4868397	2.180331	0.833262369
268	0.419365	114.4048145	1.9836	0.745004078
269	0.393685	115.6625681	1.974855	0.766880092
270	0.401623	119.5890277	2.011951	0.755057448
271	0.374484	125.1213144	2.027305	0.754868324
272	0.340231	114.619535	2.08568	0.802224101
273	0.435396	114.6373913	1.922705	0.756480669
274	0.373437	112.8727596	2.020415	0.743682142
275	0.257055	125.6792296	2.194531	0.823913772
276	0.342778	116.4428045	2.109101	0.782875732
277	0.276479	117.7578816	2.11963	0.764244773
278	0.385791	117.5135457	2.054221	0.702040332
279	0.375367	120.0953884	2.024259	0.717351795
280	0.393978	111.2783307	2.006567	0.742450859
281	0.37099	120.2777299	2.06567	0.755953578
282	0.363991	115.4948096	2.062206	0.767687635
283	0.432383	117.3516292	1.978191	0.769642371
284	0.386688	111.4513959	2.020952	0.759313994
285	0.398806	119.7108919	2.047349	0.789383013
286	0.25325	121.5046539	2.170267	0.765563098
287	0.203157	133.471549	2.233036	0.812658532
288	0.454158	119.0687872	1.919436	0.78311817
289	0.454833	114.1803342	1.950125	0.761013637
290	0.264562	118.2139451	2.175262	0.748971347
291	0.59172	109.3193104	1.657876	0.725721694
292	0.347165	118.2472017	2.071633	0.791757293
293	0.371061	107.5005826	2.007464	0.723488677
294	0.300015	125.1204515	2.108414	0.771678487
295	0.330024	119.5014803	2.116751	0.778173713
296	0.399559	115.7396645	1.954503	0.757017751
297	0.399454	124.692406	2.023255	0.799934461
298	0.475732	107.163188	1.860841	0.731592468
299	0.463302	106.9563566	1.874403	0.767575417
300	0.392826	117.0111848	2.006472	0.780387765
301	0.439888	116.6441658	1.908755	0.737704389
302	0.396856	110.1515905	2.019143	0.767002284
303	0.32446	112.1186521	2.096351	0.737285939
304	0.44067	110.2150724	1.8841	0.739205473
305	0.418721	121.3704048	1.972456	0.81218223
306	0.404897	106.2609137	1.99594	0.735704311
307	0.5141	112.2182136	1.774758	0.742211677
308	0.273662	122.356804	2.153177	0.786463702
309	0.401878	125.7903908	2.032331	0.791890829
310	0.509972	113.194474	1.812303	0.775063225
311	0.485674	111.6393945	1.82153	0.793621262
312	0.362472	115.8032517	2.049274	0.77322958
313	0.451282	115.3708466	1.894022	0.735846794
314	0.278845	122.665141	2.156148	0.808763828
315	0.461926	122.0893683	1.870799	0.79754845
316	0.48407	112.1757001	1.872085	0.759234448
317	0.384283	119.0385707	2.000469	0.795567735
318	0.478569	103.5847818	1.874011	0.710808011
319	0.355518	114.1221517	2.080192	0.775293121
320	0.441559	118.6733445	1.927027	0.718622528
321	0.409972	120.3161829	2.010342	0.771772577
322	0.435255	119.1542029	1.979141	0.770082493
323	0.319248	126.331992	2.106858	0.790595049
324	0.513777	100.0957289	1.836839	0.721454865
325	0.363853	109.5622387	2.072085	0.74743519
326	0.461654	120.7555754	1.91813	0.71755249
327	0.57866	109.5791447	1.672269	0.743204008
328	0.367999	120.4141342	2.051165	0.774919584
329	0.347268	121.3394126	2.099237	0.805411365
330	0.443108	111.3514124	1.937914	0.734542953
331	0.218764	132.7650185	2.218669	0.814410993
332	0.343242	117.6548096	2.09099	0.797498883
333	0.403154	105.9376533	1.998976	0.720538159
334	0.430062	114.0220004	1.984372	0.747997634
335	0.454506	113.518552	1.949257	0.736910468
336	0.448985	109.8878498	1.896423	0.745341918
337	0.360963	108.4527786	2.039531	0.757921572
338	0.414237	118.1516756	1.969477	0.771239687
339	0.27773	123.3950686	2.175065	0.81561162
340	0.300804	122.6829444	2.151188	0.81715901
341	0.371025	118.8450207	2.060638	0.773752434
342	0.428401	116.8660545	1.984937	0.790250655
343	0.400791	126.0601747	2.01738	0.78665799
344	0.386895	118.9740667	2.031887	0.753308705
345	0.412607	111.0915214	1.961931	0.739203758
346	0.44008	112.8264549	1.926263	0.734129077
347	0.422777	113.8470045	1.971241	0.749992148
348	0.423493	111.1418239	1.947338	0.745101468
349	0.453993	110.6124756	1.928738	0.760320474
350	0.458321	118.626512	1.951509	0.815377982
351	0.413565	119.0862744	1.974991	0.782124082
352	0.328957	112.1118944	2.06367	0.745869412
353	0.426884	108.9569312	1.960247	0.739045981
354	0.482762	115.9485787	1.902076	0.67264109
355	0.370659	121.9253645	2.062593	0.806469418
356	0.435813	115.3717853	1.956567	0.747334116
357	0.14677	120.7903331	2.266065	0.823629514
358	0.480942	117.3250891	1.875717	0.677647944
359	0.506742	106.6051042	1.819987	0.718932022
360	0.567166	112.6697443	1.697693	0.734214162
361	0.331604	121.2319687	2.1136	0.79355411
362	0.451732	109.3267788	1.880286	0.726852536
363	0.374505	109.1854744	2.053459	0.784794622
364	0.301184	121.7621418	2.136226	0.769922678
365	0.392275	115.4743791	1.97329	0.747225851
366	0.358107	122.7225956	2.054583	0.775567194
367	0.335457	114.8880639	2.121408	0.758723961
368	0.550295	118.6169293	1.77814	0.744339159
369	0.490825	120.4686048	1.884554	0.778382055
370	0.261553	123.4852241	2.165308	0.799327566
371	0.289385	114.5612204	2.145994	0.783769099
372	0.39957	114.4802035	1.961978	0.760372238
373	0.49006	108.222743	1.828748	0.682072211
374	0.354815	124.7137672	2.097676	0.77325997
375	0.38817	116.1106702	2.008703	0.734686302
376	0.461834	115.7168423	1.927624	0.773150559
377	0.163689	134.0863222	2.242272	0.824273413
378	0.440739	121.2911775	1.95527	0.743001473
379	0.344036	111.9396349	2.086619	0.753622291
380	0.354113	120.0608603	2.049882	0.767237871
381	0.403007	116.3215851	2.026702	0.732604716
382	0.476265	119.6304986	1.922357	0.780660165
383	0.207756	127.6441132	2.234247	0.803735301
384	0.420416	104.2519473	1.933612	0.750845057
385	0.486071	120.1626421	1.824043	0.791056598
386	0.409104	108.4592744	1.970225	0.728923876
387	0.467262	108.7227279	1.910877	0.708358445
388	0.309289	111.4461107	2.105544	0.782659089
389	0.382085	130.3202305	2.064196	0.80496744
390	0.402312	111.7494777	1.972925	0.768159172
391	0.405101	113.2383748	2.00835	0.730467286
392	0.408354	99.64770435	1.9604	0.748277207
393	0.513998	119.445603	1.798587	0.749247003
394	0.367331	121.2275969	2.056922	0.743016808
395	0.377688	120.5804346	2.009191	0.783033147
396	0.493553	106.309481	1.824328	0.720155092
397	0.414032	120.0480262	1.974903	0.747113953
398	0.340245	111.4291346	2.075003	0.769236765
399	0.512837	113.9692706	1.84223	0.690530454
400	0.381931	116.2348621	2.04644	0.744756865
401	0.605419	112.5057849	1.621051	0.747798022
402	0.200419	124.9966921	2.230102	0.775656438
403	0.30371	125.8996123	2.146252	0.78930072
404	0.469338	103.7653348	1.88367	0.710594878
405	0.380121	112.2699216	1.988584	0.76041892
406	0.186867	130.9113205	2.247391	0.813336413
407	0.267702	119.7710011	2.185036	0.820523396
408	0.445424	98.06023322	1.937911	0.669720749
409	0.466643	108.0504009	1.872846	0.748307152
410	0.484285	117.7015696	1.897283	0.750407183
411	0.443916	117.0222341	1.903424	0.799424191
412	0.312447	112.3340752	2.073703	0.724441205
413	0.368537	122.0850155	2.063792	0.774847358
414	0.392552	124.8870845	2.014962	0.787932129
415	0.427018	111.2424439	1.942821	0.77399303
416	0.369894	108.7287847	2.063126	0.759712705
417	0.435949	112.9112354	1.952361	0.729408168
418	0.44811	115.6602558	1.883496	0.747327303
419	0.418305	117.2873588	2.004924	0.780203178
420	0.188836	122.7906685	2.244795	0.789423134
421	0.440919	111.5004734	1.953251	0.760898632
422	0.470182	102.2184531	1.899537	0.745166673
423	0.264146	128.9338459	2.18022	0.818552042
424	0.43285	111.3968687	1.976549	0.728093775
425	0.492331	111.3097924	1.852969	0.719455421
426	0.402522	117.230079	1.98959	0.752879626
427	0.483217	112.6036666	1.868084	0.769948781
428	0.451928	114.1728805	1.950881	0.762985523
429	0.408683	121.3527447	2.000951	0.798189699
430	0.49261	101.9245935	1.83246	0.705437505
431	0.447767	116.906933	1.932485	0.750345255
432	0.518051	103.9926144	1.814149	0.72248858
433	0.426851	118.9151579	1.951926	0.725889126
434	0.527392	110.2118571	1.718793	0.677490561
435	0.329841	114.3848368	2.101085	0.75856772
436	0.234061	127.7737027	2.207024	0.796454969
437	0.376876	119.8286721	2.060465	0.802834546
438	0.478335	117.1996718	1.907935	0.745980632
439	0.451534	111.1681604	1.931648	0.76914909
440	0.337541	115.2967391	2.077739	0.742635229
441	0.456832	115.1226215	1.944733	0.74923005
442	0.47726	109.2743012	1.895924	0.718104347
443	0.361975	114.8632888	2.074183	0.740239886
444	0.458812	112.2561151	1.903419	0.734216672
445	0.403977	117.1132802	2.00978	0.702691264
446	0.356562	111.0626581	2.032703	0.765713664
447	0.517203	110.2687294	1.825072	0.757434343
448	0.450218	113.1910339	1.882515	0.765804071
449	0.429342	113.6915553	1.977359	0.788962912
450	0.458242	116.376759	1.887538	0.747753617
451	0.428605	115.8010882	1.94716	0.74682381
452	0.415441	115.6230045	1.992388	0.787389532
453	0.48811	116.3799771	1.893916	0.745520786
454	0.53641	114.9301907	1.790802	0.738391427
455	0.392266	117.6112942	2.011666	0.747961483
456	0.276805	121.0080284	2.166525	0.791930015
457	0.362696	119.4465287	2.044004	0.770685511
458	0.529642	99.53154097	1.784624	0.755484676
459	0.487838	101.8891393	1.897977	0.73671236
460	0.416648	115.8054936	1.98438	0.731513481
461	0.474233	104.1252821	1.863854	0.75340027
462	0.126255	127.9786109	2.274788	0.799275648
463	0.480278	107.8597827	1.875516	0.74352759
464	0.334719	121.4117521	2.078795	0.737622955
465	0.417409	116.5325055	1.971776	0.770081329
466	0.18549	122.4788871	2.239989	0.800878819
467	0.415178	114.3442076	1.98353	0.778470515
468	0.412122	121.9534276	2.013202	0.794707159
469	0.426237	120.5522525	2.004024	0.795086465
470	0.312385	119.504115	2.126565	0.736750618
471	0.282333	122.2259724	2.171343	0.760414437
472	0.345538	125.3736328	2.078739	0.811661562
473	0.50718	106.4616005	1.835968	0.769844312
474	0.436631	114.8135763	1.953461	0.771308295
475	0.518161	111.9695903	1.796782	0.724096003
476	0.311065	120.091908	2.128452	0.77657219
477	0.428419	119.4580523	1.943438	0.772250021
478	0.444848	114.9374626	1.926836	0.738814093
479	0.351887	116.5746686	2.069269	0.781434167
480	0.423563	111.2685774	1.934203	0.753409782
481	0.411493	114.2387598	1.975264	0.770241382
482	0.381128	110.1801755	2.003299	0.760028391
483	0.330477	117.8178837	2.106984	0.782748632
484	0.351344	112.223067	2.040019	0.754503926
485	0.328827	116.9799029	2.070039	0.749016813
486	0.469874	113.5190601	1.858994	0.7127034
487	0.482653	107.9535283	1.868455	0.726668574
488	0.477524	106.6483654	1.855461	0.746049538
489	0.528429	113.0923206	1.765253	0.743997295
490	0.236551	119.6898825	2.20829	0.788116214
491	0.334508	111.7341091	2.112347	0.80629475
492	0.420633	109.3422167	1.945328	0.755338003
493	0.47646	120.28713	1.892058	0.769609827
494	0.351174	117.6565626	2.065156	0.792259749
495	0.381586	118.1185796	2.055293	0.758326001
496	0.416655	119.9298654	1.977899	0.781076273
497	0.505215	105.7581925	1.840801	0.737543554
498	0.597551	109.6232416	1.621407	0.705689391
499	0.306044	126.369827	2.13154	0.780958627
500	0.444061	102.310538	1.937743	0.75197831
501	0.506793	105.5937007	1.826055	0.73210856
502	0.247093	125.4314946	2.170918	0.732083571
503	0.438289	112.6603602	1.902924	0.691447318
504	0.526343	116.0065856	1.797456	0.682118206
505	0.269708	119.0289243	2.188309	0.759459208
506	0.309135	119.8401769	2.112756	0.786316117
507	0.409806	110.2232324	2.015977	0.721552905
508	0.336778	121.0431058	2.107652	0.748165643
509	0.422981	112.5313397	1.953829	0.757131946
510	0.357379	119.143588	2.067136	0.777127573
511	0.404212	116.6015545	1.988573	0.774164084
512	0.47621	117.3978895	1.83036	0.765899046
513	0.490012	116.3385036	1.814829	0.744818706
514	0.548075	111.00656	1.742374	0.723677823
515	0.213937	121.4874175	2.226259	0.807536398
516	0.186933	120.2015374	2.242312	0.773508089
517	0.31908	122.6295018	2.109618	0.80320298
518	0.354706	124.1436903	2.068272	0.79760199
519	0.352827	106.6954777	2.049096	0.733080387
520	0.319989	115.9491134	2.116088	0.757442263
521	0.417708	116.974353	1.97903	0.799012249
522	0.394071	114.0652775	2.037323	0.764391735
523	0.292747	119.5382419	2.131355	0.783050297
524	0.456312	109.2405794	1.861652	0.709276899
525	0.308723	116.115522	2.125659	0.780549193
526	0.424709	111.4682748	1.938003	0.727460649
527	0.365331	108.5998791	2.066836	0.762672999
528	0.418154	114.4373271	2.001911	0.761852625
529	0.308368	130.1145394	2.120222	0.790411105
530	0.524095	115.8849008	1.801493	0.776852209
531	0.452498	111.9215509	1.938917	0.752702815
532	0.266044	123.0242505	2.180312	0.775952443
533	0.495082	113.2278937	1.888343	0.775708074
534	0.371629	122.0257418	2.020874	0.764853851
535	0.526136	109.4408703	1.778537	0.786646272
536	0.399543	111.9565642	1.98274	0.753149006
537	0.351707	117.7906001	2.058133	0.743351057
538	0.406915	120.8418661	2.008809	0.799236544
539	0.187925	134.6470208	2.247567	0.821406857
540	0.308841	110.9539171	2.109379	0.779544701
541	0.347379	115.812328	2.087733	0.761035166
542	0.423747	125.1518849	1.975191	0.780726868
543	0.384448	108.3995051	2.008899	0.727250112
544	0.531924	103.8905869	1.794299	0.716866414
545	0.404875	118.0154438	1.991311	0.70123247
546	0.510775	111.2020535	1.829701	0.756934457
547	0.404313	105.5526634	1.958001	0.757872269
548	0.363294	125.5376624	2.073794	0.776056111
549	0.295554	127.3930831	2.157047	0.805817226
550	0.263041	121.4219795	2.169272	0.755698802
551	0.535233	113.1153642	1.79756	0.722673171
552	0.467326	113.8151449	1.904899	0.726537192
553	0.378034	116.4603484	2.033476	0.790050084
554	0.388735	101.424496	1.998373	0.728835367
555	0.393489	104.8272651	1.986071	0.706636805
556	0.490032	108.7879057	1.853569	0.76288301
557	0.463959	108.9261095	1.889924	0.727293827
558	0.254719	119.1676353	2.170992	0.77714226
559	0.435956	108.1877871	1.938567	0.765390988
560	0.295639	119.2147556	2.14234	0.785572769
561	0.417077	107.0087493	1.967396	0.720119816
562	0.331995	122.3619833	2.118259	0.781996667
563	0.512578	126.2625549	1.817878	0.790023082
564	0.417021	118.2610314	1.9803	0.749955852
565	0.361979	113.1377261	2.029059	0.737929317
566	0.389879	115.9282738	2.020675	0.77733609
567	0.257587	131.5776663	2.177944	0.789043971
568	0.362494	123.4572358	2.05259	0.775972874
569	0.308081	113.9101233	2.098428	0.758024599
570	0.33272	116.7531989	2.074953	0.770956999
571	0.520867	113.3649028	1.831559	0.741000487
572	0.495177	104.0751489	1.828561	0.716975978
573	0.4057	116.8882466	1.992176	0.76577047
574	0.431228	114.1779212	1.96615	0.750976986
575	0.331358	112.9870647	2.077056	0.762879858
576	0.26879	123.3595764	2.170736	0.779865556
577	0.509889	107.654015	1.831992	0.689936501
578	0.487085	107.5853724	1.878111	0.727374384
579	0.392921	124.8592607	2.029674	0.776505135
580	0.271624	124.2832123	2.186638	0.748132754
581	0.459145	118.8359714	1.876207	0.774813402
582	0.418281	122.3853904	1.98559	0.809611221
583	0.428583	112.4872816	1.920003	0.753802809
584	0.4433	112.8656207	1.948641	0.728792663
585	0.401052	110.2044117	1.999332	0.748577849
586	0.286888	112.5026889	2.128634	0.77541058
587	0.406068	117.5376014	2.003887	0.785505588
588	0.478894	115.5988411	1.886168	0.724540196
589	0.353396	125.832173	2.0865	0.702284363
590	0.572928	108.2898808	1.708855	0.70155035
591	0.433622	108.430386	1.956346	0.749552549
592	0.534736	103.6128854	1.740433	0.703788545
593	0.355086	119.5798727	2.096156	0.77327656
594	0.497467	104.5951314	1.873418	0.71280626
595	0.426609	125.1531749	1.978687	0.757499232
596	0.48376	117.3755415	1.871448	0.779357847
597	0.500691	106.2898937	1.814639	0.6616387
598	0.397926	119.1727888	2.010068	0.784593507
599	0.356958	119.1781995	2.068445	0.774682703
600	0.359732	114.1978806	2.089	0.727051824
601	0.29783	118.5665009	2.157025	0.772014318
602	0.441377	107.3315611	1.927849	0.608240821
603	0.4395	108.459333	1.916681	0.72588226
604	0.381989	114.6642743	2.055764	0.758332355
605	0.448798	113.76966	1.928218	0.775785174
606	0.458449	122.1694236	1.938369	0.763927838
607	0.312602	127.0823577	2.133612	0.810286757
608	0.376043	112.7022825	2.036863	0.749157108
609	0.284299	122.2145906	2.149354	0.817183487
610	0.21872	129.0250905	2.225994	0.768653222
611	0.343612	107.2043911	2.095509	0.749747123
612	0.344233	114.5873342	2.088123	0.778836034
613	0.317627	114.2757378	2.103581	0.759499386
614	0.28239	118.1284469	2.12697	0.778460322
615	0.232993	128.4810673	2.207838	0.831205615
616	0.380084	117.7891084	2.022499	0.73971614
617	0.327429	103.6247209	2.089518	0.758051137
618	0.357643	111.6836779	2.047917	0.771386107
619	0.27733	117.1735867	2.159064	0.753344874
620	0.324065	116.6639481	2.104846	0.721096797
621	0.324757	117.2854548	2.090271	0.769965255
622	0.2118	120.7444118	2.217073	0.799596121
623	0.387114	113.168651	1.9841	0.748446344
624	0.364214	113.9577981	2.048708	0.735302467
625	0.331299	122.0977804	2.110925	0.773015774
626	0.302795	127.0274195	2.149921	0.782770083
627	0.418749	119.0185352	1.971532	0.78958232
628	0.348402	113.0022211	2.069162	0.773522933
629	0.450901	117.4455265	1.960506	0.746302279
630	0.536411	111.6097846	1.753724	0.722617692
631	0.511983	118.6045331	1.845725	0.742894556
632	0.286579	126.49673	2.152962	0.783391584
633	0.389328	114.6526903	2.045324	0.774238979
634	0.351522	117.9995467	2.081423	0.806508748
635	0.520895	111.7045703	1.790921	0.768642334
636	0.296756	121.1881556	2.149146	0.741258554
637	0.371301	116.5304959	2.034931	0.771379674
638	0.602047	122.3096388	1.62698	0.756320561
639	0.379437	114.2816299	2.042028	0.743355603
640	0.357054	120.575771	2.0967	0.761309349
641	0.343136	124.8859751	2.081388	0.768323403
642	0.412496	124.7360192	2.012899	0.792778134
643	0.359212	110.0215437	2.052804	0.77700347
644	0.473886	119.4116097	1.876471	0.787784243
645	0.340552	118.6810507	2.099225	0.780806813
646	0.456093	108.328251	1.90598	0.690751495
647	0.450307	118.4299379	1.912455	0.779745589
648	0.415377	121.0324677	2.002078	0.76454723
649	0.415751	121.8544352	2.011861	0.758217673
650	0.257789	118.5660624	2.173934	0.764569901
651	0.252627	125.414273	2.184356	0.816076321
652	0.424852	122.5506424	1.982526	0.789544554
653	0.264295	125.3746074	2.18151	0.793650688
654	0.387508	116.1606305	2.003327	0.779307784
655	0.363256	111.2976116	2.044691	0.73855147
656	0.356603	114.5041612	2.025506	0.765070032
657	0.478282	120.1540735	1.88777	0.768186041
658	0.388334	119.013104	1.998522	0.746879091
659	0.360918	118.6320729	2.08056	0.766775131
660	0.500769	112.3681106	1.831703	0.744391099
661	0.466309	111.9493654	1.878821	0.75433253
662	0.385522	112.0061083	2.019913	0.768701389
663	0.478088	112.138296	1.868621	0.724410788
664	0.378465	122.2596753	2.042348	0.727115108
665	0.42709	116.6687764	1.982535	0.791518763
666	0.452401	115.4012589	1.930542	0.772095078
667	0.369341	125.3906521	2.081032	0.787515463
668	0.292046	122.6658532	2.145699	0.788769607
669	0.380968	111.755087	1.993967	0.748831924
670	0.36528	122.5131709	2.040981	0.75290112
671	0.459341	110.3221759	1.949183	0.757620764
672	0.224307	132.1863496	2.223701	0.811823824
673	0.425664	108.0977343	1.961862	0.736506461
674	0.484044	120.2047487	1.888781	0.751362089
675	0.355297	114.403388	2.026525	0.79688269
676	0.425817	109.8045438	1.97225	0.766185687
677	0.455423	110.2704372	1.905712	0.715867919
678	0.310383	123.4821609	2.11512	0.778723645
679	0.406549	111.8492596	2.004254	0.751041976
680	0.444187	125.0064791	1.926161	0.748034818
681	0.482922	107.9266532	1.875069	0.747964702
682	0.399722	114.3513765	2.026438	0.759766603
683	0.555919	94.24755472	1.715568	0.694174505
684	0.593385	105.9283839	1.665146	0.721944893
685	0.430049	117.4168344	1.928224	0.757440954
686	0.360563	117.4741612	2.073707	0.77001642
687	0.492441	113.2822558	1.854709	0.723066942
688	0.321665	120.8392775	2.101402	0.792724476
689	0.470087	111.7660287	1.904149	0.761104827
690	0.400041	112.0178093	2.014223	0.759168894
691	0.431474	112.2175972	1.950124	0.756118058
692	0.516474	112.5879476	1.823305	0.735695872
693	0.432672	120.3495693	1.983252	0.779397126
694	0.451602	112.6379119	1.896763	0.755904758
695	0.366657	113.8700865	2.034057	0.762050375
696	0.243274	121.7104753	2.193491	0.775750709
697	0.516846	110.0106985	1.789942	0.71583029
698	0.317362	116.3879721	2.090876	0.776690704
699	0.387362	111.8014111	2.037554	0.781363329
700	0.480711	113.9095969	1.877904	0.746183865
701	0.429456	106.5692929	1.881162	0.740813225
702	0.396287	112.3244052	1.942197	0.761927073
703	0.286638	120.4041766	2.160286	0.776896005
704	0.310793	111.6162031	2.116873	0.767626104
705	0.418822	118.1222328	1.977789	0.749601785
706	0.399382	109.6574133	2.009383	0.747614255
707	0.290429	126.2572364	2.138225	0.784464317
708	0.33661	117.9628437	2.019577	0.745419652
709	0.394067	122.3122511	2.022931	0.754443526
710	0.290587	121.2042295	2.164427	0.776375651
711	0.444528	107.7978972	1.942016	0.722920498
712	0.427791	124.586616	1.982539	0.758801513
713	0.36602	111.204564	1.993645	0.725572256
714	0.386985	117.7187491	2.042758	0.770820258
715	0.3779	106.4550757	2.023226	0.763099675
716	0.556424	114.1441542	1.761095	0.749453717
717	0.450084	112.8688947	1.928756	0.73732128
718	0.350142	116.2377764	2.050657	0.775676623
719	0.239653	126.4343826	2.205967	0.81570731
720	0.439137	117.2090453	1.926078	0.7657715
721	0.317663	131.7340284	2.132805	0.793285087
722	0.430505	115.3103663	1.928482	0.747802253
723	0.431551	116.2541096	1.934986	0.777069692
724	0.476723	121.5784644	1.905384	0.786898457
725	0.410417	110.6296776	1.988608	0.776524774
726	0.234729	125.7520926	2.182003	0.830263332
727	0.634431	112.8975281	1.544466	0.678582285
728	0.421906	120.6494976	1.989342	0.773674604
729	0.397601	110.1206041	1.979657	0.754653776
730	0.436228	105.1814594	1.936182	0.73582532
731	0.438422	119.4197913	1.938003	0.715715156
732	0.401859	117.7455123	1.992588	0.783275107
733	0.461229	111.6231295	1.89881	0.733707264
734	0.358691	120.0516835	2.053529	0.770156149
735	0.379309	127.5143803	2.039611	0.80278565
736	0.501859	117.70555	1.816269	0.790312428
737	0.418413	122.8201854	1.970848	0.783468824
738	0.467516	113.7640063	1.91752	0.725147213
739	0.262656	115.3184242	2.16359	0.780854078
740	0.418911	120.1931839	1.995722	0.814643584
741	0.401705	116.587437	2.036116	0.713606191
742	0.419759	116.3316268	1.979077	0.747577322
743	0.426989	116.6252694	1.972089	0.780601195
744	0.344272	119.5809549	2.095674	0.777858602
745	0.479745	121.8458729	1.902959	0.773434893
746	0.464548	112.6077154	1.922425	0.746875024
747	0.428601	115.8815139	1.967538	0.749022708
748	0.492631	107.2083661	1.794103	0.74382952
749	0.46568	104.8770379	1.892452	0.748325954
750	0.507476	111.6352548	1.86235	0.753542109
751	0.380404	132.9852302	2.050699	0.789542242
752	0.287339	112.2051243	2.145471	0.741877675
753	0.454479	128.9525874	1.939419	0.734622941
754	0.389454	114.3088495	2.029407	0.773921281
755	0.332246	119.5132788	2.113912	0.77405029
756	0.523885	118.6932761	1.809232	0.73981962
757	0.325228	106.5530257	2.086795	0.723774828
758	0.454033	124.7994417	1.947476	0.756102913
759	0.383128	115.1473051	2.035104	0.752947586
760	0.223125	125.8392704	2.204686	0.816509852
761	0.46809	110.4833049	1.921606	0.715300885
762	0.422618	107.8515178	1.956986	0.742156651
763	0.274747	125.1494462	2.171742	0.801914773
764	0.33778	113.7942605	2.100021	0.79801948
765	0.472328	116.8828897	1.897383	0.735171797
766	0.439371	126.3576578	1.977084	0.753458583
767	0.197159	119.2248925	2.237435	0.764725042
768	0.425104	99.74526444	1.960366	0.736568557
769	0.246328	112.7593108	2.20679	0.750494314
770	0.537522	109.4629778	1.783726	0.709467517
771	0.486013	113.1413928	1.883258	0.753846172
772	0.470241	113.6594105	1.890682	0.724721312
773	0.320957	123.7039184	2.1046	0.777211275
774	0.411183	114.2807039	1.985809	0.754947311
775	0.303157	125.7991116	2.135005	0.806061761
776	0.475183	123.4169568	1.908303	0.773251031
777	0.374247	119.9865006	2.006052	0.773717709
778	0.379531	115.7507118	2.056831	0.777381788
779	0.484866	121.7081829	1.857877	0.766524263
780	0.42705	115.9147266	1.948506	0.781668584
781	0.420497	113.1119691	1.979993	0.727898496
782	0.281253	127.6870735	2.168706	0.804087679
783	0.490272	114.7463336	1.824742	0.762468738
784	0.359721	120.8610462	2.083755	0.788041831
785	0.36662	117.2497492	2.040658	0.785811064
786	0.385922	112.4691745	2.039117	0.759429858
787	0.588137	109.3060145	1.681117	0.731279959
788	0.41578	116.0539475	2.008877	0.743882613
789	0.515681	109.2298378	1.818791	0.718481802
790	0.444321	111.59213	1.905698	0.739483317
791	0.44123	112.4701697	1.962052	0.782570064
792	0.416467	104.9797912	1.959505	0.676081989
793	0.452025	108.1131157	1.892839	0.759178393
794	0.467377	117.101818	1.90082	0.740131492
795	0.43078	105.4725024	1.919067	0.748402665
796	0.341214	114.6487304	2.055121	0.770908238
797	0.480471	111.3476235	1.882928	0.744016812
798	0.348642	112.0481042	2.074713	0.743446582
799	0.372826	121.4511189	2.044186	0.777329088
800	0.36481	113.7265032	2.047169	0.780305852
801	0.42519	112.7940737	1.975928	0.76050147
802	0.335744	115.4258842	2.099235	0.76052102
803	0.52244	116.0474478	1.812739	0.764493528
804	0.442859	116.0818493	1.912181	0.791713581
805	0.407521	106.6394279	1.967832	0.716541572
806	0.485618	99.09074027	1.825772	0.656273686
807	0.423036	122.6690149	1.96975	0.76378295
808	0.430667	113.9274934	1.929106	0.770349226
809	0.454164	120.6519337	1.906348	0.77017822
810	0.26691	123.8581454	2.176753	0.822362473
811	0.321398	113.1316554	2.081085	0.755600281
812	0.39407	114.6179059	2.022638	0.750877387
813	0.576458	94.90380459	1.666607	0.691678256
814	0.369157	112.1533735	2.036368	0.729373285
815	0.500728	109.3470205	1.854087	0.723559824
816	0.459881	118.2413361	1.924942	0.772924976
817	0.428977	113.2606967	1.962561	0.713465256
818	0.365031	125.438932	2.079984	0.757147403
819	0.38524	109.0497165	2.025139	0.717873818
820	0.389632	111.9074602	2.020714	0.77013204
821	0.396298	118.9147376	2.001117	0.786816134
822	0.329142	111.5962059	2.073	0.748318294
823	0.284586	124.1755817	2.171144	0.795040702
824	0.447797	117.4206685	1.962064	0.794708937
825	0.490246	113.6919148	1.813089	0.728022659
826	0.380095	112.2186356	2.001391	0.761004772
827	0.339115	122.3005384	2.112382	0.749457761
828	0.2769	113.293111	2.164068	0.757382028
829	0.461958	119.7073036	1.916817	0.746886754
830	0.377174	118.069678	2.035899	0.732630127
831	0.211039	126.3470168	2.215273	0.787246982
832	0.474443	110.4487178	1.881797	0.724746366
833	0.238719	103.5019701	2.188227	0.741200683
834	0.349654	122.9753856	2.053353	0.780150719
835	0.403776	122.0176526	1.972099	0.796784007
836	0.256233	130.6017493	2.19322	0.797796153
837	0.476188	98.20867368	1.880251	0.696448563
838	0.494884	125.4571804	1.857843	0.781203144
839	0.492728	109.39599	1.853599	0.735555784
840	0.429542	108.805779	1.960388	0.700370237
841	0.200933	131.9397932	2.238663	0.825253336
842	0.509004	100.1558121	1.776495	0.729749015
843	0.388453	117.6008797	2.001767	0.790560506
844	0.391882	120.1819234	2.015871	0.743625623
845	0.452772	111.1192502	1.909578	0.723631605
846	0.343784	125.6589917	2.10939	0.788892895
847	0.385996	129.4782441	2.055506	0.770695648
848	0.47827	112.7635718	1.913105	0.738807111
849	0.500896	108.3692373	1.855222	0.765220863
850	0.459378	110.3254691	1.918029	0.735615557
851	0.39443	120.1127085	2.005955	0.788570528
852	0.414753	116.2384739	1.93861	0.740743821
853	0.594644	99.54100333	1.642288	0.679867493
854	0.328995	107.9435553	2.10394	0.788985766
855	0.531807	109.9973938	1.796425	0.724609199
856	0.363561	119.4797906	2.001593	0.727101334
857	0.62118	109.2595056	1.58143	0.717994666
858	0.2568	123.6657838	2.185853	0.793352862
859	0.344061	118.1365563	2.080926	0.734538849
860	0.511263	106.7053346	1.776697	0.723712558
861	0.571374	107.8436582	1.714729	0.750352412
862	0.431021	122.669194	1.948511	0.789967511
863	0.338051	119.5609072	2.107831	0.77286214
864	0.426719	114.9868704	1.964202	0.711146367
865	0.48448	109.8964059	1.885407	0.753385737
866	0.448355	115.6542595	1.90911	0.758751379
867	0.387298	116.7383575	2.055094	0.797719527
868	0.476343	115.1118442	1.89674	0.748090738
869	0.220711	133.7009645	2.224604	0.801657719
870	0.433832	116.8843171	1.961298	0.764554956
871	0.30594	108.2521956	2.139688	0.756535199
872	0.322794	105.6375684	2.087942	0.745902172
873	0.469723	107.272094	1.914677	0.710491448
874	0.370974	119.9336878	2.060218	0.777958941
875	0.504557	115.1430549	1.86813	0.719728099
876	0.434732	116.9545063	1.954829	0.760068674
877	0.383455	121.6521376	2.048289	0.791141358
878	0.358057	117.2415071	2.061998	0.792566579
879	0.299891	125.4732067	2.143717	0.795508086
880	0.364779	117.6926522	2.051887	0.74801632
881	0.505995	110.258183	1.845139	0.750657883
882	0.367754	109.7383852	2.08545	0.75935747
883	0.388509	117.5770841	2.050093	0.784149667
884	0.31458	117.0713395	2.116026	0.690715628
885	0.394181	108.3363404	1.966028	0.754818635
886	0.334759	120.8828909	2.107655	0.779464906
887	0.416659	102.574613	1.961309	0.739690044
888	0.390242	119.3765117	2.026929	0.735482887
889	0.287782	124.4482897	2.156129	0.777817537
890	0.523205	111.1660208	1.815843	0.746905941
891	0.420773	113.0735048	1.948957	0.752900662
892	0.517305	115.5637751	1.813489	0.758215454
893	0.310123	127.2830364	2.150399	0.796778835
894	0.402436	113.5675933	1.972975	0.777256006
895	0.56774	118.5506059	1.706694	0.733083559
896	0.388346	111.793675	2.053779	0.705354555
897	0.369833	119.3311581	2.059116	0.796013624
898	0.431541	113.7406815	1.969305	0.78268842
899	0.47102	115.1731318	1.902697	0.712531836
900	0.530939	117.895249	1.79019	0.771092806
901	0.360944	123.8250475	2.083593	0.773342825
902	0.297835	113.5702821	2.143624	0.800417383
903	0.390192	111.4835045	2.021295	0.756093826
904	0.496796	113.2418089	1.881098	0.714621217
905	0.241476	127.599621	2.204254	0.814539582
906	0.39807	113.1890495	1.954803	0.75654003
907	0.17423	124.0317643	2.252703	0.791033053
908	0.282812	117.8003329	2.146909	0.788796435
909	0.383564	125.3974604	2.003356	0.804999019
910	0.252629	120.2244742	2.190828	0.769523441
911	0.324805	123.9074738	2.126367	0.802953819
912	0.388331	115.837205	2.023078	0.762991019
913	0.400338	115.0202552	1.987718	0.764201799
914	0.546044	106.3119734	1.76118	0.726124682
915	0.593597	113.7154514	1.660665	0.757260971
916	0.415487	121.7596656	2.013447	0.773907237
917	0.496002	116.6164829	1.831599	0.731501434
918	0.432307	103.6372346	1.918313	0.739780533
919	0.301282	115.3468127	2.091665	0.770207355
920	0.52167	115.2426544	1.836312	0.703777098
921	0.42719	114.4869554	1.984644	0.743250633
922	0.25473	119.3166105	2.191725	0.78274588
923	0.465917	112.9164247	1.889395	0.755377162
924	0.522224	126.5295642	1.818263	0.786011205
925	0.553937	112.3117296	1.725137	0.743199211
926	0.399691	118.4519584	1.997762	0.778186178
927	0.506598	113.8566025	1.805606	0.765017105
928	0.494361	120.5981348	1.872688	0.769688804
929	0.334198	122.0476801	2.081482	0.778451679
930	0.422465	106.8941632	1.968102	0.782686499
931	0.443319	111.7890715	1.885255	0.764876491
932	0.39127	114.3101675	2.002992	0.787280907
933	0.238875	124.5927056	2.176748	0.756218384
934	0.486556	117.9576223	1.863674	0.77593656
935	0.477668	102.8478201	1.834495	0.739190641
936	0.430952	110.3649577	1.936047	0.743637068
937	0.343201	117.5304884	2.073815	0.74783054
938	0.344926	126.784831	2.08951	0.814978639
939	0.498166	111.6104975	1.823636	0.724470306
940	0.532885	114.3339425	1.81752	0.738966687
941	0.464454	101.210462	1.878986	0.739275436
942	0.510818	111.0808327	1.767683	0.752886003
943	0.521948	111.5258674	1.788896	0.698736559
944	0.330913	118.4285593	2.118189	0.759747431
945	0.257925	130.9993905	2.1963	0.780802292
946	0.558813	109.7279124	1.704315	0.731010707
947	0.358404	114.2872916	2.056455	0.771142175
948	0.368814	113.1325878	2.008405	0.782486343
949	0.208516	125.4519483	2.225915	0.794789364
950	0.256838	122.2745577	2.16612	0.807391371
951	0.471084	110.3802826	1.863542	0.748047792
952	0.437102	117.2102955	1.958852	0.764798095
953	0.514468	110.9773689	1.797345	0.696007593
954	0.443215	114.2716325	1.955413	0.758392132
955	0.454719	113.5216105	1.935985	0.780326529
956	0.425638	113.7206292	1.953972	0.763729691
957	0.36964	121.2413079	2.05256	0.786531989
958	0.391728	114.7010081	2.049907	0.776716992
959	0.434496	112.91258	1.958718	0.724199091
960	0.511907	115.6885284	1.832193	0.705161782
961	0.496266	105.7553317	1.857785	0.753629701
962	0.427783	109.7616888	1.938014	0.759946873
963	0.485901	114.2977545	1.893561	0.765845814
964	0.381801	113.9175444	2.002528	0.770716474
965	0.407716	116.7649373	1.981189	0.782121121
966	0.36507	117.3473752	2.056582	0.783458802
967	0.441991	107.6264884	1.923959	0.721134309
968	0.42539	115.3452989	1.961789	0.760544532
969	0.457732	113.8039932	1.878624	0.721984899
970	0.435656	120.7425481	1.935469	0.77051135
971	0.385504	114.2341353	2.047042	0.711800675
972	0.439612	114.8372755	1.910828	0.738375673
973	0.42043	117.968829	1.959641	0.770160667
974	0.338056	112.431418	2.097065	0.758509701
975	0.490436	111.3194781	1.81531	0.714764087
976	0.433455	114.9496217	1.952482	0.803772026
977	0.448795	111.4374596	1.876988	0.74760817
978	0.506818	105.8992461	1.793834	0.719276316
979	0.418855	114.2936894	1.992361	0.745192212
980	0.428084	121.5407498	1.993078	0.796529615
981	0.468882	105.7511298	1.850355	0.712886244
982	0.410175	114.5611483	1.970925	0.721797901
983	0.52446	108.0455943	1.782033	0.745251334
984	0.351564	117.4633458	2.089395	0.756221617
985	0.440494	110.5778465	1.965982	0.748930743
986	0.267513	122.1580986	2.119141	0.793251474
987	0.343839	117.5373286	2.050024	0.787429627
988	0.473607	113.1642257	1.894169	0.708972654
989	0.517541	108.1799114	1.807492	0.724267373
990	0.388227	115.3083283	2.011395	0.760897477
991	0.427126	113.4410999	1.941302	0.755965821
992	0.338902	119.9692873	2.082832	0.761529213
993	0.390677	117.8428008	2.043149	0.797975991
994	0.415248	105.7817677	1.953176	0.73295877
995	0.223306	126.1510127	2.221382	0.807378569
996	0.40614	119.5570855	1.976436	0.744096061
997	0.429077	111.1963413	1.949683	0.783333962
998	0.338966	110.3596469	2.058148	0.800202151
999	0.453236	113.6674854	1.922034	0.751316977
1000	0.310983	123.3283322	2.135134	0.786292464