rep aei_left left_area adi_left H
1 0.434648 102.852821428398 1.915274 0.727021222277635
2 0.533923 110.043772934767 1.74419 0.7260767407006
3 0.400038 113.219202051085 2.022978 0.750565506458284
4 0.17039 132.143768342436 2.257213 0.827848397848441
5 0.434512 127.728942330719 1.986514 0.820229811848188
6 0.223858 127.099186584423 2.20336 0.798353441480394
7 0.388152 112.550696140817 1.9803 0.758123048396784
8 0.287451 112.712964987489 2.149731 0.755997985313158
9 0.429479 103.948150643274 1.922171 0.724793387001503
10 0.426033 108.317389136087 1.989183 0.686797634512521
11 0.590823 112.930246526921 1.677374 0.724397921129372
12 0.564957 104.25314543107 1.672576 0.702249950690546
13 0.563418 105.696237579796 1.734498 0.731650020062859
14 0.399603 113.617003372588 2.023862 0.792153778803666
15 0.402322 114.93323377244 2.027573 0.739480218214485
16 0.471407 121.912987990739 1.917301 0.766019838516585
17 0.378835 115.514238080506 2.057404 0.759775689820917
18 0.510213 104.749923488275 1.822302 0.679045176561419
19 0.611298 111.220226097332 1.624536 0.680506222994343
20 0.597295 102.958412900066 1.660921 0.663046875619197
21 0.351907 115.785230492929 2.088776 0.757944068147344
22 0.505775 115.192438765173 1.84993 0.733013592786509
23 0.562106 106.346767997163 1.740575 0.742230942262324
24 0.459063 111.820241863739 1.929906 0.806849484911999
25 0.583736 101.935582772294 1.689521 0.677828257939321
26 0.431077 106.300891501866 1.953167 0.752369783424155
27 0.390084 121.180808315301 1.989095 0.756826319230142
28 0.403878 107.036931790774 2.001471 0.739682073275949
29 0.405419 117.532782699771 1.985498 0.79618946140921
30 0.384035 108.515031115802 1.951063 0.728941756591132
31 0.540379 100.747691096663 1.778857 0.731008315142144
32 0.477006 112.991326992657 1.883558 0.723455384585924
33 0.438275 112.025131334112 1.932204 0.74768150574222
34 0.564006 111.183357367814 1.736286 0.753109116219316
35 0.572424 106.499279142919 1.708561 0.722626854106364
36 0.480979 112.327031860792 1.888943 0.77924883869569
37 0.526872 112.737984475258 1.812509 0.739793525263905
38 0.441214 115.255768932905 1.941242 0.751438986066664
39 0.421403 109.823239932428 1.96738 0.765131739389932
40 0.420695 118.473691149245 1.98334 0.774003639759785
41 0.587967 112.086144659028 1.665389 0.761837787556987
42 0.502634 105.616445814375 1.859189 0.731612813915224
43 0.213813 124.228741925821 2.227363 0.789387521268582
44 0.289553 116.927436932883 2.147808 0.80174509806622
45 0.585092 122.477090292479 1.693979 0.766910703921982
46 0.498162 115.910241497815 1.804126 0.766707730565155
47 0.352625 120.429330896168 2.090062 0.773022482686932
48 0.35018 121.280698292547 2.104635 0.803033578795409
49 0.645479 113.248474154357 1.502337 0.741642419712651
50 0.465144 98.8308106561592 1.84829 0.725109772455534
51 0.315735 125.837104223165 2.126732 0.808085278552447
52 0.368108 119.914782205157 2.036061 0.734055298020923
53 0.572541 95.9963729256336 1.681846 0.704059263376597
54 0.622351 105.136523185073 1.589531 0.742793318652148
55 0.402517 118.329472255252 2.026047 0.774161796707583
56 0.310315 111.509316529384 2.127861 0.748841296151518
57 0.470645 109.386907439764 1.831096 0.743230300115357
58 0.352066 123.484933310329 2.091003 0.808015582143027
59 0.480935 113.448319322156 1.847723 0.765016044154429
60 0.374041 129.072920942078 2.060622 0.772858797066859
61 0.475576 118.857394819501 1.90339 0.774820344391219
62 0.474043 114.537655074396 1.920246 0.744611389655013
63 0.472007 116.35841980409 1.906333 0.75679005447022
64 0.587489 95.7122771808868 1.648052 0.637114362325118
65 0.395392 110.864689328919 1.994088 0.733251856323494
66 0.474055 107.686393610804 1.916152 0.753003710907089
67 0.374553 117.911652721697 2.057489 0.791053566082869
68 0.384728 119.218696493337 2.02673 0.78500150149134
69 0.31579 108.52219071425 2.141461 0.742309709011294
70 0.393808 115.208359180387 1.980545 0.775362565951021
71 0.370434 120.764179887095 2.071831 0.753776507016365
72 0.276539 111.392186244872 2.157286 0.762913818786643
73 0.313256 120.910646126575 2.137239 0.813895195814726
74 0.496588 105.201066096441 1.800971 0.739248480831695
75 0.342893 112.00858001304 2.081035 0.707780001102233
76 0.398263 100.676516914144 1.992199 0.739038269964102
77 0.456466 114.19018392765 1.931031 0.707306975002622
78 0.349913 118.30328988256 2.070291 0.780176109758
79 0.316714 112.228632508735 2.119281 0.801638590078322
80 0.504858 114.107403395161 1.813096 0.666071478241332
81 0.3707 124.41258360633 2.044706 0.782794826078394
82 0.706131 90.2364808580623 1.252735 0.666158853055563
83 0.387169 108.06517780025 2.010519 0.749361936648624
84 0.619777 94.1530971978695 1.576309 0.64355796321594
85 0.470735 111.633692720664 1.884397 0.734134845563141
86 0.505053 106.597467597411 1.849287 0.705346317879372
87 0.552487 105.980736835723 1.766641 0.671098035931876
88 0.37851 119.72823593693 2.014543 0.770407335122233
89 0.440997 116.174971659606 1.936441 0.776348709411228
90 0.579599 112.744530306239 1.672568 0.68090041526446
91 0.417862 114.826649648052 1.984518 0.788705887463646
92 0.534536 100.033140897079 1.76111 0.711425422871174
93 0.389786 115.126388075729 2.017191 0.774698724578486
94 0.55548 98.6568771711537 1.738857 0.727056835862463
95 0.438646 111.171047768072 1.916011 0.779240370672546
96 0.399659 124.441365413185 2.035008 0.789932772206125
97 0.375444 115.213476478487 2.016344 0.772615462955867
98 0.48828 110.848912648851 1.87851 0.766679457052256
99 0.449475 116.355427354256 1.931023 0.791090469325092
100 0.473456 110.715562971318 1.874803 0.73374376330991
101 0.579815 109.921139093078 1.70601 0.742604613319803
102 0.466111 111.124388930101 1.916656 0.735200840823573
103 0.593248 105.875918540492 1.677949 0.737880936475633
104 0.506193 116.458896655484 1.836855 0.757656035544537
105 0.508068 120.36031697219 1.835399 0.784310812525161
106 0.408378 115.517322523091 1.977788 0.763873677206915
107 0.38029 113.85055075913 2.029241 0.73279536425759
108 0.34026 122.967253895876 2.113725 0.78243981503299
109 0.511255 113.605581667152 1.829736 0.750512889620772
110 0.433608 108.420703733611 1.884228 0.743960855773368
111 0.417543 127.657967445556 2.018751 0.745110734683661
112 0.479417 121.257806247684 1.906469 0.760730678047541
113 0.377714 121.69258257231 2.050435 0.701168687631595
114 0.250648 126.90800867 2.20302 0.763989629074136
115 0.435157 115.267264144881 1.960048 0.75002591774255
116 0.190391 125.600229743941 2.245262 0.801055144065451
117 0.371149 113.367729544033 2.044472 0.757397224321712
118 0.434299 109.907574898744 1.95674 0.762837124263777
119 0.602422 116.345573636636 1.621081 0.671791609559847
120 0.402321 112.427722967191 1.952108 0.754018554801653
121 0.359045 118.059482146275 2.080311 0.788483249286783
122 0.487281 106.232309952538 1.863523 0.730668011138558
123 0.380862 110.411135910889 2.005218 0.719675887301725
124 0.337453 118.317734656004 2.109921 0.81056342353036
125 0.596438 106.157409025369 1.635192 0.740588468756325
126 0.432771 113.018654494471 1.968724 0.736848250437122
127 0.260598 129.225381205081 2.192881 0.822962821501941
128 0.599624 112.283136551748 1.64607 0.706185107744775
129 0.312326 116.743719000334 2.129385 0.802137135866253
130 0.398178 111.074406108887 2.016117 0.754819465334306
131 0.622459 106.57696407333 1.581926 0.698429774118297
132 0.49702 109.506796448889 1.800212 0.779592951248429
133 0.553025 114.367834920295 1.720753 0.7584463214808
134 0.474329 113.007737421855 1.923096 0.761594128834994
135 0.63666 116.611220542253 1.544309 0.723340037010143
136 0.357987 107.54487102646 2.060161 0.747074569057506
137 0.417576 114.027407501537 1.967916 0.734641041951904
138 0.24813 135.772327494284 2.205747 0.816991769826151
139 0.306833 117.490819376373 2.12336 0.785646955851939
140 0.512688 111.623504641551 1.844332 0.727377513136011
141 0.44427 106.184784473716 1.975453 0.710575960125976
142 0.378836 116.600084203264 2.034616 0.77195204294312
143 0.695963 102.547089231667 1.369425 0.671167609504578
144 0.492395 118.186790496485 1.873337 0.716528418950879
145 0.445336 123.550366936561 1.944776 0.764594842671709
146 0.658159 100.214038150064 1.482583 0.725090957604896
147 0.516947 115.392322132189 1.845134 0.721149785827877
148 0.270487 107.797715965537 2.13593 0.741853124047104
149 0.267922 116.54558854515 2.176866 0.795778603779607
150 0.5665 109.547248696032 1.675136 0.748535554127788
151 0.410082 121.76517043419 2.007504 0.807007264002868
152 0.334735 123.439640088475 2.103679 0.803930760993521
153 0.432913 114.981816843863 1.94582 0.73004011414836
154 0.297335 118.435180037403 2.154871 0.781505820884461
155 0.480231 109.00895882483 1.855666 0.718515433822595
156 0.333171 123.484125615905 2.117397 0.789817224337144
157 0.242577 119.71892036843 2.206424 0.795076724348979
158 0.314836 123.751214193061 2.132806 0.787891106095016
159 0.415488 107.016427264107 1.979902 0.755965245258264
160 0.483486 110.586670459703 1.880492 0.700625027712902
161 0.565511 113.96959096113 1.740526 0.748690839322739
162 0.426426 113.565002370168 1.942039 0.761306110077172
163 0.342628 115.146356095536 2.034295 0.762913724896397
164 0.35599 119.040273444426 2.088731 0.743050809864171
165 0.441281 117.911115718358 1.947839 0.773050734711261
166 0.391951 114.048814482471 2.006139 0.754185059619327
167 0.331863 120.293314453993 2.125723 0.726008906622225
168 0.290746 112.131466713198 2.139616 0.759838767572183
169 0.391971 116.367426867112 2.021969 0.765119325528813
170 0.437946 108.910021942859 1.934987 0.778529389593884
171 0.365549 106.029008687904 2.059892 0.730641168206438
172 0.466468 114.918920235803 1.873768 0.792359447481557
173 0.473067 102.060259504201 1.904334 0.733311674958306
174 0.312246 114.244549554311 2.112557 0.74716518033737
175 0.439839 109.150488493508 1.971171 0.750344749626472
176 0.237165 119.863425261575 2.203206 0.842424059655443
177 0.422507 117.702669063755 1.949296 0.755044481523402
178 0.466112 112.140414919227 1.912816 0.754711892794627
179 0.294208 116.054655589758 2.166089 0.752819547812201
180 0.368859 116.418024981837 2.082277 0.772535309648117
181 0.292597 122.606202758242 2.156957 0.775257199004535
182 0.371238 122.865939534772 2.024398 0.800447269540568
183 0.564558 104.881037982786 1.720026 0.702450927475397
184 0.535694 116.255654025007 1.781175 0.733008435394749
185 0.448306 107.678295080474 1.923036 0.737443956870098
186 0.223 133.415424815967 2.220695 0.825383922071023
187 0.378127 107.92041402888 2.02115 0.737471950429261
188 0.42577 115.668927461457 1.981756 0.759675369977938
189 0.17984 126.711359806269 2.246603 0.775624421573216
190 0.52397 104.878645348381 1.791919 0.737042720981545
191 0.213199 127.282819867925 2.227295 0.810885976765619
192 0.401053 113.771791113815 2.021426 0.774440006948355
193 0.457818 112.674295273446 1.945913 0.773474072074038
194 0.506838 110.423998745159 1.828481 0.686923701788932
195 0.396964 127.501343160116 2.041661 0.78771923258548
196 0.452165 113.168921255605 1.957374 0.739004599985142
197 0.554311 107.986681008531 1.749697 0.740099135284644
198 0.405698 113.559788637747 1.985009 0.756500839711322
199 0.434012 115.8931298809 1.967393 0.763239702624734
200 0.358638 103.85784567656 2.044263 0.710343672174457
201 0.488252 107.364417498018 1.845498 0.742311140392941
202 0.449704 112.24757236923 1.927844 0.776269077795716
203 0.402225 114.268053147538 2.000905 0.765299066320862
204 0.404261 110.66234323349 1.998282 0.772726910555501
205 0.443798 116.009457956351 1.923232 0.779367072757566
206 0.344036 127.981174032668 2.098878 0.7775187823719
207 0.461279 121.000308799239 1.946536 0.815280260665
208 0.38099 119.620548272235 2.046938 0.734956274501774
209 0.405679 109.119034222973 2.000611 0.788739774359713
210 0.542434 108.286460551837 1.777482 0.714645110145646
211 0.568726 109.873742706856 1.735867 0.695377584091441
212 0.459733 115.673210704174 1.927051 0.765125739870473
213 0.532641 112.208214354819 1.804717 0.74227390913524
214 0.329338 126.567094871673 2.102772 0.798830584331918
215 0.398348 124.792708087057 2.016476 0.774009551254415
216 0.370621 106.309579997706 2.043292 0.74865337297218
217 0.299449 117.071126272224 2.151881 0.771587402032351
218 0.569687 106.790147187375 1.727086 0.695611739353328
219 0.494418 91.4178554299824 1.814668 0.687309312024825
220 0.430575 118.664041477105 1.969396 0.716052799669931
221 0.380263 118.216889932305 2.020648 0.746853695617542
222 0.351842 123.390344046123 2.079013 0.79231283277106
223 0.243737 115.154521715492 2.156893 0.791262056429759
224 0.475846 115.432985415024 1.888226 0.767997959476263
225 0.283062 112.216516859148 2.151365 0.758309986345946
226 0.500661 119.461017616454 1.859011 0.767076652397652
227 0.368229 116.891330521743 2.059499 0.701316888407178
228 0.483445 107.132088680798 1.868048 0.715006572314697
229 0.24804 130.305599692496 2.204972 0.801574786703684
230 0.400906 115.516692805936 2.024734 0.777516946840845
231 0.486821 115.097219309757 1.903058 0.712351723748572
232 0.353871 104.067408899577 2.053813 0.742047049759504
233 0.469489 117.695663303446 1.928521 0.688616552877498
234 0.527244 102.140241050634 1.786901 0.756362053312052
235 0.43167 111.011088734473 1.942666 0.769200028556559
236 0.541543 106.041187471976 1.783316 0.747611164146611
237 0.552558 110.599857284067 1.716019 0.724140706066979
238 0.491503 108.20853416542 1.869235 0.761606143907343
239 0.373282 124.88108782546 2.034709 0.799424247636137
240 0.481855 120.102892296751 1.894909 0.733239943640402
241 0.345804 119.812120359457 2.072218 0.785160654900179
242 0.440163 113.303668845131 1.935454 0.746400588074959
243 0.45185 110.80417853212 1.885558 0.761350393017276
244 0.492333 114.065070913398 1.80425 0.745246602161564
245 0.332598 123.488667005231 2.111473 0.774992329934394
246 0.469564 109.28651889552 1.873819 0.748633895675512
247 0.451748 104.199592408271 1.938482 0.776383498934333
248 0.460304 99.1115200996367 1.911015 0.739669120879458
249 0.442128 109.192066131288 1.912311 0.726310614280788
250 0.45824 111.752088370124 1.897037 0.770192491534279
251 0.590706 105.128618502129 1.648026 0.659446546962446
252 0.518159 111.347403012377 1.818132 0.721841252088822
253 0.255001 127.614026186646 2.199709 0.81313500659305
254 0.276499 120.404658974748 2.180074 0.794683745959993
255 0.374835 113.883582847277 2.063867 0.774159659305493
256 0.309819 131.883336899142 2.146487 0.777584630610448
257 0.40292 112.135630208321 2.016979 0.735671756357267
258 0.500747 120.146034066731 1.838062 0.758676021123299
259 0.459555 107.534212903689 1.903427 0.667824767634503
260 0.280229 118.870530173905 2.171599 0.781468650427369
261 0.45656 103.377698673301 1.945109 0.719710154174674
262 0.461843 114.552087485336 1.90249 0.742979788856757
263 0.38905 124.340263472815 2.051656 0.776988498482911
264 0.39754 116.528393488176 1.990392 0.760483696762172
265 0.446371 108.592629166354 1.88623 0.768978633418502
266 0.614258 115.637222707339 1.601414 0.758596605421529
267 0.314667 115.388634457468 2.138587 0.786361672251949
268 0.410907 118.197630385443 1.974458 0.752424026607832
269 0.417288 122.135948463058 1.984316 0.743375608992912
270 0.425352 118.607116879263 1.984696 0.783241213522322
271 0.328195 122.668354238255 2.111514 0.80814964486583
272 0.533325 109.11789316259 1.727564 0.661360466119408
273 0.418754 115.457169227381 1.969133 0.782735355977262
274 0.236819 126.02528837037 2.212499 0.82950396707037
275 0.318564 124.254085336123 2.13853 0.771333333586474
276 0.503018 106.032376999179 1.8531 0.771896119602465
277 0.245927 116.719708935673 2.195328 0.739192011973972
278 0.606271 105.33441289041 1.611341 0.709534367692177
279 0.514224 110.053724896213 1.781866 0.733544381972429
280 0.314169 115.443325384109 2.110651 0.7665750645935
281 0.407206 119.592336618687 1.995598 0.782946356119358
282 0.414564 121.401430418673 1.940537 0.780212204735958
283 0.322955 115.204141063265 2.070731 0.781888660137559
284 0.609871 103.247744712294 1.630258 0.694031773759461
285 0.504551 102.583272703306 1.852719 0.737220184050703
286 0.453748 116.015922737416 1.958223 0.745270470471188
287 0.322919 111.755851406813 2.076543 0.790484636059454
288 0.558536 108.849890163705 1.721552 0.750034422832729
289 0.329471 117.582804366425 2.123146 0.74373112697219
290 0.196503 128.816437963721 2.241327 0.832461244446325
291 0.276395 122.617167025695 2.133857 0.789387978774017
292 0.214817 117.360767123713 2.223607 0.789634123151685
293 0.404828 110.448263142193 1.998127 0.781197861884305
294 0.357887 117.906219900136 2.07323 0.793303191422824
295 0.409958 112.529897042971 1.983368 0.784393295741822
296 0.435397 100.931362847009 1.919992 0.719803607568383
297 0.372781 114.208066164239 2.054814 0.792809784602265
298 0.483235 117.606375386519 1.869925 0.733539483377234
299 0.634707 118.031394230907 1.570774 0.754445993946328
300 0.42177 128.733722948161 1.990864 0.74954720272124
301 0.520194 105.118669949668 1.835585 0.689188936707042
302 0.437729 119.051427723011 1.94447 0.770824326346769
303 0.516157 107.686859990614 1.821261 0.710443419711208
304 0.589042 109.728475621783 1.67525 0.720099278641846
305 0.352938 107.872629320921 2.018812 0.781469330779522
306 0.426526 99.0000984028322 1.983069 0.72058414154558
307 0.419657 112.321550987032 1.944319 0.764284033072579
308 0.297805 116.187514034756 2.145373 0.800088419470353
309 0.395514 120.490558373456 2.019676 0.793479330316306
310 0.362405 119.342917073955 2.073272 0.745128589150995
311 0.640357 101.34146901191 1.490754 0.668266992425821
312 0.304878 126.267330529764 2.124918 0.807902825461783
313 0.429909 105.246188168281 1.984254 0.759558639269602
314 0.446171 111.845908064041 1.94297 0.73521228712764
315 0.273579 124.98959627414 2.155827 0.767481632053791
316 0.385982 117.511340407796 2.04416 0.752697627248919
317 0.303196 115.39767796251 2.149993 0.772484632707225
318 0.432099 116.746497332979 1.963065 0.747514761934164
319 0.500614 114.516573552175 1.84498 0.762310548372768
320 0.406154 112.07036383221 1.996013 0.756875918868006
321 0.470689 122.187961377775 1.936204 0.805850771096767
322 0.414861 112.994706957629 1.944787 0.771811098151333
323 0.605425 124.784697876952 1.64147 0.795362864353331
324 0.333327 128.551499947649 2.121567 0.771892289438811
325 0.436378 110.597951455945 1.921563 0.760996500653313
326 0.38621 112.298011019806 2.022787 0.775424523871684
327 0.377175 105.201401533406 2.048174 0.777300975044533
328 0.553355 107.006075145009 1.764069 0.72675045503844
329 0.323955 125.008384679465 2.132582 0.832754580373168
330 0.355122 116.764323535047 2.06603 0.767533261466211
331 0.630898 110.608419200496 1.586918 0.741447528278639
332 0.27052 122.685968649105 2.179298 0.777149989162516
333 0.384702 124.160514114194 2.00346 0.766276308710329
334 0.483257 108.765265268043 1.835411 0.751541897752535
335 0.511336 103.858631910704 1.84061 0.741527940263762
336 0.418783 117.221767081794 1.981852 0.749290741385033
337 0.409917 113.18093981816 1.987611 0.76369062736797
338 0.361458 121.225730280718 2.06313 0.795464257785017
339 0.375463 113.668932454544 2.014795 0.778231886115365
340 0.365345 117.707858280654 2.080222 0.790597321204753
341 0.389141 116.547951213009 2.020959 0.788943664974266
342 0.408025 120.555640160408 2.009814 0.759035511582039
343 0.60134 104.969211856344 1.654227 0.643023631450966
344 0.464891 101.959595762629 1.849107 0.750591187601135
345 0.34623 120.234116599711 2.0632 0.750089979038131
346 0.416419 126.63209026896 2.012237 0.795313394733733
347 0.557808 107.867877091063 1.761207 0.748181903950782
348 0.439254 113.564083243998 1.958953 0.753150913229301
349 0.488895 110.082089810322 1.865574 0.757898668438619
350 0.430675 125.827732523605 1.90458 0.769896347938495
351 0.428395 124.912545674953 2.002277 0.752027039532977
352 0.581144 113.723486717327 1.656849 0.787587458211721
353 0.338105 115.625016748641 2.109132 0.777817292509564
354 0.407625 111.51532200289 2.003644 0.780368755247673
355 0.394339 122.38199062914 2.025575 0.816254127364626
356 0.196061 131.394069530361 2.240832 0.816034920696775
357 0.38418 123.195424046085 2.062833 0.793505315847157
358 0.453555 109.626961874714 1.94649 0.750436892532275
359 0.517125 112.163114295196 1.751196 0.725648899145503
360 0.278282 125.601662487293 2.167112 0.795959784239025
361 0.316187 114.174234070004 2.117888 0.794465740361604
362 0.478826 117.040833667197 1.835158 0.70466618874113
363 0.374965 117.067129806265 2.05497 0.776884798617738
364 0.525043 109.058177672382 1.822374 0.712522535518688
365 0.322529 120.028494016215 2.111718 0.792599837868179
366 0.445162 117.989182766087 1.948064 0.748087236551681
367 0.464657 119.280137725345 1.867845 0.743930207880248
368 0.39937 113.891093712742 1.994902 0.743508821609866
369 0.352314 121.033203534013 2.084241 0.765484852523926
370 0.324834 117.843984923684 2.124062 0.79678974672933
371 0.429936 111.132966145148 1.993744 0.776806648446434
372 0.473681 99.9247778400066 1.884601 0.678436416377977
373 0.43044 112.289778595969 1.91923 0.713503638564723
374 0.44342 117.617088384234 1.970834 0.727305378665982
375 0.541275 112.129296257278 1.769453 0.751289411327306
376 0.688227 96.3088037371557 1.256055 0.663948123087559
377 0.327185 119.695252363672 2.129083 0.775955642373966
378 0.553608 104.984437355719 1.741211 0.717803383923833
379 0.269739 123.231236720936 2.167504 0.798206718553495
380 0.491891 114.255316508496 1.880865 0.715750686260764
381 0.351979 107.788382602981 2.058987 0.761063252750687
382 0.3659 119.413876601316 2.054808 0.760571147758422
383 0.474246 117.85375054521 1.897732 0.746048911783895
384 0.448022 120.645975569688 1.922326 0.741253933326575
385 0.307476 117.607245746349 2.124201 0.731112484879372
386 0.359111 115.15373728378 2.029709 0.799931364589085
387 0.255667 122.732857745688 2.192994 0.77348953065124
388 0.373467 111.983018512585 2.017006 0.692358213136022
389 0.610656 111.970500475977 1.637091 0.760673428365717
390 0.538222 99.3706579869583 1.772643 0.725925321207591
391 0.269614 128.967315288005 2.179478 0.817918126166357
392 0.379507 108.412518026099 2.033173 0.742482699043045
393 0.509305 103.593429523726 1.818721 0.667468377765734
394 0.450442 118.433392392885 1.895198 0.725864717161973
395 0.36064 118.521519123505 2.085992 0.800786558015868
396 0.550411 111.521109916223 1.776654 0.769772329005328
397 0.395305 116.312302010635 2.020223 0.784439992383592
398 0.401054 117.997332824434 1.990789 0.797824283665605
399 0.427921 117.938496134412 1.971116 0.796299969989917
400 0.394691 104.40504926304 1.996757 0.736094713910919
401 0.511994 101.616098790613 1.817856 0.734952117598441
402 0.486482 114.064093776074 1.809497 0.726111746445578
403 0.421786 118.360848830718 1.990401 0.766047487966473
404 0.410852 108.920070882493 2.013986 0.717604809676049
405 0.37259 114.343905251949 2.069268 0.73018279943289
406 0.433662 99.1633482810693 1.968395 0.767444008742566
407 0.332593 121.349098620053 2.12138 0.779062916383591
408 0.294359 111.908850922404 2.140443 0.787519832798786
409 0.481535 115.097653397851 1.852866 0.780314580732687
410 0.490039 108.583824710859 1.837072 0.742188391932385
411 0.545853 108.270730766432 1.728176 0.662586090226211
412 0.675672 97.0355326729679 1.442822 0.705550291130826
413 0.243224 124.897165988454 2.205479 0.783117977634734
414 0.218249 122.091245548521 2.222385 0.792279944835842
415 0.481225 112.216522739941 1.872884 0.679825281440931
416 0.435804 126.828933518404 1.924617 0.800078007158161
417 0.473103 111.179429682772 1.904292 0.798341913608786
418 0.559015 104.699250663632 1.716382 0.730401409681822
419 0.394737 115.738696105656 2.045999 0.779303231750967
420 0.405651 112.932431670372 1.97603 0.763848095165421
421 0.41066 109.14757373627 1.976962 0.724221553510591
422 0.409136 109.378251828001 1.976073 0.757402349391388
423 0.286076 121.562898961151 2.150489 0.78685226118372
424 0.398343 120.295981693082 2.040738 0.797964539414538
425 0.228649 119.293557765657 2.216028 0.792105743630649
426 0.366024 102.708875934027 2.01914 0.749898180875987
427 0.458257 113.252646089932 1.928927 0.728312451795664
428 0.584303 110.96528147615 1.683774 0.732410482181385
429 0.474146 119.431403607898 1.925317 0.7603610180017
430 0.337742 105.905100950166 2.077024 0.725288556602742
431 0.41847 104.352155396532 1.973465 0.747966011679857
432 0.482013 116.333451190579 1.894641 0.769615701304486
433 0.272356 119.436524500198 2.172213 0.766962824218258
434 0.686741 93.4859343086836 1.406883 0.654953379805868
435 0.450911 113.636800351079 1.943867 0.744246858907128
436 0.297969 123.297878574509 2.127867 0.762151893825483
437 0.476082 113.248459860214 1.883164 0.750787192835035
438 0.402985 118.466483971233 1.997179 0.783396163299556
439 0.593533 117.725183010861 1.624279 0.73096303244988
440 0.4907 114.587515567233 1.887248 0.761672948179972
441 0.364345 117.371641569588 2.073966 0.786836228693312
442 0.503644 106.235824943432 1.850941 0.710570365655443
443 0.39307 118.649273727097 2.013372 0.779289493513423
444 0.608551 106.760502386411 1.558927 0.655151479795334
445 0.435561 117.557335164853 1.947542 0.769265033283677
446 0.435496 112.723822081748 1.918189 0.770942945531599
447 0.401091 107.724385721448 1.983404 0.694348604944601
448 0.307744 126.6005470743 2.136557 0.807402851051698
449 0.480422 106.732094453981 1.881435 0.723613417394951
450 0.288533 124.823798937727 2.149711 0.795738370280045
451 0.487827 112.293930233147 1.890397 0.756191785253975
452 0.432222 121.29209786053 1.981113 0.765932205584115
453 0.389707 126.120433170918 2.035354 0.823104696593867
454 0.343938 121.181152850248 2.057071 0.767459519055168
455 0.418786 116.420194105604 1.995571 0.776319401895814
456 0.352976 106.206128731994 2.068289 0.714239010301707
457 0.247432 115.847597459509 2.185972 0.768758352105989
458 0.437457 112.446589677591 1.966702 0.65444418054836
459 0.380076 118.88558176086 2.046393 0.775969231929316
460 0.458119 113.863549381139 1.900999 0.683909186615652
461 0.40492 110.676859806913 1.999674 0.742112402291597
462 0.279274 118.906155983608 2.128925 0.788703193775897
463 0.524928 112.306538390789 1.759651 0.724123583339621
464 0.431658 106.547721348959 1.992274 0.726965383589457
465 0.43639 120.713326997738 1.987397 0.792012133068424
466 0.383496 113.10060104741 2.040763 0.710013449375526
467 0.405064 112.216812106366 1.996969 0.74916682117659
468 0.400356 115.00013158866 2.002495 0.770610763262781
469 0.235663 125.916370801848 2.206236 0.836441048820159
470 0.356087 124.763187342037 2.098597 0.796325458345062
471 0.266657 114.860681277342 2.172108 0.765697642092661
472 0.337623 115.856653637626 2.090317 0.792367983600459
473 0.512817 90.8498403749702 1.809669 0.728499574067365
474 0.462989 104.968127390238 1.888928 0.739505234737438
475 0.421628 116.709089459712 1.998244 0.74701499807884
476 0.362399 121.264920580503 2.047174 0.793965597479967
477 0.501137 117.34017952889 1.857403 0.795951639297484
478 0.43618 113.67514193116 1.969186 0.765889513153688
479 0.490887 106.889963656627 1.871365 0.764042121086868
480 0.514914 119.523081628903 1.842152 0.764462888700296
481 0.386617 121.339573659646 2.04921 0.779455398355534
482 0.419875 117.900884898042 1.995963 0.755824514063177
483 0.371889 114.426237185796 2.014208 0.716634237839085
484 0.372719 113.7692385856 2.056571 0.773042490474772
485 0.408717 119.040031934275 2.030476 0.744168282588496
486 0.487827 109.009953758623 1.88673 0.776627153825537
487 0.510753 100.926213116646 1.79675 0.757809019163646
488 0.485457 102.950337734653 1.843027 0.739685726542913
489 0.190684 123.4038796183 2.242697 0.784929977088352
490 0.595986 109.179573794035 1.623043 0.748730931207305
491 0.427808 106.076295950215 1.940486 0.732591156084147
492 0.180581 113.495649839857 2.229427 0.754671732871005
493 0.393023 111.61004410841 1.979198 0.742561064661084
494 0.57605 104.154027666926 1.664311 0.690565048544401
495 0.398183 117.097052262362 2.009263 0.790440609284104
496 0.362146 122.441996392321 2.08523 0.783892151765434
497 0.440438 116.307319293228 1.942812 0.764631494854422
498 0.570865 112.273160378727 1.716449 0.69526889814129
499 0.511515 100.441676649624 1.861686 0.72564798765756
500 0.455467 109.972643426967 1.903171 0.744676476064802
501 0.555226 105.40811095299 1.717435 0.718368438244033
502 0.314041 118.443620396509 2.13232 0.783786252787682
503 0.406026 116.729009151708 1.961403 0.724166305554021
504 0.497998 102.486481930046 1.86508 0.699023417538157
505 0.406656 119.061153059324 2.028748 0.813123465825394
506 0.608292 101.867952766987 1.604476 0.691456032922824
507 0.642196 110.18974796197 1.528755 0.705492901514569
508 0.257457 118.956647704851 2.181411 0.784239063695671
509 0.737206 92.7433312314791 1.240378 0.637888132970941
510 0.427365 107.791585795201 1.9643 0.721473304145821
511 0.500463 116.691075212706 1.829797 0.767272565629898
512 0.377119 124.249867410745 2.044586 0.728313512250524
513 0.485398 111.845176956962 1.797863 0.774553532805612
514 0.487545 108.314528733898 1.8649 0.738508593416256
515 0.344878 114.959349776654 2.059245 0.749591238150256
516 0.647636 107.09367177824 1.527008 0.746337695044382
517 0.452577 110.546615432423 1.910514 0.797258776875469
518 0.431876 101.739892908242 1.981746 0.740389492514175
519 0.385679 112.057475730876 2.021208 0.731965545635881
520 0.530552 106.735317280385 1.801792 0.73458456722366
521 0.320918 114.945441970152 2.128783 0.763520764938517
522 0.328819 121.60846347818 2.110253 0.765051459700666
523 0.514816 119.211538276042 1.819552 0.773586246331081
524 0.475208 114.793700429073 1.894 0.743167632971401
525 0.520086 105.085617478608 1.826804 0.726714680031853
526 0.403547 121.05600104447 1.952577 0.762149341627865
527 0.380942 109.638490275832 2.061422 0.750125998008735
528 0.423741 119.558705469938 1.937363 0.741628685316735
529 0.555838 109.579434596008 1.742597 0.719667900217194
530 0.593345 110.710944685917 1.661209 0.78286666413286
531 0.567411 100.407167614668 1.741749 0.689480159599119
532 0.59665 104.467289282629 1.645903 0.723849553030074
533 0.257724 109.661591880844 2.14846 0.78568655515125
534 0.442192 102.46430076361 1.901651 0.710407984322194
535 0.154704 125.48897545904 2.265082 0.818539940211462
536 0.452427 108.271896606666 1.939012 0.726463982522594
537 0.252327 128.540292265649 2.199739 0.818692135916863
538 0.462251 99.0821137310569 1.894339 0.735470551348329
539 0.496981 120.322115138584 1.874804 0.739049670626757
540 0.299365 125.478502264516 2.155357 0.805623276769728
541 0.478352 105.800454625783 1.888136 0.66674178304616
542 0.481236 120.164291235888 1.868885 0.769301556009707
543 0.624064 108.764195078978 1.574602 0.677281181135587
544 0.354124 109.690548968176 2.025281 0.778774672408171
545 0.464789 113.028575150506 1.906048 0.756860798382968
546 0.425308 92.8123917697117 1.93414 0.695639001962736
547 0.408996 113.995538163613 1.959813 0.749107980461325
548 0.481686 111.087571044893 1.881465 0.71820132186741
549 0.403321 115.328274358864 2.01945 0.740604895454015
550 0.626824 107.438662883205 1.553729 0.691987574681717
551 0.286256 131.762131929038 2.132735 0.785533175401003
552 0.389893 110.515924414406 1.987969 0.753453734080968
553 0.474496 115.816308379502 1.878707 0.766658771844731
554 0.19023 127.941333460112 2.243255 0.77532081160984
555 0.205955 129.768488035098 2.233546 0.830769282604439
556 0.552862 116.495581440152 1.768354 0.729561315240156
557 0.486208 106.883042168883 1.893063 0.748789327115036
558 0.442423 117.940177477468 1.926991 0.738574075097408
559 0.526904 116.827354110844 1.825877 0.707831652940183
560 0.190988 120.696282807154 2.242283 0.79084626802092
561 0.422712 114.672735401531 1.970225 0.793463887720016
562 0.370666 121.448577364542 2.077087 0.757242942566804
563 0.586101 109.756345023052 1.698025 0.785427732680159
564 0.428081 120.179163563305 1.973665 0.776779728282901
565 0.630858 106.152323609311 1.585278 0.696108189121482
566 0.339902 121.593240175063 2.030383 0.738307954772106
567 0.386978 127.008238612737 2.040415 0.690603163632685
568 0.469346 116.863556228308 1.911701 0.766506997785907
569 0.422787 115.297756917987 1.919857 0.806052778991765
570 0.321722 116.751032831662 2.115723 0.782701796657502
571 0.26811 114.784392570373 2.184675 0.799892145488646
572 0.505687 103.466747656095 1.839294 0.714571296497515
573 0.45 117.32675536712 1.935465 0.783114361414148
574 0.329043 115.70690923164 2.12015 0.779939968383057
575 0.335777 122.577265530447 2.121835 0.814689498198776
576 0.51611 101.970114787434 1.792642 0.712831840937844
577 0.404588 110.168332844451 2.021334 0.764487287021988
578 0.480225 113.396110319996 1.896512 0.760358645848382
579 0.416921 110.956760692966 1.979487 0.766671189127039
580 0.372111 111.659503397349 2.000812 0.768217464795255
581 0.412952 114.668065432303 2.019397 0.7752073774478
582 0.29534 116.780247325529 2.142226 0.781083082421479
583 0.489936 112.28622687182 1.866645 0.740899155853599
584 0.437841 122.891136154029 1.960635 0.757905446003551
585 0.262534 111.754711155055 2.155305 0.779876587393451
586 0.459799 115.693298412444 1.924447 0.793050464705569
587 0.529443 108.112160131811 1.782835 0.724432388201586
588 0.479967 104.831158029122 1.856841 0.736489155734856
589 0.280243 100.383356037781 2.14899 0.768946330077837
590 0.421635 117.824820189353 1.96855 0.78495885096181
591 0.347021 112.250637876801 2.074246 0.744940008403786
592 0.477883 112.815165599476 1.856172 0.752872964659931
593 0.431745 104.633705289655 1.932752 0.750000486692415
594 0.434781 114.734823855016 1.970466 0.726100560583214
595 0.504848 104.533830954583 1.833475 0.738688509793176
596 0.6571 109.272934101847 1.480732 0.723438360580166
597 0.446577 117.719851185572 1.966978 0.775551149501824
598 0.339855 109.102928843062 2.090357 0.749340671842866
599 0.635892 106.414851990123 1.577045 0.677697384901579
600 0.358547 113.530400011265 2.062382 0.768051401481489
601 0.565495 110.470708467843 1.727776 0.758626815774633
602 0.454043 113.385616395086 1.927843 0.766068908836279
603 0.319283 113.808519077618 2.11991 0.764199246832548
604 0.709242 93.5629723509708 1.33263 0.593969149780138
605 0.576559 115.643906599757 1.716593 0.758610021277233
606 0.312323 127.9551849624 2.114098 0.791907098371371
607 0.495705 121.989198919603 1.888239 0.76654722248108
608 0.381564 114.194405365732 2.049533 0.76276175539216
609 0.465865 100.883313395581 1.901577 0.735816273936173
610 0.454784 109.68872197322 1.930301 0.749247786796373
611 0.235509 116.481093512001 2.197403 0.761201273740722
612 0.312733 123.915749919716 2.13649 0.821018741863667
613 0.448455 113.653069738825 1.942869 0.749287624095942
614 0.384167 116.130998841394 2.004484 0.775099845202551
615 0.554046 113.622840767956 1.739925 0.732231770960244
616 0.534802 116.49848154561 1.787252 0.758606911939818
617 0.271336 118.272192367752 2.160513 0.787591627649291
618 0.33691 120.717763203176 2.086117 0.806408088699895
619 0.33508 122.304991669931 2.111401 0.780069969212466
620 0.498228 122.093264611439 1.856918 0.704154003059047
621 0.370192 120.727538302455 2.049464 0.795490282852378
622 0.371117 118.050119213777 2.062664 0.758829219969593
623 0.462271 101.756994832452 1.899481 0.730294208275482
624 0.680917 105.391633942073 1.436434 0.66018992845901
625 0.414511 111.979833495524 1.987883 0.780042739487904
626 0.547114 110.97756866386 1.761775 0.78786745104308
627 0.333883 122.364746209569 2.110835 0.821057844105669
628 0.272078 126.512949394211 2.180069 0.790173844282659
629 0.598749 108.004284067273 1.622338 0.678140911682504
630 0.455303 105.624914995984 1.899245 0.747786620008135
631 0.276067 115.597029035337 2.171031 0.798315450002654
632 0.453807 113.402039676158 1.89449 0.74308149539774
633 0.567174 113.330610089529 1.699318 0.713427393064979
634 0.328515 116.7836856098 2.09348 0.772716370501786
635 0.394753 121.228769650017 2.031143 0.777999571064653
636 0.536774 108.445685056219 1.73858 0.652980211905071
637 0.383251 116.019185297484 2.039548 0.765576911458086
638 0.589962 110.964415471315 1.649991 0.722551501140835
639 0.362455 121.251229495217 2.080618 0.747143898202033
640 0.454405 105.128140323963 1.926293 0.718025408516919
641 0.370614 116.261211666021 2.04659 0.786548010372266
642 0.406163 112.192417595218 1.979511 0.73292027929565
643 0.451052 106.926015057818 1.913626 0.707765467898115
644 0.304345 125.390040695609 2.149357 0.79581711944339
645 0.302232 119.72493924179 2.10903 0.784172684169937
646 0.521187 108.288376725025 1.810086 0.705158321709309
647 0.42272 114.717838755404 1.984695 0.729312514683758
648 0.442996 119.073620030433 1.945241 0.772757643316095
649 0.491898 115.30143690526 1.815932 0.702144115464288
650 0.234405 118.023993718676 2.21683 0.791658437008794
651 0.381951 111.318888729038 2.020293 0.720624133676714
652 0.585462 102.404154108174 1.656078 0.714858901172155
653 0.637416 97.6607256356527 1.543407 0.642837657015925
654 0.608999 105.450339603206 1.621148 0.704480058655147
655 0.583139 115.32407234205 1.670449 0.730313693284109
656 0.576347 104.785808828479 1.685928 0.717610099046434
657 0.348945 97.412852049765 2.032853 0.720602632076645
658 0.409754 113.03041090456 2.00245 0.759788460987328
659 0.345637 118.237226490422 2.01796 0.769120368494523
660 0.322814 105.115923322204 2.06889 0.748102317027705
661 0.546075 108.786430123584 1.780348 0.733003951885322
662 0.290623 130.715911495776 2.158459 0.803155714870395
663 0.409709 111.987479549316 1.936795 0.75743799793651
664 0.522912 102.726329607442 1.798761 0.700396889946224
665 0.413153 111.239129784741 1.989797 0.759341067893738
666 0.516318 111.457000063807 1.808535 0.707062593460105
667 0.327694 110.948469323592 2.057831 0.754242317283072
668 0.263272 119.345260650394 2.16687 0.814619031730223
669 0.265899 118.593164309324 2.175725 0.796401451203252
670 0.431179 116.223917529856 1.974607 0.78845240187934
671 0.35037 112.996328552353 2.086962 0.77590482098165
672 0.41112 115.65117268095 1.962251 0.746926892368686
673 0.366507 121.320938550568 2.061138 0.76925651347518
674 0.639275 104.477747086258 1.515721 0.625488453320032
675 0.345757 121.280377261713 2.09544 0.791718917139937
676 0.312453 125.632375377158 2.14185 0.800234685320846
677 0.327147 116.289141729236 2.112697 0.780272916566706
678 0.511436 116.161189140157 1.819262 0.777983301724533
679 0.227272 135.483570202664 2.217806 0.809591501466967
680 0.364912 116.447158720418 2.068353 0.783337439203029
681 0.377081 117.595346979866 2.040998 0.774300045961812
682 0.239298 136.018721308887 2.205181 0.820608213267793
683 0.421533 111.246529269371 1.989351 0.723449947026133
684 0.33927 110.714659942128 2.051527 0.721152396226935
685 0.33161 127.207063292581 2.117054 0.827137785087424
686 0.354831 116.713820288808 2.045312 0.786587752922007
687 0.204132 123.741101236416 2.237926 0.832824750459075
688 0.638691 93.4646044253621 1.548035 0.690771986821667
689 0.37202 114.986429972603 2.026731 0.797618438444002
690 0.328824 119.454362536353 2.102389 0.776861801506836
691 0.408275 110.543614631919 1.975025 0.748247478593451
692 0.302009 125.228813353911 2.119093 0.723379829617184
693 0.439202 110.204438413382 1.908884 0.759011586541429
694 0.538004 117.18548519048 1.772733 0.751320960721538
695 0.229016 122.029041602178 2.211413 0.830403439996255
696 0.480216 113.962438276711 1.886996 0.751249838149789
697 0.27851 128.984709656077 2.175411 0.775253504412699
698 0.29004 119.170395485297 2.158291 0.790483999563028
699 0.49693 107.586837179004 1.854386 0.705886822481639
700 0.486692 107.11068270548 1.889586 0.741279778780616
701 0.584017 113.821423401199 1.644966 0.729999577528155
702 0.327865 117.705925378795 2.079261 0.736336837243932
703 0.781549 89.0075410086521 0.998569 0.65601013073727
704 0.471226 121.14432888106 1.892961 0.779751327635301
705 0.276992 111.042195840388 2.103914 0.732880531020278
706 0.444773 99.0103361099303 1.892278 0.720853289525565
707 0.563029 109.663920110635 1.737189 0.741369035710381
708 0.488012 118.784945112283 1.871785 0.791409380647693
709 0.47007 116.611934074385 1.913983 0.78475025074157
710 0.636358 104.737783738521 1.555594 0.695665270346382
711 0.485407 104.714743733844 1.890341 0.738913886357891
712 0.470172 115.108080483896 1.887786 0.763062082395921
713 0.45665 106.496144723966 1.926464 0.741867424908925
714 0.219923 131.307097523364 2.225516 0.846684370413211
715 0.472713 114.861955081413 1.887222 0.701143912458707
716 0.408628 107.857197589836 1.983695 0.732960687656066
717 0.380938 114.749039369407 2.045501 0.787786230966757
718 0.27507 120.186788353092 2.152371 0.792154410833749
719 0.277282 117.540134950793 2.160239 0.760611366639187
720 0.245971 123.084015547612 2.197449 0.768157268360401
721 0.337004 126.278227524291 2.107777 0.790923807398767
722 0.370227 108.64679453241 2.055717 0.737081533773716
723 0.625932 100.627733215115 1.603325 0.691197190691151
724 0.37702 119.343825659426 2.040966 0.756262459442013
725 0.546788 111.019400224914 1.767638 0.724140853393391
726 0.547514 103.161505868345 1.766172 0.77148725125999
727 0.367379 112.771876982928 2.049108 0.721798471230741
728 0.285764 115.824154176099 2.129876 0.794007725586471
729 0.382269 111.292416849425 1.978901 0.766608521235851
730 0.405994 110.155198020893 1.994795 0.774361772004547
731 0.421751 117.719831557245 1.921688 0.742386246736381
732 0.448082 112.551299022146 1.90533 0.72764558793698
733 0.205055 130.313121782556 2.237525 0.8400399281721
734 0.48288 111.01981454272 1.903096 0.752308030372646
735 0.347472 118.215328277724 2.076913 0.760845401393222
736 0.435402 113.596319849679 1.980021 0.773000645453909
737 0.388422 109.122506168307 1.999242 0.765311199313766
738 0.379869 125.713046100076 2.048971 0.815255657851903
739 0.43987 122.195540503308 1.976243 0.776044279217461
740 0.311927 124.471913706836 2.142214 0.79958511811596
741 0.399244 116.739778984877 1.995766 0.773110673945766
742 0.406864 114.191076287824 1.956263 0.733296749642148
743 0.342733 112.181495481114 2.061131 0.765703702325954
744 0.373409 111.694719138496 2.034464 0.753187351468268
745 0.451269 116.307373158283 1.919864 0.785895361499529
746 0.496391 112.87755507385 1.877197 0.475438331593409
747 0.342706 112.690512822397 2.101177 0.718360216225978
748 0.385592 117.574473645763 2.023205 0.758388112993549
749 0.455964 100.273100102208 1.887271 0.7094320793315
750 0.513269 116.246887576274 1.838209 0.735993334482639
751 0.414994 113.705403448748 2.005994 0.766733694338855
752 0.601449 105.568393626097 1.621414 0.661127308567003
753 0.427465 116.411153279854 1.970525 0.712213795584502
754 0.425258 105.320779704393 1.983497 0.728956939248772
755 0.582893 106.780305395647 1.697342 0.680589500914865
756 0.397084 112.056553309027 2.039668 0.758349816684192
757 0.448869 110.274259490466 1.937029 0.748480377249742
758 0.185341 125.238081369218 2.248281 0.808606872015137
759 0.106689 134.489025194741 2.280568 0.834201007768841
760 0.500541 113.159646640029 1.863494 0.719962144005715
761 0.323641 124.8425708658 2.129178 0.737822227546073
762 0.572011 99.8169519589754 1.684702 0.679164500028749
763 0.35951 119.668174543548 2.037499 0.792833696106659
764 0.40332 114.455995775817 1.996482 0.778128117759546
765 0.358296 111.55193231751 2.01335 0.763898844985418
766 0.562782 104.830881219811 1.71611 0.714959270306108
767 0.280898 125.044647409815 2.17071 0.81730842383217
768 0.461109 117.896206455282 1.939099 0.728702959955212
769 0.492286 113.248667871685 1.849375 0.703628268987814
770 0.556634 104.605018339417 1.662211 0.754193773099875
771 0.537359 102.734468651158 1.736493 0.738118520716274
772 0.296656 118.545055421215 2.107041 0.783698291672529
773 0.542517 114.291303696797 1.781526 0.736039581000521
774 0.358223 115.508946067376 2.08623 0.784171163741541
775 0.558233 113.35768328789 1.734851 0.708949444727765
776 0.218212 123.539685163974 2.224014 0.773711133416921
777 0.36742 119.13163793709 2.076627 0.783812057688602
778 0.239048 121.082350352686 2.195102 0.805770363128896
779 0.66723 105.255550507021 1.446051 0.599222509355715
780 0.539909 101.598317110579 1.790428 0.747065572532505
781 0.223336 125.931814507957 2.219832 0.807851964112313
782 0.447801 113.370981822171 1.953147 0.766818167094831
783 0.404345 111.748294284992 1.961586 0.750348161185209
784 0.577338 111.148690123399 1.659691 0.749244822501071
785 0.565294 110.029880187054 1.737301 0.739650352085114
786 0.425746 111.817997831776 1.938989 0.754570359216352
787 0.422086 112.002817880215 1.987519 0.770788336794222
788 0.408104 122.186878665577 2.028897 0.787362809954573
789 0.420498 111.315355365729 1.904731 0.758859201877383
790 0.568081 104.472942086606 1.654293 0.712940186332818
791 0.32964 122.250890011092 2.106313 0.821693403882917
792 0.584096 117.234452467685 1.678495 0.756525227870221
793 0.589476 110.155892933738 1.674768 0.720522591116961
794 0.403904 109.47743803839 1.957589 0.738781420029039
795 0.368139 121.819611734662 2.07966 0.801591062034402
796 0.272157 127.731933137341 2.175776 0.783701539645774
797 0.580038 104.090016290275 1.642893 0.710883160911591
798 0.623742 95.0004230454357 1.569968 0.607812889411756
799 0.194151 128.338827019109 2.237138 0.821208446204104
800 0.528711 105.831708090961 1.787343 0.716378367205358
801 0.501136 115.047993430205 1.849268 0.746837426344865
802 0.450266 117.862477233029 1.911667 0.736304570963895
803 0.413079 120.356343707766 2.003283 0.782601507230564
804 0.356703 121.024461341092 2.094823 0.787644546286655
805 0.609306 107.470698487705 1.570721 0.759159901906822
806 0.338103 116.994780345578 2.111348 0.782432993099589
807 0.543073 110.780464224396 1.791331 0.749002298169644
808 0.501086 111.102261755666 1.852375 0.744467109154434
809 0.310998 118.712951740858 2.127648 0.794605414996801
810 0.44805 113.078638236383 1.889571 0.713128512863449
811 0.413788 112.192354775667 1.977391 0.700664373457967
812 0.466721 104.991977241989 1.894694 0.718040354409175
813 0.222202 124.844588627756 2.211114 0.790307054991752
814 0.337031 114.6539440483 2.073447 0.793593181503408
815 0.246351 119.271447664922 2.160389 0.790196002170879
816 0.490075 107.785455909147 1.875382 0.74878662551827
817 0.595367 111.155762136988 1.653609 0.739157452501148
818 0.46485 104.774613571383 1.914303 0.74690335047236
819 0.337837 120.771416850414 2.109256 0.786395433510685
820 0.449064 120.151163583592 1.954681 0.741239221807191
821 0.557366 109.045890938792 1.735402 0.72482601632975
822 0.299077 127.48409680283 2.15519 0.820256778183213
823 0.303198 117.709184087368 2.15459 0.822484920339435
824 0.450454 107.626667737021 1.934799 0.754206741585087
825 0.410138 119.737165945956 2.013831 0.764742104097212
826 0.21332 122.14491960466 2.230588 0.827071896948288
827 0.442092 108.503419523789 1.970543 0.744258188003194
828 0.499677 110.775813944549 1.869992 0.735760205389273
829 0.463968 104.886387869978 1.896181 0.74292861832813
830 0.352751 119.66381801744 2.034751 0.804257473120741
831 0.321976 116.953183496684 2.101551 0.79506910735129
832 0.554021 103.74533986125 1.758953 0.740592975283044
833 0.504159 114.534776035914 1.840188 0.782058084476438
834 0.356397 109.534024160975 2.041325 0.749800340783484
835 0.421192 110.725208553369 1.929352 0.768864222385145
836 0.468199 104.570950763537 1.865838 0.760280536321452
837 0.402131 118.551233841076 2.01765 0.757584944909875
838 0.426906 104.889420362442 1.938189 0.747134914788252
839 0.504296 115.76718141395 1.840955 0.724565386467118
840 0.493935 106.714570613522 1.847777 0.749507293092299
841 0.543365 102.045555150319 1.743368 0.755716739731399
842 0.628309 107.793969936399 1.597264 0.689908054304415
843 0.540876 115.234588461033 1.767649 0.754597839434219
844 0.379055 113.702251012461 1.989941 0.781054987761135
845 0.40939 113.297184470044 2.013283 0.782803609446395
846 0.299513 119.2858012349 2.146376 0.781003993023755
847 0.30095 121.749816204411 2.141595 0.80385790134097
848 0.593853 101.669482011692 1.661301 0.675135082191556
849 0.203986 121.785059036415 2.230555 0.785199797413649
850 0.405973 110.921934506228 1.975262 0.772550067510241
851 0.450446 110.990944391034 1.928524 0.742775146436717
852 0.244062 119.97942022278 2.207776 0.765594697613439
853 0.415931 119.677491540167 1.990309 0.781602692415984
854 0.416492 110.996287357481 2.00041 0.680094909642749
855 0.371022 124.112295766813 2.066685 0.775646029206196
856 0.473241 114.775205539442 1.864221 0.732441469244837
857 0.490122 114.607324261092 1.861913 0.759476472564417
858 0.390027 118.19980389115 2.026116 0.783812368779482
859 0.611241 103.963637660563 1.594871 0.699878461789432
860 0.281717 116.35388583362 2.149012 0.77708405078541
861 0.458473 121.501697436801 1.912384 0.785148035956272
862 0.271044 126.601933176941 2.183119 0.76131506130055
863 0.619607 97.2395155358464 1.587786 0.728404044124246
864 0.481138 120.691525660269 1.904668 0.789710804080561
865 0.614577 101.799819830776 1.57385 0.713647517887606
866 0.563751 111.58870906382 1.723442 0.756673962743535
867 0.549302 111.7082084807 1.749247 0.726809255206811
868 0.570264 119.490401298429 1.704975 0.785449204877886
869 0.372756 120.645103011941 2.066086 0.754516944040198
870 0.472606 112.399192569919 1.883375 0.750736228861896
871 0.421252 118.551345677065 2.010959 0.782256581622412
872 0.438462 104.204004361973 1.910464 0.718298742988497
873 0.480773 119.342785667305 1.860251 0.74745216967215
874 0.492624 94.8016907413719 1.793212 0.718137668374789
875 0.361667 115.42094793655 2.025757 0.782665863356103
876 0.425998 113.824823416471 1.98618 0.774235921305504
877 0.340263 107.642546963646 2.099432 0.747968227363807
878 0.54036 118.344697546381 1.786969 0.743825269297508
879 0.467162 112.798324753689 1.886847 0.766835440748506
880 0.572066 106.286979176091 1.648903 0.643985808667755
881 0.505328 112.12220045577 1.789015 0.758078341990774
882 0.624998 103.851330703498 1.582299 0.70892095530111
883 0.579919 100.619311966523 1.655797 0.685823945371329
884 0.404352 111.545487712687 1.98258 0.758483479461325
885 0.583312 109.077060558229 1.677482 0.714289779620735
886 0.383463 110.227216790361 2.03348 0.75013282501687
887 0.414496 118.313243465871 1.995395 0.741414193622838
888 0.496589 103.3812538871 1.871757 0.722331102991304
889 0.538536 105.81137804259 1.750004 0.766290759605902
890 0.403238 114.165469222896 2.011927 0.787523363011063
891 0.325658 111.073254574779 2.090113 0.762244947870569
892 0.433771 116.406816232922 1.919537 0.725231352932798
893 0.528303 113.766756894978 1.809695 0.741661507494905
894 0.329035 121.851098272651 2.074463 0.771661454955831
895 0.506038 113.79607680021 1.779272 0.727029654601074
896 0.334332 125.761420532702 2.096331 0.803158049509648
897 0.623731 103.150620369531 1.57901 0.688546237222744
898 0.302245 120.587869080379 2.144066 0.783560125267275
899 0.355156 110.848133754121 2.063742 0.78063348806569
900 0.507514 110.27982609256 1.817985 0.745042982400997
901 0.278355 128.162206671068 2.171368 0.797052531277726
902 0.456334 111.423350946612 1.916162 0.755608663126835
903 0.583451 117.15699250575 1.69246 0.723908863702695
904 0.241142 118.576252208378 2.192183 0.805066274021542
905 0.558371 111.859940110826 1.746491 0.763606835785613
906 0.335671 112.240016033982 2.117613 0.736462948543398
907 0.517404 112.372852268514 1.826739 0.764296420569862
908 0.45079 110.834025675449 1.917381 0.714076822136792
909 0.554137 115.97261043135 1.734158 0.726318397009272
910 0.371593 118.486189541591 2.064511 0.763239140937382
911 0.485797 109.040020225956 1.823919 0.7555845617019
912 0.37459 110.999825633188 2.002687 0.712290693527932
913 0.445713 112.399845676486 1.947033 0.73181913686133
914 0.391873 117.645732228057 1.975182 0.777387651440634
915 0.540543 114.617776613614 1.801839 0.757455619726067
916 0.402274 118.790364536204 1.97794 0.808421490317064
917 0.579283 107.271704420073 1.682463 0.736203337890452
918 0.405322 122.472112582739 2.004367 0.787740741300304
919 0.463268 112.59779249808 1.879782 0.764721550565109
920 0.330853 120.814425575619 2.101391 0.775622471329578
921 0.430479 103.605717343632 1.963134 0.730319136876371
922 0.344925 115.568538619574 2.097299 0.74682022970312
923 0.447347 114.368541696204 1.951812 0.778925051767647
924 0.345531 116.878819207326 2.040647 0.791390508768657
925 0.202531 136.159010873935 2.237548 0.829217955225888
926 0.609355 98.2792743853867 1.591611 0.741564238812428
927 0.479544 117.086504006624 1.86517 0.757321107425962
928 0.378576 114.280324293307 2.045903 0.793670205333903
929 0.433266 117.750177109878 1.954092 0.777519312333467
930 0.407341 104.496308182848 2.016876 0.690825734113782
931 0.500207 121.336066231727 1.865635 0.749029250197267
932 0.346046 118.678473821175 2.095751 0.795523250434863
933 0.363922 114.941834826219 2.020893 0.785400254883415
934 0.597775 108.149064583851 1.660409 0.767967809123607
935 0.418604 104.223937260329 1.936751 0.725598017077529
936 0.432936 114.571700971732 1.947322 0.755387933151852
937 0.486166 119.720564998375 1.877374 0.765612353036778
938 0.391579 119.543917865728 1.981445 0.777909119918643
939 0.293145 119.161585994949 2.146978 0.785576158944251
940 0.455789 105.780873840794 1.905515 0.769899280180903
941 0.601545 105.458156395722 1.625635 0.683688347910877
942 0.5177 111.450781638469 1.773359 0.722502448443402
943 0.490138 115.838228210339 1.860103 0.754769323626804
944 0.416838 115.700281421015 1.98273 0.780277211110505
945 0.41953 127.497563400453 1.98814 0.821959479741847
946 0.443881 102.096486062343 1.910245 0.734557514564488
947 0.163739 136.985302815383 2.261122 0.840721332081136
948 0.473197 116.134645423407 1.873195 0.795034949237259
949 0.567938 107.768225355332 1.7291 0.757215713742449
950 0.28736 113.354088505734 2.155544 0.726513415049333
951 0.482862 121.825998625189 1.900295 0.783143016000824
952 0.376092 118.874325386802 2.046062 0.769609814332891
953 0.367613 116.831309194318 2.018057 0.763985359464195
954 0.207223 116.594612747431 2.234682 0.789034913720986
955 0.298082 117.026146187144 2.127995 0.808920652364968
956 0.390549 116.394523649609 2.004142 0.77257431227899
957 0.314097 114.307582865539 2.083225 0.777112491312049
958 0.278356 114.427553168476 2.170578 0.7690351588502
959 0.491928 106.043198824359 1.846974 0.714318236969509
960 0.492198 103.994974771131 1.849528 0.722073330011145
961 0.555736 106.823200144034 1.730869 0.691152850520838
962 0.336349 124.786354662287 2.121492 0.794295168868998
963 0.502215 111.905157195573 1.837133 0.730788758983684
964 0.5448 110.038302275476 1.750665 0.690166233221891
965 0.263129 111.3044909121 2.190582 0.788239012132756
966 0.48081 115.975866763591 1.894713 0.766759798453045
967 0.351249 117.659497381801 2.055184 0.766821268611084
968 0.248179 124.94653627585 2.190772 0.821769794843858
969 0.371014 112.461128877419 2.051318 0.807772231634864
970 0.32321 113.777229637241 2.119344 0.79223345628397
971 0.416616 115.770988222174 1.998865 0.751308809995445
972 0.37073 110.156087733736 2.045953 0.754006001198041
973 0.347142 125.427232972323 2.104419 0.814254036939067
974 0.608482 104.745369735222 1.613111 0.689854293331402
975 0.547001 113.44169808644 1.761654 0.758270219338454
976 0.489102 94.780439750525 1.853389 0.667651834716031
977 0.398896 112.362963292865 1.982505 0.731777732706578
978 0.341911 116.774383859245 2.084707 0.792219137470829
979 0.313044 121.192820300984 2.121883 0.787395865808971
980 0.298212 128.431486036093 2.154254 0.771879187304583
981 0.332226 119.364299998375 2.066016 0.743710294067662
982 0.216649 120.908271841561 2.225941 0.820441303742634
983 0.433821 115.356824351546 1.96317 0.786676401523651
984 0.614426 113.343286202404 1.602974 0.728950406134516
985 0.512035 111.436186560711 1.824102 0.730873801344249
986 0.39103 117.702310632832 2.045328 0.760634915176839
987 0.453365 118.475698814868 1.929698 0.788126782340938
988 0.546893 115.038169722018 1.766256 0.720669583796794
989 0.469214 102.583781966197 1.909313 0.707034522544032
990 0.505439 106.456984359743 1.824366 0.675327770670762
991 0.243438 120.026869728249 2.204427 0.793712295482889
992 0.453904 112.51088995031 1.915018 0.696485745458576
993 0.348052 116.959292316588 2.048374 0.795837762006697
994 0.466748 115.560123350589 1.932804 0.74908508545917
995 0.472052 112.067809736007 1.862294 0.771767835744311
996 0.599193 104.966223881589 1.60913 0.725457389084369
997 0.486875 115.509080586788 1.883631 0.782848909139435
998 0.499115 111.993758037557 1.856956 0.762502314740239
999 0.383115 106.741810526683 2.008021 0.749537958964214
1000 0.378391 119.627144747582 2.064139 0.738662333760989
