rep aei_left left_area adi_left H
1 0.501563 106.665961955327 1.845358 0.720359223807691
2 0.394189 118.286391715062 1.997869 0.720108335956148
3 0.500955 104.940176081536 1.869316 0.629252266577642
4 0.279467 115.797785608293 2.136082 0.751747947661539
5 0.237807 112.466143592502 2.197106 0.774175174959453
6 0.534298 101.937098369687 1.742083 0.673215475593757
7 0.413881 116.947795987319 1.994497 0.662519411915641
8 0.333502 119.406705376206 2.117614 0.676036691265046
9 0.612236 101.052022878096 1.620081 0.516548938726085
10 0.319663 123.70117958491 2.086329 0.692154147898245
11 0.60312 103.392033619327 1.631969 0.599031937484656
12 0.511632 116.917884541599 1.84565 0.727203569691484
13 0.470927 108.188071466648 1.908026 0.726251748170198
14 0.43037 119.342791464153 1.992081 0.752732892428981
15 0.464203 123.225526720779 1.945458 0.756347088405328
16 0.343654 118.821138218599 2.104868 0.751639146343271
17 0.377378 104.692040325542 2.043391 0.742068693551565
18 0.424136 108.39776073962 1.97702 0.760573390969331
19 0.509814 104.211458882185 1.799712 0.686608568363358
20 0.473572 117.748314646556 1.895006 0.747173086085221
21 0.50862 111.91327990483 1.855092 0.759420136251095
22 0.456101 114.450941011853 1.936794 0.719011688585172
23 0.53118 112.701275970751 1.80248 0.708239836751586
24 0.262152 115.803121212971 2.173212 0.77670671987749
25 0.369697 111.139270019637 2.059231 0.74215977148871
26 0.291753 116.506780449914 2.148895 0.764138796459459
27 0.516323 92.0814567168139 1.815804 0.647730639976409
28 0.176749 115.247274251286 2.245542 0.776444401205533
29 0.393831 109.307788545462 2.012171 0.626931583861756
30 0.359995 101.670943288716 2.030293 0.730878321972154
31 0.332712 113.450463668691 2.082825 0.747053588641902
32 0.372084 119.015443445794 2.008255 0.773766424630931
33 0.431607 105.029301148126 1.915597 0.724714352593761
34 0.310932 115.491898427246 2.135578 0.768203512363915
35 0.431375 99.050728994887 1.936212 0.745915204667137
36 0.592454 102.169925566077 1.62525 0.588631112018016
37 0.338538 114.81170681603 2.11277 0.753567481223726
38 0.352856 106.915507401993 2.071314 0.742406763509425
39 0.432479 114.404170115775 1.966846 0.747543127042021
40 0.391992 113.949642871628 2.040184 0.77180045870361
41 0.532905 110.343588811613 1.805695 0.742832726912268
42 0.386926 114.586752458812 2.049322 0.729228306861871
43 0.448019 124.142685154439 1.973719 0.711327300501742
44 0.303228 119.104100593633 2.143386 0.736967242903568
45 0.246212 112.846604706253 2.191161 0.731880740953069
46 0.465542 100.910314173488 1.867328 0.696741319732438
47 0.560355 98.1427610122426 1.737924 0.660071548832461
48 0.524459 104.197529100882 1.812774 0.632581896458264
49 0.318252 121.570261568801 2.140097 0.772040629192344
50 0.43234 121.741851052588 1.956588 0.73811280141637
51 0.551464 97.0397157681791 1.762048 0.688866392434239
52 0.3557 111.197092287677 2.060209 0.705934768774457
53 0.324475 120.984841749385 2.122133 0.788328378064971
54 0.588211 100.163979541352 1.67149 0.649095861299951
55 0.468351 123.068900852273 1.841805 0.761533676602766
56 0.555758 103.90320053207 1.745624 0.714323607617283
57 0.633877 104.969224711098 1.551391 0.701225358653972
58 0.530763 123.784694016561 1.815965 0.751157365798534
59 0.417748 114.092390640731 1.928322 0.706141737718803
60 0.362872 122.097514866561 2.035324 0.767419026324644
61 0.621181 105.333054672372 1.58672 0.695020290999066
62 0.546209 102.588095006532 1.707289 0.706413009984291
63 0.470486 103.981422206665 1.910112 0.727130824121704
64 0.520768 116.336951952926 1.817164 0.737869274749995
65 0.248767 111.995921523201 2.120473 0.738363614166148
66 0.521906 117.85403822919 1.837414 0.729546046669177
67 0.602423 97.3482475257848 1.65987 0.648059608467048
68 0.580871 103.095895620172 1.653997 0.689343844270703
69 0.493669 110.990881915702 1.882336 0.713300979659388
70 0.421221 116.660973403091 2.000069 0.728061618006598
71 0.452333 108.486187571202 1.949949 0.719125973922945
72 0.475375 110.171829745542 1.853535 0.732310946631495
73 0.497193 115.653730712792 1.846411 0.704495054828844
74 0.45044 115.785815314971 1.95767 0.711557821566888
75 0.10964 137.321995872675 2.283938 0.802342441678166
76 0.689753 96.6256535569488 1.379634 0.626909330831829
77 0.275407 125.759361963615 2.180531 0.770460642014689
78 0.642914 101.195381173236 1.532887 0.660597566291716
79 0.459154 115.965406043366 1.919693 0.688480776984831
80 0.516001 109.715040331448 1.829298 0.694517601096343
81 0.699913 96.4698061299459 1.381781 0.642744167146517
82 0.380565 100.447191806359 1.98023 0.708967931885686
83 0.468893 107.185761377774 1.914917 0.753726688277383
84 0.367147 123.459892958572 2.078294 0.773224214096151
85 0.525185 123.651365722143 1.787584 0.738612437585785
86 0.394381 115.787481750958 2.020766 0.763075874161549
87 0.40005 113.753207202031 1.973894 0.694249482405866
88 0.294269 112.165440217505 2.103085 0.770697805275453
89 0.46291 108.968458641909 1.906082 0.661258290511565
90 0.568295 102.633815277329 1.675015 0.619866034719813
91 0.473181 114.304052398786 1.911959 0.710259445307977
92 0.168857 114.281906459251 2.254927 0.766340584775822
93 0.428027 117.707761519122 1.990668 0.691647320519786
94 0.54566 110.385746764098 1.780295 0.726031670032629
95 0.481743 109.249236019686 1.904581 0.706191653304025
96 0.369182 111.534519772242 2.051211 0.759743543588639
97 0.583049 113.704932333116 1.684838 0.731034831114381
98 0.353235 102.341934415388 2.092793 0.725371903384406
99 0.407277 101.650872266529 1.924298 0.73482748192872
100 0.463856 118.538348282547 1.935063 0.746222719342057
101 0.285719 110.0012945727 2.171897 0.783480031764374
102 0.396137 106.159238498684 1.979076 0.711182453999975
103 0.564964 102.966719163151 1.726966 0.68230041283453
104 0.333086 139.336874041473 2.125751 0.831880514878971
105 0.397131 124.696959583549 2.03156 0.767338898476104
106 0.379385 114.35467017098 2.017353 0.75405629195757
107 0.235751 121.285622404557 2.211963 0.784380027280618
108 0.517707 104.379386258481 1.804378 0.622274574825579
109 0.484538 98.1939822561397 1.883189 0.67886118722121
110 0.179674 131.592306658324 2.250593 0.746366745913352
111 0.339349 116.206695033442 2.084455 0.748223593462824
112 0.572826 105.482427554208 1.729648 0.650353161071971
113 0.306518 118.046225068777 2.117025 0.784980099193114
114 0.431054 117.984239122031 1.9326 0.730306697608324
115 0.519144 113.117790497015 1.769169 0.691813636239823
116 0.723983 96.0876375575267 1.261934 0.679756728009058
117 0.49603 94.4644147379687 1.861572 0.71843591142464
118 0.464195 114.406654493378 1.925998 0.733852045153975
119 0.342289 110.40913909746 2.092779 0.714445396102887
120 0.479647 102.819214726446 1.869591 0.673803653680086
121 0.346891 118.975159276463 2.07494 0.767038693351638
122 0.660541 105.264269310922 1.451963 0.657872907620266
123 0.585294 99.5668562216028 1.690634 0.710012216773599
124 0.163388 126.231870783357 2.26102 0.785674496074088
125 0.330898 122.718486058927 2.121268 0.733958719431962
126 0.439031 111.432996670369 1.958565 0.715217268935321
127 0.467729 116.962299358001 1.923129 0.687724383401392
128 0.494091 111.371094988476 1.876403 0.711666820915773
129 0.404122 114.951896089444 1.98789 0.724531294253194
130 0.590815 109.983528028385 1.643073 0.703768551350648
131 0.444211 105.890241582138 1.92815 0.724876486507085
132 0.584719 99.4374785736661 1.667262 0.634683512670357
133 0.358847 112.487863645851 2.047923 0.743594236326619
134 0.740389 106.12378134313 1.215745 0.709094008766946
135 0.490594 100.077954535669 1.871368 0.709293773447234
136 0.494067 108.604041005889 1.86211 0.705327916255633
137 0.228223 118.553078907178 2.200424 0.756153289945607
138 0.260904 125.022447307333 2.184432 0.788170730981758
139 0.351513 118.208324030625 2.103157 0.818026322014431
140 0.203022 129.525879225512 2.228478 0.779796891196253
141 0.401019 118.247976661967 1.996917 0.756276762299816
142 0.569357 110.874229017221 1.716711 0.737502810980862
143 0.524916 114.302957315825 1.73978 0.76186903834906
144 0.615049 106.339723333763 1.606834 0.670820480757256
145 0.336657 127.994027377616 2.119886 0.78631970093176
146 0.591659 102.910907022799 1.659534 0.693737343070631
147 0.288516 122.370882051286 2.159984 0.761070398076874
148 0.438795 103.788854972894 1.914514 0.700082633150571
149 0.330892 111.790941442714 2.114952 0.747087591390342
150 0.251544 116.218999418787 2.19851 0.788709267740498
151 0.519799 104.898730218099 1.813354 0.631808726036332
152 0.450421 110.790629190233 1.887079 0.767559065391327
153 0.596582 104.784506935893 1.648805 0.650684290005279
154 0.631733 95.883395769318 1.571255 0.659376965651604
155 0.401003 109.895326406234 1.956206 0.747491200016019
156 0.518434 115.705540390685 1.831052 0.714678724322233
157 0.457045 108.539482759821 1.909375 0.687212485075117
158 0.410478 112.950411156598 2.022432 0.725238165015345
159 0.352137 118.791023060486 2.08264 0.76242767514166
160 0.25073 111.205875446201 2.170208 0.73420279590798
161 0.37629 102.844580547108 2.04698 0.706257308738591
162 0.289107 112.845240626281 2.164646 0.692876102225653
163 0.29162 112.15168107966 2.123406 0.766298513623508
164 0.456701 110.568683981531 1.904011 0.699410835394788
165 0.552024 110.659681813253 1.77582 0.763437234826412
166 0.490281 107.680396681318 1.865115 0.725690612781634
167 0.287919 125.674563369272 2.170777 0.773646093896271
168 0.454726 103.144098262365 1.833056 0.734062399400007
169 0.511799 113.335504725435 1.843141 0.693334788024622
170 0.463796 114.474308583385 1.919815 0.732539057210693
171 0.394824 120.359090472618 2.037999 0.791328709907478
172 0.598469 110.595437584827 1.648108 0.752567761358747
173 0.613384 108.65737237735 1.629825 0.657579923047597
174 0.314678 117.211142675676 2.112779 0.720933364747694
175 0.676305 102.577898130117 1.42293 0.633424475528395
176 0.26336 101.69671788551 2.166237 0.748891571264201
177 0.437636 110.812711449694 1.905398 0.720572980120776
178 0.537314 117.216024908297 1.771476 0.701281780374835
179 0.526122 102.108915619321 1.79167 0.71178720427814
180 0.537678 110.616861043078 1.769509 0.720831986383079
181 0.408558 102.050863006156 2.005213 0.690065775141831
182 0.587641 104.777067446117 1.637915 0.67417255617478
183 0.472466 114.450217445911 1.860198 0.722191079165897
184 0.490692 98.6135833998195 1.867318 0.728485515862736
185 0.338238 121.484101378911 2.120224 0.749569537356215
186 0.571861 111.241124549131 1.702037 0.708773468995883
187 0.411953 119.627187365209 2.019523 0.764354337213729
188 0.296104 113.903462423849 2.144424 0.739059953124614
189 0.400101 111.154219554901 2.00131 0.735357616353878
190 0.235924 111.120465175851 2.167766 0.735688487846211
191 0.543996 103.694050120764 1.745652 0.671153986177882
192 0.256931 128.179458805722 2.188321 0.814778292650582
193 0.453681 103.1906927111 1.932402 0.70574152474342
194 0.534307 107.947675217964 1.75789 0.604259918206544
195 0.507309 109.393198642156 1.793083 0.743902628219589
196 0.63895 96.5025482570446 1.520632 0.675749243169112
197 0.369485 125.295384664817 2.082353 0.719076482859948
198 0.422822 123.527233231782 2.006747 0.770914773513956
199 0.278247 111.327160241365 2.142403 0.749053082495998
200 0.387834 113.122282559234 2.020567 0.745420087243069
201 0.388724 114.775784014932 2.013347 0.74404683672595
202 0.337177 118.897328992705 2.076857 0.751865095152766
203 0.501557 119.309908084637 1.872828 0.762945103670464
204 0.410592 101.183793410089 1.979403 0.693333529230245
205 0.530221 104.560362011875 1.750864 0.671219268551522
206 0.50951 122.219861897017 1.766516 0.739754637808479
207 0.21972 124.726597670334 2.224416 0.768004147332513
208 0.324178 121.648154296538 2.130223 0.773599238514839
209 0.382507 107.237157277721 2.026621 0.703147931113204
210 0.302021 119.997250082974 2.147919 0.763259085898055
211 0.251162 123.064565827351 2.200019 0.779593345385435
212 0.635034 100.750307049347 1.537751 0.648300034326002
213 0.619765 102.987392913702 1.603796 0.408425369247555
214 0.36794 111.987256674573 2.036242 0.62363861387977
215 0.610096 106.332093723852 1.607908 0.704054065014526
216 0.507165 96.1221283233129 1.821488 0.676704843282462
217 0.535427 119.036185249046 1.806643 0.749039897776699
218 0.337455 117.696566588399 2.099872 0.700114067712481
219 0.454989 111.801332420982 1.943147 0.740162187397595
220 0.356656 106.808433352274 2.05076 0.717971060980788
221 0.578876 120.733995563111 1.708633 0.748355762371046
222 0.28299 111.148142721348 2.170508 0.72733059088826
223 0.460682 118.553370517328 1.885333 0.726276926415027
224 0.355245 110.894404234458 2.071752 0.730812681859622
225 0.367542 118.238375187198 2.042973 0.742115980169575
226 0.373658 107.758472876642 2.061093 0.754753849606315
227 0.545757 110.044931321084 1.688282 0.692285598826155
228 0.626466 123.83503903005 1.587347 0.737619449208538
229 0.527645 112.868126383397 1.818492 0.777899978382579
230 0.447657 120.873057531953 1.93062 0.732289180600286
231 0.534939 97.6603173970411 1.782192 0.698955157618639
232 0.411023 108.680790182466 2.002009 0.714985506128964
233 0.453272 101.900927223911 1.93639 0.713366962230788
234 0.458444 107.049469100014 1.864817 0.735938257614419
235 0.601565 103.857432991969 1.61769 0.677285785287468
236 0.487467 116.755701771601 1.905611 0.760605746604503
237 0.397506 121.700995717894 1.955907 0.750293365097786
238 0.421608 103.414820536359 1.980433 0.660879476326049
239 0.322041 111.918206645628 2.073221 0.741725151430766
240 0.236916 124.726740802599 2.204787 0.803151199966919
241 0.580512 102.082466126184 1.679011 0.666458868306108
242 0.460944 98.6502676363129 1.900704 0.700274543941484
243 0.51274 103.778274801457 1.775173 0.668182426411823
244 0.579988 116.427522587059 1.701655 0.737385654479449
245 0.422251 114.439735206278 1.997374 0.749341097974792
246 0.587798 114.531511711668 1.614228 0.751561441785487
247 0.35103 116.141956272237 2.102594 0.730056201916655
248 0.262104 116.20369663152 2.194009 0.796508678395686
249 0.3931 112.530411817429 2.03764 0.715623662864155
250 0.469022 110.93804931824 1.882424 0.757954493330176
251 0.367943 104.858860009619 2.025584 0.738223218044993
252 0.595732 98.1319380739366 1.658879 0.652527620760105
253 0.610403 105.706024414779 1.633428 0.676761298742495
254 0.623884 108.688201399836 1.60008 0.681174180095917
255 0.568461 108.105403164156 1.718756 0.665448453348146
256 0.198886 125.762830719142 2.237113 0.76404436757577
257 0.590716 97.9466314150709 1.649202 0.656442536677248
258 0.688925 100.03973810388 1.388249 0.581181375627963
259 0.364842 117.531358093248 2.082178 0.758098463985905
260 0.305529 113.433052742502 2.126534 0.757048359408342
261 0.44592 106.184751097813 1.93048 0.728942500636084
262 0.483778 119.319478007521 1.910546 0.760292320426762
263 0.358995 109.288326832302 2.08194 0.657923524188985
264 0.433837 106.925373373317 1.925966 0.74677316587235
265 0.518983 103.027935193783 1.810666 0.692493027885246
266 0.388349 112.113213835671 1.995931 0.677156549453582
267 0.390766 117.042267786148 1.993055 0.735141168934392
268 0.334049 124.403043874298 2.105894 0.73924499061477
269 0.328858 119.314316617219 2.09974 0.731130307231859
270 0.406876 111.022447979039 2.003731 0.734679245682341
271 0.480489 100.945911516041 1.876128 0.692042915532805
272 0.375286 115.621475389819 1.998893 0.701845437542477
273 0.356375 113.224152536714 2.031922 0.723525461610258
274 0.373883 101.680732772601 2.052795 0.731206707111998
275 0.474794 105.906948581852 1.878319 0.739602063001947
276 0.669149 98.0943628578007 1.443379 0.635244577888986
277 0.492102 118.358811288077 1.888443 0.715594744719651
278 0.49397 104.403366288595 1.853436 0.729158511946206
279 0.245299 127.61132714194 2.197588 0.792533069829369
280 0.430961 105.861248874948 1.958946 0.698120430966188
281 0.15625 114.933048740834 2.264156 0.777888549361199
282 0.368511 108.586566621527 1.986744 0.726391862571427
283 0.71851 94.7605559202784 1.285194 0.627592160591021
284 0.34325 122.061298743499 2.092768 0.748150639667738
285 0.459135 103.803611170477 1.916837 0.724323308490927
286 0.552563 114.256640534565 1.725295 0.800341122924739
287 0.472192 105.357756962163 1.912553 0.704297654338167
288 0.419097 105.388243783681 1.9697 0.749263476238914
289 0.100608 124.464892504944 2.286112 0.816853928396417
290 0.148619 133.535412116643 2.259109 0.769941887443555
291 0.30277 118.564550073136 2.15101 0.709802953092047
292 0.538645 100.24373091841 1.744717 0.681863080262978
293 0.344226 114.179664805635 2.110117 0.735564969912884
294 0.693284 108.162430908224 1.39781 0.760543408674578
295 0.610871 94.2828591836219 1.550687 0.69029285484653
296 0.498136 103.745893278193 1.838372 0.687306835746138
297 0.301038 118.220778854529 2.149759 0.807063555101964
298 0.371855 121.875432054502 2.031704 0.767396319632178
299 0.489153 93.1179058009616 1.841252 0.690250058552145
300 0.443056 105.234868030781 1.943313 0.723560790171357
301 0.504424 105.956955936386 1.856381 0.701167136733328
302 0.300354 117.38898801849 2.148441 0.736668586371598
303 0.508998 113.513498030622 1.85638 0.702012228453222
304 0.426925 103.43551996399 1.95253 0.722885820866916
305 0.295961 126.796869690446 2.15237 0.778529121508828
306 0.4834 100.265020686877 1.852133 0.684222043730054
307 0.522901 108.587318338405 1.823308 0.692624426541934
308 0.387575 115.03022076501 2.008773 0.734610635461725
309 0.396605 120.357067428997 2.039715 0.786563935413451
310 0.492062 107.524475169017 1.852063 0.74573008801784
311 0.298185 117.216180198764 2.146913 0.755401279129151
312 0.471516 113.90476758653 1.922861 0.764482753235527
313 0.225074 114.709010486096 2.191757 0.77151016661075
314 0.467625 114.621209128682 1.894359 0.740751410378131
315 0.48393 116.942016341474 1.887299 0.750792006563629
316 0.407035 119.422938220645 2.017265 0.799853709680542
317 0.39807 112.491677983102 2.027031 0.735069798839938
318 0.272075 121.34315929908 2.180029 0.789746410770123
319 0.441993 112.085248898028 1.9781 0.695378828723411
320 0.532752 109.16668365896 1.736917 0.612261364205509
321 0.257427 113.808876100637 2.194393 0.772686963719054
322 0.644434 110.182305617837 1.509003 0.6839622421086
323 0.323703 113.102469635205 2.1176 0.750307348838251
324 0.438873 107.433509178742 1.943461 0.717770562758475
325 0.576238 99.0456162856245 1.697359 0.720404402657282
326 0.328429 111.724287819012 2.065096 0.712120755304148
327 0.390282 105.563175366554 1.984933 0.72941984735232
328 0.666649 91.7886446421115 1.459532 0.642060125735952
329 0.318315 113.662717933481 2.099688 0.745302405292357
330 0.434241 115.610635549477 1.974838 0.729595368597871
331 0.489772 115.64178822842 1.867574 0.763311938943168
332 0.487108 109.512225604231 1.881581 0.747024627838053
333 0.378175 111.408487524144 2.027993 0.735862868933152
334 0.239589 116.617061070275 2.211918 0.756716404881419
335 0.451942 120.579014729716 1.933302 0.736798573123712
336 0.585317 100.515718016816 1.690279 0.692466668243804
337 0.562881 96.7611278324647 1.714197 0.671268845488648
338 0.376286 106.302209916816 2.010445 0.705627769905466
339 0.130625 132.285904536815 2.270854 0.760612152963651
340 0.537072 90.1940939118624 1.781501 0.664117378368241
341 0.434084 101.85619819446 1.968968 0.698831971122713
342 0.333716 119.170658165151 2.107696 0.746006981057691
343 0.48242 106.931069050361 1.86623 0.693265880631055
344 0.360793 104.284967633807 2.036308 0.713306495363949
345 0.635568 103.799763681934 1.569015 0.633205062931677
346 0.397529 113.412034748326 2.026236 0.747236373921486
347 0.396413 118.495726191288 1.980407 0.675740091029144
348 0.538973 115.720771477894 1.799178 0.738649565619532
349 0.475804 110.459901168338 1.888036 0.742659583736926
350 0.119347 136.645506919494 2.278545 0.78759393312255
351 0.576972 98.1524921005398 1.693553 0.660698466869895
352 0.5126 113.746310168347 1.833881 0.745787702961811
353 0.453697 102.723130214863 1.924149 0.729189430019361
354 0.467817 103.222140912026 1.858191 0.747492263892408
355 0.445339 119.604477727905 1.938729 0.749793562001136
356 0.482388 97.6892220786438 1.878113 0.661874301693454
357 0.314502 117.044639200554 2.137947 0.77186748565248
358 0.442707 113.907658108216 1.901798 0.697525616281587
359 0.338392 117.283958131503 2.072401 0.715993375258732
360 0.41556 114.862067075829 1.9732 0.760195485549012
361 0.21085 123.775038229704 2.232921 0.774198645592362
362 0.325656 120.673965703271 2.070577 0.771521656274787
363 0.336669 116.926506182667 2.110239 0.76267931389143
364 0.397585 109.847722414716 2.028609 0.738365480866655
365 0.399365 116.127176222047 2.024569 0.753698323750331
366 0.471725 110.153342807172 1.818301 0.750454267679709
367 0.244799 117.97047149776 2.142062 0.746149766008536
368 0.482086 110.184493861221 1.876405 0.71128451075371
369 0.356054 122.902865357552 2.069557 0.755604453683885
370 0.446871 103.851650653823 1.89465 0.700838608253691
371 0.385853 120.00136605185 2.030904 0.743137532872218
372 0.52318 96.1353067409819 1.797998 0.69608168174622
373 0.396615 116.590434170873 1.974756 0.724488164416623
374 0.361183 116.953766801424 2.089301 0.750196895327649
375 0.441271 116.041246271665 1.966699 0.780620217854347
376 0.488496 119.959049229734 1.889832 0.70319790327241
377 0.238492 121.89235353123 2.199832 0.775092907359666
378 0.205257 124.969408783035 2.22527 0.77733625456773
379 0.570206 117.909255075465 1.702243 0.775344269923566
380 0.297982 121.36829308074 2.150561 0.765120852466979
381 0.405629 120.85275632844 2.009252 0.731397283212261
382 0.37961 109.127552095172 2.020996 0.739394408016582
383 0.222059 123.064135554911 2.217788 0.766329279642265
384 0.516031 105.698620166406 1.839913 0.688803441678659
385 0.529809 100.815515018708 1.778226 0.710716131173839
386 0.529377 112.67372396918 1.81723 0.744534065827637
387 0.374935 112.589643291037 2.024474 0.763623036064742
388 0.422955 118.988266544018 1.997765 0.786039990447572
389 0.399313 115.033650761204 2.037967 0.715123820716196
390 0.637642 118.104050153825 1.561231 0.71605134373478
391 0.310137 124.19828373936 2.145217 0.767567443198787
392 0.125087 125.660881785744 2.278237 0.82486124350938
393 0.509889 107.300162579983 1.81337 0.661315506374261
394 0.265848 114.031210926535 2.122752 0.733772974676031
395 0.543704 107.182416866961 1.776961 0.749831839719209
396 0.626598 100.238309740392 1.576871 0.720353427415224
397 0.344302 106.450013345833 2.039624 0.739883042581214
398 0.290658 124.397196782181 2.167443 0.748381065410249
399 0.591429 104.83861757835 1.684312 0.718952193050171
400 0.608371 117.450446111668 1.619815 0.685425440213219
401 0.330554 91.923505322809 2.087949 0.711046990570166
402 0.472435 120.8699362472 1.807083 0.754723839811215
403 0.177812 122.536535207261 2.253345 0.775040095824414
404 0.170803 128.295421612749 2.245129 0.781592895362437
405 0.29296 119.28662434317 2.131217 0.733169636285331
406 0.277726 124.269751712203 2.17335 0.709644152143688
407 0.443791 114.16786868855 1.934029 0.724647751860964
408 0.449637 105.327897222164 1.938088 0.719716952786732
409 0.533806 101.068395142902 1.801072 0.659000948539981
410 0.474861 112.067707814168 1.912135 0.709158452848121
411 0.535895 104.760312428891 1.802924 0.592969022851509
412 0.330408 121.547127641372 2.059004 0.742737307206133
413 0.513258 109.538650016673 1.850008 0.707087061482418
414 0.298127 106.820695135949 2.133288 0.738855115788877
415 0.468921 117.134022289182 1.920291 0.77119790187546
416 0.375542 109.076776597217 2.017781 0.703882065643175
417 0.308634 115.589195562859 2.122549 0.767424804096007
418 0.392447 115.020347050923 1.992272 0.723998910372828
419 0.446933 112.6037146417 1.925196 0.687010607231626
420 0.545214 107.556865485934 1.753787 0.711411202059639
421 0.325934 116.583468038769 2.128968 0.732493239500297
422 0.471669 121.702586575976 1.926037 0.707473264361935
423 0.585153 108.52303925333 1.671964 0.685933828097283
424 0.534125 101.531177609061 1.81867 0.70564498289724
425 0.488455 107.772775668692 1.896934 0.711389349920228
426 0.39973 114.454089435081 2.035452 0.740425192240029
427 0.322084 114.801685547515 2.12448 0.750363748013788
428 0.382249 120.299888584649 2.020619 0.746711945854306
429 0.486633 116.550873165515 1.845558 0.732313573525798
430 0.399744 115.10566922535 1.960884 0.70849198039471
431 0.539924 112.686238324269 1.780957 0.737685366336284
432 0.338268 109.011190349558 2.100725 0.733616883681497
433 0.337429 105.46516868183 2.022119 0.729089135807016
434 0.317886 115.5477659033 2.063299 0.7450072215718
435 0.515212 108.196759300164 1.839829 0.700683293736519
436 0.464668 109.956257387036 1.931031 0.737673725068229
437 0.532957 111.314261202773 1.798043 0.75661475151134
438 0.331171 113.408104660986 2.099117 0.731954593426214
439 0.378645 113.554826493663 2.008651 0.706362053675217
440 0.429095 125.176709661466 1.99476 0.761411868132483
441 0.272982 123.668505526554 2.184772 0.77444751622381
442 0.154345 118.88293456576 2.261697 0.796992384794344
443 0.477576 108.957781831044 1.908434 0.698834092902168
444 0.315489 123.26088260732 2.118238 0.764649048802433
445 0.520775 100.001860731162 1.800875 0.634141970099309
446 0.464118 104.559195943546 1.907695 0.682230830934116
447 0.542267 114.800561407955 1.758696 0.687657644800577
448 0.333291 115.266260855414 2.107608 0.766924335555555
449 0.608018 96.3701160117169 1.616501 0.667649422722988
450 0.667152 113.256839032028 1.474774 0.724607060861069
451 0.30642 121.629128464166 2.13866 0.779130043933074
452 0.419779 107.234471335285 1.987038 0.740169833796341
453 0.665151 96.3100048918873 1.448146 0.70230045254907
454 0.235486 109.391567384838 2.197118 0.705391353233341
455 0.350054 107.70405499569 2.039255 0.67849002920915
456 0.381234 114.312710736705 2.014402 0.716713710273594
457 0.515401 111.952486539973 1.813649 0.725580445491686
458 0.77072 94.8959169730072 1.075942 0.604366649723795
459 0.584784 97.4545378406847 1.662332 0.731281525139761
460 0.710827 113.178881483839 1.326561 0.672652972181289
461 0.431627 119.975662847218 1.989571 0.745419656729909
462 0.434682 116.093753451199 1.985262 0.665852218289535
463 0.39749 115.922815858159 2.021415 0.74809658637827
464 0.613674 92.2813302635483 1.59414 0.702156521296253
465 0.599089 97.1547138887515 1.629988 0.621826211632265
466 0.486283 126.837588869629 1.857129 0.71951011880603
467 0.553392 87.9317506427674 1.734778 0.659490386104837
468 0.332285 130.911211033091 2.099913 0.787377622248835
469 0.419501 111.368255918599 1.963523 0.705694450370469
470 0.203748 125.057074267838 2.224528 0.775732646039052
471 0.483798 115.763931911818 1.90261 0.752100350954881
472 0.422085 113.860620230527 1.913265 0.730131445958659
473 0.660504 97.9574794874905 1.489954 0.694284034801377
474 0.543439 118.295018456938 1.778772 0.729926655064154
475 0.210737 125.859616798679 2.231744 0.734081352341945
476 0.521631 106.385497319536 1.792226 0.72794401225343
477 0.217115 126.626492368174 2.222114 0.767101599872105
478 0.275151 110.702058370331 2.167594 0.741316857259368
479 0.307088 116.564327409402 2.146569 0.750329463092927
480 0.565451 100.192312047309 1.734369 0.703778042963744
481 0.135591 137.779658269808 2.272933 0.78435010797989
482 0.35652 109.363323193353 2.071651 0.754988047838813
483 0.53281 101.749866421863 1.788965 0.710867976778522
484 0.475025 101.282587188659 1.827484 0.701910769691701
485 0.425265 113.60830624149 1.963963 0.679154619986035
486 0.528303 100.072996773731 1.77715 0.641807123583495
487 0.338431 119.480745962733 2.089228 0.719510321743309
488 0.428662 113.268091663252 1.966756 0.729325212984724
489 0.400693 112.907644925528 2.010597 0.765969881754823
490 0.514244 105.378040472122 1.844658 0.703648610614972
491 0.489375 115.354179238298 1.887266 0.734067730648485
492 0.437291 112.439263315255 1.957925 0.73520523399297
493 0.459193 109.430484856662 1.938764 0.761041031997347
494 0.212621 125.36048663691 2.214059 0.751791776065029
495 0.382297 110.993062587733 2.05449 0.738579474420047
496 0.345249 111.396804015596 2.084301 0.78788469929226
497 0.446158 121.635897096043 1.963129 0.80618731166778
498 0.373281 111.775926031938 2.017926 0.718670368623727
499 0.59366 96.5590574407877 1.641729 0.662217694485521
500 0.591722 109.730711104925 1.668899 0.643851151126441
501 0.617415 87.9524631349404 1.570389 0.679226877351247
502 0.462578 113.658017671621 1.899397 0.719426959910436
503 0.593499 103.66994063738 1.669031 0.68700904799107
504 0.288642 123.670209030262 2.163491 0.793135171643136
505 0.410848 113.132728956598 1.978777 0.621361864388803
506 0.348376 118.207609494419 2.080417 0.727878628392777
507 0.559455 108.152012645617 1.700785 0.737764989662448
508 0.462018 116.067181000442 1.911297 0.760294698948536
509 0.152505 134.571712939377 2.264155 0.762769892510729
510 0.436447 107.559333792986 1.953366 0.710515716591025
511 0.290439 124.912194410836 2.164959 0.724523815441414
512 0.439309 115.576832424061 1.952872 0.75272309596143
513 0.477866 109.115484738588 1.878776 0.732641743601768
514 0.416364 115.427525447281 2.012705 0.744145916745863
515 0.507468 109.805437742388 1.813642 0.707970499678164
516 0.515046 109.341219071806 1.845414 0.719719358419978
517 0.385931 114.149931641157 2.044757 0.713301566370557
518 0.261064 110.810998548402 2.186057 0.737216807322998
519 0.321682 106.438185745092 2.086738 0.708889927484413
520 0.574222 91.6418541259533 1.660974 0.664115875136659
521 0.402131 107.94258502745 2.00403 0.726539679094314
522 0.447981 115.629048216777 1.955221 0.721492909000055
523 0.32827 116.626530304353 2.130127 0.736380784800659
524 0.360425 111.125966695951 2.064251 0.7645563744555
525 0.426748 90.9173655359676 1.966359 0.723213878427321
526 0.431461 109.507435171646 1.913009 0.738767922416306
527 0.42243 124.786900252017 1.983887 0.746879987949315
528 0.46293 105.204494188946 1.925263 0.731306534394758
529 0.379533 113.743993757216 2.046588 0.760850370310822
530 0.418406 113.618534640521 1.984131 0.752615566404081
531 0.488743 99.4785708658311 1.85269 0.698331161823096
532 0.196458 128.601062604298 2.242436 0.790390768632272
533 0.458823 112.554459040218 1.90394 0.732137222004924
534 0.595824 103.21226227504 1.634702 0.685759910672247
535 0.445594 111.489390365193 1.971016 0.662426434863675
536 0.351914 108.309222438942 2.086548 0.710464513908648
537 0.559211 117.704906610885 1.730575 0.669743146261411
538 0.34734 106.382181871408 2.107078 0.717484285429673
539 0.552403 104.10958712542 1.725869 0.646940705236613
540 0.530424 109.875586306624 1.808144 0.735327156838957
541 0.415735 113.848351170694 1.985683 0.766990129783961
542 0.37566 109.682398850075 2.027834 0.710605526437038
543 0.463322 107.701116949325 1.941123 0.72659687499735
544 0.425869 119.994096428719 1.98212 0.766485441954808
545 0.264322 115.70234711434 2.157201 0.718646910968484
546 0.406818 114.7472709411 1.969563 0.746959689543446
547 0.425113 96.5724701667051 1.98454 0.681875945975259
548 0.361145 105.945428892703 2.060948 0.682466668466721
549 0.460784 122.165264334412 1.913902 0.762455339829436
550 0.206793 118.483508657832 2.21789 0.758422397333617
551 0.451364 116.792717021483 1.91528 0.721223583931039
552 0.374001 121.614194114059 2.073428 0.706514489393868
553 0.463301 111.776394290538 1.936994 0.715440496971555
554 0.350117 119.408045834127 2.102481 0.724337665715675
555 0.21302 118.49907952902 2.20989 0.757670549203779
556 0.652451 104.803116488822 1.495807 0.692562694292174
557 0.393725 114.928359087721 2.020957 0.735343951492643
558 0.419822 115.759510691631 1.976124 0.723953653770579
559 0.212453 128.868797206569 2.226513 0.763852154548643
560 0.320175 113.298632169886 2.094083 0.736997886679083
561 0.570328 92.9709714174343 1.728681 0.691901870468953
562 0.620859 103.210668029313 1.594063 0.69550129140109
563 0.318095 114.406666787994 2.134803 0.754610154674209
564 0.388016 116.325249527612 2.054698 0.765743564568989
565 0.45145 122.269085518367 1.942891 0.760001011223162
566 0.334175 118.300120702309 2.067159 0.768104254207228
567 0.284651 125.600059274265 2.174496 0.748406531670431
568 0.580877 108.084840488637 1.712054 0.701209313489148
569 0.365163 107.436500869603 1.988559 0.698535786475773
570 0.442484 109.878537569061 1.927953 0.719630666488156
571 0.724762 106.1257199559 1.179783 0.633998601054878
572 0.523094 112.813958720362 1.793726 0.717516641925328
573 0.508209 103.073302108277 1.839267 0.746238455207756
574 0.51762 101.400871760515 1.806425 0.708938874764856
575 0.601462 95.6140067842111 1.602266 0.672017751076998
576 0.489344 103.279813728326 1.818681 0.69682975304323
577 0.456651 122.957816377468 1.941007 0.744275346394638
578 0.546628 99.1182109783075 1.714159 0.701510499574229
579 0.405087 110.526980449874 1.998531 0.698766555047091
580 0.690853 104.113358274831 1.378414 0.737069742870203
581 0.395291 102.055867631764 1.970345 0.717765987034518
582 0.629379 100.318391240859 1.558811 0.692185499721872
583 0.679578 90.4753119641602 1.434586 0.655400588043541
584 0.36195 105.019970727709 2.043827 0.741391731057522
585 0.491699 105.923233580908 1.84978 0.723869752917951
586 0.560818 106.032271743203 1.710078 0.676906064605453
587 0.630889 115.106123412504 1.537755 0.685710403982761
588 0.575176 122.988117718862 1.711307 0.753782313857595
589 0.519819 102.489388251519 1.833251 0.649962633028595
590 0.443994 106.709452090717 1.938493 0.744720496006745
591 0.459654 110.534674531216 1.932687 0.710664462174711
592 0.533755 114.425983646101 1.807747 0.713450914987595
593 0.503931 101.168708469515 1.849394 0.65712443906213
594 0.575926 113.550246497331 1.666336 0.690673318373368
595 0.536886 105.095769168285 1.805024 0.730685608714225
596 0.287261 127.017878725473 2.161185 0.76630335330105
597 0.417292 110.990439188978 1.994101 0.752218977680447
598 0.429298 106.819418977324 1.928392 0.724469003455904
599 0.642077 105.878919650093 1.519391 0.730333665259907
600 0.468034 115.514963863676 1.917518 0.751868637044396
601 0.482126 114.540938383597 1.894956 0.723971605751918
602 0.365967 120.16468444271 2.084287 0.773419448538759
603 0.458739 99.1954854224947 1.906438 0.703208132219519
604 0.583436 100.95915748418 1.614388 0.62558374891647
605 0.276239 128.379928316977 2.1797 0.742512787914937
606 0.218679 114.087071074618 2.180078 0.704770262115774
607 0.360804 125.055198881834 2.091625 0.785138733847313
608 0.377966 115.896479594041 2.054804 0.748894725390604
609 0.631547 111.967247372261 1.58004 0.690614064520224
610 0.126523 125.332853494121 2.275744 0.813872106281655
611 0.269124 124.262922236953 2.18853 0.784341616061535
612 0.324725 124.703568911277 2.124565 0.80348772435563
613 0.4217 125.58418530854 1.995684 0.749329930260277
614 0.47484 99.7317853766327 1.855141 0.689317547634627
615 0.387524 123.531614503656 2.056893 0.734679120266458
616 0.382761 111.004494601265 2.014644 0.749208473515885
617 0.262695 121.984522915726 2.180051 0.760139732225126
618 0.399425 115.709870214235 1.999188 0.756912022562394
619 0.566564 115.059578371023 1.685226 0.713759623621348
620 0.331406 108.577076688732 2.125102 0.634371106177518
621 0.303163 125.086810714272 2.150851 0.762796216812162
622 0.440962 96.8830671933366 1.880688 0.752037060578165
623 0.700193 116.180741026149 1.313884 0.717043624998026
624 0.625231 104.38092486799 1.590765 0.677020068713083
625 0.377523 110.379184130159 2.021308 0.720291648522142
626 0.495928 98.9990661817384 1.850123 0.712869012908378
627 0.442992 123.650958665228 1.966534 0.747327064352698
628 0.289854 121.257968649399 2.169307 0.76005365551788
629 0.53393 102.12984073723 1.79047 0.654950315952169
630 0.309921 110.932471889945 2.117258 0.763244149531509
631 0.219821 129.85410683959 2.221879 0.75573592736797
632 0.499667 112.8526329457 1.848297 0.728001547219886
633 0.235934 120.618032841411 2.177083 0.791351628702532
634 0.524577 102.296062292529 1.809311 0.681483004055817
635 0.562733 97.7552934260759 1.73311 0.655151387942728
636 0.414999 113.036770062638 1.977805 0.747580981653907
637 0.545758 116.223284294864 1.778307 0.681747164069269
638 0.295134 115.505859741711 2.109787 0.773917889538567
639 0.359261 113.45123261188 2.046836 0.749021670103718
640 0.464804 116.952073801658 1.923804 0.7815353641472
641 0.429186 111.091571648389 1.978278 0.642116969479384
642 0.534815 118.136576645965 1.800069 0.645023981732188
643 0.586402 106.578658424773 1.671447 0.629220782198266
644 0.378332 111.039765161535 2.045688 0.709396951695017
645 0.518101 110.629010466976 1.830901 0.705998095140075
646 0.4472 101.939393819799 1.859632 0.661661374381386
647 0.46928 115.77380173044 1.938424 0.758834971981983
648 0.235042 122.657094885422 2.21521 0.775697574578816
649 0.430145 111.652859446014 1.981108 0.760216770885339
650 0.452219 104.53269651589 1.936272 0.615937189202186
651 0.249773 123.046152653213 2.198003 0.814112320090848
652 0.558422 98.2741502409054 1.686183 0.674903315872986
653 0.519996 121.726830432381 1.796779 0.678948803180401
654 0.372843 111.220630747065 2.033017 0.720833050578694
655 0.447994 105.988658380504 1.858917 0.720591608399798
656 0.640281 106.266888470883 1.537496 0.648422126563599
657 0.188264 122.571578828661 2.242381 0.788422863497177
658 0.705396 96.5137476767133 1.342067 0.651121347742742
659 0.411991 110.584762471688 2.013543 0.698164684030438
660 0.319006 111.694354422353 2.103448 0.747395214126278
661 0.414111 118.031883070231 2.000364 0.795117284398663
662 0.405651 120.412288684817 2.000536 0.758617273135129
663 0.319364 114.983357958669 2.123302 0.712100891345197
664 0.388133 116.204118218111 2.033041 0.796346791679113
665 0.478875 113.815710159732 1.88672 0.711189968029912
666 0.231726 120.328627639798 2.202835 0.759696338131537
667 0.640933 115.033839905679 1.476261 0.72189769391578
668 0.494567 109.308009726179 1.872571 0.688874586882735
669 0.673877 92.9586229105989 1.419356 0.652365731571514
670 0.441788 113.145968370701 1.900138 0.758858582693239
671 0.292268 122.647666727124 2.166051 0.785342525908746
672 0.478652 120.285591173876 1.87281 0.7358676306595
673 0.370537 117.904729128307 2.027012 0.731253785632737
674 0.453365 104.739529091886 1.913275 0.710648892448542
675 0.308884 114.450102910759 2.146358 0.732785836162833
676 0.601446 108.021016871694 1.648425 0.719795592892339
677 0.445262 101.838279664444 1.926713 0.690722916362919
678 0.313859 108.330058284855 2.078215 0.740902386897317
679 0.403927 119.33016729333 2.009092 0.702923849398011
680 0.470864 102.609494384075 1.919869 0.716965659644484
681 0.450303 122.810626320679 1.929317 0.749805441354442
682 0.331626 119.31477417836 2.087381 0.744774447384691
683 0.536381 112.014211646144 1.782454 0.703241622041407
684 0.192931 126.857354981 2.243954 0.775617642730223
685 0.558605 114.041484794865 1.73743 0.707125793860343
686 0.347696 120.673960663641 2.105264 0.710460611280027
687 0.45845 96.2050819895659 1.926773 0.656168676941519
688 0.171113 128.429877569625 2.254976 0.783217996930679
689 0.334618 116.13183764686 2.118322 0.737027284267261
690 0.418041 109.318596825016 1.976442 0.730949769852584
691 0.503906 122.392371447073 1.824117 0.802498356067489
692 0.21694 125.441289932316 2.219441 0.772329748758241
693 0.44829 114.16008822098 1.963903 0.737882117516221
694 0.54896 116.24501390011 1.77086 0.728154809959992
695 0.3954 120.858756176656 2.046221 0.743820245589326
696 0.48992 108.19570103618 1.887664 0.697869149589668
697 0.5318 106.642244383728 1.777622 0.721219974801912
698 0.541132 117.323766352017 1.793252 0.733428341829439
699 0.391304 122.335514259591 2.040128 0.754528006961328
700 0.443434 112.281045139691 1.964403 0.751255523735808
701 0.635731 95.8545598028611 1.569466 0.675068071839889
702 0.438195 76.6231724173255 1.948243 0.67152821343781
703 0.327722 109.794572079097 2.096702 0.677691896026561
704 0.4872 116.188080986369 1.905944 0.724180197391633
705 0.282224 120.89468294808 2.153991 0.795031769732269
706 0.306452 114.946270621977 2.115609 0.761968950990829
707 0.372514 110.514385850432 2.057196 0.702633936644584
708 0.613693 109.246967559037 1.627866 0.730491649171638
709 0.460535 104.438222902384 1.926263 0.759623737218078
710 0.535383 101.494883031739 1.744678 0.64377271647947
711 0.461261 109.254338757971 1.876207 0.649306879261595
712 0.503302 121.432120838487 1.85401 0.715569599256222
713 0.499105 111.800800130637 1.870125 0.70363594918914
714 0.466748 108.146141505586 1.937728 0.685847215549588
715 0.359727 103.72053397775 2.046546 0.724753898404692
716 0.529057 113.079974190172 1.816925 0.743707953118969
717 0.363262 105.377785519004 2.067882 0.729257147819332
718 0.409053 118.000139362011 1.983397 0.750332728886874
719 0.457597 101.010762247401 1.879474 0.69859670999288
720 0.367858 109.124404816424 1.999149 0.74577118435355
721 0.438327 110.799838182486 1.960732 0.771245893632132
722 0.403434 106.353228759318 1.984036 0.743240255802803
723 0.302712 108.65478062902 2.075319 0.743098391009707
724 0.499808 98.4404046275738 1.870334 0.705167269992946
725 0.396001 118.772308591008 2.043755 0.774160515255864
726 0.399103 105.073183041046 2.004056 0.684273134290805
727 0.446044 112.959960188207 1.928608 0.767260481377765
728 0.524794 115.583358569065 1.81372 0.712490671869483
729 0.624878 114.328654648415 1.556178 0.710014394646175
730 0.103385 127.307765802957 2.284888 0.719266575932333
731 0.256969 118.494598845902 2.143654 0.767582627583074
732 0.401936 115.86897910041 1.971863 0.72103633093387
733 0.438948 109.005169182528 1.967657 0.731175604034878
734 0.466873 112.931735847757 1.881511 0.709140968087783
735 0.255269 123.538339699947 2.157705 0.749453724481441
736 0.38285 106.330962363311 2.015789 0.740169150417234
737 0.552623 106.89453246504 1.697267 0.674415348526343
738 0.553995 111.256167210841 1.745076 0.642698795057778
739 0.247629 120.832887946825 2.194035 0.738981105230919
740 0.684639 96.19750828843 1.399773 0.609205562770202
741 0.429841 112.935030537409 1.985612 0.717691337947818
742 0.547742 111.967179140001 1.748647 0.70749111860326
743 0.659215 102.835124464644 1.483258 0.696681051813596
744 0.500212 107.875770412967 1.862507 0.659276283611192
745 0.316973 102.741291825402 2.083694 0.747981771089925
746 0.391668 106.384158776665 2.032696 0.676032923281665
747 0.557884 109.440226900463 1.750442 0.690389293051788
748 0.321985 111.349240503483 2.10469 0.747803185857308
749 0.482859 103.065545456223 1.871732 0.68820653587254
750 0.610201 114.031178249786 1.627917 0.715465276060531
751 0.475173 111.399095479577 1.894126 0.709320953361454
752 0.453726 113.517225489161 1.931824 0.737612725766906
753 0.416889 108.43214740249 1.938418 0.727615290681905
754 0.464415 107.674054174712 1.884324 0.718867868578839
755 0.529626 118.704179160459 1.772799 0.729264105131566
756 0.571622 94.1100220951113 1.698959 0.6357900530525
757 0.438593 111.766998728456 1.897548 0.713649669931775
758 0.497426 100.276803814734 1.835025 0.665370774033539
759 0.517622 108.328405923659 1.839546 0.676893589684247
760 0.361521 114.321735786301 2.082601 0.754510477165696
761 0.337429 118.360586673508 2.096306 0.748664809015641
762 0.441892 99.7229717754942 1.883067 0.735252869299686
763 0.480776 108.816093713863 1.890946 0.714650966473782
764 0.439856 103.841483690158 1.922794 0.726520197517678
765 0.437078 114.952585280155 1.941422 0.747103993153386
766 0.463032 119.978485052756 1.916127 0.721396809932086
767 0.455263 118.640913512074 1.952908 0.748866984407486
768 0.59343 101.632498323833 1.670453 0.655108766733504
769 0.341031 108.075244570445 2.101283 0.717998046128682
770 0.20358 132.414420338439 2.235062 0.806655527167097
771 0.222117 128.957206899487 2.221648 0.749530939917801
772 0.299316 122.160940668202 2.135547 0.758324740748659
773 0.373451 118.466264136194 2.008971 0.798547811661828
774 0.328428 104.527848097867 2.097673 0.732562368335242
775 0.526851 99.3255529287105 1.787905 0.718879416552359
776 0.416735 118.253126582187 2.003835 0.773364437445792
777 0.540796 109.65493749847 1.794469 0.704998003641534
778 0.490598 117.044548882974 1.873175 0.724433456000084
779 0.466111 113.729705958509 1.925114 0.727021368045574
780 0.452552 101.223639790127 1.875624 0.632473621796383
781 0.348201 111.154859909701 2.090947 0.754021658483492
782 0.529766 119.321952200697 1.760121 0.726887945300462
783 0.188238 109.562179042442 2.247506 0.782531505410587
784 0.433754 110.440785045138 1.957116 0.732736981099739
785 0.488436 107.063583254654 1.890289 0.659862240937757
786 0.418006 109.201126594248 1.954937 0.683375705062733
787 0.393921 116.568594019554 1.990153 0.75104953140902
788 0.431217 118.857021234111 1.913253 0.752921070798147
789 0.529859 110.560261958848 1.796708 0.634828446184119
790 0.420461 133.140990670112 1.995661 0.70685070020209
791 0.444763 111.277083778501 1.943114 0.72118457557803
792 0.55656 95.5108697463297 1.748125 0.671192696955752
793 0.507067 95.942021054326 1.771853 0.688985356657749
794 0.388682 120.928804210798 2.050855 0.749592251371651
795 0.4288 114.584291018437 1.974128 0.759689172569929
796 0.429756 113.171567556679 1.973126 0.725173697927336
797 0.353292 115.474505849951 2.099536 0.775226015815377
798 0.410416 103.876075615403 2.003415 0.701318987022671
799 0.471829 106.049843709432 1.904674 0.732723457552574
800 0.363307 117.887667245321 2.06355 0.729346993322176
801 0.251355 125.982441696951 2.197638 0.80385419176507
802 0.365229 107.016894518906 2.029193 0.69577352414869
803 0.498259 98.743010996307 1.85959 0.709127597950381
804 0.437149 98.2153641772796 1.962726 0.716090228866251
805 0.478859 115.959741378326 1.903605 0.675277599102334
806 0.389014 107.232027315586 2.008248 0.683925788503245
807 0.618186 96.6070311359177 1.605885 0.644030639161129
808 0.355908 120.530145438707 2.082559 0.755516764791358
809 0.575304 101.1319448804 1.724098 0.737587279647526
810 0.375535 126.379030768645 2.076546 0.789093588137697
811 0.317367 124.680200376987 2.132482 0.780299328054749
812 0.205884 125.487926089636 2.232602 0.789517595708462
813 0.375497 122.421582231399 2.049421 0.788012073411389
814 0.429911 126.786188511464 1.997979 0.750074998231387
815 0.592508 105.563149325751 1.67362 0.660441546502388
816 0.475895 110.44466556341 1.875658 0.746698615133004
817 0.362298 113.672685286892 2.020389 0.7797554391975
818 0.403743 112.241727148018 2.007082 0.688685658763765
819 0.26106 127.403786499793 2.166165 0.770414267791811
820 0.498824 102.569407086813 1.802935 0.713919638612041
821 0.263025 124.147046559357 2.192991 0.767347776654946
822 0.28632 103.350147135717 2.137731 0.746345581749738
823 0.336409 117.516969151953 2.108378 0.749619471305168
824 0.228761 116.596881081645 2.209893 0.736055887538968
825 0.47355 94.4884529467433 1.842085 0.682526655148487
826 0.643534 104.91102310441 1.5464 0.667787443352212
827 0.127739 127.767756828337 2.275422 0.801083632637139
828 0.359151 119.391910458686 2.072272 0.7181872482292
829 0.330978 118.212557597316 2.072846 0.733697153484631
830 0.410995 108.397300175535 1.972979 0.735689847089556
831 0.479791 107.33198389331 1.836582 0.671852438084454
832 0.648613 97.3606122971914 1.513322 0.687755705854771
833 0.488643 105.342565531159 1.876689 0.748939424221904
834 0.325755 118.292593942095 2.121432 0.758413195478994
835 0.486624 111.09718455334 1.884699 0.73571094479227
836 0.528711 122.652916354824 1.812279 0.758539875809428
837 0.492445 107.474641054883 1.854804 0.713606818838618
838 0.331332 104.922607995362 2.075093 0.714739358189151
839 0.415745 96.6953218106605 1.985407 0.691220262583922
840 0.525908 107.340619232957 1.83079 0.645479594031108
841 0.327571 114.267015211022 2.101145 0.755503170968792
842 0.659636 114.007770480452 1.429779 0.690742396742623
843 0.472096 110.003251886097 1.923349 0.693083460986665
844 0.539562 110.949542870404 1.777715 0.725610100303252
845 0.476556 120.497201678423 1.904332 0.780743364397441
846 0.50251 109.754372265588 1.863913 0.677328770049525
847 0.618171 110.554843839712 1.602554 0.726164801007435
848 0.402201 110.357119565453 2.000341 0.734576842015762
849 0.474769 108.765484714219 1.894789 0.701363709667264
850 0.320562 129.387968166273 2.137114 0.779348601007797
851 0.605133 106.960647034137 1.635869 0.65574216799717
852 0.351014 120.490915681901 2.099401 0.811543888633007
853 0.542532 103.769701993266 1.762866 0.693558530245757
854 0.675925 107.177981716765 1.444447 0.685189848719939
855 0.543334 101.41443530279 1.716528 0.69541128214988
856 0.581994 103.996136478446 1.698594 0.741204482795802
857 0.563558 99.4431517332727 1.711294 0.66908104920979
858 0.493454 103.023730816567 1.810386 0.744397653614304
859 0.488499 100.413005371558 1.782475 0.669722431884811
860 0.412115 112.614861382012 1.987492 0.719520189443324
861 0.340013 104.838272057373 2.078519 0.714790316567697
862 0.225673 111.688866442743 2.216741 0.740930925928779
863 0.306485 119.173583786637 2.153667 0.77159940212196
864 0.467372 106.213197777991 1.900637 0.705199257273196
865 0.552689 100.383889225183 1.773608 0.747158363915403
866 0.475831 120.592881458344 1.88016 0.716048128348882
867 0.431042 115.971569525258 1.978793 0.759848791090575
868 0.32173 112.218666616225 2.11562 0.754781349710084
869 0.150802 127.415827590221 2.267456 0.805496362706642
870 0.531338 120.123207740164 1.79699 0.708079046318957
871 0.393682 117.69158982606 1.985423 0.755099576639794
872 0.426991 115.166838507573 1.986196 0.772098469406628
873 0.443207 117.678323449028 1.865793 0.718776329063411
874 0.475296 96.8975787683273 1.849962 0.648647372868094
875 0.467601 108.722218479818 1.915174 0.636940397251957
876 0.501684 112.311657029263 1.875867 0.723486889618012
877 0.334157 129.595960650667 2.122979 0.816655737189107
878 0.456376 108.435239963786 1.931563 0.738776450408639
879 0.396529 117.560074046083 2.030207 0.742913464034721
880 0.337162 106.993087369289 2.061983 0.746382334610313
881 0.631451 93.5326144864292 1.572807 0.629380010181532
882 0.355605 119.563810409682 2.054945 0.742034232536441
883 0.266988 117.099272289515 2.169365 0.758383831713892
884 0.54875 106.058188223176 1.76136 0.74610529737642
885 0.529446 123.215279188127 1.799699 0.734664599382379
886 0.582825 117.1391296859 1.679906 0.744950332366559
887 0.380476 110.804157370761 1.988401 0.722548145767126
888 0.816479 84.4903455650482 0.854817 0.571303613022938
889 0.523415 94.5240574716483 1.727574 0.72294007752414
890 0.418987 123.303923907755 2.008909 0.747119376076853
891 0.442333 104.869334902461 1.956822 0.739843308489732
892 0.492862 113.599010713528 1.771169 0.765537935804556
893 0.284368 123.100138755375 2.127836 0.760150342578305
894 0.113011 131.642900989351 2.281233 0.741459492865806
895 0.331017 117.308821899462 2.087218 0.742401271750268
896 0.505669 114.56710129265 1.852582 0.74288585782755
897 0.171465 128.64094400201 2.252759 0.762801332026506
898 0.439566 104.856101579053 1.911772 0.733145483824515
899 0.506477 98.7718374984614 1.831601 0.637047214714717
900 0.540669 103.584896390782 1.796854 0.709689269159018
901 0.51773 107.675762875583 1.81286 0.74008084957647
902 0.479903 122.88727449243 1.922139 0.721519784737722
903 0.400592 98.1505387433763 1.96914 0.695508257365575
904 0.488313 103.327993416935 1.861752 0.697598096323946
905 0.27195 119.970708842947 2.17938 0.748301007050166
906 0.380644 114.787170530931 2.062166 0.737302127075406
907 0.449889 125.536724494874 1.959121 0.79829442615116
908 0.386692 124.778854720676 2.018631 0.779588732328523
909 0.595324 113.85930443344 1.644223 0.712272924829118
910 0.427273 111.440820808426 1.943645 0.732926482255199
911 0.294561 115.008923612089 2.123784 0.731915789586967
912 0.366975 110.677632892728 2.049317 0.730758979721127
913 0.398837 116.623633888978 2.013565 0.761334315823551
914 0.383478 119.975220319069 2.02503 0.722218654252964
915 0.393011 128.895665844279 2.034685 0.75110106533273
916 0.49205 104.358398084738 1.845363 0.684900182479177
917 0.361417 108.954304377719 2.013996 0.739381930886749
918 0.63463 112.740558103093 1.550007 0.660701326967636
919 0.347807 116.596085083265 2.037299 0.764266715959223
920 0.468866 116.821163991575 1.928983 0.720375193880708
921 0.327071 118.407473199033 2.129527 0.75544250173991
922 0.284043 112.532358588727 2.170268 0.741129326716015
923 0.36968 109.531444358735 2.036745 0.717653213580575
924 0.448155 115.188550025905 1.962395 0.679300768396496
925 0.599603 120.975425648356 1.651562 0.637433750624047
926 0.702941 84.4217902856485 1.337701 0.407138563515715
927 0.550029 108.208266137746 1.769087 0.680489119444132
928 0.249988 114.728865944952 2.167827 0.774279918733923
929 0.368843 99.7065296881238 2.027227 0.760353768474888
930 0.33188 121.939487177904 2.103507 0.739142894945295
931 0.439817 101.723430072999 1.920225 0.697698085449423
932 0.218362 122.733737508328 2.212378 0.789042494219864
933 0.320438 126.745494458948 2.138312 0.749371446404835
934 0.665907 112.506224250193 1.469929 0.680231533365756
935 0.268624 104.45767518769 2.165693 0.731684134327132
936 0.466317 113.024252716044 1.92686 0.758120738386004
937 0.468222 107.697032824603 1.8739 0.678514311405426
938 0.463445 120.273131926687 1.930423 0.767910236360162
939 0.5416 106.103388270265 1.802046 0.651848956447239
940 0.149792 128.132756747172 2.267332 0.807728857856079
941 0.332581 128.021859726191 2.106214 0.736045298356676
942 0.500026 109.13597071233 1.829554 0.745593229854234
943 0.591347 101.364273859325 1.675573 0.65442220709567
944 0.438895 113.776814554866 1.917321 0.703428338490397
945 0.314661 121.506523203945 2.136254 0.789908868687922
946 0.447822 115.256473311853 1.953985 0.678957489957009
947 0.501552 109.392122280638 1.788884 0.726579032009631
948 0.371937 112.593008762943 2.047078 0.723518854222127
949 0.515659 107.118741655878 1.809173 0.658992451405891
950 0.456701 106.797105741279 1.908092 0.712090349008344
951 0.815092 92.8990578318682 0.827556 0.537701782964837
952 0.489989 109.76674551237 1.841028 0.710435943520139
953 0.474922 114.401503461703 1.865209 0.765855922060036
954 0.656627 112.200725936055 1.500177 0.678405807768636
955 0.399388 108.070021058959 1.938079 0.710964671999107
956 0.468881 119.232826548766 1.900279 0.739263039390851
957 0.62397 119.963686363038 1.591111 0.742158854810514
958 0.496361 115.967697469534 1.870681 0.76796382797524
959 0.356448 125.582307152122 2.093325 0.748759625871022
960 0.529518 100.781767038355 1.777646 0.65935822761243
961 0.614588 108.215273867516 1.616186 0.738505681777177
962 0.547813 100.501510873578 1.765657 0.616826702003732
963 0.38072 114.351917404224 2.067556 0.769298466159805
964 0.408999 120.723022450002 2.021097 0.77588944887677
965 0.51805 101.581732008047 1.823714 0.651018446472771
966 0.218463 122.548431359372 2.220451 0.780666272410357
967 0.447852 112.323481747458 1.931037 0.702863964963874
968 0.336117 115.295374397944 2.104718 0.759205862901159
969 0.286915 126.081418541839 2.164849 0.744420841086261
970 0.233202 127.238365731153 2.208676 0.738933520396964
971 0.363127 112.456263687328 2.079413 0.732137368752733
972 0.35854 124.761109382984 2.094313 0.766063309106652
973 0.644172 101.568676420312 1.541762 0.664436714448281
974 0.544349 117.733615915682 1.772949 0.726834448119358
975 0.534684 112.824251129561 1.772 0.673608194407073
976 0.48382 103.716435146214 1.867326 0.673696537475691
977 0.455776 103.004571559127 1.922876 0.718292699644181
978 0.539667 117.914752032025 1.758194 0.712268804675563
979 0.503767 114.949423883489 1.859759 0.733822288267145
980 0.581855 100.132474579322 1.620002 0.687662093984694
981 0.482219 119.812121805616 1.852131 0.690986860094626
982 0.476916 109.177614092292 1.889313 0.721350373148213
983 0.421578 112.130335215186 1.939485 0.742084903248465
984 0.400691 122.551690449326 2.042454 0.72719540726669
985 0.579815 103.082451957453 1.684824 0.719440852414086
986 0.396492 115.021487052897 2.048694 0.72593803878267
987 0.475694 114.946743391792 1.913124 0.757526844565121
988 0.408551 102.319079937448 2.003376 0.715098863491598
989 0.55089 108.153467777849 1.727321 0.662871614075005
990 0.578805 105.421034169761 1.691421 0.677880426512415
991 0.484691 109.344286002085 1.877339 0.72387912350217
992 0.369212 116.293601276885 1.986442 0.726596416341537
993 0.315121 112.443062371796 2.11217 0.722715230357402
994 0.592849 106.762409287411 1.616737 0.637001093253639
995 0.183466 130.37053407224 2.248461 0.815448194199699
996 0.429334 113.9865905809 1.97047 0.731270630146125
997 0.257304 124.233957565891 2.180198 0.744118141330814
998 0.387948 99.3908481753285 1.996809 0.707652491295509
999 0.587468 108.119074138554 1.695708 0.655637066088789
1000 0.365615 121.053096672844 2.027375 0.745204980969716
