rep	aei_left	left_area	adi_left	H
1	0.357323	117.320187	2.03752	0.818351558
2	0.339883	121.8541753	2.049778	0.820861921
3	0.288248	122.7339831	2.136218	0.835695009
4	0.376149	118.4895131	2.01813	0.809785388
5	0.366354	129.455011	2.027029	0.857867915
6	0.385897	120.4535419	1.986975	0.824086683
7	0.39906	118.5649643	1.974778	0.81996328
8	0.408485	122.5605459	1.975283	0.810171702
9	0.39148	118.4991163	1.981572	0.810399046
10	0.296182	132.3867721	2.099433	0.840776246
11	0.282617	124.091592	2.138844	0.82347608
12	0.361082	119.5215499	2.036165	0.819148374
13	0.242344	125.4073191	2.18603	0.840318075
14	0.393712	124.696373	1.984205	0.830702766
15	0.321894	120.442032	2.107206	0.83362568
16	0.415663	122.1918878	2.000441	0.818734212
17	0.395754	122.0354935	1.988375	0.835842327
18	0.423755	112.9561612	1.939903	0.800873788
19	0.403668	117.4462921	1.964104	0.809237705
20	0.432914	122.1086377	1.957035	0.823577281
21	0.45951	116.7731693	1.903992	0.794065392
22	0.300304	122.929273	2.116406	0.837246237
23	0.371171	117.7432346	2.000425	0.822919144
24	0.367875	115.9301207	2.034297	0.822140931
25	0.322535	122.5566116	2.095952	0.830791055
26	0.382372	120.8309622	1.983123	0.824097356
27	0.455759	122.0570086	1.890776	0.797814916
28	0.292102	125.3611195	2.125349	0.850741312
29	0.337134	119.1314224	2.085078	0.816294604
30	0.375526	117.1955323	2.022028	0.804175411
31	0.313315	119.5357889	2.09745	0.832113867
32	0.365155	120.1855079	2.033421	0.821872145
33	0.425655	110.9144024	1.950314	0.810862944
34	0.335705	121.9436948	2.063627	0.829955028
35	0.329437	119.5207442	2.063292	0.816479538
36	0.422965	117.4464733	1.951586	0.800682377
37	0.429037	115.9249771	1.946679	0.800918025
38	0.303679	119.2034156	2.12008	0.831018708
39	0.303823	127.1222627	2.124399	0.848010006
40	0.406201	118.3497337	1.956543	0.814222437
41	0.33903	122.6587667	2.083746	0.824734789
42	0.409604	110.1397565	1.936004	0.796735112
43	0.309248	120.5559554	2.111539	0.841406011
44	0.367749	119.1626131	2.040699	0.825059941
45	0.422343	118.8399395	1.91241	0.823070131
46	0.362642	118.3871951	2.020916	0.824403838
47	0.270337	119.4392089	2.136105	0.832571466
48	0.264757	123.8196513	2.161155	0.830656196
49	0.31869	122.0488713	2.0874	0.831052471
50	0.349063	121.4565216	2.079078	0.831569733
51	0.342607	129.9049646	2.082154	0.838137833
52	0.468499	121.7930537	1.910132	0.799132276
53	0.375037	120.1933593	2.024852	0.818624377
54	0.353397	121.1667123	2.028177	0.825932958
55	0.381586	119.4219943	2.011327	0.824032893
56	0.23901	126.7891181	2.1911	0.84533066
57	0.337463	121.8822611	2.091145	0.829029834
58	0.387767	118.9217405	1.992038	0.813515153
59	0.326274	122.6010467	2.076999	0.845122925
60	0.305672	127.3100502	2.134648	0.845490416
61	0.422642	123.8298039	1.988832	0.799964796
62	0.426501	114.8644853	1.946316	0.799882905
63	0.431443	120.9423859	1.943613	0.827652897
64	0.352447	117.0388468	2.046495	0.821624272
65	0.37404	115.8888651	2.014226	0.808108416
66	0.368868	126.0883442	2.041947	0.824933649
67	0.412959	116.97283	1.972453	0.773571776
68	0.369279	123.2154307	2.032748	0.825836484
69	0.290529	123.6335354	2.126138	0.817982027
70	0.339792	119.3166737	2.059661	0.835605475
71	0.395005	118.1630304	1.985702	0.79655697
72	0.358794	119.8355387	2.03584	0.814602455
73	0.413304	120.8948463	1.955624	0.819150333
74	0.261771	125.8079561	2.168538	0.840420812
75	0.313659	123.6692875	2.09597	0.835758124
76	0.421423	114.5497193	1.916651	0.810445954
77	0.318487	123.6817661	2.098409	0.848180981
78	0.330292	121.755574	2.076471	0.830185182
79	0.297022	118.9883504	2.107785	0.83891141
80	0.314466	119.4909786	2.047853	0.827799491
81	0.414179	120.0731422	1.972127	0.821826654
82	0.307827	123.5778822	2.110594	0.844962631
83	0.442503	117.9811457	1.927677	0.801587714
84	0.310895	123.8446612	2.104643	0.827899157
85	0.432619	116.7485346	1.909701	0.797394963
86	0.386095	119.6414181	1.989977	0.824398281
87	0.327198	116.3492068	2.068549	0.819354303
88	0.316651	125.1514902	2.088208	0.832195083
89	0.416511	116.5016938	1.96421	0.809466128
90	0.222419	124.9013978	2.206236	0.858048015
91	0.318751	115.909514	2.100531	0.8236541
92	0.322449	121.0031518	2.104425	0.835431502
93	0.394403	120.3931964	1.97915	0.824961241
94	0.33675	118.9539422	2.070768	0.822570177
95	0.389799	119.3170763	1.979527	0.818171552
96	0.338583	119.8827646	2.066599	0.812625949
97	0.323172	121.0537354	2.087385	0.833431263
98	0.299705	122.4269334	2.109358	0.834871364
99	0.330834	119.5250526	2.059988	0.8302432
100	0.275593	122.3866559	2.141229	0.84008637
101	0.413688	123.1143733	1.967067	0.815642597
102	0.287734	120.5601982	2.101857	0.830572271
103	0.323946	121.7186505	2.096173	0.82770257
104	0.295173	121.7990577	2.106358	0.839774649
105	0.365552	125.3533886	2.040387	0.816198572
106	0.279455	125.7269612	2.156429	0.853116922
107	0.20744	124.1987825	2.184452	0.842054643
108	0.353225	117.5021979	2.058447	0.834013586
109	0.385517	119.9190982	1.994942	0.809120163
110	0.339179	117.2499603	2.061973	0.818316909
111	0.361442	120.4619352	2.022125	0.829814963
112	0.382081	119.8377848	1.978375	0.801004927
113	0.39724	119.5277388	1.976403	0.816837333
114	0.270379	122.1308553	2.161837	0.84422612
115	0.35318	117.5171461	2.043088	0.817411824
116	0.319555	126.212929	2.104324	0.837299497
117	0.273627	121.5762994	2.158142	0.844934724
118	0.357167	120.7146487	2.042751	0.818734011
119	0.306377	119.5328401	2.075198	0.82568629
120	0.413031	120.1407033	1.952357	0.808826912
121	0.373638	123.0829313	2.044264	0.833020644
122	0.335397	118.108916	2.074269	0.814127048
123	0.343523	120.2102883	2.041773	0.828155634
124	0.296778	123.0695266	2.100549	0.8313614
125	0.427798	118.389284	1.928863	0.821225473
126	0.380569	116.9851308	2.001399	0.808518369
127	0.355985	119.0840278	2.066574	0.827157154
128	0.273824	120.8382854	2.145261	0.819564245
129	0.352017	122.7540375	2.069617	0.825463745
130	0.416859	117.6341075	1.941958	0.815442261
131	0.349367	118.7699343	2.055737	0.824522537
132	0.376381	123.1223072	2.009892	0.793920148
133	0.311986	125.168395	2.125585	0.813360343
134	0.403638	114.4033361	1.960604	0.818525605
135	0.336524	123.5661782	2.06237	0.826996788
136	0.372587	123.1154463	2.021631	0.836304604
137	0.345332	120.5444372	2.039703	0.826402089
138	0.366161	120.8408623	2.032294	0.819221631
139	0.40983	118.3153491	1.955777	0.812610228
140	0.335137	120.9678246	2.069216	0.819670619
141	0.379064	121.6566749	2.018954	0.822731426
142	0.38258	119.2229354	2.003203	0.802600058
143	0.298696	123.2199278	2.113032	0.840527865
144	0.402387	118.4183637	2.004073	0.817314797
145	0.407641	115.3479372	1.977639	0.8120128
146	0.321636	124.2456374	2.082475	0.830907118
147	0.408661	119.3415965	1.947149	0.814945801
148	0.403022	117.6398165	1.973461	0.810864682
149	0.275524	122.5916635	2.149498	0.835925025
150	0.281268	120.4200719	2.158644	0.819601252
151	0.39636	114.8624326	1.964369	0.819347604
152	0.414477	120.7693808	1.935779	0.815137712
153	0.332197	121.5360859	2.063401	0.825611029
154	0.323426	123.6730084	2.068309	0.840226348
155	0.364694	121.0348065	2.016702	0.817448009
156	0.348091	125.5593111	2.073448	0.828177807
157	0.36874	119.9659869	1.9912	0.830929788
158	0.277511	125.1100151	2.161167	0.840831209
159	0.259738	121.8568415	2.128255	0.834976436
160	0.379968	117.0686539	2.011246	0.819140538
161	0.337069	126.9743523	2.085988	0.824236222
162	0.345587	119.099292	2.047053	0.815838369
163	0.339196	125.1305462	2.085076	0.838017351
164	0.387214	119.3064041	2.017047	0.812063065
165	0.370208	123.303962	2.028149	0.833867984
166	0.44674	120.6465357	1.934638	0.813050744
167	0.389024	118.3392772	1.988124	0.829836027
168	0.347053	119.6099848	2.057772	0.823714698
169	0.308887	120.0868862	2.106275	0.831031812
170	0.280129	119.6688144	2.147204	0.833434616
171	0.346965	128.2044282	2.077011	0.841413241
172	0.28607	125.0467868	2.125977	0.845998467
173	0.289051	126.0290387	2.137604	0.831265315
174	0.390499	122.5315532	2.033982	0.822005441
175	0.341571	121.9799628	2.06437	0.831209575
176	0.33077	124.2824627	2.085425	0.828777853
177	0.339133	119.4042404	2.051155	0.816547883
178	0.20635	122.0266638	2.196009	0.83889156
179	0.318362	120.5921206	2.071233	0.839157293
180	0.397463	120.7083369	1.988079	0.815142586
181	0.353634	120.2343993	2.041243	0.826613593
182	0.480353	120.2012865	1.856839	0.765730733
183	0.346031	119.8769463	2.048027	0.82277356
184	0.322679	120.692366	2.09905	0.83077556
185	0.415773	120.8298132	1.948358	0.812781793
186	0.368371	118.8475639	2.028602	0.819651894
187	0.333444	119.798895	2.074304	0.830243373
188	0.282168	120.7801496	2.081222	0.834849698
189	0.367919	119.6203687	2.053798	0.80886629
190	0.304742	120.799382	2.115087	0.833676824
191	0.38486	112.9007403	1.976947	0.812738358
192	0.266423	122.2376331	2.143473	0.830630605
193	0.366286	117.8344705	2.03718	0.824046093
194	0.306577	121.4831995	2.117926	0.835919185
195	0.351004	121.152537	2.064989	0.821058593
196	0.27002	125.0930973	2.126214	0.836592566
197	0.406483	121.1560855	1.969499	0.835525733
198	0.277833	127.0139754	2.14325	0.842272107
199	0.367853	121.9618275	2.033506	0.823913833
200	0.346331	118.3095863	2.047625	0.826412777
201	0.413989	123.8331611	1.986936	0.828656367
202	0.412457	122.0489017	1.991487	0.805407091
203	0.297797	120.4492488	2.122967	0.837917362
204	0.353922	119.6708368	2.046068	0.830192794
205	0.400819	117.7878512	1.968015	0.811824158
206	0.369751	115.8236949	1.998379	0.815241391
207	0.426825	117.8263522	1.930501	0.803542662
208	0.303738	128.1130732	2.115057	0.847999731
209	0.316681	128.0928874	2.123554	0.836527775
210	0.304601	123.0200928	2.108283	0.829545505
211	0.28697	122.7958772	2.141649	0.845634102
212	0.326176	126.7384417	2.105662	0.840761785
213	0.441258	117.296271	1.930249	0.799811041
214	0.288844	121.8069102	2.129187	0.831548169
215	0.346339	125.6367416	2.062439	0.841884583
216	0.290847	121.0476829	2.140178	0.839748399
217	0.395124	120.9865777	2.024021	0.793518628
218	0.32108	127.1157644	2.116032	0.831658481
219	0.310772	123.9634773	2.098226	0.84640555
220	0.355907	119.1803063	2.022047	0.822403149
221	0.346894	121.7737391	2.052835	0.83862812
222	0.415054	132.8310879	1.957733	0.847994221
223	0.300622	124.3155861	2.103876	0.847665461
224	0.394807	117.8887905	2.005754	0.824027833
225	0.32026	128.5040855	2.131139	0.839458283
226	0.315899	122.2643512	2.072679	0.827191704
227	0.402647	119.2537505	1.945996	0.812758006
228	0.439619	118.9915585	1.935591	0.813994265
229	0.416185	117.6383273	1.95012	0.803031214
230	0.399658	118.2873104	1.963701	0.82398282
231	0.349277	119.1899826	2.065295	0.827333825
232	0.339597	118.5425565	2.027191	0.813167888
233	0.29888	119.05865	2.09776	0.842025184
234	0.306501	123.8104849	2.113342	0.841870487
235	0.303786	123.7375084	2.099312	0.839086288
236	0.384977	122.0622087	2.017318	0.829770304
237	0.378854	120.6943648	1.980173	0.795170959
238	0.38604	118.4225585	2.004563	0.813524305
239	0.376323	121.0674334	2.003734	0.824973819
240	0.339669	118.6724556	2.062717	0.816959263
241	0.317484	118.2781013	2.09567	0.833536721
242	0.261065	122.864844	2.142054	0.842007483
243	0.364792	123.2015764	2.032442	0.832849213
244	0.34089	128.3079205	2.090489	0.847503933
245	0.33077	123.6852963	2.02696	0.825209778
246	0.352259	118.3988158	2.055418	0.831096754
247	0.291272	128.2669911	2.132394	0.83796908
248	0.4003	119.7790231	1.986384	0.815525262
249	0.359566	118.1884975	2.044404	0.82464253
250	0.342476	120.4489339	2.032702	0.825833159
251	0.363072	119.2321536	2.037136	0.818918059
252	0.422192	119.0130162	1.938172	0.806223725
253	0.364449	118.3012723	2.046253	0.80433146
254	0.288426	122.9158103	2.136455	0.834417418
255	0.351636	119.5502952	2.039468	0.834709591
256	0.259752	130.8731595	2.173802	0.850457041
257	0.286236	122.2308021	2.129484	0.838705717
258	0.355174	121.6190796	2.025457	0.82676248
259	0.358046	121.6726546	2.031352	0.832701034
260	0.384854	119.3285891	2.006401	0.823803261
261	0.299768	126.2225551	2.134613	0.825006279
262	0.320349	125.6309988	2.095334	0.840037204
263	0.392336	118.4236861	1.97406	0.815847644
264	0.371791	121.3634917	2.023884	0.827454128
265	0.346885	124.3727974	2.082508	0.833660378
266	0.352926	119.085459	2.022116	0.823931969
267	0.351085	119.767603	2.063837	0.829471165
268	0.251662	129.3415978	2.18021	0.858386121
269	0.346695	123.3683844	2.083249	0.832588015
270	0.443332	119.7760855	1.926703	0.823405212
271	0.358816	129.3882956	2.04176	0.84140896
272	0.385904	122.4212626	2.032355	0.833613168
273	0.335921	125.0191724	2.061	0.830242806
274	0.331244	125.3354815	2.096093	0.838727173
275	0.324247	118.6388014	2.072296	0.823770468
276	0.398964	120.0048746	1.986286	0.818919297
277	0.354104	123.5011817	2.046511	0.815552173
278	0.338304	123.5177813	2.065457	0.835437611
279	0.276173	124.9115865	2.14687	0.843126489
280	0.35095	118.9177382	2.069067	0.798223396
281	0.469347	118.8079975	1.870676	0.816025996
282	0.386801	122.5559268	2.000134	0.828775
283	0.385508	120.343425	1.999689	0.826320661
284	0.325213	113.4197666	2.025843	0.811111984
285	0.396631	116.0051916	1.992317	0.803804841
286	0.321492	122.8236437	2.073345	0.836732429
287	0.39815	119.7860409	1.974543	0.820807774
288	0.393915	115.9309346	1.967624	0.817352848
289	0.423041	117.8035825	1.957689	0.813615143
290	0.41835	119.9236987	1.973705	0.823296492
291	0.3333	123.3530422	2.080005	0.830501175
292	0.347302	118.1521983	2.045588	0.822779029
293	0.424406	123.7573103	1.942951	0.816691785
294	0.319424	122.2431633	2.100793	0.826206741
295	0.326543	120.0461658	2.087013	0.833324692
296	0.312235	121.4530244	2.103099	0.837560447
297	0.333638	120.7431528	2.090058	0.829236628
298	0.376935	121.6396983	2.052001	0.823267592
299	0.430265	121.8976696	1.958085	0.813935412
300	0.41116	115.223745	1.950691	0.794884857
301	0.37127	116.550658	2.00038	0.816114275
302	0.448975	114.7605476	1.923463	0.803077618
303	0.336104	120.4710872	2.054891	0.819820802
304	0.273452	125.9046379	2.158262	0.849242813
305	0.311982	122.5716248	2.112884	0.824689785
306	0.376056	119.331771	2.010782	0.821854409
307	0.228539	123.7986226	2.207781	0.844716475
308	0.327776	119.2186744	2.081819	0.818129569
309	0.325041	123.2544873	2.090216	0.838911914
310	0.324172	120.9285798	2.07761	0.831980822
311	0.453442	112.5433135	1.902527	0.794339138
312	0.354244	119.0822883	2.054049	0.832646659
313	0.345577	125.1677893	2.048962	0.833872708
314	0.339128	120.2112612	2.089706	0.822232824
315	0.396447	117.9094522	1.961257	0.81918413
316	0.325733	122.967036	2.10987	0.820237168
317	0.357258	121.8187063	2.062772	0.827287408
318	0.369278	118.6521714	2.034498	0.817047403
319	0.339476	124.6272401	2.084111	0.834631815
320	0.38325	121.4811158	2.014608	0.826787213
321	0.398246	115.2729636	2.013747	0.793726088
322	0.329003	120.9018761	2.093167	0.831065508
323	0.364473	122.2099752	2.039008	0.81500516
324	0.297475	123.1496564	2.125629	0.829088468
325	0.343272	116.1996626	2.046743	0.812655523
326	0.349917	120.6588417	2.059995	0.816384297
327	0.361562	120.2978825	2.032291	0.830949792
328	0.300582	126.2243894	2.132807	0.837640634
329	0.417564	113.9267981	1.960518	0.806202273
330	0.414608	118.0210096	1.948062	0.804778228
331	0.42118	120.3396917	1.937259	0.826614634
332	0.4644	119.2182337	1.910169	0.816214349
333	0.388081	120.6661024	1.97872	0.825900851
334	0.278036	121.3919408	2.154926	0.839550887
335	0.381029	121.6095949	1.999316	0.811673146
336	0.355248	121.4727565	2.048498	0.831030863
337	0.357076	123.4105893	2.062063	0.832870401
338	0.296883	117.023029	2.107417	0.837640892
339	0.273439	123.8397341	2.117417	0.830691306
340	0.376918	117.4276442	2.028681	0.824422649
341	0.339311	122.9220026	2.051775	0.82454718
342	0.323037	123.2860549	2.100152	0.838649244
343	0.333236	118.2650505	2.072172	0.840414895
344	0.380086	121.199514	2.024857	0.828797164
345	0.392617	119.7564747	1.992361	0.804113569
346	0.316949	122.2188476	2.078962	0.843212812
347	0.416946	115.1625162	1.933714	0.803728892
348	0.307518	116.5148892	2.091799	0.83211648
349	0.424449	116.0598146	1.928008	0.796153342
350	0.28505	123.3419908	2.090665	0.831302404
351	0.390721	121.0850761	1.969342	0.82175851
352	0.438589	112.7936235	1.917533	0.806013904
353	0.311938	121.1811074	2.074129	0.826925115
354	0.254948	121.6761242	2.172125	0.85076738
355	0.291896	123.7917039	2.124774	0.836698752
356	0.301089	122.7987886	2.14393	0.842217722
357	0.349272	126.5397968	2.069944	0.850334592
358	0.424794	114.9192303	1.921191	0.801839588
359	0.395681	117.1780909	1.989643	0.817530829
360	0.371859	118.7626537	2.013779	0.830793608
361	0.265663	124.8189776	2.160636	0.847049873
362	0.308521	121.6015651	2.124053	0.833805796
363	0.392116	122.5430478	1.995047	0.820423033
364	0.265464	125.6374993	2.161684	0.836457847
365	0.329809	122.9601121	2.086119	0.827193709
366	0.38996	122.5581983	2.034471	0.81393049
367	0.359331	115.9929076	2.031681	0.809802913
368	0.359449	122.2569773	2.043517	0.828777203
369	0.38138	114.4203006	2.007981	0.796592779
370	0.376141	119.4461655	1.989893	0.814433072
371	0.339807	117.7939855	2.057489	0.825124657
372	0.354569	119.1203042	2.033957	0.826629175
373	0.442918	116.7159602	1.908984	0.801277172
374	0.401375	118.9767738	1.950571	0.812027017
375	0.373838	122.2195169	2.02137	0.826790519
376	0.404469	125.0218849	1.977546	0.84085804
377	0.316875	122.7717024	2.11499	0.830204705
378	0.341412	118.6163213	2.074516	0.818521944
379	0.33983	119.8444334	2.040223	0.825043468
380	0.354411	120.7807815	2.055996	0.829891112
381	0.267846	125.3145565	2.170558	0.845133258
382	0.360187	120.8684071	2.021551	0.829053895
383	0.286045	122.8033457	2.141741	0.841640591
384	0.284553	120.8680252	2.127958	0.834030559
385	0.360667	119.7139145	2.034254	0.802626884
386	0.330512	123.5909135	2.083068	0.839874862
387	0.343247	116.2502013	2.046627	0.816242696
388	0.428587	119.7171053	1.913949	0.823749857
389	0.359085	120.1092061	2.020757	0.810253925
390	0.400806	115.6068973	2.005484	0.81615926
391	0.38997	115.3979422	1.976261	0.80543756
392	0.318351	121.5895257	2.070575	0.824524049
393	0.38473	119.5265048	2.009996	0.816157459
394	0.387789	117.5563697	1.982238	0.807884225
395	0.446672	122.1484265	1.904309	0.819019828
396	0.439245	113.9359576	1.913201	0.802094112
397	0.423949	122.8249162	1.92772	0.818908456
398	0.393584	116.2932946	1.993399	0.817904611
399	0.318629	123.4525922	2.054406	0.836878242
400	0.279311	122.5929523	2.114574	0.828813163
401	0.284087	121.8364318	2.06364	0.817244434
402	0.281455	124.4943534	2.15036	0.831709477
403	0.359593	121.3880164	2.042384	0.83152801
404	0.268086	120.3887034	2.144428	0.836499535
405	0.232041	125.318978	2.176819	0.856512389
406	0.395693	120.1713031	2.014316	0.810400455
407	0.318241	120.3303482	2.11801	0.819243277
408	0.423625	117.7126634	1.955599	0.785318089
409	0.396321	118.8006751	2.007887	0.820871614
410	0.430946	123.2974565	1.956271	0.817225824
411	0.354648	119.4775363	2.061841	0.816456127
412	0.406505	121.0271834	1.970892	0.82748015
413	0.375767	117.9168745	2.00793	0.80742384
414	0.378597	116.5866718	2.008118	0.803203517
415	0.35524	122.1144052	2.068866	0.827348015
416	0.331857	117.5974076	2.078667	0.80718223
417	0.379464	116.2858178	2.007169	0.807520507
418	0.358295	118.6688316	2.018982	0.822319575
419	0.384924	119.1288389	2.004402	0.812453633
420	0.301287	119.4272183	2.113234	0.838352012
421	0.36207	120.3198111	2.024016	0.824981265
422	0.378244	130.6468133	1.989533	0.845639942
423	0.344125	121.7111013	2.056648	0.823844503
424	0.397291	120.0803972	1.990371	0.820914989
425	0.354077	119.4501382	2.0572	0.819497658
426	0.373586	121.3550441	2.026073	0.801094138
427	0.37794	122.1439156	1.998478	0.831810222
428	0.318585	125.7303316	2.104133	0.836838423
429	0.365925	121.5737684	1.998054	0.834404697
430	0.259214	129.5728038	2.184397	0.843756607
431	0.442394	117.8411387	1.940526	0.814364347
432	0.408014	117.2698152	1.944805	0.819589716
433	0.32713	121.7172049	2.097679	0.813873046
434	0.354304	119.6145751	2.021615	0.820500642
435	0.339642	119.1193368	2.053404	0.819765095
436	0.369456	122.5866263	2.011089	0.831437747
437	0.355706	121.1770422	2.039719	0.828771079
438	0.391515	121.873387	1.992824	0.826625958
439	0.382953	116.5070272	2.010461	0.795824464
440	0.282587	121.4880882	2.104932	0.84266617
441	0.416941	118.5675586	1.944683	0.811922439
442	0.392656	120.9512667	1.997684	0.818611431
443	0.353118	119.4148366	2.041827	0.826633433
444	0.346362	121.617393	2.069606	0.824641488
445	0.294664	120.0951288	2.134796	0.845207299
446	0.373151	121.777465	2.030483	0.803673622
447	0.311217	121.5171658	2.123106	0.828053451
448	0.274164	127.0888472	2.156588	0.832793134
449	0.379447	114.8824192	2.018463	0.808274497
450	0.356751	120.2310041	2.053518	0.814863899
451	0.402068	117.3988279	1.972514	0.812038905
452	0.359983	116.8117121	1.985212	0.817439245
453	0.327939	124.1342479	2.10474	0.842875605
454	0.376337	115.8157658	2.009867	0.821117063
455	0.414696	117.3624316	1.96907	0.806921338
456	0.371405	122.6684666	2.054076	0.838764418
457	0.232083	123.9451688	2.198747	0.843229
458	0.325271	126.2636162	2.113498	0.8578589
459	0.316767	126.7703264	2.110894	0.837615975
460	0.31578	119.9986901	2.090539	0.830254174
461	0.400475	116.564176	1.975021	0.810156762
462	0.322708	119.3739183	2.084284	0.833013209
463	0.380405	116.8972698	2.001369	0.820789268
464	0.319123	120.6233982	2.052324	0.825894488
465	0.281834	122.1619017	2.142142	0.841313764
466	0.314193	123.8792453	2.112803	0.843879186
467	0.268874	124.1637147	2.154067	0.843798316
468	0.478066	117.1860615	1.862164	0.804241962
469	0.360108	125.8118288	2.064101	0.834063466
470	0.43047	121.9196533	1.970455	0.820244941
471	0.367025	119.9878075	2.024842	0.819147216
472	0.323461	118.2398812	2.091437	0.823020825
473	0.384306	119.0540395	2.000181	0.824884233
474	0.333867	120.060676	2.082393	0.828447731
475	0.312536	123.0548576	2.074001	0.843898049
476	0.317117	116.5877238	2.110287	0.812183192
477	0.326686	124.9108703	2.058417	0.839388718
478	0.340488	125.3379225	2.080268	0.832643033
479	0.246184	124.1497954	2.17701	0.845279375
480	0.37294	119.3538192	2.013844	0.823224953
481	0.379419	120.5496905	2.006605	0.817942591
482	0.449054	118.2371475	1.902769	0.77770102
483	0.262125	124.2375489	2.172208	0.845613626
484	0.491066	120.0424947	1.833593	0.822192229
485	0.311174	119.2320382	2.096642	0.823412115
486	0.18855	130.4189053	2.216985	0.869309312
487	0.248299	121.9059112	2.176568	0.83389082
488	0.359043	122.9713866	2.050177	0.822995857
489	0.235783	122.8412798	2.171596	0.848608922
490	0.425734	115.2389073	1.937693	0.8105885
491	0.368891	112.538772	2.010603	0.809794055
492	0.418332	117.4183469	1.952143	0.810204565
493	0.313845	119.9048875	2.094593	0.824305205
494	0.34215	123.0063082	2.06523	0.825994267
495	0.386173	121.9082618	2.005155	0.814531831
496	0.367342	118.287575	2.041371	0.824020023
497	0.349218	122.3227102	2.055497	0.837302057
498	0.292117	124.1832045	2.101824	0.836487177
499	0.292791	123.0461695	2.127175	0.831554554
500	0.420248	116.8192063	1.923227	0.814431616
501	0.321813	122.3461987	2.069355	0.835819645
502	0.38783	121.6212773	1.994791	0.820419924
503	0.40677	119.2736199	1.949197	0.811928763
504	0.342052	121.5384187	2.071031	0.822423435
505	0.320344	123.7456838	2.102187	0.838325648
506	0.39009	123.2265822	2.003365	0.821490418
507	0.301889	120.9636981	2.111639	0.830428932
508	0.331904	120.5993453	2.073132	0.82137534
509	0.380945	120.9881325	2.014242	0.827817983
510	0.310816	124.9406745	2.137105	0.824195946
511	0.322734	120.62865	2.087278	0.825634748
512	0.401853	122.0245505	1.984217	0.836217116
513	0.456288	117.6397519	1.894048	0.814303505
514	0.44596	117.2611037	1.888135	0.787590258
515	0.386907	121.8835798	2.020328	0.816137516
516	0.326059	121.4280074	2.101404	0.828522977
517	0.335007	122.0608512	2.066829	0.834708714
518	0.426641	114.3434723	1.919193	0.819172427
519	0.404797	122.773145	1.970148	0.8118643
520	0.298078	122.2816592	2.131759	0.833474281
521	0.320898	124.6358255	2.089073	0.832942899
522	0.378938	124.1392873	1.996	0.819846359
523	0.286452	121.5650658	2.104793	0.820552365
524	0.219641	126.271788	2.209315	0.853517064
525	0.351026	113.9796283	2.031161	0.812688889
526	0.370707	117.7763455	2.009284	0.813638367
527	0.419354	118.0769196	1.95182	0.81258814
528	0.284179	126.9708288	2.144544	0.842530724
529	0.420981	116.8535634	1.946495	0.798385234
530	0.299956	125.35656	2.102592	0.845123147
531	0.309316	117.2887752	2.096256	0.820755908
532	0.326341	123.260136	2.103094	0.827049597
533	0.354155	119.9374168	2.045697	0.825488127
534	0.276647	122.2816645	2.145655	0.836081363
535	0.307067	122.7056591	2.094959	0.84684371
536	0.313558	120.4787896	2.081176	0.826187918
537	0.234174	123.5443558	2.176863	0.850053971
538	0.360028	122.2539742	2.044064	0.834982377
539	0.404306	117.8003298	1.992224	0.813784588
540	0.248633	119.1119265	2.187983	0.828076134
541	0.310996	121.5609789	2.112066	0.833667907
542	0.334399	125.5710684	2.09363	0.843140987
543	0.351504	121.2417592	2.064427	0.824153387
544	0.327803	119.9805618	2.065866	0.83708861
545	0.346504	118.5037175	2.05395	0.816102454
546	0.381904	118.5143336	2.008285	0.8099336
547	0.309639	118.2249509	2.094379	0.828624403
548	0.386479	120.92561	2.017511	0.829462936
549	0.346641	119.6116209	2.053126	0.820199107
550	0.331205	117.9277581	2.073675	0.82685839
551	0.250565	125.2951281	2.174923	0.8385909
552	0.353679	118.5423102	2.041539	0.827695602
553	0.351993	118.7411781	2.047821	0.813251866
554	0.333884	119.5390354	2.08319	0.825617391
555	0.341623	125.9147568	2.093387	0.819877883
556	0.423778	119.799851	1.940141	0.823803435
557	0.367971	124.0905953	2.04557	0.826952998
558	0.459706	122.7529561	1.882801	0.817867936
559	0.322048	120.9452659	2.087108	0.82574754
560	0.321361	120.2865008	2.08932	0.824482528
561	0.333736	123.3163914	2.062848	0.817988954
562	0.341043	124.0365098	2.06858	0.837125681
563	0.269452	118.5858821	2.15715	0.827188486
564	0.352039	116.5371075	2.015627	0.811851581
565	0.438239	120.2955946	1.956455	0.825357424
566	0.321731	123.3572346	2.089765	0.844571466
567	0.427821	119.9665642	1.960244	0.802399887
568	0.30793	124.8361323	2.118807	0.829873093
569	0.312512	123.3215763	2.113844	0.836426712
570	0.25191	124.081072	2.172915	0.84037446
571	0.358313	123.6409775	2.051832	0.829463925
572	0.391469	114.4291368	1.970916	0.792873691
573	0.359633	121.494604	2.066554	0.830259869
574	0.298782	125.2044275	2.124143	0.836259704
575	0.382452	117.0426182	2.006816	0.819373618
576	0.439683	118.1890381	1.926143	0.803985664
577	0.351732	121.498002	2.044515	0.836326212
578	0.277687	122.3160912	2.147287	0.843903386
579	0.304556	123.5582931	2.126964	0.834326921
580	0.348324	122.0526965	2.048901	0.84559461
581	0.278371	126.0809499	2.153738	0.850758561
582	0.244355	125.2342721	2.183794	0.842735568
583	0.482282	118.564845	1.846544	0.809547647
584	0.371078	118.0714029	2.009404	0.819931525
585	0.390372	121.0128691	2.000969	0.828638901
586	0.408353	119.2119167	1.987131	0.805126977
587	0.384749	119.8942122	2.013417	0.806167086
588	0.430031	116.3417444	1.959067	0.807173735
589	0.342793	122.9254248	2.066919	0.826735612
590	0.328613	122.8203681	2.099414	0.836733308
591	0.305235	120.755289	2.112672	0.828474833
592	0.323711	121.6420524	2.087124	0.825971537
593	0.347992	118.9546098	2.048417	0.826677393
594	0.262293	124.6179701	2.149076	0.839320474
595	0.265719	129.1818292	2.146641	0.808628969
596	0.389772	118.6859083	1.994387	0.81228588
597	0.443416	116.9562538	1.909202	0.820515508
598	0.374372	119.3850665	1.990855	0.809891994
599	0.354557	121.164052	2.050037	0.830708457
600	0.431689	120.0347555	1.969019	0.825491367
601	0.329009	118.2275043	2.082046	0.82935664
602	0.385788	121.0233095	2.021925	0.832028581
603	0.364811	123.4375668	2.037086	0.834431057
604	0.313338	124.5745794	2.09022	0.836927831
605	0.374679	122.4255885	2.009053	0.823192966
606	0.395917	119.1333868	1.98385	0.816668566
607	0.284515	121.8199769	2.133166	0.832832245
608	0.332012	119.9156468	2.094431	0.82243348
609	0.36789	121.0483988	2.033045	0.834662583
610	0.45586	119.2080367	1.878835	0.816380412
611	0.311571	125.7181838	2.117065	0.828090423
612	0.317563	119.2985655	2.049948	0.826760082
613	0.366815	119.5864985	2.025715	0.823007979
614	0.314269	124.018104	2.099397	0.831685483
615	0.386668	123.7286688	1.996514	0.843180925
616	0.424662	117.0599744	1.963147	0.804361428
617	0.315582	117.011043	2.064529	0.826626411
618	0.37036	121.1223358	2.028157	0.830019419
619	0.292687	126.4648168	2.141789	0.849156592
620	0.316657	123.6928428	2.091954	0.837870977
621	0.371095	121.551564	2.041881	0.824122792
622	0.349147	119.1519658	2.043046	0.826449773
623	0.282501	121.6449403	2.143572	0.833854914
624	0.36929	119.4831665	2.016675	0.824221558
625	0.332781	117.8735425	2.050724	0.814565007
626	0.383071	119.5692991	1.992013	0.826420576
627	0.313081	122.8818229	2.108036	0.834830233
628	0.313826	121.4871111	2.092376	0.826758876
629	0.401174	119.8366314	1.976015	0.828438093
630	0.356913	120.8297377	2.030223	0.818617225
631	0.378424	116.9552897	1.99362	0.802822324
632	0.346865	122.8124259	2.077493	0.820240985
633	0.346442	121.6148655	2.063591	0.831252543
634	0.305408	125.4709691	2.124387	0.837435871
635	0.346927	120.379417	2.051777	0.836402457
636	0.34136	125.5027569	2.077977	0.83797579
637	0.380911	120.6361078	2.028049	0.811261659
638	0.266715	126.3996444	2.167116	0.847820488
639	0.323052	121.5122153	2.084995	0.835399779
640	0.295805	127.5365801	2.128993	0.855559225
641	0.502125	119.2572591	1.825097	0.814750568
642	0.438388	120.980417	1.939221	0.811641709
643	0.332754	122.9570436	2.068654	0.829950936
644	0.343971	129.5776516	2.087857	0.848102735
645	0.325749	129.4041881	2.119503	0.845459638
646	0.359427	123.3152819	2.055021	0.824310048
647	0.377589	119.1762554	1.980307	0.826345249
648	0.388576	119.8258793	2.005939	0.82138735
649	0.367606	116.2561359	2.029227	0.817871684
650	0.34871	124.6876255	2.056525	0.841925813
651	0.323855	122.1639506	2.077498	0.841863828
652	0.339366	121.0088255	2.057726	0.818133657
653	0.34926	122.6004506	2.033432	0.831998132
654	0.273888	131.0462994	2.16054	0.853789612
655	0.356597	119.9463646	2.036472	0.83466543
656	0.317084	123.1821036	2.086592	0.832500242
657	0.296775	125.9444247	2.137346	0.846985113
658	0.284548	123.8522688	2.112802	0.848522967
659	0.334607	129.8781398	2.068763	0.844099709
660	0.347473	124.1921016	2.059636	0.822938859
661	0.313158	129.2740249	2.120091	0.837381554
662	0.374455	126.3427344	2.026251	0.832663728
663	0.360878	117.9451579	2.032506	0.820686831
664	0.421942	120.788951	1.967172	0.819875264
665	0.379014	119.5742475	2.023953	0.821342874
666	0.411929	121.1623312	1.951154	0.825975451
667	0.363095	121.9815704	2.042031	0.824534571
668	0.287412	122.8162465	2.142381	0.829461924
669	0.371404	118.9160764	1.995756	0.822330221
670	0.301701	125.8319953	2.124448	0.832412691
671	0.367649	122.2838996	2.024834	0.836958107
672	0.341969	120.5132534	2.07513	0.824838911
673	0.355898	118.2109892	2.039873	0.816375759
674	0.305252	118.25316	2.101648	0.819313433
675	0.235512	123.0241488	2.185767	0.850044586
676	0.355093	118.0047314	2.013	0.807792731
677	0.377651	120.9797818	2.026348	0.828192632
678	0.32715	120.0743782	2.092436	0.830509884
679	0.333262	121.3815562	2.051976	0.827375167
680	0.337615	120.2177885	2.071441	0.83219946
681	0.312469	122.1129065	2.093313	0.842563972
682	0.336489	119.8736071	2.07472	0.831094495
683	0.37711	119.1549483	2.014577	0.822723199
684	0.332839	122.1025388	2.083818	0.821758718
685	0.313272	119.24144	2.084857	0.825127064
686	0.415705	118.8769702	1.974004	0.79679712
687	0.343994	124.2094986	2.056929	0.834747337
688	0.408138	120.7334857	1.973	0.822024968
689	0.358917	118.7814134	2.030815	0.819946128
690	0.324114	120.9564246	2.091411	0.828774557
691	0.349439	118.631988	2.041592	0.825638725
692	0.41315	119.9228278	1.976339	0.821915281
693	0.366254	117.5039969	2.016268	0.824373752
694	0.360664	126.8259284	2.081477	0.829132053
695	0.451274	125.2426416	1.916587	0.815008722
696	0.37408	121.0168047	2.015353	0.825754078
697	0.346551	118.2292399	2.040119	0.82591509
698	0.367803	123.6877881	2.033066	0.830486013
699	0.39549	120.7489725	1.988767	0.817547945
700	0.350021	115.9955808	2.045554	0.803696085
701	0.2828	128.593106	2.10896	0.827743888
702	0.353499	116.9462334	2.039215	0.81880003
703	0.374691	118.5081457	2.009621	0.810449669
704	0.373856	117.3663296	2.026754	0.814730539
705	0.283894	122.9952496	2.12962	0.847471656
706	0.281127	121.8752125	2.138626	0.828824071
707	0.300919	126.2746947	2.135922	0.835726996
708	0.266841	129.6678945	2.159768	0.849153224
709	0.323457	120.6832275	2.069201	0.82330321
710	0.335379	122.7856052	2.082758	0.834464781
711	0.387304	118.3443542	1.979723	0.826140934
712	0.435364	119.7924267	1.971134	0.818314942
713	0.422216	121.2020257	1.970629	0.817074129
714	0.35233	123.5820192	2.044334	0.839124143
715	0.415597	119.0747046	1.961705	0.816494127
716	0.284627	118.9223679	2.11912	0.832659291
717	0.384446	122.2560643	2.025462	0.816352703
718	0.357884	119.6711838	2.028411	0.830623715
719	0.372122	119.5045385	2.023978	0.827006203
720	0.377983	119.4605932	2.042406	0.818382046
721	0.462785	115.7510054	1.934644	0.799005931
722	0.43106	117.5688056	1.933368	0.825734613
723	0.381629	117.9406322	2.006783	0.814045509
724	0.367965	115.7562414	2.04722	0.824361479
725	0.292804	126.3507708	2.131775	0.84521041
726	0.391696	117.3892977	1.9864	0.818490999
727	0.314082	121.1374814	2.114481	0.827558175
728	0.41144	118.775217	1.941475	0.818954702
729	0.38144	120.7105224	2.013403	0.834988381
730	0.413412	116.8648862	1.956255	0.826890044
731	0.291594	123.8463737	2.129773	0.837920143
732	0.348305	121.2204321	2.061087	0.821445271
733	0.252922	125.8233732	2.171457	0.849839577
734	0.352644	124.3045906	2.047282	0.8350387
735	0.413571	116.5281386	1.95256	0.816623445
736	0.315299	123.5311619	2.070988	0.833860199
737	0.33458	122.4339335	2.068449	0.822933668
738	0.389692	122.2201202	2.000163	0.824513539
739	0.282511	122.0573868	2.142535	0.833339966
740	0.280284	129.3765973	2.151118	0.849937852
741	0.377751	119.8762915	1.997343	0.811311385
742	0.387433	114.8517688	1.98843	0.79598141
743	0.388918	121.5054937	2.00511	0.826722545
744	0.310116	124.5758572	2.099409	0.846974273
745	0.300121	125.5155156	2.134961	0.832779408
746	0.331369	124.3873738	2.079368	0.840359987
747	0.325891	121.3886315	2.083463	0.816349763
748	0.419822	116.3975037	1.958528	0.790646842
749	0.28894	124.4125895	2.150488	0.829545828
750	0.280129	125.8464267	2.131078	0.850154812
751	0.294961	117.895388	2.115281	0.827296724
752	0.35629	117.2175255	2.043065	0.821252889
753	0.306912	123.2125321	2.117212	0.840986385
754	0.373623	117.8084202	2.017429	0.814694231
755	0.386288	121.1913918	2.020579	0.82173846
756	0.302644	118.6300914	2.11127	0.826475858
757	0.343279	120.7378508	2.065941	0.822264945
758	0.425308	112.3823307	1.948033	0.798466111
759	0.364148	120.0820048	2.039156	0.809247098
760	0.43004	121.2949552	1.944751	0.819428552
761	0.367671	123.9527231	2.043951	0.833334824
762	0.390578	119.6703819	1.982651	0.814525733
763	0.376193	118.9113612	2.037219	0.817580745
764	0.323094	121.5592427	2.080268	0.819833519
765	0.372804	123.0016982	2.016722	0.827443452
766	0.407823	118.5407009	1.951538	0.797197453
767	0.382286	118.3173777	2.006339	0.777496921
768	0.438182	118.3800142	1.909227	0.813664805
769	0.30134	120.2445301	2.123004	0.833191061
770	0.319426	123.229397	2.10838	0.834413467
771	0.371166	116.5720574	2.013452	0.834991637
772	0.330297	123.0749079	2.091431	0.845195195
773	0.273749	121.2293352	2.150302	0.834909688
774	0.406257	120.868835	1.969263	0.825750783
775	0.331866	115.5974013	2.07475	0.809270128
776	0.303058	131.5477292	2.105951	0.849334947
777	0.391589	120.3666367	2.01952	0.830903328
778	0.325488	123.3474646	2.089282	0.830059163
779	0.408941	118.2239398	1.970587	0.827076831
780	0.274068	120.6582826	2.138517	0.83253974
781	0.351219	121.6559756	2.057329	0.822713308
782	0.289693	119.6889044	2.11926	0.84322065
783	0.306964	130.9715564	2.13665	0.860239207
784	0.34981	120.9556152	2.076666	0.821635424
785	0.350828	119.6258943	2.034885	0.825511519
786	0.35555	124.0706558	2.034929	0.825299507
787	0.313083	119.4890041	2.111549	0.838163167
788	0.32078	124.1380912	2.105517	0.838377876
789	0.338146	122.2629927	2.077268	0.826852195
790	0.39561	118.3235983	1.985971	0.815413622
791	0.374082	120.7089741	2.028346	0.823985677
792	0.199587	124.381072	2.190061	0.823881795
793	0.402099	114.2827968	1.989825	0.797514965
794	0.31465	118.2315254	2.073582	0.830717785
795	0.297001	120.3055734	2.111079	0.839377323
796	0.386945	117.6899022	2.000907	0.815298414
797	0.329952	121.1597905	2.086391	0.828735051
798	0.288877	127.4637504	2.134039	0.825600662
799	0.342263	119.6198334	2.050997	0.826975957
800	0.311311	124.8814713	2.120039	0.844099015
801	0.324467	115.5672129	2.055057	0.828849268
802	0.355139	122.3581436	2.066302	0.830421215
803	0.351181	120.0034393	2.047336	0.821119388
804	0.430866	120.845259	1.954526	0.826144547
805	0.375106	118.9297953	2.010739	0.811761889
806	0.376197	122.6342329	2.03658	0.830150173
807	0.352501	128.4771252	2.063163	0.842003836
808	0.430065	119.948068	1.953039	0.823702332
809	0.335885	121.5959682	2.07894	0.8357555
810	0.335439	121.0748443	2.061371	0.834580395
811	0.254425	128.3860001	2.169606	0.846160225
812	0.297609	123.9777844	2.127402	0.837909681
813	0.321509	123.4152347	2.111057	0.849818834
814	0.303715	119.266112	2.059439	0.826304898
815	0.34686	116.7628188	2.037991	0.832847078
816	0.297192	118.1162437	2.071898	0.821284098
817	0.375845	121.6296167	2.020747	0.815911625
818	0.475115	120.5880792	1.878449	0.818300717
819	0.369742	119.0898434	2.017701	0.829028666
820	0.399869	113.3829134	1.968182	0.78045596
821	0.266647	124.879118	2.165815	0.830616923
822	0.324793	124.7246947	2.077075	0.8406918
823	0.436543	115.2522164	1.9088	0.79158838
824	0.277155	127.6495285	2.163404	0.847798542
825	0.382586	122.2770829	2.006174	0.827737492
826	0.371959	119.2265815	2.019976	0.801416204
827	0.372696	120.8030753	2.018318	0.828466221
828	0.357675	119.4703607	2.015958	0.825789035
829	0.350126	120.4059572	2.042871	0.817319989
830	0.39178	121.0266962	1.998109	0.822086945
831	0.309739	123.513779	2.101928	0.838620564
832	0.314794	121.6970087	2.086341	0.830921441
833	0.304196	121.3384079	2.120577	0.832756199
834	0.320338	125.3089166	2.108751	0.843752886
835	0.402557	116.6897209	1.95226	0.803173618
836	0.358097	118.0020692	2.032441	0.822021223
837	0.364767	120.7836861	2.052391	0.827393419
838	0.411648	121.5457038	1.971005	0.800612029
839	0.384886	118.962132	1.994122	0.813066722
840	0.351553	121.8188302	2.036948	0.836991251
841	0.426957	112.0252028	1.931405	0.809688942
842	0.368773	120.8595423	2.013137	0.82123664
843	0.375716	123.4792705	2.018048	0.842922388
844	0.428288	114.8894782	1.931309	0.812158228
845	0.354112	122.2736788	2.072211	0.82654627
846	0.366668	124.0561816	2.0752	0.823781063
847	0.256511	128.5115696	2.18115	0.847260216
848	0.42031	119.836372	1.921131	0.827611863
849	0.335613	122.1928867	2.05934	0.818946152
850	0.409017	120.088392	1.95265	0.820623327
851	0.298908	124.5628444	2.136428	0.8230896
852	0.377913	114.6666894	1.987282	0.814045387
853	0.326291	121.9886168	2.101271	0.823312128
854	0.352666	120.7183862	2.052807	0.823180536
855	0.426721	117.1683399	1.945069	0.803758968
856	0.273202	123.0912791	2.152032	0.833920863
857	0.238709	127.2479496	2.192968	0.852041422
858	0.37098	119.0852158	2.022179	0.830246047
859	0.368519	122.2425714	2.044273	0.827522678
860	0.376958	120.3707729	2.025487	0.82373777
861	0.242403	130.602003	2.175534	0.856385328
862	0.268458	123.8687094	2.146746	0.842902834
863	0.320438	119.2702182	2.093038	0.818066738
864	0.35382	118.8363079	2.053686	0.826291624
865	0.373965	124.7138265	2.02403	0.846410772
866	0.293896	121.8661381	2.131696	0.831676537
867	0.354488	117.8287616	2.016314	0.820290404
868	0.359027	118.8418368	2.027862	0.830997084
869	0.399	119.107237	1.989822	0.808980109
870	0.331438	120.3204332	2.058325	0.832020081
871	0.396965	113.4599713	1.982426	0.796667626
872	0.321781	121.0639329	2.051278	0.831279274
873	0.375935	114.443544	2.028667	0.81224819
874	0.352019	118.6801486	2.032629	0.814666637
875	0.28728	127.1443655	2.143887	0.828994417
876	0.367685	121.8621313	2.024401	0.815648445
877	0.388695	116.850075	1.988682	0.807765003
878	0.33597	121.2090412	2.065872	0.823726205
879	0.262151	126.8591252	2.175376	0.856315231
880	0.393156	117.5852391	1.979163	0.807810437
881	0.283694	125.9076733	2.146253	0.849971693
882	0.327496	120.6625064	2.074662	0.839251787
883	0.239215	124.4915738	2.157634	0.834965392
884	0.342815	118.62584	2.056819	0.820602654
885	0.408133	119.6934002	1.956891	0.811784791
886	0.367254	119.5191028	2.054273	0.829575838
887	0.430038	119.5645444	1.953816	0.812572474
888	0.301172	118.8831272	2.097074	0.827347461
889	0.280105	130.1548205	2.138449	0.853317047
890	0.40703	123.9808092	1.985091	0.822374268
891	0.370063	116.6209354	2.009065	0.820161211
892	0.27955	119.7978687	2.137332	0.837583464
893	0.369953	115.9536165	2.026534	0.819395646
894	0.340322	121.5882691	2.066775	0.82762515
895	0.402895	119.5568493	1.960638	0.829193657
896	0.309652	120.9886894	2.105625	0.837851487
897	0.392782	122.4065668	2.018202	0.834640048
898	0.299036	122.6660834	2.134218	0.83491673
899	0.43791	118.6020719	1.927908	0.822564804
900	0.368219	120.7841153	2.024816	0.825148093
901	0.338462	121.5022259	2.083871	0.82805997
902	0.276037	121.1082064	2.125795	0.832447303
903	0.41196	119.5164477	1.940617	0.808929464
904	0.438498	122.3903018	1.942398	0.82034875
905	0.373396	117.8103501	2.039565	0.833014262
906	0.298247	120.5517994	2.134458	0.827935284
907	0.255173	125.9418797	2.181546	0.837885696
908	0.377991	119.5102559	2.017121	0.826768796
909	0.275379	126.2979402	2.158649	0.841165138
910	0.391008	117.9123383	1.989021	0.820118068
911	0.239768	127.8932875	2.16557	0.857026009
912	0.3198	122.0511412	2.072909	0.837736275
913	0.368772	119.8819685	2.024704	0.827471271
914	0.302821	120.5389943	2.113081	0.831733118
915	0.347319	123.9737699	2.067199	0.827178848
916	0.3724	114.3821577	2.033903	0.805818806
917	0.386288	119.2445957	1.989589	0.822825485
918	0.314009	121.8767029	2.093204	0.835636136
919	0.393438	119.843898	1.974551	0.8172887
920	0.372031	120.4930809	2.022047	0.824641952
921	0.436327	115.7285382	1.91804	0.785432489
922	0.320641	121.5080494	2.096346	0.821708103
923	0.352461	122.7766696	2.046442	0.826925607
924	0.376205	121.4121743	2.0232	0.825250902
925	0.381183	122.2304402	2.02516	0.842714548
926	0.248758	124.1541234	2.160934	0.849324368
927	0.361202	116.8687896	2.044185	0.823500581
928	0.350284	125.3323833	2.051618	0.842825153
929	0.303969	119.7687046	2.120606	0.838100106
930	0.381506	122.2174648	2.010257	0.833097984
931	0.356982	119.5921591	2.027757	0.826579444
932	0.395911	123.0027109	1.978169	0.826891916
933	0.396512	119.3264508	1.982241	0.819606388
934	0.307945	124.0617116	2.112403	0.843370163
935	0.320866	121.6028899	2.101146	0.817573203
936	0.350698	119.9394081	2.051448	0.821564057
937	0.300098	123.7797231	2.12335	0.824004613
938	0.360986	117.7661329	2.032009	0.820646932
939	0.227823	127.1246479	2.197295	0.848410704
940	0.320805	117.1979727	2.088325	0.820820593
941	0.341339	120.8012969	2.065665	0.839574985
942	0.328944	124.5628581	2.075434	0.835236621
943	0.357597	117.887366	2.052679	0.804678163
944	0.345152	119.2906351	2.037679	0.816095327
945	0.388726	117.6398842	1.988542	0.813969063
946	0.337456	121.3127971	2.083032	0.839732721
947	0.418419	117.2862536	1.945259	0.808960837
948	0.407751	116.1527033	1.988227	0.792360718
949	0.397855	120.8373147	1.988488	0.826894442
950	0.323089	118.4681461	2.089873	0.817778868
951	0.310231	120.8196211	2.105533	0.843103719
952	0.345019	128.5890643	2.03543	0.839633989
953	0.408054	118.7506469	1.969401	0.815085809
954	0.318809	122.6070062	2.078289	0.813685028
955	0.346586	118.6832092	2.06274	0.819752371
956	0.306615	119.5652336	2.098545	0.830022746
957	0.302916	123.3633903	2.11336	0.833906318
958	0.355774	119.2475134	2.067819	0.816213931
959	0.398703	119.6075316	1.983443	0.80936526
960	0.347661	120.8232846	2.017363	0.830964271
961	0.196388	123.4917545	2.219589	0.853975362
962	0.293209	125.9678691	2.132027	0.82873878
963	0.308197	121.094258	2.113068	0.842079106
964	0.405481	116.2724569	1.958687	0.817141377
965	0.333161	121.3616174	2.051268	0.825409585
966	0.362717	121.7746362	2.046397	0.829217398
967	0.367839	117.1237895	2.004057	0.80984033
968	0.320482	118.0350223	2.067592	0.810398778
969	0.345518	120.8315791	2.054858	0.824880994
970	0.301224	119.8418959	2.094467	0.831964206
971	0.360853	118.4225678	2.026127	0.81237581
972	0.315501	120.7108808	2.101594	0.831566121
973	0.259056	121.8664254	2.142371	0.840315302
974	0.254022	123.799378	2.178968	0.85235337
975	0.319293	123.8648271	2.106451	0.842314061
976	0.366704	119.7296683	2.028675	0.822165812
977	0.344206	126.4856424	2.078646	0.84628329
978	0.360133	124.2567633	2.066705	0.82954648
979	0.330786	121.428015	2.080637	0.828996996
980	0.298582	119.7898783	2.073147	0.821561095
981	0.418908	115.1334033	1.959137	0.800155637
982	0.309962	123.7875933	2.095569	0.842176968
983	0.302693	120.5948139	2.112995	0.837440967
984	0.328139	121.379758	2.094688	0.836765649
985	0.36087	116.7514395	2.02779	0.808110224
986	0.419692	119.2778958	1.975595	0.802345604
987	0.380555	120.1754716	2.010788	0.824718691
988	0.328492	123.7356183	2.087654	0.828915295
989	0.336467	121.0653409	2.050259	0.83259739
990	0.243142	123.0006724	2.185888	0.83266971
991	0.4102	118.0854486	1.961272	0.812469814
992	0.331963	119.3930751	2.077198	0.828874969
993	0.320581	121.2556529	2.105232	0.834433191
994	0.322648	118.8805676	2.065818	0.813386359
995	0.407913	119.2337277	1.955339	0.818426165
996	0.257676	123.9400361	2.170993	0.834392142
997	0.323289	116.9104822	2.060588	0.81901682
998	0.344924	124.7583387	2.068204	0.842820165
999	0.360405	120.3529306	2.026499	0.821157676
1000	0.40537	119.0964082	1.983282	0.821423781