rep aei_left left_area adi_left H
1 0.437108 118.011527585571 1.931496 0.774800427592043
2 0.522666 106.64500459251 1.794665 0.758127926782216
3 0.446711 110.338212612388 1.969144 0.734735376172709
4 0.64452 98.1936605259166 1.529923 0.70165909333559
5 0.49376 105.68814224817 1.855812 0.729958151781668
6 0.304544 125.982115424818 2.11298 0.764480346246933
7 0.343303 115.240310062291 2.075984 0.784482279633861
8 0.325826 126.576071156486 2.111275 0.835863092741072
9 0.240974 125.436294312068 2.208799 0.786103827358979
10 0.534233 104.439666143766 1.769063 0.746520169037595
11 0.160322 117.862384276432 2.255359 0.793615648162971
12 0.343312 116.712545368095 2.105661 0.752184484903384
13 0.232552 128.817234773586 2.206093 0.818546515562554
14 0.44936 127.060632843622 1.905444 0.771382698887862
15 0.709918 104.547578214912 1.334116 0.75305517760178
16 0.377843 119.479774447471 2.034337 0.800679443956555
17 0.377928 112.798941165592 2.048903 0.752677533536178
18 0.764388 96.7651761952487 1.128921 0.59892904614426
19 0.563184 108.28286711146 1.684784 0.782084568267959
20 0.382061 111.844536075936 2.028701 0.806246626875336
21 0.385894 125.002145487607 2.014012 0.778783060434618
22 0.153559 126.684215440661 2.266078 0.843755389891705
23 0.392248 121.040387661501 1.965157 0.803284729206828
24 0.177544 129.067295622842 2.248332 0.837484673882684
25 0.527446 103.333532268437 1.755834 0.693079996477316
26 0.470978 105.885859682627 1.862765 0.734459801778163
27 0.392957 110.315636255327 2.03017 0.759477829455728
28 0.395334 114.447996703543 2.024891 0.768240769891251
29 0.500516 116.90738081313 1.879002 0.81173253289505
30 0.396962 116.941956242785 1.978473 0.777310757193197
31 0.392076 115.727885124 2.020551 0.764612549637365
32 0.337188 108.855467267334 2.078194 0.74730907663179
33 0.310356 124.853371515506 2.100722 0.818561976012063
34 0.426191 115.855073998666 1.953211 0.790411437514044
35 0.581773 109.067181124276 1.704905 0.740586283570222
36 0.494604 120.475520779495 1.879278 0.749516795844886
37 0.592232 108.921358593537 1.637712 0.736905461745861
38 0.290491 122.871631703947 2.137617 0.807712080407626
39 0.502481 120.648714428762 1.867307 0.790027894571765
40 0.601565 108.520189104928 1.639462 0.75329230638054
41 0.562944 108.367683834877 1.748819 0.803693538170262
42 0.502529 108.46151192424 1.826117 0.762359713060201
43 0.54213 96.4091616056027 1.748301 0.711343885980133
44 0.402222 109.01401221082 1.978652 0.7865813779183
45 0.576903 111.397511078799 1.721255 0.80286457414709
46 0.483151 108.775027105695 1.8268 0.773764368689293
47 0.408404 117.685482349945 2.010328 0.744273112018284
48 0.227339 126.15771170562 2.211378 0.827148337023966
49 0.293121 129.323124958927 2.162409 0.811331677622779
50 0.498504 110.971290378375 1.867998 0.736252254514763
51 0.396195 116.047277696057 2.031776 0.743388218056896
52 0.409513 116.625080713242 2.024291 0.80547110255861
53 0.548298 104.801614791395 1.746316 0.749040668940948
54 0.32217 110.375651618 2.099792 0.765170038032073
55 0.544896 93.3284578843012 1.740348 0.749842377572707
56 0.463296 118.806199979444 1.886183 0.767747693441551
57 0.342977 115.600023488755 2.099432 0.812079203906225
58 0.32756 119.112843433064 2.090717 0.801844499187667
59 0.441236 118.886826346745 1.962787 0.787529700841778
60 0.753587 105.865085500857 1.162305 0.605766432184769
61 0.46562 117.086365118869 1.869806 0.75954932125787
62 0.462937 114.008161883753 1.908408 0.767756374295809
63 0.276513 126.372724905006 2.173967 0.787485286928822
64 0.388759 113.834834838186 2.011292 0.768914938272893
65 0.636153 113.565342126613 1.579541 0.800242292503591
66 0.501143 108.749820679127 1.856192 0.728016646669848
67 0.393203 112.631140117689 2.019224 0.804196696649666
68 0.388179 113.527794660842 1.990302 0.769268760764016
69 0.644832 103.216120121529 1.542405 0.746896119734688
70 0.525123 118.566210408011 1.803289 0.730123480087748
71 0.411244 115.067799832758 2.020601 0.750353794732291
72 0.392241 118.989566260798 2.031071 0.783749710868574
73 0.484386 122.427322679718 1.903576 0.763022372551645
74 0.422501 116.433740884772 1.985152 0.762971660727983
75 0.36177 122.308827102851 2.047613 0.789827128922539
76 0.364904 114.686912737518 2.023481 0.769317600519225
77 0.288304 127.870830160738 2.14151 0.826430933483095
78 0.482925 110.793154928397 1.887667 0.76053960731302
79 0.503847 106.791148197011 1.83289 0.761120098505446
80 0.362796 112.142207413361 2.057445 0.773945561789057
81 0.529511 105.805576084096 1.772725 0.652812938829623
82 0.409662 106.738404661098 1.983855 0.782708942943816
83 0.425845 107.976348380077 1.943213 0.755346915167601
84 0.55456 113.252302331029 1.756965 0.737407370455331
85 0.38165 121.413402802841 1.990076 0.776305552200948
86 0.454114 120.897279681379 1.932737 0.780905495744134
87 0.421874 101.872074962997 1.970586 0.752405289046135
88 0.366877 118.847360172199 2.055439 0.780031546104684
89 0.281259 116.284187841715 2.160795 0.775344053525261
90 0.386533 112.077931026447 2.029092 0.770592110203377
91 0.530576 107.623296628934 1.73048 0.760289040812188
92 0.452364 102.096609202738 1.909123 0.750432355320603
93 0.371833 115.663414617697 2.05933 0.798857689776984
94 0.443537 114.153205977203 1.954512 0.742603453164046
95 0.657462 115.773600250797 1.505737 0.76311562496612
96 0.36708 105.639747854652 2.071657 0.758300294586303
97 0.488018 123.693558427024 1.890023 0.772647423204763
98 0.456256 101.778532025804 1.898577 0.737280588757687
99 0.432778 98.5321374384725 1.932708 0.760342206365744
100 0.570018 103.291499978603 1.690123 0.728019353934302
101 0.479991 109.398976565598 1.864652 0.749021458660579
102 0.465289 108.361271800716 1.895556 0.770614761801808
103 0.389767 116.260575009989 1.981382 0.812326990123884
104 0.330669 114.865519538911 2.125788 0.755376620767919
105 0.341596 120.603114595054 2.111035 0.765919899030854
106 0.368774 117.371993169927 2.038019 0.777828066980758
107 0.544773 109.467568880104 1.747162 0.752376662212103
108 0.464635 112.13953941585 1.863866 0.760520527604867
109 0.558189 107.496591725045 1.737614 0.77432932361776
110 0.303676 115.685698857037 2.108601 0.795237267275911
111 0.389039 110.629334167606 2.02997 0.775021824937368
112 0.143815 120.23060363008 2.261606 0.799549185882129
113 0.393975 121.21254100781 2.045447 0.796070251232244
114 0.55665 119.182783546735 1.743823 0.73361602648338
115 0.342031 113.771122573293 2.087891 0.76648029026983
116 0.179014 125.14859284029 2.250217 0.824888326564179
117 0.477465 105.559772412746 1.858439 0.740833220970446
118 0.351774 118.496844704227 2.092795 0.787482858357949
119 0.290364 113.658508782481 2.140348 0.799099279171011
120 0.419025 118.665587777807 1.954179 0.781066680794769
121 0.438563 104.303144308044 1.981835 0.750972628342854
122 0.289504 112.861026066435 2.144783 0.763650306747713
123 0.617818 111.979400467851 1.574442 0.764715208042161
124 0.415018 124.152497373325 2.005406 0.836909020993737
125 0.105503 128.369627212955 2.285278 0.835787165978902
126 0.344375 118.608113476318 2.064786 0.815466187292955
127 0.658805 109.453028704865 1.491103 0.681281057059241
128 0.396315 118.795440591349 1.988654 0.703248560538098
129 0.493597 100.161188390941 1.867027 0.715556607936396
130 0.704733 92.7163238536372 1.34561 0.682645296267884
131 0.413687 117.035817384947 2.012057 0.795393319028199
132 0.153142 126.471946299544 2.265155 0.854327817221517
133 0.184562 129.02378041287 2.247279 0.855378148292135
134 0.575985 102.666808542232 1.715263 0.708297957437495
135 0.353058 118.078864611061 2.034281 0.784272600098894
136 0.361431 112.007698022899 2.031851 0.793235629238193
137 0.438672 111.059422574343 1.943881 0.748331654306422
138 0.441885 113.051737705232 1.960368 0.757581067946935
139 0.462067 118.48570185636 1.943074 0.731215884503129
140 0.382605 113.203461055455 2.010061 0.74844913849943
141 0.580009 122.418156915993 1.678213 0.68206210997401
142 0.50415 115.741943499459 1.850665 0.762610064322139
143 0.401458 109.091969752856 2.0104 0.776622774296085
144 0.535869 101.027880019302 1.777856 0.710748273517787
145 0.360055 120.026436416319 2.049149 0.781840210062155
146 0.522868 105.789939711638 1.81486 0.751993101627634
147 0.631111 105.829795304779 1.567129 0.660000669924678
148 0.606448 104.956432899938 1.612469 0.760564434929086
149 0.48409 104.369999412876 1.83587 0.780640943550047
150 0.407988 115.07231003768 1.992284 0.772088355308542
151 0.333161 112.628667035826 2.088343 0.77880496527728
152 0.460856 110.495834606367 1.94916 0.73814632210471
153 0.440047 114.220610214686 1.919149 0.774055428758708
154 0.405712 117.336664128442 1.996659 0.760216333217729
155 0.259484 126.355650259364 2.186058 0.809943312034156
156 0.439374 122.0933012788 1.963902 0.807875142082187
157 0.483874 113.430385099302 1.886619 0.743189417692084
158 0.493049 107.256598160995 1.846767 0.750527628041456
159 0.45005 113.755800297474 1.905872 0.762257396631682
160 0.617179 107.456540731433 1.599562 0.765740933720004
161 0.283671 126.866265281741 2.171913 0.828675642325531
162 0.446158 113.326288147977 1.919255 0.748545225905228
163 0.286787 115.698031506979 2.13862 0.809781223662926
164 0.561017 119.477167074181 1.753852 0.715373995950081
165 0.269797 123.015978906046 2.152637 0.818806338335595
166 0.665162 101.180984919485 1.480026 0.691847265547616
167 0.370369 110.365140050847 2.062919 0.779750759298653
168 0.479135 122.244138749092 1.88874 0.776897514763657
169 0.522027 115.416582491893 1.809635 0.742790690479947
170 0.465693 94.0797616313455 1.882825 0.755631333364407
171 0.394935 112.759932072993 2.012892 0.787969637167404
172 0.568963 105.485505222881 1.694962 0.696543906454094
173 0.395506 119.640991344021 2.029748 0.81586643287123
174 0.493317 114.847371792813 1.840382 0.772330219601031
175 0.295961 117.219454567176 2.148302 0.82219759242726
176 0.713871 97.2866184675791 1.327448 0.648185481342041
177 0.29834 114.516772604384 2.125527 0.79219734476185
178 0.377218 124.704004349017 2.04438 0.78691278734493
179 0.409826 106.348846449272 1.983217 0.791741229247347
180 0.252925 130.870112826751 2.201524 0.822934502126529
181 0.370678 108.719454123137 2.022492 0.786779904007757
182 0.365312 112.427820731052 2.087435 0.759337269468977
183 0.296973 121.338904374235 2.111648 0.80490940679976
184 0.242706 135.528042091835 2.203154 0.817330683790843
185 0.274819 121.256256241096 2.167536 0.780419449682318
186 0.617461 117.43978830832 1.59087 0.778362837513325
187 0.293371 125.774448692357 2.143529 0.820060116106126
188 0.212334 111.797253836024 2.223192 0.828880515797644
189 0.242558 120.886616022978 2.198561 0.765955330485175
190 0.411256 127.793814650088 2.021368 0.801461464294129
191 0.388107 113.895899901957 2.034606 0.803981356307033
192 0.573264 118.447731490134 1.676855 0.775889163934446
193 0.28941 119.021620635856 2.152851 0.780309775061821
194 0.436034 118.604312035054 1.956497 0.776241368409389
195 0.456518 108.04230114309 1.918408 0.759690238495762
196 0.537091 105.529354995784 1.754846 0.768607426396038
197 0.301084 118.030692670843 2.117944 0.808998445731952
198 0.220487 112.767979172656 2.207193 0.818865797754833
199 0.553476 92.3217114003803 1.759503 0.763467408236214
200 0.572576 101.441453160224 1.688401 0.719714034206762
201 0.579291 102.918450871141 1.68986 0.663806958918991
202 0.343099 112.983361184608 2.082942 0.755288020722474
203 0.654616 95.3885993744143 1.419595 0.602246187500111
204 0.355867 110.79452719234 2.041667 0.77766346374171
205 0.532079 108.241378645804 1.805129 0.748460811520419
206 0.413417 112.022442390949 1.973651 0.769899903338809
207 0.384985 117.188677434442 2.05947 0.785259428875248
208 0.431716 107.162099908414 1.927726 0.781546746505046
209 0.309476 119.495855628606 2.136391 0.829275942616805
210 0.392094 113.397423944267 2.046298 0.754634961291895
211 0.705171 115.327837727927 1.3544 0.732359383024989
212 0.30809 112.489250088389 2.131138 0.80024210461027
213 0.476592 111.463922719339 1.880345 0.762496535718838
214 0.515399 112.147555678239 1.843085 0.717692052845947
215 0.530436 114.520721822847 1.81169 0.784609108763224
216 0.526594 113.494685671223 1.829595 0.727284920117765
217 0.368093 116.260660758533 2.061918 0.777376491359428
218 0.451486 111.932916727705 1.939892 0.791139035949716
219 0.558647 111.353334057655 1.749283 0.700534162488655
220 0.302781 118.250577904342 2.152066 0.789812432177684
221 0.445333 124.661212809305 1.968577 0.801883890592839
222 0.330429 116.570343953732 2.105324 0.785340316666179
223 0.399002 110.928642365348 2.001331 0.798251451584534
224 0.303145 115.202447352712 2.121339 0.791381408527342
225 0.590669 108.133818978466 1.671781 0.648121642825571
226 0.610536 124.827963845212 1.599375 0.802621851575946
227 0.730414 107.36906225837 1.266012 0.662281131323503
228 0.550215 104.426106196235 1.711775 0.699694507773841
229 0.49476 106.576827268695 1.887254 0.75642611322133
230 0.154964 124.845283776298 2.259338 0.840369573196657
231 0.456629 110.171886385626 1.899031 0.771616125001041
232 0.198139 132.274137123782 2.230831 0.825076247312438
233 0.382076 111.801879015036 2.046769 0.770785679273829
234 0.50777 112.49714473035 1.851769 0.755900334852074
235 0.419669 111.131817254241 2.007077 0.760840560334319
236 0.447869 115.590678531296 1.942173 0.745239074451719
237 0.246352 118.77647688042 2.186806 0.782352857199461
238 0.553247 116.448234887721 1.746868 0.794825091475293
239 0.533567 109.645741461422 1.793305 0.764703736732945
240 0.347459 123.810411021294 2.095392 0.813957619198046
241 0.282088 126.233138199642 2.152029 0.806398355684063
242 0.270768 117.860696046209 2.155237 0.796652584280748
243 0.531958 106.016504587826 1.781601 0.732553273429006
244 0.213997 124.565557566751 2.223036 0.829977072388346
245 0.564271 110.140960815202 1.696217 0.750834828128045
246 0.557134 111.255938588204 1.7133 0.765928950608754
247 0.425684 116.75389247152 2.005495 0.762597749506168
248 0.632578 101.050347382634 1.584359 0.697548889470572
249 0.430819 107.41220099399 1.957718 0.669945429763313
250 0.50983 108.04777609713 1.841237 0.719383771420065
251 0.302857 114.768367545088 2.101901 0.767073863538742
252 0.696549 107.431854051955 1.373613 0.709952406421574
253 0.362241 124.501405545315 2.071221 0.804440063081172
254 0.314543 114.727526635844 2.140878 0.81744461930384
255 0.558027 109.535336660735 1.722208 0.783650305821186
256 0.575855 115.109266922289 1.710952 0.791284579528761
257 0.498098 113.270985004235 1.794358 0.700232348284399
258 0.328878 123.802230823647 2.131643 0.811735761378755
259 0.444995 113.399257372899 1.909075 0.74001710441687
260 0.218398 126.148968649693 2.219762 0.837614098209714
261 0.318957 123.03889766279 2.118596 0.778995675261225
262 0.510614 98.1050631389149 1.832209 0.689904745156784
263 0.359026 126.852513635228 2.090292 0.83421810027158
264 0.397149 119.19676980174 2.025773 0.79393541709122
265 0.479015 112.467587976452 1.880872 0.770342954175468
266 0.445155 100.297566229944 1.910501 0.76183064196673
267 0.563258 100.381576726569 1.730093 0.747851596909682
268 0.509453 109.434097802458 1.832041 0.744841141765057
269 0.553115 109.037450755307 1.750153 0.746593816575148
270 0.448216 103.520109803257 1.903469 0.754184785032599
271 0.573361 112.9781368858 1.671229 0.792842812882057
272 0.558963 120.549293014314 1.757615 0.761002546619547
273 0.297295 118.215343429649 2.16108 0.802396184595188
274 0.433983 126.975521071417 1.989925 0.815353691053883
275 0.423114 107.130429309803 1.935768 0.767648610544948
276 0.524252 114.207310273655 1.805695 0.760808972190447
277 0.442391 105.358530001545 1.952506 0.723707033601554
278 0.383668 113.977548405121 2.018016 0.748434405985653
279 0.447278 115.168692890986 1.960872 0.764657676049387
280 0.516259 116.42322441885 1.812399 0.753966074636693
281 0.468786 114.179182927994 1.89553 0.782718391758344
282 0.36465 110.687989250364 2.073219 0.761881502388383
283 0.492027 115.294882923969 1.885198 0.770299155118519
284 0.250541 132.508541537769 2.201292 0.84421752752293
285 0.398409 121.471154875509 2.021574 0.77817262415372
286 0.4727 102.604805939439 1.890068 0.777710670075911
287 0.597228 112.497617675761 1.673405 0.689004479336259
288 0.767661 96.5838788338794 1.074881 0.678117384772815
289 0.545951 103.095007027157 1.76132 0.740615408044809
290 0.418639 109.777984883991 1.99554 0.774315235527886
291 0.603743 119.175261541466 1.614879 0.767053781340578
292 0.356658 121.981747921238 2.078683 0.795392764696141
293 0.520676 112.241024806918 1.831226 0.797597832571936
294 0.410864 117.136316532438 1.994073 0.765086068101579
295 0.542716 107.473051605676 1.752743 0.680916453553983
296 0.463409 112.290322041147 1.921427 0.785615704787303
297 0.49879 108.973793871426 1.859013 0.777152636136872
298 0.424205 111.059362644259 1.956972 0.760746240552204
299 0.586258 109.23786210615 1.619859 0.687633547674239
300 0.333394 121.659919760871 2.112886 0.817999149379636
301 0.410254 113.471558643273 1.991579 0.763335922111888
302 0.326657 121.816901209973 2.090178 0.788887561754083
303 0.532587 118.787711497587 1.814937 0.771827001515664
304 0.572224 111.248618555581 1.733156 0.688295875722202
305 0.557725 105.822899849988 1.729118 0.698527587817428
306 0.355294 113.597602412545 2.053004 0.781161857956206
307 0.455508 118.418360090073 1.957491 0.794016990970292
308 0.399717 125.951135438193 2.035571 0.790163629512492
309 0.585735 109.114886774013 1.637922 0.699889096489056
310 0.301878 112.879502018571 2.141489 0.817827886985565
311 0.316252 120.511988699771 2.121414 0.76211980329336
312 0.552802 107.42700635965 1.767496 0.738557417573742
313 0.648862 113.502557538695 1.543083 0.743216019525709
314 0.381336 110.527646639952 2.024652 0.779889673618215
315 0.523329 110.461089133262 1.797712 0.779125086462289
316 0.281856 118.616387744973 2.151882 0.806856676086861
317 0.375369 117.092104906392 2.072305 0.82191243839715
318 0.304787 124.519970932376 2.156304 0.80742107081956
319 0.650464 107.304197984219 1.495444 0.728549916728476
320 0.348346 125.086298306711 2.099776 0.817814201371062
321 0.394972 114.107947467392 2.023282 0.791270649416434
322 0.785893 94.1992555258141 1.017037 0.641459292344738
323 0.367162 121.612983091081 2.08342 0.80284437185332
324 0.486838 106.690243315889 1.839558 0.750908216102187
325 0.408631 116.749941811907 1.986409 0.772628921369774
326 0.373524 118.693452616215 2.037107 0.793668520529981
327 0.394529 117.214369162708 2.009839 0.740690740041211
328 0.522722 116.74830092448 1.798286 0.764136571701233
329 0.403884 121.230544935428 2.011549 0.741062258885939
330 0.407159 111.560981965462 2.006405 0.761666068253918
331 0.467351 115.676364917339 1.914652 0.763093019595104
332 0.592771 105.669237507108 1.622667 0.685300283526518
333 0.523839 113.014383549627 1.817788 0.687880410657863
334 0.288623 121.300189423279 2.141381 0.770416598865346
335 0.550406 111.243701481579 1.727844 0.717458639228546
336 0.438482 105.606113960058 1.918852 0.770598836970459
337 0.507125 103.223380605318 1.83304 0.733282994836146
338 0.521426 119.973769370817 1.818262 0.733651058995238
339 0.241974 123.380761969139 2.201615 0.821629911008698
340 0.20394 130.623433058496 2.234196 0.828299159797345
341 0.464162 118.373979268266 1.931954 0.769320819222223
342 0.287223 113.111762391615 2.116963 0.798449386806113
343 0.324316 123.318519135359 2.097601 0.804757113804329
344 0.35039 120.087190876641 2.051283 0.792473890307087
345 0.54286 105.035872704721 1.75818 0.687639905448099
346 0.428133 114.621586563853 1.990376 0.782253286659268
347 0.375261 115.779064388195 2.037984 0.762025303332845
348 0.243562 126.053703342753 2.166697 0.807698362714731
349 0.448407 106.678832930395 1.899536 0.734647843002252
350 0.299924 102.270545658195 2.137227 0.773157830479753
351 0.395335 117.764042537618 1.979971 0.730197200992987
352 0.428466 110.503818775531 1.942964 0.775853856044094
353 0.183105 131.029134143571 2.24851 0.832198086043638
354 0.510037 121.29594899247 1.84526 0.667686636984344
355 0.392999 115.430602620686 2.013201 0.80253783333571
356 0.360411 114.586599308481 2.080143 0.796571967282888
357 0.176087 123.533821792476 2.253931 0.829319978074572
358 0.56194 110.490325834064 1.718026 0.78239767235065
359 0.471002 119.189250660408 1.90423 0.799639681038344
360 0.387354 115.154631769922 2.009692 0.759482587226157
361 0.454264 113.904461328457 1.913038 0.745041288634515
362 0.26681 119.141787181011 2.167407 0.778760848087459
363 0.667415 111.221098455708 1.468304 0.743076034911576
364 0.603561 110.64491836301 1.566893 0.735105231435471
365 0.37358 119.396066349862 2.059012 0.806833081622668
366 0.115557 127.122666029937 2.280921 0.83079641934048
367 0.397971 110.893321016466 2.005463 0.767006441178929
368 0.32609 117.855032337412 2.115843 0.829321817746538
369 0.187753 116.369843560252 2.247455 0.816871037963071
370 0.323114 114.237989815884 2.131175 0.746127591205489
371 0.369054 113.9374565497 2.052287 0.732629977109456
372 0.566007 117.500264123039 1.732205 0.800406972709279
373 0.291143 127.353953049056 2.155248 0.798275169699224
374 0.417094 118.279525072179 2.002109 0.782030673566119
375 0.372896 118.027443611767 2.008522 0.786084109610007
376 0.480628 106.439325940293 1.83729 0.727606102685104
377 0.430309 107.514376828504 1.975442 0.788189841964432
378 0.502396 109.012412177548 1.803861 0.757006750901859
379 0.600255 105.912152452457 1.644986 0.769220811163394
380 0.391497 115.691913366553 2.02469 0.754684342015527
381 0.46456 103.985942236116 1.930748 0.769171353952451
382 0.318027 119.022511779652 2.114945 0.742622042934688
383 0.374895 116.501904098843 2.049605 0.729456654630026
384 0.328878 119.328047783272 2.125163 0.782573452589609
385 0.436542 112.900269852419 1.935414 0.79546080175562
386 0.545618 107.950861894475 1.753596 0.751492673560078
387 0.398951 113.862401199362 1.988417 0.801090332902614
388 0.409077 116.688149104561 2.005621 0.761107204404789
389 0.396007 113.733226744771 1.972235 0.765613977849084
390 0.493711 117.738236081936 1.890161 0.796307083797137
391 0.4662 116.47604188169 1.872548 0.741970029587062
392 0.2086 128.891364250655 2.229849 0.849487623313685
393 0.344447 112.633750775982 2.072252 0.744144646309255
394 0.332894 109.625852393226 2.080148 0.790005523224509
395 0.606137 115.135955396679 1.590195 0.768091193472213
396 0.487642 112.032333438797 1.853679 0.708439712957368
397 0.365694 124.484133749049 2.05567 0.817181510060956
398 0.490538 108.147752181695 1.885765 0.755380376858415
399 0.417813 119.873241130641 1.998274 0.795073133532747
400 0.329351 118.704687938482 2.111868 0.810004825215991
401 0.320578 126.185996626371 2.129752 0.775821349014272
402 0.388708 110.223123843284 1.99221 0.759083048339531
403 0.574446 123.202437182024 1.710684 0.740588632164022
404 0.427504 120.315366928897 1.952583 0.753263556635641
405 0.335353 126.30650623774 2.120167 0.800435672849816
406 0.336061 122.126603440737 2.118301 0.820401477748304
407 0.441357 110.740479533507 1.911027 0.782280714087776
408 0.459393 123.654827736297 1.898636 0.75678917602055
409 0.442947 123.35477732933 1.944636 0.713144615435589
410 0.337194 121.301301168488 2.104034 0.78249128898526
411 0.756278 103.233939230747 1.150036 0.688938140396567
412 0.411362 121.041504064011 2.014924 0.749176969449177
413 0.154806 128.601410926489 2.260998 0.845462153936395
414 0.476062 108.190357371186 1.855502 0.772141993610692
415 0.431009 121.100345333792 1.978125 0.797963324750131
416 0.479933 117.989856454243 1.886884 0.809748404196623
417 0.468746 114.726631358716 1.914752 0.711251440466815
418 0.14861 122.163543859436 2.25927 0.81347092359546
419 0.316296 117.858327922155 2.086449 0.753495139741815
420 0.412428 110.890669909639 1.985296 0.727928533114775
421 0.474374 108.450333981295 1.876603 0.7683467144133
422 0.301363 122.590385296588 2.074426 0.758066062718289
423 0.418996 114.110506336372 1.985865 0.795983603618058
424 0.523475 123.941380587227 1.821768 0.819088546787071
425 0.492744 114.726600193262 1.872242 0.764418211523036
426 0.6589 99.738554471086 1.510674 0.682158767943192
427 0.346838 122.584576145828 2.065521 0.789096672160129
428 0.487721 101.464844876681 1.877177 0.72346523262448
429 0.390169 129.429772373745 2.048708 0.815137435625407
430 0.355068 122.792135115952 2.070276 0.828499202698789
431 0.454692 85.9985207369701 1.907521 0.702011722893045
432 0.458778 121.980687943965 1.941414 0.697838205671841
433 0.413916 118.157638352478 1.986387 0.816174154469152
434 0.339341 114.603364487365 2.048103 0.801874854451431
435 0.349619 118.85885123818 2.090177 0.793027170782559
436 0.432589 120.405140242294 1.955752 0.769456079668073
437 0.114238 124.131057274596 2.278279 0.860207282413717
438 0.318691 128.520396786029 2.127438 0.813743008983064
439 0.419437 115.644812265876 1.93854 0.767277661192734
440 0.304058 110.781925847818 2.128784 0.783633331901697
441 0.239994 123.240031678239 2.185291 0.819320039072118
442 0.346731 107.511496975347 2.071014 0.736961999260003
443 0.208097 123.623529721894 2.226735 0.795618842235165
444 0.386817 108.330576490113 2.023627 0.768320568668684
445 0.320955 116.744952306327 2.130666 0.771067902991683
446 0.633425 111.191992939218 1.559553 0.721254920260119
447 0.426947 100.339335975061 1.934618 0.73344938411729
448 0.486738 104.163886953845 1.881888 0.740769131422625
449 0.312818 113.101438329263 2.137787 0.795226355447708
450 0.460489 112.731900995812 1.891569 0.733189503554056
451 0.428157 117.340382915666 1.971039 0.791776815860535
452 0.519618 104.613095172343 1.818906 0.717815364411086
453 0.432024 112.819669127376 1.911328 0.764482668462298
454 0.337302 119.043647618582 2.106086 0.778635357184429
455 0.334767 116.584520024449 2.108497 0.760534382163096
456 0.506548 114.354768844402 1.862559 0.782226220030236
457 0.396664 125.061867252165 1.97023 0.827837040941592
458 0.37186 128.031908230184 2.059023 0.772637621636672
459 0.406016 111.856746800943 1.958081 0.774003076629542
460 0.609614 117.449669542548 1.604719 0.801669382248092
461 0.629674 107.714141422771 1.572697 0.660751936276194
462 0.46056 116.927201790635 1.914962 0.815851539945819
463 0.56781 105.317086568098 1.706646 0.662587842481696
464 0.244799 124.360284760564 2.169558 0.798767277230316
465 0.413258 99.4433139005335 1.974013 0.758320960937705
466 0.395155 118.913330620848 2.029385 0.805042350158209
467 0.307161 121.881778585587 2.140063 0.783652419308533
468 0.460121 115.943021849006 1.91547 0.761516965430555
469 0.469201 112.476260927496 1.917153 0.803843025153867
470 0.213183 125.967828464414 2.217379 0.831952314568329
471 0.542403 107.025673565745 1.760607 0.75044353558822
472 0.470683 126.199055970051 1.926301 0.783526495526897
473 0.505893 97.7397965534413 1.819144 0.720065300927184
474 0.621349 103.142587807897 1.588239 0.704222031068021
475 0.414179 111.631467704708 1.945987 0.773466860931634
476 0.552103 105.462431366034 1.737152 0.763835854595957
477 0.279662 122.770558693158 2.17593 0.790711597619633
478 0.455999 114.490921585282 1.917939 0.768603885364896
479 0.408605 108.731884484573 2.00912 0.774234167963286
480 0.483448 110.21980831707 1.890717 0.760786469564597
481 0.368587 109.989584716514 2.060025 0.735228851025755
482 0.407245 109.618949252678 1.993634 0.773404179532708
483 0.416974 118.929363213187 1.984506 0.780416707701233
484 0.557662 101.448163453191 1.695548 0.66995215690591
485 0.54989 108.443562402124 1.764581 0.732617530452833
486 0.329664 124.999572241417 2.109139 0.810570837993297
487 0.561175 106.255846420847 1.719136 0.718521162380519
488 0.65054 102.429688097487 1.487306 0.698946830520301
489 0.548687 114.572664001415 1.739646 0.747747343316072
490 0.586934 116.231957055318 1.653463 0.746247490625363
491 0.273789 122.715510507721 2.148261 0.819192680415528
492 0.539947 116.20579359128 1.774519 0.794887140532427
493 0.36476 101.867787478133 2.047745 0.748037166305411
494 0.624021 100.221269563632 1.5815 0.71257400220905
495 0.690179 106.506471352859 1.409634 0.690086865983505
496 0.511866 105.782002045424 1.814155 0.757173498206279
497 0.475074 114.358691276146 1.841006 0.773340565554576
498 0.516343 106.399076040843 1.752781 0.767871905503327
499 0.346093 114.800280359829 2.090627 0.768551152948236
500 0.460633 102.825794981688 1.890678 0.743611885144395
501 0.19825 122.800602167921 2.230216 0.832711388867647
502 0.39547 121.286629519928 2.046788 0.812703790433897
503 0.545386 106.281990817138 1.761068 0.696729111383719
504 0.40397 118.361194468696 2.03225 0.79321112289142
505 0.586254 105.684654234624 1.673492 0.736037421514655
506 0.643306 114.707471188534 1.531271 0.747936734569093
507 0.399082 120.766283338817 1.978929 0.819074431209426
508 0.567219 107.726942936852 1.736833 0.714161283010644
509 0.461432 112.336541204314 1.902158 0.769422695443378
510 0.255325 118.891736313848 2.155972 0.779281257804011
511 0.436604 117.253609434468 1.959697 0.769133391394511
512 0.46437 123.258767412048 1.939795 0.780611816878994
513 0.403369 112.327228697555 1.978887 0.763088465575925
514 0.441282 118.075868069347 1.955266 0.790815512454747
515 0.269066 122.057366202604 2.166209 0.794418133834833
516 0.501185 111.632941500727 1.855238 0.777888222402905
517 0.314033 124.942516734466 2.126387 0.807229266948863
518 0.317875 128.473460503041 2.140829 0.828644844995288
519 0.532573 119.425345177039 1.805852 0.781725130040927
520 0.19744 121.447761007585 2.228902 0.831834603159092
521 0.446488 115.266886803285 1.92415 0.800115528281209
522 0.360509 117.843663466507 2.035424 0.80179050432477
523 0.269028 128.453112768278 2.18316 0.810372074056765
524 0.462897 127.490938389913 1.930923 0.767459684769469
525 0.515249 105.395364365065 1.826274 0.723923860968056
526 0.418285 126.402831639804 1.978737 0.76532722009743
527 0.381479 116.463679739282 2.024123 0.770201686791044
528 0.167992 132.338863921712 2.257937 0.855203296830522
529 0.421578 118.997898252689 2.009311 0.778349579886451
530 0.438409 120.182752809021 1.966175 0.791573595552356
531 0.420611 111.93843654654 1.977566 0.781760472717252
532 0.202373 127.06619152985 2.232017 0.845790707605861
533 0.451359 126.802034103226 1.948922 0.763303683904409
534 0.437934 108.412675211676 1.949884 0.764386412707496
535 0.349126 112.862897294856 2.073309 0.807793435724071
536 0.573395 110.620199557023 1.700813 0.754645519949025
537 0.333097 113.704292656693 2.096329 0.781555214031998
538 0.347025 126.479097782097 2.085009 0.804099758670609
539 0.261849 125.764985861214 2.192912 0.787986547018636
540 0.228494 128.455086577253 2.205126 0.814913896392812
541 0.333086 129.791731140534 2.104166 0.811991953866366
542 0.478592 119.881499721572 1.876316 0.772932879364982
543 0.261439 132.186028498139 2.184249 0.806055764448548
544 0.679452 104.751012624226 1.378972 0.625157239139328
545 0.410022 112.37486740799 2.016738 0.766694997610027
546 0.470128 112.595302187554 1.882224 0.775934105292251
547 0.28632 126.830315021282 2.171067 0.762036680941173
548 0.355357 117.318411921652 2.040678 0.803212287161759
549 0.378704 117.520095443373 2.036529 0.797079487245467
550 0.561488 111.027195493967 1.753528 0.764716177887066
551 0.614896 99.3564692716744 1.589912 0.582333552942293
552 0.530557 111.712679947395 1.788497 0.701669921003411
553 0.426184 110.418397790148 1.953193 0.763939540406192
554 0.331084 116.278396696666 2.104716 0.769007293048581
555 0.440559 111.70587682122 1.942937 0.690704081219547
556 0.435168 120.113354119126 1.967821 0.773845658159454
557 0.293453 107.310430677834 2.160619 0.766611582410698
558 0.564693 105.504817962878 1.700968 0.763136213846139
559 0.315621 119.159953088764 2.108765 0.763313291555669
560 0.416355 119.842544177466 2.002365 0.793908553790345
561 0.610172 96.4276542167219 1.579505 0.64438147454648
562 0.50336 105.42209983859 1.816022 0.749828875977636
563 0.406856 121.588594462137 1.99564 0.789470136593152
564 0.480402 116.808614767802 1.8752 0.749624798420204
565 0.174371 125.924550567079 2.232651 0.817833656092648
566 0.393977 111.735171134225 2.006823 0.755450474302627
567 0.56524 121.963749682184 1.709091 0.760187592545009
568 0.453517 113.178673532451 1.901384 0.772891438527161
569 0.400312 114.048365440238 2.037254 0.790389303174915
570 0.576566 113.109713277142 1.708787 0.777790818969194
571 0.496818 112.372260495537 1.86409 0.773770265121226
572 0.302415 113.497955551542 2.131814 0.791285579700707
573 0.433315 114.20274446421 1.958838 0.780644083294923
574 0.418946 115.148337866673 1.935004 0.800770330980453
575 0.396017 123.019915353005 2.013396 0.774574490673353
576 0.257836 125.055065765743 2.18649 0.808512254776395
577 0.497396 104.393543061973 1.782328 0.719352800947624
578 0.571369 109.464016752477 1.712022 0.655254530625171
579 0.696457 95.8157423132797 1.381365 0.725324962961472
580 0.309081 124.972429034929 2.137485 0.787183432798158
581 0.240832 117.145267775001 2.192436 0.785881401437349
582 0.152465 130.065015387944 2.263357 0.849929639089646
583 0.410676 108.039030197458 2.009214 0.749884077208281
584 0.257485 116.835565012631 2.152778 0.779802481755923
585 0.376266 124.484198517083 2.045982 0.785830853610393
586 0.190457 124.238452624532 2.240899 0.778989123588783
587 0.455553 112.234876368691 1.874886 0.776702171100828
588 0.355607 113.383385904045 2.077944 0.779763529412786
589 0.321275 110.793457557756 2.107507 0.782704428704101
590 0.584649 113.832161313969 1.683328 0.724006584478849
591 0.453496 107.977228285931 1.887133 0.770947748478279
592 0.417009 125.675299870946 2.017816 0.837494208968699
593 0.168013 131.239480604742 2.256087 0.852949680535887
594 0.403367 109.722421250758 1.988086 0.797549611850908
595 0.395267 119.539207534895 2.036375 0.701122658477415
596 0.686539 111.726938448668 1.310859 0.71221556801102
597 0.340944 116.311404092415 2.06746 0.784690192813601
598 0.455131 120.049617230408 1.923069 0.810263672284732
599 0.428217 120.759822696546 1.958581 0.789888694344175
600 0.377831 111.028525421204 2.045438 0.760213145957597
601 0.271013 127.144333166662 2.176955 0.826032650020182
602 0.501113 109.189102356023 1.85584 0.785328764319486
603 0.522061 110.847268339164 1.825965 0.752422903084211
604 0.477857 118.571863121671 1.888251 0.752750173780765
605 0.431303 118.614563653902 1.958181 0.807935499062358
606 0.491665 115.424539981023 1.881998 0.793492804055213
607 0.480922 101.590128715873 1.885308 0.750839919835427
608 0.382639 117.805913742588 2.045151 0.772843993587372
609 0.399699 127.650642992407 2.026742 0.805884260320018
610 0.356603 113.929188003945 2.053479 0.801177152770535
611 0.493637 109.841911246351 1.873614 0.74828702948436
612 0.126168 131.832012430942 2.274309 0.845778879165905
613 0.517783 113.844610550753 1.833025 0.760984335863842
614 0.501598 115.211896416065 1.851692 0.770803054332221
615 0.474541 110.382530699111 1.86356 0.768512570566484
616 0.543419 111.406379005328 1.76552 0.796956821311801
617 0.329337 117.664573178998 2.10199 0.807030742121365
618 0.540278 104.583055010249 1.715198 0.750583217663849
619 0.440622 118.141611102471 1.961853 0.793802159749185
620 0.49647 110.822814287698 1.842541 0.766465280758626
621 0.472723 118.88868349639 1.898692 0.737257945925878
622 0.480906 106.201039758198 1.91044 0.746992137538465
623 0.541653 112.535540186559 1.749205 0.786229745070809
624 0.380452 123.4010064662 2.05527 0.826458003296349
625 0.551929 105.426692331776 1.730359 0.706189553813684
626 0.466903 111.357886390051 1.909346 0.785789682518145
627 0.450818 121.218637548088 1.920916 0.787352115210748
628 0.546453 114.814924522785 1.734559 0.70918285747819
629 0.337711 112.59017867259 2.065764 0.780850030303132
630 0.495222 116.573621228357 1.862812 0.794495476199388
631 0.411931 116.134346010564 2.009147 0.78914186957322
632 0.389899 118.411202554872 2.012887 0.746503170288064
633 0.480525 119.34755714952 1.901295 0.773414291479669
634 0.540929 119.159326049244 1.778872 0.784951378989525
635 0.340732 120.470764996335 2.116299 0.809451012501887
636 0.435266 122.371117942363 1.989511 0.787149994973315
637 0.541452 106.237303675891 1.747929 0.72931376707062
638 0.237995 113.722150438503 2.14348 0.80165234541528
639 0.246065 122.088683613449 2.198814 0.814588509038897
640 0.367387 121.169657616369 2.065538 0.798083278598385
641 0.536684 104.459707680813 1.773577 0.762975767706014
642 0.60142 115.063334309798 1.661973 0.754652105398494
643 0.59259 118.343901892968 1.601845 0.807800274387322
644 0.599904 90.8893299361316 1.599694 0.69246838590315
645 0.559565 113.93024771147 1.701838 0.789164968649374
646 0.534039 113.554463682059 1.794343 0.77008927723803
647 0.331672 123.304921013196 2.116504 0.819830598091783
648 0.278862 119.272424372491 2.140247 0.75492530018556
649 0.634468 104.017325075544 1.526811 0.757553904473906
650 0.328808 125.34112709564 2.11279 0.787306409344121
651 0.541746 126.264954270431 1.763418 0.815816145084378
652 0.517661 104.954284187025 1.836942 0.751676674909178
653 0.393658 122.263273984962 2.034912 0.781806854641418
654 0.553481 114.212055067789 1.733188 0.759059461205989
655 0.388207 126.212987972068 2.051362 0.797602567929673
656 0.457387 108.558627682674 1.89874 0.761725793429528
657 0.448566 115.743783514165 1.895963 0.733372252944541
658 0.670957 104.829253538351 1.458223 0.737820882348
659 0.348087 121.407308208259 2.092129 0.80915073445475
660 0.325962 124.883393767602 2.1331 0.808825981714023
661 0.442253 109.886579753998 1.937984 0.760646654584835
662 0.479781 111.1547030627 1.901324 0.751726272380882
663 0.306541 123.847932463028 2.142638 0.803674837575968
664 0.372447 125.648972076981 2.054497 0.802416847680575
665 0.705754 106.984025512 1.28163 0.62521073883474
666 0.446876 106.825669353522 1.92995 0.75308300172678
667 0.460795 110.054060661993 1.938126 0.741246248783419
668 0.365145 117.650352335385 2.065116 0.773729913827676
669 0.29727 122.175285387326 2.156597 0.784473189838114
670 0.522207 105.542243592271 1.828986 0.708850164909458
671 0.459452 116.723039038518 1.925467 0.787167337149388
672 0.624124 103.847266738073 1.583658 0.758540214544547
673 0.237646 124.264000481179 2.201104 0.837352480639279
674 0.402426 114.573557357899 2.006462 0.772952168433214
675 0.350416 112.406951612011 2.089469 0.774572995807569
676 0.519483 107.402988867625 1.762313 0.702610996595975
677 0.386695 120.405891443412 2.055271 0.820172362322539
678 0.199069 119.469762851044 2.224481 0.80021710002901
679 0.446898 114.93370570279 1.970908 0.780464459608523
680 0.495396 113.497836894845 1.838457 0.772481259796991
681 0.633753 102.535157536373 1.547243 0.733907128144532
682 0.323397 115.55746120849 2.10859 0.813319656870068
683 0.474207 104.732520528262 1.900109 0.759246279608162
684 0.394677 106.166818049075 2.034522 0.730060773786093
685 0.417293 119.072150303151 2.014049 0.764777456604246
686 0.483852 113.101143773739 1.803134 0.746383336330413
687 0.547737 113.500747085814 1.763375 0.748776869389305
688 0.445921 111.268352738355 1.91674 0.769977660681651
689 0.333822 107.613681565791 2.095575 0.760823857769421
690 0.548429 108.216309107027 1.767194 0.709834534315358
691 0.394108 117.771378461173 2.022139 0.818557672486057
692 0.522239 118.353991897125 1.834149 0.794753580717975
693 0.470217 114.09332727355 1.921899 0.764362001309005
694 0.334023 107.985370897322 2.07555 0.773932453051948
695 0.32009 129.489371316025 2.131419 0.777601213468869
696 0.477823 112.109795224637 1.894359 0.735505767005266
697 0.354708 117.382605410366 2.04916 0.785231540147766
698 0.230211 128.235602298064 2.182182 0.832237329223956
699 0.501674 114.63038983741 1.858578 0.690512945696593
700 0.456205 115.146424647206 1.942281 0.768271171300677
701 0.527279 106.367337526335 1.800017 0.744187327470322
702 0.520565 113.301478110748 1.820284 0.750435670596583
703 0.591529 101.911619449761 1.666706 0.69107185807602
704 0.564418 99.3465308664022 1.70487 0.719484798073759
705 0.580169 110.9148868539 1.69424 0.780217467267151
706 0.294212 115.628601307838 2.116129 0.782728639425334
707 0.522922 104.557043252421 1.815304 0.743999945466404
708 0.349074 115.588537533068 2.104624 0.78900195664996
709 0.351526 118.30892194226 2.083433 0.811004700286521
710 0.550417 108.512308358297 1.764528 0.747287824201791
711 0.256704 120.650396774272 2.195304 0.778443413912326
712 0.620102 110.850865557516 1.595224 0.779482079779137
713 0.359949 114.573562486259 2.022347 0.777620502438069
714 0.488345 84.4653041934097 1.842885 0.700599740183531
715 0.377078 107.784998552333 2.045464 0.75012211054966
716 0.532469 112.904873740009 1.795628 0.751268478409146
717 0.361827 109.921550926311 2.040551 0.762155725621005
718 0.540256 109.379151916169 1.802345 0.711401013256152
719 0.498537 105.409849411637 1.843335 0.7893220124692
720 0.369081 112.807902223435 2.032018 0.719890470907875
721 0.421825 124.751197403797 1.976714 0.801594965205885
722 0.4968 113.277632374967 1.861525 0.780266709693385
723 0.345444 109.288814320882 2.095491 0.764421186269874
724 0.388665 115.242217256416 2.033216 0.77422872794977
725 0.271665 129.828344138197 2.184847 0.830015820745242
726 0.298401 114.720647900255 2.124601 0.804348998049034
727 0.375672 118.914269683714 2.077337 0.807094570483746
728 0.402572 109.779521361928 2.03544 0.80754839481918
729 0.415829 112.692437191462 1.988468 0.741383943522961
730 0.309626 115.092341086525 2.069016 0.77517315034058
731 0.294279 123.526868835965 2.148232 0.8279036940863
732 0.377036 116.081458304141 2.059618 0.811148396396068
733 0.428297 112.575427861961 1.984388 0.674867557609374
734 0.480066 110.372523036002 1.879039 0.740153603911437
735 0.623095 107.782123165578 1.570434 0.750166023684777
736 0.558397 117.135200399387 1.748909 0.759677404187267
737 0.367446 116.33837124358 2.069589 0.746952585094789
738 0.537683 110.333806647939 1.78434 0.734760275025159
739 0.588237 109.52330853023 1.686766 0.725358050356206
740 0.32092 121.143373563661 2.121717 0.785578064942616
741 0.319972 118.861175244745 2.123158 0.801146225021991
742 0.630251 95.3789955538907 1.533452 0.693971929515733
743 0.420975 111.673412594562 1.994688 0.705092141469067
744 0.179238 125.9440117783 2.250829 0.788189201248235
745 0.625886 111.932714722195 1.569057 0.745684259597178
746 0.48832 101.969928364961 1.870709 0.753156569537284
747 0.501696 111.927201727659 1.846716 0.747772531408728
748 0.543146 110.044845773519 1.788167 0.744834446782144
749 0.310346 121.288514003655 2.138328 0.807968549568493
750 0.309246 122.410376722372 2.142229 0.80524392553776
751 0.422396 109.649297480432 1.951033 0.77606234332189
752 0.298771 119.622264738164 2.156374 0.804725076354701
753 0.680965 108.194787800437 1.392876 0.705396908480284
754 0.529111 109.133943685675 1.7609 0.764727682654386
755 0.342929 107.076056473159 2.106586 0.771767104760698
756 0.493113 116.348983665966 1.876583 0.763848307669297
757 0.269907 109.458239085855 2.171979 0.779145877612917
758 0.511584 107.394564091844 1.834368 0.733360782888515
759 0.500998 117.891584731191 1.87108 0.804180484104695
760 0.42469 120.50172702188 1.918243 0.747468035901637
761 0.662052 121.007550396829 1.430967 0.732096479104331
762 0.362652 111.916905262697 2.085946 0.79843977521138
763 0.450902 107.469107244872 1.932032 0.7874205200659
764 0.139134 124.412210764721 2.259979 0.825488199940663
765 0.418906 115.755231387797 2.004559 0.788212113282362
766 0.493792 102.610687379265 1.879762 0.794900326163042
767 0.554185 103.820832401208 1.716612 0.698440559090794
768 0.553278 91.638415456902 1.742595 0.700314126952439
769 0.515863 116.546087419397 1.835906 0.660388039091882
770 0.289309 123.684976359669 2.167361 0.820966173524764
771 0.59368 106.786667064982 1.638515 0.703438206901142
772 0.394705 103.071342903004 1.98487 0.752561814520919
773 0.363089 120.997829856625 2.038108 0.764513311105906
774 0.439783 115.094208067103 1.92241 0.774444127128722
775 0.30774 104.564032719479 2.108706 0.759643409145099
776 0.500321 108.744131812243 1.863109 0.788072922016235
777 0.207785 131.905515395707 2.235021 0.790966192584801
778 0.50016 110.928121990187 1.86356 0.783458025275064
779 0.183453 113.650151199492 2.210587 0.794906067376068
780 0.765353 101.152119677869 1.08543 0.623743310649765
781 0.224481 129.793908064806 2.220888 0.861774193197881
782 0.194455 128.948524224373 2.202512 0.829057741594638
783 0.344297 111.536201578959 2.072785 0.775319903208687
784 0.569393 117.144055112498 1.742352 0.805994693923343
785 0.312239 120.655192377457 2.146742 0.748777557333522
786 0.514839 113.247065020845 1.788355 0.788194148686969
787 0.321975 117.614412722756 2.133412 0.773084579316762
788 0.318889 120.703445997869 2.114362 0.813122717892998
789 0.488443 113.348182823901 1.858749 0.775613260903813
790 0.31891 124.958908595489 2.140755 0.820193973640732
791 0.376592 117.763640954331 2.058262 0.777319734215008
792 0.545037 112.843532768739 1.760687 0.760164856916014
793 0.322034 115.207218388487 2.050378 0.719655489497153
794 0.393952 117.672233279559 2.001955 0.775650873700817
795 0.474405 112.495610355794 1.890318 0.785113310453523
796 0.377363 112.25118232481 2.014133 0.769380869543271
797 0.509566 122.145321191201 1.85542 0.833130849112702
798 0.389574 119.5080679458 2.018648 0.778699958899737
799 0.427845 113.371589332891 1.942557 0.748011242945535
800 0.566044 107.583859623839 1.736822 0.752200672610075
801 0.67184 102.316243895122 1.420682 0.600853603361195
802 0.237779 115.437339698174 2.189352 0.727749139161601
803 0.520721 121.673629360509 1.843451 0.774821114382024
804 0.593336 107.64637917332 1.584165 0.746131528414359
805 0.515987 99.5829825466666 1.83538 0.767920191170808
806 0.389086 116.090731951578 2.052116 0.823538512482082
807 0.516423 96.4313062498992 1.797924 0.728607955690181
808 0.481898 100.623772198826 1.82125 0.760006892903695
809 0.444872 121.564664837902 1.970531 0.750620120997936
810 0.291992 123.904131230583 2.153583 0.807864159582927
811 0.19629 124.755052394288 2.235221 0.833107691418988
812 0.431399 118.618540133848 1.955415 0.760102848656809
813 0.318343 119.645069300316 2.109751 0.824932194601022
814 0.391393 117.362190638846 2.05088 0.80153792135742
815 0.543657 111.863326703906 1.78598 0.707590390634463
816 0.433439 109.249548356247 1.979245 0.74106502911059
817 0.21914 124.616518889923 2.199928 0.847022281796887
818 0.275662 113.616964706762 2.175972 0.795953497515095
819 0.542338 117.152893687545 1.79944 0.756646289961191
820 0.461759 115.95297445762 1.881806 0.759337350746927
821 0.400404 119.511832036976 2.038582 0.789644639802875
822 0.342991 121.672663175519 2.112831 0.804054093265538
823 0.2988 127.755020822769 2.136301 0.805667132038497
824 0.498963 110.2294050456 1.861257 0.748312959327389
825 0.353007 124.437183659373 2.065272 0.824259296167921
826 0.430084 105.258214580515 1.981395 0.731971584294855
827 0.464275 116.131709387442 1.921245 0.794070759097786
828 0.329503 121.980057762855 2.095773 0.811290970788753
829 0.34086 111.358240002271 2.070996 0.783171974071947
830 0.16882 128.762082598959 2.248697 0.838437745265762
831 0.378948 113.144250683711 2.064875 0.751128830037709
832 0.262628 124.071050989599 2.187443 0.811682898171007
833 0.500328 109.254740122054 1.834951 0.781951447869505
834 0.416422 116.261417232329 1.983856 0.793292355484745
835 0.335095 119.480218923711 2.066875 0.796097297107895
836 0.240308 124.724054393178 2.200386 0.787728266279483
837 0.574802 115.897267573448 1.70115 0.756662917256028
838 0.532544 108.578919442654 1.782426 0.762713427330946
839 0.381007 120.246920327039 2.027269 0.791554675440641
840 0.468318 90.9328892000102 1.894671 0.714416664101701
841 0.513764 106.497432934634 1.805688 0.737865633794146
842 0.379772 115.995932106794 2.027736 0.792034617109228
843 0.637808 106.260470160396 1.516434 0.714543524336577
844 0.662036 98.4026600532826 1.453458 0.638510823749568
845 0.42895 118.71990896904 1.995237 0.765547439521767
846 0.487891 111.170513808818 1.82205 0.73095540216786
847 0.638062 102.247080942678 1.548536 0.687614006133434
848 0.322626 119.807464590719 2.11972 0.751022951221443
849 0.511167 115.05209027148 1.838446 0.759671493828673
850 0.689133 114.546793086149 1.380741 0.715466040037636
851 0.563806 101.786889725341 1.663034 0.732883228126286
852 0.422173 112.381148259769 1.991276 0.796283189510383
853 0.589487 98.1369615501192 1.661189 0.706145212596919
854 0.217609 131.86317649158 2.223867 0.816007108650671
855 0.416053 103.351613070277 1.954369 0.740261552594982
856 0.537727 113.837141084747 1.802056 0.732177472861231
857 0.432179 113.286736538803 1.911729 0.782233574708573
858 0.384034 121.938550080235 1.989321 0.791106523362019
859 0.24211 121.538636713308 2.208756 0.806182339553118
860 0.499848 102.879602606875 1.84156 0.621389587352725
861 0.476872 105.571181963877 1.889271 0.728642867882543
862 0.453841 115.127485400059 1.943358 0.814200218530756
863 0.589799 117.110884358669 1.667988 0.712100977266544
864 0.380947 112.242852993092 2.020785 0.803624290137702
865 0.308491 114.687512425883 2.138765 0.761694316234154
866 0.47291 116.233839474735 1.8909 0.759758332525145
867 0.334014 121.628175203624 2.121688 0.782618316316059
868 0.48808 109.437253554462 1.835973 0.733199894085641
869 0.354 116.15567039326 2.074487 0.785964445967894
870 0.542231 115.453025012713 1.770528 0.673543373928556
871 0.399021 116.53951208707 1.977745 0.784472990590168
872 0.349214 116.998970451368 2.07798 0.799125053899621
873 0.547541 110.853925131971 1.697468 0.786602262472759
874 0.448576 106.034950306414 1.910767 0.776080354483509
875 0.386335 124.824142068776 2.046606 0.810631820912195
876 0.283112 116.382588474704 2.112282 0.754023473351646
877 0.537605 109.060589653813 1.781384 0.767986993808576
878 0.483133 104.105325722373 1.872259 0.75595324771405
879 0.372629 116.248860734791 2.061058 0.78411439536895
880 0.34838 118.327705112893 2.066753 0.817473367649159
881 0.43294 120.569886767045 1.985602 0.773068659344054
882 0.519375 113.002302121928 1.801281 0.770402753537624
883 0.29745 115.73804722376 2.133241 0.792891968847341
884 0.257048 124.989715178554 2.180361 0.824154393992297
885 0.450337 113.160151270083 1.949301 0.77927693128644
886 0.339754 115.799419355548 2.072472 0.810698974108981
887 0.361787 112.959514581437 2.056167 0.78827912944732
888 0.229757 114.346012214876 2.14719 0.80296668222167
889 0.410094 111.652280097617 2.019503 0.761620111960296
890 0.515667 115.341540132344 1.819565 0.753659902847809
891 0.438787 109.554002934978 1.943462 0.754750001488111
892 0.427089 116.693436033359 1.959777 0.804445101621034
893 0.331953 118.846940070413 2.09782 0.770842072430618
894 0.5695 112.623321837387 1.734389 0.712460785459301
895 0.366529 117.255540677922 2.071357 0.796136896332029
896 0.629939 96.3833951021036 1.512731 0.704580821398347
897 0.654153 108.828020956386 1.489343 0.725579393579038
898 0.371241 119.338566554234 2.065473 0.809753008548033
899 0.45427 118.596786665907 1.95919 0.708286807351084
900 0.230533 121.665070101382 2.214685 0.803501151974542
901 0.456941 104.975477766815 1.87274 0.755000685972794
902 0.518331 103.011032406476 1.804204 0.643769195749191
903 0.485905 111.835185880262 1.869714 0.767677564851231
904 0.213751 129.522097185293 2.227511 0.81187903372529
905 0.652697 105.476939426555 1.472758 0.685810920787031
906 0.326558 113.647183313217 2.083671 0.784814519190833
907 0.528918 117.284538734651 1.771228 0.772395131520165
908 0.456798 122.636342138475 1.923823 0.804523978600732
909 0.440807 124.72161870316 1.975878 0.789887788494709
910 0.310185 128.526052617317 2.143858 0.797270510390626
911 0.373313 119.102647305641 2.067824 0.810769418432313
912 0.220724 112.958552607965 2.186086 0.793985456102973
913 0.421246 110.547270687142 1.983862 0.757753484938378
914 0.430017 123.214274682251 1.978728 0.782195031487548
915 0.480117 106.946630842887 1.876045 0.762234545284966
916 0.593909 112.781467496365 1.640232 0.745008681103656
917 0.383428 105.124372930083 2.00091 0.776173922704877
918 0.345711 122.443842290456 2.094669 0.810985944800297
919 0.433581 105.98474332651 1.903017 0.749080245579892
920 0.483731 110.381608053226 1.890971 0.752878980645759
921 0.575793 104.788320639782 1.700105 0.764186372646853
922 0.337096 125.536966913011 2.118848 0.827563970050017
923 0.159528 122.846316622296 2.261512 0.84313466986724
924 0.308147 118.574011652704 2.115527 0.793488139714283
925 0.365941 105.026367609246 1.992069 0.781741814494425
926 0.24044 126.132650415261 2.199974 0.827519431190322
927 0.437178 111.999214436595 1.912224 0.787810975712249
928 0.527564 114.497753264198 1.800856 0.703732739400735
929 0.43842 125.070121074274 1.96775 0.813228999226103
930 0.570117 100.758326109111 1.682317 0.715660594313989
931 0.515234 102.446119273078 1.807255 0.751757099955652
932 0.408805 114.875759212116 2.001815 0.78029512128935
933 0.396449 105.775746510854 2.02796 0.727994887417358
934 0.46076 110.54921460694 1.876194 0.751761651155952
935 0.541131 115.136371065701 1.790688 0.790494433385038
936 0.52694 114.166501996388 1.826036 0.780302352827427
937 0.205018 122.779254241267 2.23437 0.781087570961577
938 0.446268 119.996538899264 1.911595 0.784194612167332
939 0.382809 111.842254947738 2.049539 0.763686806930745
940 0.556232 110.991285592923 1.740009 0.79355747108813
941 0.395941 115.428758995657 1.996014 0.759802456673204
942 0.474441 112.962401247328 1.89508 0.749551246278193
943 0.408564 124.972110861625 2.008133 0.781939302643394
944 0.278419 113.626280070688 2.176915 0.795518056455343
945 0.482921 107.752714138597 1.877693 0.762008447245494
946 0.300329 118.547649619231 2.134573 0.8029398121914
947 0.451648 115.551281435061 1.953173 0.755424350356796
948 0.464139 119.172991285136 1.88945 0.798763931094697
949 0.438956 113.816702842186 1.956777 0.745928470757805
950 0.298695 109.59465005331 2.104822 0.782795091200384
951 0.573182 107.97345489829 1.696234 0.725265340865001
952 0.404384 109.322603808757 2.0204 0.757853014392774
953 0.590027 103.173107931952 1.64545 0.735342463769622
954 0.42402 119.269903007154 2.000233 0.776323904667333
955 0.329889 114.394925217276 2.097773 0.772222586609083
956 0.357242 118.207605862244 2.079892 0.78020262257903
957 0.657445 101.760740352806 1.5131 0.702648196420028
958 0.677616 108.166143559238 1.444789 0.699769560203716
959 0.454343 101.787178976103 1.921001 0.762117377378631
960 0.301501 117.471074661786 2.133181 0.800052858584475
961 0.584928 117.120598296709 1.688561 0.767732836054474
962 0.364171 115.063594511065 2.000651 0.779963218018216
963 0.354709 117.052228720141 2.063791 0.796421162398235
964 0.500708 111.53512369044 1.837205 0.787785771707979
965 0.111277 134.13833408464 2.282128 0.832647461772888
966 0.547098 105.947230338223 1.769254 0.699577634483978
967 0.336839 120.73405749887 2.062845 0.823931204935858
968 0.535038 116.169160729174 1.754871 0.744072034185864
969 0.683933 101.431720786746 1.399868 0.673416692382967
970 0.374461 114.345759621849 1.961178 0.799792493066983
971 0.579525 113.265968337948 1.682915 0.751685662695753
972 0.419313 112.585967934722 1.985239 0.799411365925141
973 0.424641 114.686618163225 1.955978 0.798540276312163
974 0.410954 108.326821604863 1.983087 0.762466824961565
975 0.392037 102.052364308706 2.014143 0.734507726877051
976 0.235138 125.953548309705 2.199821 0.785705042473504
977 0.372955 111.39572193877 2.069875 0.78734056065085
978 0.682779 103.139856112064 1.431754 0.712081469208581
979 0.482669 112.85381090741 1.894497 0.73970006266909
980 0.565898 106.524518302336 1.721443 0.728210317536734
981 0.390832 111.821276426304 2.002896 0.782166974887565
982 0.639274 106.911397400832 1.532053 0.612165632433477
983 0.572503 95.3033841520774 1.707903 0.714028018628144
984 0.435954 123.261227542728 1.95676 0.814708720374703
985 0.493179 112.839592957255 1.863677 0.703183460533206
986 0.394459 116.704054046792 2.033099 0.740891103032778
987 0.62555 114.448970492621 1.583182 0.762563236738381
988 0.486479 108.582777583004 1.862329 0.748084640414996
989 0.650866 113.640402726756 1.467446 0.640127741688087
990 0.625981 113.795396746596 1.579928 0.642672207715676
991 0.461148 116.545424224774 1.913707 0.795717558655451
992 0.534583 106.150449256924 1.786678 0.717258176496735
993 0.34369 117.485255817588 2.069408 0.773263116162997
994 0.412615 113.585223387144 1.971096 0.775994724906484
995 0.483904 115.362901259907 1.897478 0.779995287779746
996 0.395833 110.103535282582 1.962918 0.772314527944394
997 0.366782 106.046329485775 2.042887 0.783404553473687
998 0.379139 106.661792521412 1.996338 0.801583820553575
999 0.474522 115.335877046731 1.903518 0.737518811664549
1000 0.455689 108.854125137657 1.90764 0.764690452175328
