rep	aei_left	left_area	adi_left	H
1	0.381133	118.3449326	2.00397	0.819037294
2	0.317852	124.622118	2.096993	0.839707153
3	0.286738	122.5853101	2.129401	0.844171376
4	0.386355	123.9087837	2.020718	0.834349168
5	0.331352	122.3468743	2.103139	0.828180127
6	0.353914	122.2382421	2.051216	0.829752821
7	0.364149	118.6158556	2.021607	0.811950524
8	0.366912	118.3289132	2.029348	0.826763961
9	0.418944	119.0067001	1.967387	0.821990137
10	0.30683	119.4372028	2.102838	0.827932855
11	0.199114	128.8700885	2.22437	0.865733402
12	0.393567	115.7585467	1.985554	0.80879328
13	0.279085	120.4644625	2.141585	0.837111635
14	0.357344	120.6975568	2.057324	0.831918854
15	0.347345	122.1753421	2.072728	0.819398739
16	0.34197	120.9754107	2.09326	0.8057333
17	0.203878	128.196561	2.220917	0.843357644
18	0.361021	118.2523251	2.03268	0.821369272
19	0.396859	117.4780692	1.981292	0.820464096
20	0.360914	120.0106965	2.045566	0.833273971
21	0.327397	119.8285624	2.088514	0.826702119
22	0.464906	112.6035929	1.857214	0.792447563
23	0.302133	125.2733471	2.123559	0.855317339
24	0.320736	127.8222865	2.070248	0.849718659
25	0.331969	124.6911381	2.09058	0.838913757
26	0.293783	119.6913417	2.093159	0.82487372
27	0.325151	122.5650622	2.076242	0.820877831
28	0.319706	120.9555292	2.109677	0.826558526
29	0.349377	125.7403849	2.050415	0.834543961
30	0.328284	119.8187985	2.070982	0.804154345
31	0.341146	122.4274183	2.066757	0.832658896
32	0.271694	118.7863786	2.13053	0.836475748
33	0.336327	124.2934552	2.07178	0.841647995
34	0.421631	123.1287363	1.96419	0.823436114
35	0.297175	123.8478089	2.124874	0.825178002
36	0.347557	119.6030006	2.063378	0.824855835
37	0.31738	120.1494349	2.084415	0.822484638
38	0.323987	123.6322092	2.066285	0.82783366
39	0.294206	120.4287423	2.117188	0.832185853
40	0.319696	117.6677437	2.083303	0.826200093
41	0.28597	127.1015864	2.14331	0.846341008
42	0.321433	117.4553838	2.035018	0.82397315
43	0.412147	120.8907834	1.954046	0.812642663
44	0.37334	118.1513334	2.019084	0.818805993
45	0.395427	117.6151459	1.992758	0.819309726
46	0.401335	114.572974	1.961616	0.801357623
47	0.378872	122.7911788	2.049024	0.797953336
48	0.372819	117.4932194	2.023248	0.812927761
49	0.343001	120.7107629	2.030801	0.800751146
50	0.371357	123.8571089	2.010411	0.830161276
51	0.323747	117.0521801	2.075606	0.816084203
52	0.326961	116.678711	2.067992	0.817397495
53	0.247743	127.7738833	2.179909	0.853005305
54	0.39723	122.8699372	2.010552	0.815044803
55	0.30022	118.7397472	2.110079	0.833785797
56	0.365705	120.215052	2.023248	0.830331513
57	0.373893	120.5176277	2.014629	0.823439895
58	0.301625	123.890171	2.12262	0.846697419
59	0.348357	118.8750821	2.050128	0.823256577
60	0.450835	114.3760103	1.851992	0.789957494
61	0.27205	119.6149814	2.129413	0.833924828
62	0.385645	119.7657073	2.004938	0.818486036
63	0.276114	122.9529731	2.155564	0.83361816
64	0.330639	121.3385213	2.088158	0.826321946
65	0.420261	122.9318953	1.985993	0.823890855
66	0.298469	121.6640234	2.125861	0.828556089
67	0.371183	121.3904229	2.004819	0.82102954
68	0.27	123.6491696	2.154568	0.844749556
69	0.340861	118.7256012	2.070713	0.825070895
70	0.271595	126.3306603	2.153014	0.844476472
71	0.34463	119.5227754	2.03514	0.832765495
72	0.371002	118.3185256	2.010299	0.815262929
73	0.322665	117.873134	2.083436	0.825666745
74	0.374288	117.3316783	2.005852	0.826094929
75	0.399971	121.7457312	1.971267	0.819517781
76	0.357056	120.1845424	2.032312	0.819110174
77	0.246262	121.9169486	2.176027	0.828491924
78	0.285339	121.3489143	2.088669	0.82720469
79	0.420481	117.6190689	1.940798	0.798740139
80	0.343696	121.2600276	2.046642	0.82788659
81	0.332496	119.6348774	2.066566	0.813591908
82	0.374015	119.431442	2.041833	0.817029809
83	0.324578	127.9976003	2.122885	0.844813522
84	0.393319	115.1186815	1.98404	0.811246242
85	0.420771	117.1172022	1.920976	0.805098243
86	0.380396	119.4087007	2.016221	0.82181606
87	0.402611	119.0503604	1.966775	0.806229308
88	0.456667	120.8555195	1.927165	0.798063899
89	0.348942	123.2068267	2.042747	0.834141593
90	0.327169	118.5068456	2.058034	0.824468327
91	0.409345	115.384974	1.95896	0.798336097
92	0.207541	124.2617504	2.223284	0.847867087
93	0.407317	122.6394994	1.99374	0.82697663
94	0.228711	128.7893482	2.183095	0.859071328
95	0.405539	118.7994602	1.977915	0.806644466
96	0.362109	121.2171546	2.051658	0.820680472
97	0.354452	119.3501751	2.035753	0.819738284
98	0.325987	122.1421425	2.063982	0.842140318
99	0.276713	125.0333918	2.156712	0.828524956
100	0.365054	121.5555619	2.038248	0.815966359
101	0.362363	120.0508852	2.029744	0.834396142
102	0.368945	118.9881081	2.014841	0.820635044
103	0.223857	127.0365287	2.213699	0.862173034
104	0.318993	121.8850852	2.097522	0.840617957
105	0.41999	121.4715911	1.955353	0.783138756
106	0.326395	116.6958408	2.064816	0.819078279
107	0.321182	119.8539847	2.104919	0.806167742
108	0.412208	117.9989915	1.973745	0.796443569
109	0.39152	118.6028006	1.972861	0.827220425
110	0.316073	121.1490124	2.104269	0.828683461
111	0.274138	127.3451262	2.167507	0.845472721
112	0.240832	125.2787503	2.196846	0.84454031
113	0.329839	122.8535992	2.065357	0.832442824
114	0.415147	117.8250587	1.933215	0.805612659
115	0.336209	128.4064275	2.090638	0.836568555
116	0.365529	122.2945902	2.051545	0.833071088
117	0.329917	124.1290148	2.076452	0.834727336
118	0.438344	117.1528859	1.928515	0.80895159
119	0.460282	119.6767815	1.906679	0.827054883
120	0.321898	119.0467396	2.090886	0.827783425
121	0.34764	121.8793957	2.084292	0.825230598
122	0.358891	122.2293017	2.033913	0.838503362
123	0.408255	117.0514768	1.951945	0.809810782
124	0.305972	121.1591992	2.099035	0.835112387
125	0.44711	117.7409479	1.893448	0.796314344
126	0.241782	129.3001771	2.151843	0.840288816
127	0.414128	122.2668117	1.932897	0.811705872
128	0.240833	118.8444509	2.149792	0.831782223
129	0.366677	114.9882046	1.982362	0.805636074
130	0.319904	118.5708389	2.059705	0.825145566
131	0.375751	119.8453524	2.002104	0.818304161
132	0.398844	116.8712751	1.951927	0.808671864
133	0.299412	124.3626124	2.132054	0.835486894
134	0.378097	120.9738986	2.025856	0.827529346
135	0.308193	121.2840783	2.091133	0.839417812
136	0.382108	116.030871	1.995504	0.810864371
137	0.425778	118.1001332	1.940472	0.81803432
138	0.365488	125.4566535	2.069029	0.820340878
139	0.375203	115.5563273	2.019205	0.819197521
140	0.316199	123.3454577	2.10128	0.828781896
141	0.369412	120.5917886	2.031529	0.820535751
142	0.387778	115.942445	2.020584	0.801848196
143	0.260323	122.4020033	2.162623	0.834085533
144	0.413023	118.6719967	1.960141	0.82062048
145	0.373798	119.2369169	2.013063	0.813910637
146	0.457398	115.0267312	1.89362	0.811982148
147	0.342431	119.6473278	2.064012	0.814952697
148	0.276729	119.5051074	2.107365	0.821679074
149	0.306059	118.2810697	2.105552	0.830702474
150	0.385007	119.1509848	1.975723	0.808866934
151	0.396343	117.2493593	1.980273	0.824365099
152	0.268154	119.8256224	2.166856	0.835397978
153	0.334406	124.9357523	2.078333	0.841856202
154	0.30572	120.2630021	2.10117	0.824767547
155	0.405486	116.432823	1.975514	0.810107344
156	0.341329	126.7484728	2.093134	0.836931423
157	0.430691	113.980613	1.903865	0.801563864
158	0.424963	114.5221472	1.954755	0.782972278
159	0.315134	124.7009248	2.093732	0.830385468
160	0.350817	119.3593711	2.067774	0.813827732
161	0.25434	127.5170225	2.175275	0.853175947
162	0.356381	115.4818362	1.991256	0.820137149
163	0.32571	121.6917556	2.092568	0.831168295
164	0.352536	119.2884819	2.030344	0.826156033
165	0.325663	120.2477645	2.103838	0.819854122
166	0.398319	125.5178595	1.999223	0.827975768
167	0.367491	119.9456685	2.012889	0.827689058
168	0.332615	123.2146251	2.100754	0.834977319
169	0.317805	122.1382965	2.119029	0.816554147
170	0.349491	118.7645755	2.050575	0.827602631
171	0.429419	118.4610447	1.919127	0.813361074
172	0.252659	122.014117	2.166644	0.845753863
173	0.351715	122.3840237	2.060094	0.825832659
174	0.338146	119.2426069	2.040865	0.815822052
175	0.392677	119.2140412	1.969525	0.81501219
176	0.481864	118.3815022	1.905285	0.799517531
177	0.32761	122.7482474	2.099244	0.824065842
178	0.285621	128.1935781	2.150302	0.842373776
179	0.335478	120.3707937	2.082894	0.822281107
180	0.39571	119.6674212	1.986073	0.806066708
181	0.392919	123.7126683	2.003646	0.829006103
182	0.354703	120.7906813	2.065894	0.83835725
183	0.470527	124.6280527	1.916364	0.80731923
184	0.263554	122.1322257	2.167822	0.838283477
185	0.381527	117.2355671	1.993663	0.806068995
186	0.304328	125.4104997	2.096131	0.842175447
187	0.366533	115.8902504	2.013819	0.808241959
188	0.35293	122.3778917	2.043934	0.817329782
189	0.333291	122.3621323	2.084905	0.818457792
190	0.297028	124.8303865	2.128992	0.845507672
191	0.408804	119.2031845	1.981389	0.823033873
192	0.380411	115.9769382	2.001176	0.813378054
193	0.337478	119.8542483	2.078054	0.816381848
194	0.272329	122.0739311	2.160317	0.828044746
195	0.385019	119.95761	2.021284	0.814237343
196	0.380898	121.3894929	2.007637	0.818438861
197	0.368959	111.9004677	2.010686	0.803512191
198	0.276728	123.0256154	2.107487	0.839601284
199	0.391689	120.6949368	2.018471	0.821248135
200	0.396216	119.9057807	2.010528	0.822442774
201	0.220007	124.5184442	2.195572	0.851841209
202	0.392789	116.9794932	1.986814	0.823100921
203	0.371067	122.065245	2.018695	0.828750371
204	0.215097	118.4280674	2.17968	0.834698937
205	0.304769	117.5955288	2.09348	0.827565067
206	0.378066	117.8591379	2.005846	0.816684243
207	0.365954	117.701271	2.023974	0.818685177
208	0.345036	117.3149132	2.034858	0.818742263
209	0.310684	121.2717096	2.088436	0.832736542
210	0.331497	127.7527266	2.105202	0.838410813
211	0.414308	120.0685951	1.955414	0.821622378
212	0.344163	118.6477383	2.029391	0.826069235
213	0.369542	118.0309621	2.014521	0.820575804
214	0.493535	121.9309388	1.869281	0.826116643
215	0.35325	123.2724809	2.015678	0.831839148
216	0.411347	116.726552	1.948002	0.794365787
217	0.321323	123.9972085	2.119432	0.838718824
218	0.420532	116.231502	1.952991	0.802089384
219	0.273457	126.503276	2.151579	0.842616116
220	0.389011	121.0757088	1.97854	0.804213676
221	0.430316	119.1375224	1.953614	0.838264205
222	0.311464	118.9857291	2.092736	0.832799438
223	0.334536	120.1587423	2.055297	0.831300895
224	0.499861	114.8048801	1.853752	0.79107104
225	0.414802	120.5508503	1.971169	0.819562378
226	0.331278	120.2813664	2.06544	0.829775195
227	0.27888	123.3291079	2.135316	0.840874623
228	0.405525	119.5610056	1.97856	0.822139503
229	0.30471	121.5264451	2.100493	0.837175844
230	0.409859	116.0496978	1.973272	0.806205382
231	0.36003	119.6390115	2.019989	0.824040097
232	0.309874	120.2664405	2.086265	0.820107213
233	0.418631	116.2272649	1.957317	0.822337861
234	0.385306	122.2486865	2.002822	0.824432379
235	0.309221	125.8157771	2.105581	0.846431874
236	0.451677	116.7396106	1.899795	0.808494089
237	0.403503	124.3675566	2.004398	0.832332919
238	0.296907	119.4313512	2.1157	0.835872801
239	0.330188	123.9011088	2.087663	0.834722931
240	0.391365	121.7474209	2.009076	0.820924739
241	0.393048	122.5728058	1.963336	0.830639693
242	0.435096	114.9353989	1.918168	0.807295167
243	0.38943	119.7817299	2.001175	0.815303422
244	0.445539	116.4404463	1.91854	0.800437828
245	0.354068	122.827124	2.071871	0.847416556
246	0.313824	122.1114038	2.113761	0.840925635
247	0.324561	123.4495345	2.106865	0.832671255
248	0.314101	122.5766394	2.10394	0.812009865
249	0.321776	118.3766274	2.08416	0.825068246
250	0.334701	120.3447257	2.07289	0.835487884
251	0.390383	119.4103357	1.984642	0.821300855
252	0.415565	117.0495585	1.95232	0.814106703
253	0.193114	121.8874641	2.219989	0.847017132
254	0.32397	120.5483903	2.04387	0.822848363
255	0.439082	118.2758756	1.903143	0.818839604
256	0.270595	122.1486913	2.152055	0.839892538
257	0.403818	117.7331863	1.963752	0.819846855
258	0.442064	124.8546215	1.942407	0.818891497
259	0.319374	117.1294466	2.057032	0.809726479
260	0.297162	120.1979293	2.111304	0.826505163
261	0.395564	118.2837117	1.972311	0.819204027
262	0.377903	122.0552884	2.011216	0.831715897
263	0.368059	119.1610131	2.04429	0.828420151
264	0.320947	122.9138284	2.08336	0.838548608
265	0.32757	120.0904999	2.076214	0.831295819
266	0.398434	122.0300357	1.997771	0.82551886
267	0.315491	119.3136806	2.079195	0.833091031
268	0.324116	120.7193009	2.076391	0.828743444
269	0.325598	120.1782654	2.096347	0.826965303
270	0.307272	120.882347	2.099299	0.833092761
271	0.450158	122.4525182	1.919925	0.822595509
272	0.37226	117.2119734	2.023316	0.821575833
273	0.36096	120.969818	2.021598	0.805724023
274	0.428164	117.8065928	1.944922	0.809705819
275	0.368001	117.5148355	2.005492	0.815609508
276	0.415691	116.785965	1.953477	0.802037927
277	0.395507	120.5177014	1.971046	0.812783525
278	0.362732	119.9996335	2.029906	0.826408064
279	0.333838	121.5710613	2.050037	0.831240903
280	0.369567	119.5848679	2.005464	0.817437085
281	0.31876	118.7544775	2.100843	0.828660806
282	0.366723	116.0888435	2.050462	0.785400059
283	0.341403	115.1818148	2.0576	0.806587533
284	0.390975	120.5688804	2.008898	0.813469018
285	0.302121	123.0872511	2.125383	0.83819664
286	0.443038	111.4603322	1.894079	0.777957298
287	0.328765	118.1612946	2.075741	0.82153973
288	0.423634	116.6234457	1.951551	0.812990946
289	0.415993	117.1351484	1.950675	0.808547401
290	0.32401	123.4458984	2.100263	0.840302995
291	0.368508	121.5226806	2.018283	0.8140196
292	0.413121	116.5705355	1.921047	0.816276609
293	0.31952	122.7948881	2.101787	0.841178081
294	0.309916	124.1721778	2.118546	0.828227388
295	0.432984	116.3739053	1.935599	0.822091248
296	0.357169	117.9646257	2.023502	0.827169597
297	0.293253	117.4090246	2.117771	0.831711872
298	0.264514	126.017445	2.16058	0.840049747
299	0.412029	119.2311485	1.966975	0.818583757
300	0.355926	122.1157162	2.05897	0.83264855
301	0.373381	118.3055112	1.993305	0.821314061
302	0.400784	119.2213524	1.945847	0.816808429
303	0.2414	125.5807784	2.148585	0.839759197
304	0.390919	121.8246555	1.995146	0.826314875
305	0.2742	124.7731093	2.126585	0.832080073
306	0.390969	119.2863655	1.970865	0.82566803
307	0.406089	120.9355204	1.981538	0.81397211
308	0.322568	126.1621576	2.097418	0.845552856
309	0.369176	117.1420148	2.049552	0.811695662
310	0.297762	124.7498484	2.125958	0.841397436
311	0.324217	121.0733785	2.069525	0.82958668
312	0.26772	119.911808	2.160453	0.837031757
313	0.373315	113.6880834	1.993485	0.81409873
314	0.32448	123.1920199	2.088152	0.816664994
315	0.362071	122.5577631	2.055209	0.833049526
316	0.243973	126.6160719	2.189198	0.849859715
317	0.334708	119.9611438	2.071767	0.826359761
318	0.337317	117.9907513	2.08652	0.826970845
319	0.330766	121.6473544	2.088045	0.832258982
320	0.35641	119.7335273	2.032297	0.826367445
321	0.361263	119.1273146	2.059175	0.823917361
322	0.267423	121.1110198	2.148157	0.834544087
323	0.341047	120.068798	2.065249	0.834128869
324	0.389627	120.9044435	1.976002	0.819646083
325	0.400777	118.5163187	2.008549	0.827042898
326	0.402171	119.789304	1.988356	0.828159381
327	0.294693	121.6105855	2.134217	0.83730018
328	0.325903	121.4927952	2.06366	0.831661468
329	0.362526	116.609491	2.029674	0.816357283
330	0.278097	125.7033665	2.149067	0.841851315
331	0.35553	123.0596285	2.062112	0.837623647
332	0.318081	120.0937076	2.083217	0.828398285
333	0.316003	118.7610671	2.071462	0.834138208
334	0.265279	126.3203269	2.163688	0.835680493
335	0.386039	120.1065868	2.030312	0.820313358
336	0.376643	122.9147909	2.017573	0.820187884
337	0.384956	116.3153714	2.000956	0.827667259
338	0.28942	122.0075114	2.127723	0.838335542
339	0.190965	127.0842254	2.229867	0.84896416
340	0.394693	119.978837	1.982036	0.815963448
341	0.357294	123.0462299	2.045636	0.825926969
342	0.430421	114.972643	1.897338	0.789935594
343	0.363692	122.773029	2.0281	0.812118131
344	0.263504	125.6955496	2.172142	0.850025152
345	0.3286	121.313864	2.040082	0.831086729
346	0.366296	120.7376743	2.035106	0.821223602
347	0.393688	117.6687863	1.981242	0.83037887
348	0.354083	121.8970948	2.032262	0.816493881
349	0.35797	119.4919185	2.0377	0.825463749
350	0.442338	120.3129945	1.934523	0.820331818
351	0.296562	124.5406355	2.13156	0.84185167
352	0.364157	122.3451301	2.03693	0.832495117
353	0.353124	124.8889661	2.059219	0.843146185
354	0.329422	121.7188499	2.088734	0.820921874
355	0.324132	116.357971	2.053209	0.813166041
356	0.386769	122.7832859	2.029646	0.813189196
357	0.448478	119.5569824	1.903711	0.807382242
358	0.246767	122.1825502	2.178522	0.841692023
359	0.330191	120.8033885	2.075701	0.831002696
360	0.455921	112.6875344	1.886659	0.78221406
361	0.345581	121.691586	2.085233	0.833251779
362	0.43579	120.9399931	1.954813	0.816180564
363	0.336753	125.1749121	2.113616	0.819026948
364	0.395274	118.2484511	1.983672	0.808517462
365	0.296577	122.2272578	2.116801	0.831183746
366	0.376248	122.1792909	2.02294	0.830067799
367	0.296231	117.8852793	2.10394	0.834135189
368	0.344238	120.6171735	2.062656	0.833220459
369	0.370899	119.2381049	2.020122	0.822501528
370	0.34794	124.2511619	2.068444	0.820958756
371	0.395681	117.5779434	1.99139	0.811573999
372	0.34437	125.65046	2.07626	0.82484181
373	0.363877	117.5975874	2.039874	0.809961851
374	0.319723	121.5954058	2.082738	0.834580118
375	0.340075	123.2978573	2.052692	0.813204392
376	0.377972	121.7491077	2.030617	0.831960655
377	0.508418	116.8281277	1.811131	0.793619428
378	0.327503	120.4115833	2.058873	0.830387489
379	0.31802	120.0256066	2.094578	0.832761077
380	0.328996	118.1087789	2.081512	0.813705347
381	0.352141	119.9706128	2.060442	0.827068779
382	0.297381	122.6774527	2.101177	0.845981418
383	0.374512	121.6058392	2.036351	0.808306201
384	0.342336	123.7043135	2.063846	0.844776406
385	0.341083	121.6988191	2.064778	0.832310837
386	0.39999	120.3717471	1.988209	0.798814757
387	0.213363	129.0114652	2.214644	0.856014586
388	0.393261	120.7472761	1.996466	0.831843224
389	0.422349	114.3383309	1.922844	0.798482825
390	0.365728	118.6095553	2.028789	0.826009268
391	0.235058	123.1692186	2.193805	0.843984107
392	0.252094	125.4156334	2.174137	0.837150549
393	0.219631	124.5695483	2.210027	0.855096347
394	0.420749	115.6909118	1.954993	0.796884237
395	0.361578	125.0160914	2.059176	0.817519867
396	0.389823	115.7211676	1.991489	0.818486745
397	0.27459	126.2101119	2.147351	0.841124288
398	0.314793	116.3091035	2.088689	0.809494004
399	0.435206	119.4441704	1.926673	0.804517636
400	0.420745	117.5664936	1.955576	0.813906072
401	0.283642	120.8833101	2.135189	0.823910875
402	0.379361	123.396491	2.013084	0.845142264
403	0.383182	120.3213139	1.997337	0.810515066
404	0.381289	113.3587711	1.995346	0.803257436
405	0.435569	115.9617229	1.897093	0.796479097
406	0.407048	118.3498172	1.983221	0.799075835
407	0.400998	119.850926	1.997552	0.807759669
408	0.31306	120.183099	2.098503	0.830833148
409	0.376079	120.7406383	2.030828	0.811008982
410	0.383225	121.6138613	1.981975	0.799687906
411	0.289169	124.2277791	2.120261	0.84798268
412	0.419981	117.5864574	1.932311	0.808488729
413	0.387583	117.6338138	1.99195	0.808934242
414	0.323745	124.9434045	2.082861	0.852658556
415	0.347521	116.6927191	2.050688	0.826729612
416	0.302039	127.8752615	2.119466	0.838734133
417	0.1716	127.1877687	2.245576	0.861729386
418	0.383659	117.7156478	2.013846	0.810322918
419	0.301943	123.8288062	2.095485	0.844971471
420	0.446118	119.0070732	1.906074	0.793513773
421	0.304882	116.7525345	2.100669	0.822738496
422	0.290873	122.7484257	2.115147	0.829146267
423	0.383095	123.1915002	2.005473	0.828384454
424	0.289808	119.6748759	2.131193	0.828940479
425	0.340353	118.5988501	2.056528	0.815934669
426	0.379687	122.962193	2.014676	0.841871969
427	0.483614	116.9935439	1.854856	0.813567674
428	0.429995	118.3791515	1.919528	0.82258866
429	0.376394	118.8800505	2.019271	0.808483972
430	0.370518	121.3626307	2.033558	0.798959542
431	0.420989	119.5772203	1.953807	0.81465812
432	0.381081	120.741335	2.006337	0.825963748
433	0.306115	121.39483	2.09608	0.826590267
434	0.357595	123.4561518	2.037718	0.829201766
435	0.380616	117.6757968	2.006317	0.816479094
436	0.360957	120.254813	2.020167	0.831340311
437	0.368221	125.1952495	2.038038	0.828414991
438	0.29737	123.8629364	2.115411	0.84849991
439	0.331594	120.9221465	2.067076	0.830957177
440	0.371573	117.7170502	2.03099	0.819089762
441	0.371495	119.2189668	2.004672	0.831009955
442	0.336335	125.3288939	2.071723	0.835370616
443	0.351002	118.1890553	2.037274	0.815716915
444	0.431715	120.6345485	1.91226	0.80286895
445	0.371075	121.4458153	2.027706	0.821751898
446	0.302452	123.8645215	2.113457	0.849138775
447	0.343115	121.4594248	2.048265	0.829638138
448	0.296778	121.1057826	2.131528	0.820558436
449	0.326558	124.7406209	2.06497	0.81882719
450	0.343562	113.6555068	2.050158	0.811419863
451	0.332346	119.5435794	2.067601	0.818499321
452	0.307984	122.8480624	2.110231	0.831873128
453	0.387697	119.7345203	2.000332	0.817374934
454	0.464743	113.8369531	1.897675	0.807342603
455	0.35334	123.6973621	2.040392	0.831445297
456	0.362717	123.3716541	2.027818	0.830625347
457	0.370466	120.7963062	2.025822	0.823918453
458	0.280042	122.3667194	2.125588	0.839907518
459	0.4185	118.7989435	1.931165	0.793998526
460	0.357682	118.8613019	2.037515	0.822656201
461	0.392411	124.3375659	2.010682	0.833191395
462	0.282382	121.9823845	2.120234	0.835319544
463	0.254965	123.2511879	2.135383	0.849573266
464	0.356668	116.693811	2.028501	0.807370749
465	0.40294	120.7063286	1.988097	0.817385426
466	0.326195	120.0842516	2.065612	0.824859001
467	0.396743	116.4450176	1.994503	0.797857202
468	0.361791	120.9004817	2.054378	0.821959716
469	0.332827	122.5727076	2.078704	0.837740967
470	0.343535	118.997531	2.07525	0.812142883
471	0.435541	114.7030304	1.936232	0.797628612
472	0.371213	121.7157294	2.029419	0.834579907
473	0.341264	122.6748963	2.07967	0.805755077
474	0.421635	116.7216019	1.962578	0.805353882
475	0.31753	125.2455413	2.092623	0.833356034
476	0.425913	112.4686473	1.9484	0.80211478
477	0.320428	121.2589847	2.074536	0.836033996
478	0.366646	115.1328217	2.027579	0.812822905
479	0.31084	120.0434379	2.087463	0.839178495
480	0.296011	121.9736702	2.110493	0.833092452
481	0.37764	115.8293813	2.016559	0.793580832
482	0.344818	116.2500419	2.065493	0.821524964
483	0.347314	121.9440111	2.052627	0.827797562
484	0.295065	126.49412	2.133276	0.846823813
485	0.442089	116.8634976	1.891534	0.799080552
486	0.37857	116.7891268	2.00456	0.819286939
487	0.361593	121.3564544	2.045762	0.829498827
488	0.274779	125.6744252	2.157598	0.840844149
489	0.330116	121.140381	2.085851	0.833786542
490	0.367283	124.2784011	2.009973	0.837385268
491	0.41853	118.1409117	1.940353	0.81463062
492	0.384653	125.4218576	2.029702	0.826109091
493	0.376396	120.3899576	2.016022	0.799877449
494	0.383367	119.5152947	1.985316	0.818655584
495	0.289143	121.9943801	2.094063	0.843621645
496	0.43418	117.695365	1.925311	0.787785027
497	0.370031	117.1876116	2.024702	0.822107623
498	0.254675	124.6715382	2.160519	0.834357187
499	0.276087	126.7922316	2.145669	0.851270059
500	0.394086	115.5077902	1.966963	0.814029524
501	0.266443	122.9878222	2.155916	0.831859223
502	0.379196	115.1691658	2.012703	0.818223605
503	0.342835	120.289948	2.076267	0.825145576
504	0.332414	116.7455146	2.08044	0.81015637
505	0.324216	120.8615228	2.091833	0.827719989
506	0.373215	121.3036738	2.010014	0.808517247
507	0.376732	118.7483804	1.995335	0.823779699
508	0.349567	120.2745423	2.043568	0.826880318
509	0.345208	115.0753835	2.050434	0.80215799
510	0.340356	121.1478751	2.06521	0.83698526
511	0.419531	115.1982771	1.968923	0.799331454
512	0.374182	122.6800865	2.035066	0.818376175
513	0.409847	115.9769647	1.942963	0.815865615
514	0.318238	124.9807784	2.054743	0.829546251
515	0.337582	121.5293214	2.069497	0.843012369
516	0.308931	120.698917	2.101525	0.835032944
517	0.347542	119.8910061	2.054684	0.829789833
518	0.339775	121.6630553	2.095265	0.837768926
519	0.34509	119.2398544	2.060172	0.825360422
520	0.387437	118.4523887	1.986473	0.833579119
521	0.366684	124.2913342	2.031832	0.826773037
522	0.295466	119.6290528	2.089746	0.838853955
523	0.361	116.6361534	2.042692	0.81049079
524	0.346986	121.4513246	2.074	0.838920434
525	0.415982	116.4569465	1.955528	0.816032809
526	0.400491	125.3028365	1.995222	0.83800716
527	0.27409	123.0870074	2.140794	0.833416554
528	0.320973	120.7675896	2.086963	0.820892433
529	0.341746	118.1543793	2.056414	0.82187764
530	0.375274	117.842964	2.020591	0.810073069
531	0.388224	125.6873257	2.012657	0.847338801
532	0.246962	119.389959	2.17184	0.833640768
533	0.326713	117.8832901	2.060452	0.82066416
534	0.36161	119.2123193	2.035252	0.831299271
535	0.443305	118.2789349	1.924766	0.822152907
536	0.363595	117.0279499	2.032766	0.821979884
537	0.349075	123.5219714	2.05609	0.82169287
538	0.395355	120.8466043	2.000299	0.82129935
539	0.27348	124.8396992	2.167672	0.845535816
540	0.337286	119.909257	2.056991	0.8333756
541	0.332984	119.3171715	2.054026	0.824313
542	0.397509	120.119202	2.020625	0.808035957
543	0.237801	127.7629326	2.200124	0.85185409
544	0.405082	115.3408169	1.971368	0.799325013
545	0.303423	119.0057349	2.109551	0.826579629
546	0.365157	122.9498236	2.039907	0.831588656
547	0.417324	115.4678954	1.936103	0.813052388
548	0.369458	120.827948	2.038674	0.828946144
549	0.298349	120.4236101	2.085223	0.828398404
550	0.472256	111.1890529	1.876124	0.78858095
551	0.403863	118.0670788	1.984234	0.813667365
552	0.325819	124.0148847	2.100658	0.832918044
553	0.350863	119.2883207	2.046769	0.810756617
554	0.414251	115.751859	1.949855	0.812021181
555	0.364015	129.7933931	2.07711	0.834470827
556	0.408086	121.0817275	1.968898	0.817915883
557	0.353041	122.4076246	2.033687	0.829224323
558	0.348884	123.5291504	2.069505	0.82603731
559	0.333617	130.2965016	2.105205	0.840140084
560	0.405399	123.3097766	1.986899	0.833171569
561	0.307633	122.9044676	2.126932	0.825945247
562	0.388645	117.025853	1.992894	0.816334482
563	0.269803	121.1482174	2.147467	0.8351935
564	0.362267	117.0843669	2.037248	0.813554158
565	0.305565	120.5548142	2.116442	0.844593367
566	0.328338	115.9016508	2.060709	0.810027989
567	0.456919	117.2062511	1.874184	0.797278729
568	0.280495	122.3119409	2.109312	0.839894463
569	0.347788	124.1972585	2.081122	0.807597203
570	0.365895	125.202498	2.034703	0.854666524
571	0.389052	118.2609285	1.969796	0.810335032
572	0.442746	118.3143076	1.930234	0.800633916
573	0.359793	122.2363941	2.038167	0.824712823
574	0.355194	121.7097664	2.04381	0.826982482
575	0.458383	116.6734277	1.87827	0.804429154
576	0.351615	119.8079425	2.050889	0.823940437
577	0.326217	124.9559068	2.046704	0.835036586
578	0.424072	117.1606147	1.90896	0.820761783
579	0.471999	117.2076511	1.879684	0.804171859
580	0.279465	122.2280813	2.125227	0.837082206
581	0.40749	120.2506684	1.997377	0.819610128
582	0.385588	117.3980469	2.007316	0.812051639
583	0.417412	122.0158102	1.949593	0.815269596
584	0.371196	119.9301609	2.002663	0.818082484
585	0.474003	119.4947859	1.885579	0.80813951
586	0.394955	120.1998606	2.014174	0.802556228
587	0.439077	119.567207	1.906115	0.795714504
588	0.41407	118.7135014	1.937333	0.814967367
589	0.381648	119.6439647	1.980029	0.834410944
590	0.260804	121.0502055	2.163328	0.834555131
591	0.278955	119.8158929	2.142285	0.832030225
592	0.333742	119.9408123	2.055892	0.825522973
593	0.274108	121.0770975	2.13961	0.842489185
594	0.371344	121.9951953	2.015734	0.810040031
595	0.27093	130.4129709	2.113087	0.836582185
596	0.324245	117.1760948	2.086125	0.817749951
597	0.396603	117.5712899	2.01471	0.792701776
598	0.354095	119.7161492	2.03917	0.829888433
599	0.354131	123.4170699	2.062278	0.831699074
600	0.272929	121.2606405	2.138485	0.833304052
601	0.350358	117.2134649	2.003587	0.819560476
602	0.337292	122.2427166	2.049212	0.832968034
603	0.314566	118.9260326	2.057598	0.825970893
604	0.297939	124.5127451	2.11979	0.827482392
605	0.354293	119.6121673	2.054939	0.818563598
606	0.33827	128.5899533	2.106963	0.827711371
607	0.358398	120.9373483	2.037844	0.829617563
608	0.265056	124.2265645	2.154973	0.847612735
609	0.331152	118.5426874	2.07753	0.825360805
610	0.305854	117.037078	2.10348	0.83402439
611	0.385253	117.7954651	1.975115	0.82186364
612	0.365644	116.0611011	2.011118	0.821573264
613	0.329756	121.7830559	2.091694	0.831671677
614	0.416513	120.2936076	1.934868	0.817657885
615	0.357644	120.0100913	2.027392	0.793116176
616	0.347202	124.2176286	2.050661	0.837586115
617	0.354229	121.5163586	2.044605	0.820672921
618	0.40251	119.7538858	1.997356	0.813449048
619	0.338281	119.6802832	2.058155	0.817866373
620	0.322992	124.9623773	2.070279	0.858758262
621	0.376203	116.2674096	1.991712	0.823336061
622	0.496803	114.9744061	1.816716	0.812543811
623	0.398559	116.8789604	1.977648	0.81200587
624	0.430898	119.3045562	1.926316	0.80836276
625	0.229542	121.2856962	2.188256	0.829885841
626	0.342229	118.1096429	2.053741	0.82291148
627	0.364	119.4984672	2.048787	0.821234373
628	0.338695	121.8779194	2.078508	0.828149854
629	0.359953	124.9732988	2.049167	0.853480688
630	0.321709	118.5027968	2.095178	0.810925396
631	0.260091	132.5382455	2.175072	0.854319012
632	0.208078	122.4123557	2.217506	0.842113809
633	0.432022	120.067613	1.922396	0.813548602
634	0.333307	120.0776276	2.066422	0.822549935
635	0.401748	121.2467623	1.994281	0.829914617
636	0.341286	120.3050756	2.058902	0.840155112
637	0.315562	122.7963372	2.086912	0.831903399
638	0.322377	123.5166093	2.087018	0.833012828
639	0.326748	119.5984682	2.066259	0.833730508
640	0.305535	123.1133959	2.111961	0.825888483
641	0.458164	123.2931423	1.923284	0.825670668
642	0.385226	120.0710063	2.009547	0.79765892
643	0.429999	123.2700141	1.95398	0.80690352
644	0.397834	115.6386094	1.9599	0.809626527
645	0.325898	120.3423224	2.087772	0.813454894
646	0.263426	118.6913023	2.171991	0.831066652
647	0.378011	116.7554253	1.995193	0.816524896
648	0.300412	121.5761605	2.103986	0.831550808
649	0.31943	121.8033789	2.081468	0.845230489
650	0.308622	127.4161015	2.139087	0.844066914
651	0.367231	120.1054368	2.022815	0.821967146
652	0.269337	123.5149141	2.163024	0.840206156
653	0.386507	122.0048063	1.996356	0.830429192
654	0.364556	119.7532968	2.031811	0.821695337
655	0.346405	120.7004632	2.052534	0.834523167
656	0.430039	118.3704053	1.9324	0.813271654
657	0.301458	117.055123	2.111193	0.833760524
658	0.284757	119.375739	2.123275	0.81673316
659	0.307179	127.9752633	2.102337	0.85264188
660	0.361793	118.8472522	2.037303	0.827156871
661	0.360645	120.7889847	2.016343	0.834991581
662	0.405993	117.7321455	1.994459	0.79863819
663	0.294996	122.4355449	2.136613	0.829749254
664	0.30018	122.745574	2.117062	0.833891309
665	0.330478	119.6156442	2.046334	0.823001993
666	0.376601	117.0929045	2.031012	0.806259502
667	0.385386	120.2172478	1.982295	0.811387883
668	0.338802	123.8786294	2.080084	0.83374754
669	0.370361	118.1764523	2.006348	0.826212096
670	0.35865	123.2327739	2.024374	0.827825696
671	0.343642	121.1636054	2.045678	0.817086122
672	0.386197	125.3328766	2.009939	0.820873717
673	0.333652	119.7265022	2.07475	0.817562979
674	0.441403	118.060746	1.943481	0.813716166
675	0.292071	120.0870251	2.097537	0.829331315
676	0.38551	121.6334569	2.00392	0.824465735
677	0.269463	123.5833799	2.163055	0.847257429
678	0.387406	119.1142999	1.996208	0.822763162
679	0.330692	124.5471786	2.086911	0.81498067
680	0.300528	123.9167131	2.10997	0.846738537
681	0.251987	124.636431	2.174343	0.851414857
682	0.297901	125.8146459	2.125481	0.842738983
683	0.283008	123.4485143	2.151635	0.834768334
684	0.351804	124.210034	2.059513	0.834430428
685	0.342376	113.9226213	2.045024	0.81246319
686	0.340537	124.1538639	2.091223	0.816718737
687	0.310302	124.1386747	2.101166	0.841330393
688	0.260093	119.1214166	2.157357	0.826730969
689	0.457597	118.8114091	1.910874	0.804690814
690	0.257185	120.4344818	2.155563	0.82546479
691	0.360365	123.8113655	2.031094	0.826717275
692	0.396071	120.8021714	1.981064	0.822171154
693	0.309222	121.0380406	2.107243	0.827814796
694	0.444188	120.1756016	1.921079	0.798854768
695	0.333879	120.4170254	2.079769	0.816215572
696	0.323241	121.0882027	2.094933	0.836364494
697	0.366273	120.2332437	2.050258	0.814658131
698	0.316401	120.4319868	2.074678	0.831868552
699	0.366013	120.0774577	2.039928	0.821247742
700	0.333827	114.1599279	2.065155	0.816758388
701	0.306079	120.8745182	2.094169	0.808698314
702	0.387899	119.2617125	1.990058	0.818537908
703	0.363441	118.8912907	2.034518	0.821680238
704	0.227431	124.37901	2.198545	0.838403701
705	0.283817	125.5901832	2.148451	0.839071848
706	0.375876	120.8076453	1.99941	0.814235816
707	0.370679	121.7380403	2.055311	0.812812901
708	0.31828	121.3176921	2.081896	0.829868483
709	0.372258	119.6557574	2.042019	0.812194402
710	0.313004	126.4039142	2.093038	0.83159139
711	0.388953	120.5711075	2.007457	0.816090981
712	0.364969	119.8790815	2.019236	0.823515507
713	0.303228	122.6796976	2.124643	0.842144782
714	0.417867	117.266117	1.963071	0.814360758
715	0.405772	115.9984248	1.954235	0.809464628
716	0.289326	122.9589578	2.130642	0.840860326
717	0.413569	120.9331996	1.938998	0.791422494
718	0.447346	116.2248524	1.911583	0.793912174
719	0.292674	128.2707266	2.141511	0.83382923
720	0.281928	122.3406037	2.145393	0.828713017
721	0.361661	117.4057639	2.032264	0.814476965
722	0.328859	130.4360474	2.109117	0.840412483
723	0.381485	118.1757516	2.011311	0.807794565
724	0.253828	124.574651	2.119359	0.841295615
725	0.439624	115.7258622	1.925111	0.785415424
726	0.426993	123.5480367	1.982881	0.832850878
727	0.384028	113.7004545	1.981439	0.808886188
728	0.312767	122.022637	2.10115	0.843949687
729	0.380802	118.8045829	2.014437	0.819566876
730	0.345	122.3805887	2.063034	0.829401306
731	0.284584	120.5753973	2.133799	0.837445872
732	0.363568	124.1422716	2.023854	0.83525111
733	0.342415	119.3475396	2.067351	0.830751874
734	0.355159	124.7317996	2.035135	0.833518533
735	0.367349	117.2441582	2.00316	0.811502378
736	0.382393	121.5234699	2.027503	0.822579359
737	0.27766	121.1919027	2.142166	0.845193183
738	0.38526	119.8168738	2.018176	0.812612057
739	0.275745	125.3077163	2.151086	0.846648021
740	0.330949	124.3341765	2.059257	0.816548152
741	0.410205	113.9535611	1.964843	0.814047132
742	0.233752	116.8812213	2.187037	0.828779081
743	0.411776	116.5743575	1.952471	0.811562977
744	0.311717	114.8386959	2.100329	0.813060082
745	0.282075	125.4937825	2.142252	0.844163498
746	0.351457	117.5529241	2.05116	0.815707683
747	0.326348	120.1861536	2.084054	0.821437646
748	0.322527	118.960211	2.068068	0.837657804
749	0.349639	120.9745006	2.031137	0.831168644
750	0.404684	111.671089	1.964353	0.810099027
751	0.330758	128.4561981	2.10339	0.85288165
752	0.307295	124.2737395	2.110906	0.833400387
753	0.372695	119.1753825	2.01182	0.81010576
754	0.333878	118.1068446	2.082101	0.813850648
755	0.242941	129.3604774	2.194677	0.85330887
756	0.355204	121.2482709	2.044088	0.835015754
757	0.353175	121.1886999	2.02428	0.818386354
758	0.451927	114.8740126	1.917344	0.782574082
759	0.338055	125.6147542	2.096377	0.825407134
760	0.334326	120.2937594	2.066885	0.827946434
761	0.319968	120.6358038	2.095907	0.819867504
762	0.353747	123.5071511	2.049432	0.837475765
763	0.362747	118.306905	2.061505	0.819515104
764	0.410832	122.6059174	1.984795	0.830274589
765	0.317582	121.1375115	2.091508	0.842489082
766	0.410017	121.5298045	1.975863	0.810851749
767	0.437199	118.5446318	1.947041	0.808664597
768	0.297902	125.6295932	2.129408	0.83696466
769	0.351524	120.0884437	2.079523	0.805081851
770	0.398986	114.0636563	2.004775	0.798991388
771	0.328876	125.5591889	2.067132	0.835096717
772	0.290958	119.2987177	2.136585	0.824357679
773	0.382337	121.0123299	1.995805	0.8234119
774	0.378704	121.8629039	2.002562	0.823260542
775	0.3234	125.3109828	2.096031	0.835513319
776	0.309351	123.4323445	2.100468	0.83786494
777	0.274356	126.0711014	2.142382	0.837249049
778	0.341378	122.0494972	2.073036	0.821860038
779	0.321569	120.72412	2.087258	0.829479501
780	0.407762	112.7179337	1.953424	0.804586335
781	0.343122	118.2269023	2.033963	0.827773523
782	0.29581	122.6222539	2.120668	0.832289405
783	0.33741	116.6010266	2.046996	0.819785191
784	0.384981	113.3464325	2.0054	0.794593738
785	0.393999	117.9097152	2.011331	0.805090607
786	0.277648	124.1074398	2.144337	0.831884629
787	0.315117	120.2086826	2.107317	0.825494806
788	0.307392	114.9136371	2.089994	0.818440466
789	0.377757	114.8165994	1.9963	0.803960363
790	0.379141	118.3502733	1.999489	0.822787104
791	0.38291	119.3811009	2.012243	0.782955861
792	0.325727	120.2553511	2.082957	0.840683952
793	0.498443	114.5873521	1.853053	0.802179778
794	0.363841	124.5223509	2.059081	0.820368391
795	0.432693	122.9512278	1.961413	0.823807169
796	0.373972	115.5305866	2.011384	0.799499192
797	0.347941	120.3102677	2.020747	0.830407442
798	0.327698	126.3637054	2.1098	0.840718384
799	0.373619	117.8345237	2.026004	0.806829871
800	0.327881	121.6626657	2.071907	0.831166644
801	0.406853	120.5394572	2.011226	0.816052573
802	0.245025	126.2447238	2.190144	0.849595117
803	0.320502	119.7435076	2.075808	0.821632773
804	0.332589	125.5630666	2.086631	0.837919483
805	0.346903	121.7678118	2.047313	0.836875187
806	0.44286	119.9149743	1.911628	0.832311048
807	0.407046	119.2432684	1.961934	0.823667586
808	0.38305	113.7400037	1.984101	0.813339561
809	0.400118	116.4393148	1.958062	0.793002186
810	0.34537	123.0551689	2.05485	0.831642989
811	0.243743	122.6992607	2.148734	0.841634924
812	0.348304	118.1513159	2.030308	0.822925087
813	0.319801	123.2790272	2.087996	0.837788574
814	0.344462	122.227931	2.063507	0.835151808
815	0.362228	121.3313704	2.02508	0.834936925
816	0.377561	116.7965929	2.001654	0.813003921
817	0.333408	123.9686811	2.095368	0.82988625
818	0.366121	116.4305735	2.004624	0.812895898
819	0.328998	123.2921663	2.087968	0.841448882
820	0.299487	118.716885	2.113949	0.826022646
821	0.31251	117.4836958	2.127951	0.847937184
822	0.351618	123.2504915	2.082936	0.83614415
823	0.378186	117.1898678	1.981178	0.829337235
824	0.400912	118.780035	1.982278	0.795518904
825	0.360487	123.6279722	2.0622	0.831565802
826	0.295697	120.7700852	2.107241	0.820253313
827	0.453849	116.5267578	1.88662	0.793406065
828	0.346692	123.4144783	2.078372	0.836389643
829	0.347306	120.822648	2.042896	0.822355946
830	0.324523	120.6867618	2.080939	0.829208712
831	0.373583	116.2054715	2.007298	0.826177169
832	0.370839	115.9974371	2.013688	0.830280951
833	0.374371	117.3294833	2.017518	0.819089345
834	0.237857	122.9661493	2.174221	0.846360961
835	0.311477	119.6748895	2.095451	0.818349741
836	0.429595	118.3959863	1.902096	0.812558441
837	0.343967	117.0989107	2.024474	0.828869071
838	0.446141	116.1687693	1.893585	0.787729861
839	0.369047	120.7324979	1.999562	0.817299654
840	0.281883	121.5972832	2.133315	0.840129691
841	0.247627	124.7472812	2.183914	0.841818275
842	0.340754	124.1029422	2.06851	0.806217636
843	0.413467	115.3619166	1.980433	0.811601299
844	0.334371	123.7534513	2.07199	0.813815422
845	0.252237	127.2686156	2.169996	0.857259924
846	0.354332	119.6424013	2.026709	0.823256769
847	0.422848	116.7871906	1.928639	0.808169679
848	0.413144	118.2177437	1.957229	0.819333567
849	0.430205	121.2577943	1.931221	0.802181234
850	0.366742	116.848567	2.027627	0.796652462
851	0.361226	121.6172524	2.055707	0.834965316
852	0.310275	119.2040848	2.094784	0.818839276
853	0.315225	122.8628603	2.094037	0.835545975
854	0.381816	119.217166	2.000589	0.820111679
855	0.349228	120.3664637	2.056326	0.833123866
856	0.327137	125.1171314	2.091335	0.836547781
857	0.386553	117.2447454	1.980515	0.797331935
858	0.471148	120.6900188	1.866215	0.819322217
859	0.318817	123.2315337	2.099993	0.832941525
860	0.350444	116.9674313	2.030088	0.820797572
861	0.400365	119.3331917	1.97814	0.807896536
862	0.388057	116.8451642	1.990865	0.818834511
863	0.27939	120.2252401	2.14968	0.834058302
864	0.38757	113.899557	1.995119	0.780356442
865	0.252948	121.0288339	2.145137	0.840767608
866	0.436402	117.1900706	1.915496	0.819036194
867	0.33022	126.2643128	2.095481	0.829890822
868	0.386455	115.9442359	2.001023	0.80994607
869	0.283183	121.1449515	2.126087	0.83052131
870	0.360737	119.3499848	2.043471	0.832869431
871	0.370414	124.0142534	2.050931	0.832126665
872	0.379483	123.833597	2.023216	0.837834662
873	0.462654	116.2589501	1.8875	0.80751389
874	0.408818	121.3436682	1.977458	0.822134191
875	0.407418	116.9830161	1.971605	0.829292362
876	0.341984	114.0475359	2.05761	0.81481799
877	0.394137	118.6940575	1.994837	0.822144415
878	0.256846	125.434559	2.166017	0.835293874
879	0.313569	120.8235536	2.112764	0.835007379
880	0.361778	126.6416381	2.074458	0.822411127
881	0.310103	118.9770639	2.07927	0.843978804
882	0.333985	124.5293952	2.0799	0.83991132
883	0.300909	122.6052578	2.114857	0.830756325
884	0.396903	117.6894677	1.996335	0.803823551
885	0.316686	121.9019693	2.117532	0.827886131
886	0.366619	115.9610152	2.030318	0.81820666
887	0.381271	119.8206204	2.020687	0.812202288
888	0.379291	118.855287	2.018037	0.812148347
889	0.291906	125.6848213	2.136478	0.837868007
890	0.369132	116.8967827	2.011838	0.816574481
891	0.456312	121.9428141	1.907567	0.825179402
892	0.38252	120.0510381	1.995886	0.83218218
893	0.362262	118.4618999	2.007543	0.829340334
894	0.367233	126.8152108	2.023336	0.831653971
895	0.317487	119.5205615	2.082313	0.825436943
896	0.26544	118.7475483	2.15444	0.81648081
897	0.334038	127.9743434	2.078684	0.84080099
898	0.338358	125.0343582	2.076896	0.833338466
899	0.337238	122.2689112	2.096539	0.82817597
900	0.36675	120.047744	2.028139	0.826806839
901	0.351964	123.5315293	2.05492	0.841979242
902	0.361123	119.0119207	2.048445	0.823967766
903	0.265502	122.1125625	2.137561	0.828358165
904	0.376718	118.956996	1.977257	0.817300998
905	0.3019	119.2922057	2.08963	0.831795948
906	0.361888	120.2048391	2.016134	0.82384048
907	0.320539	123.1994619	2.107502	0.826061919
908	0.401708	118.0802618	1.968652	0.818115109
909	0.46963	115.0666751	1.858195	0.792595489
910	0.380693	119.1747212	2.025606	0.805434093
911	0.375386	117.4778072	2.001137	0.820362636
912	0.360642	118.8626178	2.049128	0.816070814
913	0.375449	117.894231	2.016762	0.824811771
914	0.457754	118.8241709	1.871784	0.76540661
915	0.343611	120.072338	2.059889	0.827162415
916	0.319132	121.5483885	2.065291	0.824930758
917	0.293678	121.0213585	2.109883	0.8307456
918	0.39901	124.4753622	2.014929	0.828581543
919	0.308702	123.0898356	2.104083	0.833757428
920	0.298523	120.9184455	2.112989	0.840339693
921	0.373685	121.3972981	2.038149	0.826680545
922	0.315766	122.2768131	2.118223	0.820852766
923	0.348467	120.5839016	2.030215	0.830247705
924	0.310715	121.3867195	2.065997	0.832565473
925	0.358569	120.9949136	2.077733	0.815924064
926	0.333542	121.4538799	2.060673	0.820860043
927	0.395945	114.4394935	1.97844	0.797619023
928	0.374639	122.7699261	2.023875	0.834274331
929	0.378327	117.2755614	2.016997	0.814362644
930	0.361425	121.5934474	2.046659	0.827009921
931	0.346638	124.168704	2.05613	0.840001793
932	0.368353	121.3831057	2.017966	0.829158603
933	0.444152	123.2444014	1.926135	0.825808937
934	0.332619	126.2533877	2.08241	0.82900503
935	0.372583	117.6486896	2.025766	0.821614614
936	0.337568	122.5611688	2.070844	0.837706694
937	0.317335	117.8235428	2.099865	0.829162123
938	0.409791	122.0098709	1.959337	0.82224654
939	0.314338	119.7051387	2.109155	0.836175342
940	0.419752	119.6027524	1.938131	0.824382566
941	0.344857	123.4233606	2.057975	0.832088518
942	0.380263	118.7620389	2.027408	0.821161901
943	0.296756	123.8536801	2.120199	0.832055522
944	0.393111	121.294153	1.997534	0.826229109
945	0.340958	120.0945711	2.085219	0.808200418
946	0.361891	120.3681994	2.04952	0.824570482
947	0.349388	124.3526991	2.08192	0.834350124
948	0.314122	119.0971978	2.106564	0.807923571
949	0.250193	124.5699193	2.162008	0.843324263
950	0.405829	117.3598212	1.983107	0.824066103
951	0.301076	123.0250216	2.126605	0.831262878
952	0.373561	117.0547832	2.010922	0.817402214
953	0.427428	115.6199539	1.928857	0.797217048
954	0.373343	121.5126604	2.023647	0.822290745
955	0.328198	116.3916616	2.076806	0.817820281
956	0.279934	123.253153	2.148953	0.837087723
957	0.37475	115.1312252	2.00499	0.811013593
958	0.346702	117.5636659	2.060764	0.818139668
959	0.38097	120.681866	1.994843	0.830605666
960	0.33671	117.272703	2.023895	0.821685691
961	0.372488	125.8399044	2.05499	0.827165465
962	0.352662	118.5679023	2.053586	0.826682596
963	0.379683	119.0508528	1.965791	0.820681726
964	0.351578	121.8599866	2.064941	0.836455772
965	0.367557	119.0297752	2.031613	0.819110806
966	0.391574	116.9837022	1.96922	0.803503719
967	0.465854	120.2898061	1.909954	0.805264178
968	0.319696	121.7951182	2.095247	0.830357631
969	0.439205	117.294713	1.893105	0.818575527
970	0.330987	118.7142699	2.032114	0.822302346
971	0.368025	119.5589188	2.038003	0.814091795
972	0.339703	117.6304077	2.01936	0.830360508
973	0.357666	116.5082008	2.042269	0.811682067
974	0.362599	120.6990248	2.047498	0.813943244
975	0.306009	120.2064856	2.096419	0.828551609
976	0.471458	118.1955771	1.85526	0.799600844
977	0.369848	114.8040725	1.998793	0.808538556
978	0.347109	120.9374567	2.066942	0.829187715
979	0.362779	117.0031464	2.020158	0.813493459
980	0.283851	120.8702782	2.129919	0.828744599
981	0.394768	116.1277527	1.968262	0.789197754
982	0.381503	119.646259	2.0087	0.783424455
983	0.423544	118.113594	1.948111	0.820789305
984	0.379649	119.8840246	2.02025	0.830762619
985	0.410975	117.4335752	1.948956	0.797943733
986	0.346038	124.1512507	2.078503	0.825534
987	0.290957	123.842839	2.125672	0.845654632
988	0.432832	113.5429133	1.952883	0.778199002
989	0.318856	123.4730829	2.108478	0.843495627
990	0.395257	116.6164649	1.982557	0.789371765
991	0.412524	123.0921883	2.002761	0.826819057
992	0.344192	121.2853802	2.075783	0.813505127
993	0.352961	114.5762542	2.03398	0.807230236
994	0.387839	120.2783505	1.99261	0.822700254
995	0.349207	118.4042063	2.030454	0.81894713
996	0.31566	119.0420199	2.079835	0.837884253
997	0.314705	127.33571	2.099052	0.846852464
998	0.253284	126.6767094	2.159314	0.849979033
999	0.365943	124.9540199	2.031465	0.838311624
1000	0.254828	121.3793588	2.169026	0.831368106