rep	aei_left	left_area	adi_left	H
1	0.358809	117.4678788	2.048718	0.794915074
2	0.410425	115.9767226	1.975601	0.802487697
3	0.349942	119.3508225	2.027396	0.826441771
4	0.367486	120.9746325	2.065884	0.834383339
5	0.334701	121.9352966	2.068984	0.841688791
6	0.269754	119.9631505	2.124939	0.827713087
7	0.348733	116.3317646	2.048508	0.814135906
8	0.361374	122.1150908	2.031361	0.812913231
9	0.38792	124.0363614	2.034263	0.828091336
10	0.312988	114.8995714	2.05854	0.789245486
11	0.32684	119.7197233	2.10219	0.807480517
12	0.457397	117.3083934	1.881588	0.79577503
13	0.33803	121.0817089	2.058594	0.815432493
14	0.28226	120.4717213	2.129116	0.830776565
15	0.27176	123.8662709	2.147178	0.840738631
16	0.370915	120.1526454	1.991187	0.777952105
17	0.277021	123.2925078	2.133931	0.842406547
18	0.376189	120.4943922	1.979881	0.809839574
19	0.402431	126.9576178	2.003387	0.822918065
20	0.343922	122.3319476	2.055821	0.838945027
21	0.376767	119.4317303	2.016208	0.815118887
22	0.315142	119.8178078	2.111247	0.830000371
23	0.263453	120.057376	2.10238	0.830504532
24	0.270143	127.1823925	2.152674	0.847226498
25	0.356912	120.2184187	1.996386	0.821374211
26	0.248828	121.3013891	2.143988	0.844026491
27	0.305693	118.0188708	2.111494	0.828613598
28	0.349322	120.3899503	2.036294	0.810207818
29	0.377214	121.6415591	2.023741	0.827726902
30	0.186595	126.4665849	2.228073	0.852187813
31	0.32621	129.2196235	2.11833	0.83955089
32	0.419023	119.9779959	1.947301	0.797782952
33	0.406885	125.0309823	1.976283	0.819911007
34	0.382209	117.6967356	1.988563	0.804752997
35	0.403102	115.3675656	1.960812	0.809720366
36	0.399797	123.3724457	2.005043	0.807478183
37	0.257924	119.9979876	2.123027	0.818550677
38	0.275121	125.8590227	2.150114	0.8382284
39	0.338324	118.5924981	2.050794	0.81702645
40	0.308307	121.8010788	2.124074	0.844109895
41	0.321594	118.3688933	2.061679	0.819962601
42	0.328262	119.1109266	2.102794	0.819734484
43	0.347215	115.4991622	2.04105	0.790874086
44	0.36391	121.1241256	2.035244	0.831115741
45	0.23062	129.1078569	2.189423	0.85583261
46	0.497341	108.9695438	1.791568	0.771696713
47	0.369878	119.7559404	2.019766	0.825364597
48	0.432088	118.2998331	1.963233	0.809266577
49	0.36975	116.468272	2.014814	0.816004867
50	0.472444	114.9519708	1.870753	0.787535409
51	0.336988	124.0424073	2.072512	0.852705831
52	0.199642	125.1554481	2.205299	0.853709501
53	0.200385	131.0103227	2.228854	0.858057737
54	0.259664	121.6422722	2.160833	0.840608683
55	0.41018	119.1459017	1.950699	0.804082419
56	0.3296	116.2429076	2.062517	0.814329493
57	0.25604	120.4135558	2.163587	0.823048352
58	0.308727	124.5094293	2.12202	0.843504707
59	0.41781	120.864346	1.938139	0.826492785
60	0.311434	121.8250685	2.101786	0.844228608
61	0.2559	123.6957444	2.144035	0.843155729
62	0.478865	112.1882103	1.828239	0.788830442
63	0.358788	119.467157	2.048659	0.831542396
64	0.377097	118.6342474	1.994991	0.812072931
65	0.350073	117.0367288	2.057979	0.831286886
66	0.366171	117.3510137	2.016357	0.825577854
67	0.362514	115.9114617	2.029217	0.808685548
68	0.312128	126.0448304	2.105624	0.846181016
69	0.307789	121.5806391	2.132776	0.842953942
70	0.370354	117.5786054	2.015322	0.832364226
71	0.372513	117.905718	2.00131	0.834185224
72	0.271708	123.4141169	2.160405	0.828344678
73	0.310187	119.0097841	2.060032	0.828962328
74	0.281039	123.6884343	2.146395	0.830484853
75	0.359695	120.6636002	2.05263	0.827517495
76	0.32888	121.3177243	2.093469	0.840024754
77	0.262378	124.3690445	2.148597	0.835204586
78	0.393577	117.0040566	1.97371	0.823848123
79	0.383707	120.5353926	2.006639	0.819393892
80	0.406169	115.5680688	1.978279	0.812140502
81	0.263495	121.6026319	2.156224	0.828138629
82	0.409726	113.6262443	1.927437	0.806280479
83	0.409737	116.0848423	1.954765	0.818096133
84	0.348142	126.2723846	2.074005	0.838649272
85	0.429791	117.7316712	1.938626	0.820747355
86	0.378755	118.3446107	2.021233	0.79704605
87	0.444197	121.0780568	1.925505	0.811742409
88	0.38312	123.9446943	2.020495	0.833775558
89	0.334385	124.2163359	2.086769	0.835171586
90	0.343477	120.6006908	2.05566	0.831787602
91	0.446369	119.8064151	1.941312	0.810367599
92	0.332995	119.5821609	2.045403	0.834891633
93	0.284405	125.9016999	2.0788	0.836055264
94	0.390919	118.6933299	2.049592	0.807592539
95	0.30009	123.0694823	2.119773	0.8322815
96	0.373462	119.5807051	2.002639	0.79727164
97	0.4476	113.4780217	1.90923	0.806221669
98	0.3955	118.4461613	1.981705	0.81763286
99	0.354183	116.9646609	2.021225	0.820930325
100	0.359292	117.8439309	2.034966	0.828773902
101	0.37959	118.374785	1.99517	0.8106345
102	0.287749	120.7496333	2.106022	0.831172139
103	0.437489	114.2149819	1.9346	0.800487481
104	0.351765	119.4481577	2.032928	0.825212988
105	0.349392	119.4925258	2.03801	0.827524888
106	0.352233	125.4385676	2.023106	0.832378902
107	0.385611	118.0461698	1.995448	0.788836704
108	0.397883	118.5282622	1.993274	0.817197087
109	0.292866	119.4486201	2.11918	0.842533829
110	0.445063	119.0525864	1.941773	0.814875284
111	0.241387	122.0411865	2.187861	0.841179116
112	0.274845	122.9285981	2.137573	0.83734528
113	0.353404	117.8159041	2.017045	0.806533191
114	0.32824	117.59356	2.092429	0.821084227
115	0.349802	121.9178707	2.064667	0.829813729
116	0.426468	119.8901758	1.950273	0.819010122
117	0.355546	117.5093842	2.037072	0.817053729
118	0.322892	126.1700628	2.097668	0.849493992
119	0.284584	123.3009163	2.141684	0.841836432
120	0.334889	122.3607527	2.064987	0.833197757
121	0.286737	119.6712195	2.125938	0.839320898
122	0.361739	114.9699087	2.042568	0.813153209
123	0.275531	124.1499941	2.150931	0.823122194
124	0.303837	117.9916918	2.100183	0.804171756
125	0.334558	116.7928226	2.068391	0.79646286
126	0.375933	122.4222294	2.016338	0.841297119
127	0.308224	115.1197096	2.112602	0.814198733
128	0.401392	121.4391808	1.973431	0.814050197
129	0.257115	121.7475546	2.162664	0.84079209
130	0.395882	119.2007439	1.96346	0.828415498
131	0.25393	119.8621109	2.16366	0.832581678
132	0.402425	120.3188407	1.991326	0.822426465
133	0.347629	120.1391362	2.054815	0.826946213
134	0.392671	118.882467	2.005454	0.814973575
135	0.297279	121.3732092	2.129159	0.836814783
136	0.319242	123.719592	2.100986	0.848578776
137	0.43334	116.4521353	1.943055	0.801060612
138	0.349038	120.711461	2.069536	0.822159678
139	0.296235	121.9041666	2.118872	0.839302399
140	0.296602	122.2135023	2.138862	0.836022674
141	0.437596	119.9279554	1.953303	0.807461604
142	0.389566	118.1880241	1.967698	0.795864659
143	0.349431	119.1948081	2.017761	0.807444812
144	0.567798	114.2469287	1.708741	0.779634604
145	0.331413	120.6240968	2.043579	0.832467325
146	0.366778	121.6988864	2.023771	0.832774478
147	0.339969	122.3002664	2.051579	0.829196438
148	0.312147	120.7394481	2.095987	0.839990578
149	0.286283	124.2511702	2.132505	0.837625126
150	0.392413	121.7768668	2.00356	0.830936545
151	0.479351	116.7246642	1.829757	0.80154168
152	0.482055	120.2645081	1.88503	0.790763139
153	0.367332	117.4550889	2.016823	0.822463097
154	0.384972	121.5298571	1.99479	0.831450651
155	0.32159	118.0830966	2.101857	0.815699081
156	0.440908	120.7150244	1.903192	0.826395084
157	0.294892	120.5776364	2.120828	0.830068864
158	0.327763	126.7701531	2.120807	0.846837781
159	0.215517	122.9472451	2.214835	0.850813071
160	0.396458	114.5945996	1.976371	0.808275828
161	0.449146	118.488105	1.930503	0.803067425
162	0.306318	119.0789687	2.105147	0.816857252
163	0.273288	125.4413239	2.148007	0.833067446
164	0.4394	121.9689784	1.946356	0.809435684
165	0.199233	126.6006298	2.23285	0.847030022
166	0.367646	116.1919072	2.033839	0.821311954
167	0.243682	124.347834	2.173822	0.844986356
168	0.337268	122.8752139	2.085819	0.805371746
169	0.399653	126.1827071	2.011925	0.823821816
170	0.287126	121.4202045	2.136873	0.845555543
171	0.445883	119.8073116	1.895456	0.792932745
172	0.379676	120.4176953	2.014923	0.836285827
173	0.295386	120.2007822	2.128352	0.834206637
174	0.286375	118.4975031	2.122259	0.84105875
175	0.390918	114.7075031	1.982305	0.815714355
176	0.359669	124.1251092	2.059052	0.824674432
177	0.344356	122.6113671	2.048214	0.817507048
178	0.388917	114.9655973	1.968635	0.822626578
179	0.244732	123.4825379	2.141062	0.827385295
180	0.318637	117.0166647	2.089074	0.826667572
181	0.305243	122.1782245	2.103643	0.829587025
182	0.283282	123.8195428	2.089761	0.837769929
183	0.427281	120.2530184	1.960096	0.828460679
184	0.350764	122.1241666	2.061252	0.82933458
185	0.358646	113.7234315	2.03807	0.820014032
186	0.377149	117.0021208	2.025184	0.797635908
187	0.412328	112.9826344	1.963752	0.806335279
188	0.332719	122.0583633	2.062828	0.826570959
189	0.365397	118.2354167	2.044653	0.811153628
190	0.445637	117.8512874	1.900569	0.804476998
191	0.396671	121.8768162	1.975409	0.809540097
192	0.251783	126.6641939	2.171288	0.848903398
193	0.329341	123.7286702	2.089722	0.823468872
194	0.181101	123.4905554	2.235191	0.853021217
195	0.289528	126.2232263	2.152202	0.837262229
196	0.386582	119.3522534	2.009798	0.813285374
197	0.410188	115.795234	1.947855	0.807007994
198	0.325058	122.6516516	2.103627	0.837126509
199	0.350952	118.5193921	2.039546	0.823128388
200	0.256211	121.4883971	2.171044	0.836654818
201	0.403808	115.675373	1.96684	0.803491098
202	0.394206	122.1304719	2.002101	0.830616215
203	0.341419	121.3492698	2.046237	0.823109546
204	0.489553	123.4611995	1.820846	0.826320852
205	0.389219	121.4856173	1.993386	0.821020012
206	0.294269	122.3747586	2.105294	0.83003438
207	0.403702	119.1085518	1.970467	0.824945477
208	0.378379	124.6945413	2.010845	0.842567464
209	0.2907	131.1816333	2.152152	0.839255712
210	0.348902	116.4050618	2.051337	0.816514744
211	0.33697	121.0583582	2.056292	0.827375611
212	0.390924	122.6606541	1.985389	0.833264236
213	0.379717	113.696213	2.04158	0.812879861
214	0.310382	117.5133058	2.110729	0.815824455
215	0.357832	120.1809655	2.027435	0.826737018
216	0.284439	128.755289	2.144317	0.857760305
217	0.394738	119.2535137	1.992131	0.816056338
218	0.293495	122.6936052	2.138854	0.839453708
219	0.254854	124.1829686	2.165876	0.837456139
220	0.402437	119.0773005	1.987374	0.810021891
221	0.456485	112.8144622	1.893786	0.785376324
222	0.330762	119.3121625	2.074633	0.826078622
223	0.381928	119.7468784	2.004927	0.830224851
224	0.30009	118.8696711	2.065587	0.830630826
225	0.40426	118.0341307	1.969381	0.79780911
226	0.277744	129.7703468	2.156945	0.848285262
227	0.419623	113.9730291	1.963178	0.805460647
228	0.368164	119.6717695	2.023908	0.821665243
229	0.422537	110.4337206	1.940335	0.80033697
230	0.296959	122.9251212	2.112986	0.83783446
231	0.306824	129.8610666	2.133761	0.847330214
232	0.365337	118.962521	2.02866	0.819924881
233	0.422225	114.4247802	1.940065	0.797888292
234	0.384567	116.4972291	2.007516	0.794124656
235	0.368863	122.0488757	2.018505	0.825035227
236	0.370787	123.0676393	2.017267	0.816753816
237	0.266679	123.9364566	2.161044	0.840277836
238	0.384382	117.92926	1.963663	0.819169046
239	0.437264	120.6736774	1.954007	0.837384919
240	0.279977	129.9820088	2.173967	0.865001118
241	0.340645	120.7543464	2.045475	0.810955514
242	0.364543	120.9490776	2.049311	0.826974421
243	0.4125	120.6887656	2.014915	0.819160644
244	0.243671	122.1989431	2.168543	0.831505862
245	0.324934	132.1469635	2.121361	0.846818231
246	0.425844	110.2777339	1.949933	0.798134406
247	0.393029	124.0228203	2.040705	0.811843837
248	0.379834	119.2498929	2.036522	0.816365397
249	0.417947	121.2407175	1.963726	0.816678634
250	0.371066	118.8053572	2.039523	0.801336282
251	0.209752	124.9194535	2.226215	0.842972255
252	0.324607	120.270291	2.055823	0.826672577
253	0.376362	116.2681413	2.000495	0.817523407
254	0.351483	122.5120946	2.071831	0.810219566
255	0.277067	122.5505755	2.136464	0.839010791
256	0.285956	124.2848749	2.126141	0.835509452
257	0.279186	120.5272497	2.143727	0.835853852
258	0.349731	117.4903351	2.068645	0.809235354
259	0.321542	118.5173149	2.084687	0.830976493
260	0.36888	121.0297951	2.019617	0.828068494
261	0.362232	116.8401899	2.022007	0.803869498
262	0.311724	120.6055979	2.099883	0.809587972
263	0.228183	123.7182775	2.205191	0.846122415
264	0.390136	118.5681008	2.00562	0.805792391
265	0.453716	117.9679826	1.898109	0.803897135
266	0.357379	123.3046944	2.010827	0.84323748
267	0.374102	117.9489307	2.037706	0.814589175
268	0.260214	123.4455746	2.158463	0.838865683
269	0.281317	121.5909675	2.127766	0.837853003
270	0.315308	123.3380151	2.098112	0.835694463
271	0.297415	119.5074921	2.074405	0.832173005
272	0.233448	126.4064525	2.197446	0.851077612
273	0.395979	125.3351349	2.017431	0.826875631
274	0.375112	116.8232124	2.013183	0.790812405
275	0.356324	115.7073763	2.032004	0.815056347
276	0.367437	119.2274007	2.013	0.818812632
277	0.335791	124.8695355	2.072455	0.845391993
278	0.359983	123.1156549	2.012351	0.818688963
279	0.388347	114.226195	1.992621	0.779908078
280	0.35647	122.1918574	2.042722	0.830813842
281	0.303634	119.9299146	2.115802	0.830196782
282	0.372862	117.4907677	2.030949	0.799302913
283	0.359268	119.982641	2.032428	0.827511259
284	0.272898	122.6402337	2.12129	0.822118397
285	0.378307	116.6459543	2.025268	0.805991012
286	0.335216	125.6304487	2.089544	0.832601744
287	0.307431	118.5804502	2.076242	0.83112369
288	0.459136	114.2414736	1.899057	0.790333276
289	0.415723	117.069976	1.931796	0.800415127
290	0.279595	122.6872147	2.13273	0.834095726
291	0.347728	120.8712973	2.065127	0.819045965
292	0.290224	121.2756472	2.135861	0.834199248
293	0.337113	118.5514069	2.048426	0.82762816
294	0.394903	124.8367332	2.012705	0.820045103
295	0.345173	121.0589929	2.061161	0.828621837
296	0.24487	123.0489462	2.189242	0.835628373
297	0.243264	119.1053427	2.180545	0.842642035
298	0.305268	118.9063347	2.126188	0.822341603
299	0.335272	123.4353041	2.090514	0.819734477
300	0.383183	123.0285252	2.021287	0.826304351
301	0.461735	118.7654197	1.87481	0.8082783
302	0.398269	117.1266868	1.977384	0.783079321
303	0.349307	119.4635104	2.052422	0.834446304
304	0.274618	124.0688225	2.155087	0.842818553
305	0.305322	119.7752968	2.114913	0.828584867
306	0.331929	123.1002341	2.062309	0.821892179
307	0.272713	130.6380604	2.149166	0.847034193
308	0.263003	116.5530603	2.13737	0.816503993
309	0.405447	116.6184555	1.989198	0.80163062
310	0.340047	115.674593	2.0513	0.804495538
311	0.373048	119.1440653	2.065541	0.804234037
312	0.299281	118.9284863	2.100724	0.844471176
313	0.366093	118.708473	2.038549	0.818020254
314	0.389041	119.0570231	2.024463	0.814840062
315	0.325774	116.3752618	2.066684	0.832308309
316	0.295319	120.7559569	2.131533	0.841829516
317	0.38734	121.0494731	1.988183	0.820411139
318	0.460921	111.9032947	1.869601	0.778344764
319	0.414142	119.3090064	1.993989	0.817539474
320	0.41314	116.6942254	1.980095	0.797744877
321	0.339102	121.3815718	2.055397	0.824737973
322	0.337728	118.5244459	2.052948	0.822914385
323	0.39615	122.1838664	1.967954	0.82343105
324	0.304318	116.9028125	2.117304	0.820890955
325	0.435938	117.8579246	1.962945	0.812653317
326	0.413918	119.7230302	1.970919	0.805053903
327	0.372119	120.6680959	2.01621	0.825185594
328	0.440375	112.6291123	1.885968	0.790881659
329	0.288136	121.2526397	2.126113	0.831996519
330	0.359791	116.7877905	2.015753	0.825643043
331	0.342949	126.2524388	2.08381	0.842209218
332	0.330104	116.8594212	2.075058	0.820810792
333	0.390174	120.0161762	1.984066	0.827244427
334	0.406628	120.1881041	1.987897	0.822299525
335	0.38662	117.8535694	1.989705	0.830367793
336	0.375856	120.6691974	2.01909	0.808018369
337	0.265006	124.9556856	2.16305	0.843845624
338	0.346993	118.8113938	2.049556	0.813690425
339	0.392421	120.1734103	2.027415	0.82151044
340	0.395483	115.1134233	1.977825	0.811971794
341	0.384462	117.6342795	2.005149	0.804298916
342	0.297325	119.6708983	2.11027	0.828728699
343	0.365544	119.9758238	1.988802	0.823110526
344	0.328595	124.3889943	2.098266	0.857640337
345	0.40469	123.9261994	1.984949	0.831629
346	0.248928	127.6936964	2.180818	0.849401089
347	0.336318	120.1823781	2.066562	0.832463483
348	0.38962	117.3353595	1.993108	0.814012604
349	0.279306	118.1816357	2.139172	0.825391833
350	0.239748	122.5804462	2.191944	0.829244271
351	0.346108	120.2998713	2.053393	0.806878624
352	0.290523	118.7818732	2.073146	0.826637238
353	0.25663	119.3213208	2.168203	0.821059032
354	0.402325	117.1453035	1.974782	0.813678107
355	0.26107	128.260255	2.176613	0.850616246
356	0.312887	123.4503358	2.096203	0.846529507
357	0.376404	118.7607693	2.006904	0.82424574
358	0.336757	115.8740627	2.056227	0.812801422
359	0.464931	121.3783827	1.934085	0.801163246
360	0.426671	118.5151076	1.940667	0.817431723
361	0.473821	117.411977	1.859989	0.810591908
362	0.278135	127.4959772	2.121871	0.840775776
363	0.26923	121.7090941	2.125694	0.827883265
364	0.273227	122.1024773	2.151802	0.838006952
365	0.42354	113.7550323	1.940844	0.781904183
366	0.242065	125.3444281	2.197875	0.84527686
367	0.230307	123.8972444	2.181753	0.844271169
368	0.451381	116.3742495	1.892135	0.79735013
369	0.359588	119.6149122	2.038662	0.82321986
370	0.317615	116.9781138	2.074501	0.827073436
371	0.35282	120.7959422	2.090134	0.819749349
372	0.371317	122.3024584	2.019557	0.797671566
373	0.383173	117.0238113	2.027045	0.811492354
374	0.287509	126.0272827	2.149741	0.853064298
375	0.25952	122.8186542	2.171083	0.836121004
376	0.351072	116.4581111	2.056894	0.814684283
377	0.402451	119.2559901	1.976008	0.822147659
378	0.335694	119.0355671	2.061435	0.81390201
379	0.361196	114.3910422	2.039519	0.812143615
380	0.351463	121.7676655	2.053382	0.82958419
381	0.220644	127.710382	2.200263	0.841679424
382	0.250051	119.8426349	2.133526	0.830521348
383	0.33575	123.6876212	2.076767	0.84284123
384	0.297815	120.8865714	2.11773	0.838172962
385	0.349754	118.3604231	2.042555	0.80720457
386	0.363042	115.6290734	2.036762	0.78944765
387	0.352389	118.1997909	2.05317	0.820556993
388	0.392206	118.9085139	2.017375	0.797982315
389	0.32491	119.7149294	2.079638	0.828992827
390	0.468737	118.2552926	1.87911	0.823289519
391	0.319698	123.1996846	2.094304	0.83412069
392	0.290122	122.8001419	2.126602	0.839466685
393	0.296586	120.9093091	2.130324	0.823174539
394	0.324587	122.4849484	2.089818	0.84084268
395	0.353129	120.2425355	2.048906	0.83078704
396	0.316833	119.9225689	2.086606	0.837991629
397	0.270205	119.9966403	2.155574	0.832860372
398	0.355503	116.963383	2.043824	0.81115304
399	0.365296	115.2659637	2.0148	0.805174734
400	0.310354	121.7319783	2.112711	0.830683614
401	0.410778	116.3237028	1.936038	0.809896146
402	0.370456	117.3233964	2.036408	0.814384885
403	0.399366	119.4118019	1.976542	0.813258734
404	0.410029	123.3043491	1.946443	0.835644519
405	0.245347	126.6251106	2.184893	0.863573649
406	0.267225	122.4767321	2.155054	0.834549003
407	0.355756	117.5364098	2.039941	0.809052791
408	0.208584	126.5151214	2.211741	0.840996513
409	0.371274	120.4888069	2.042053	0.827155896
410	0.360447	123.3736379	2.065	0.827426811
411	0.3864	118.861306	1.978673	0.802974001
412	0.273558	122.7591723	2.122033	0.84635333
413	0.303487	121.7154261	2.103362	0.830960991
414	0.390652	117.59541	1.982179	0.810478442
415	0.288319	114.3799903	2.116008	0.826256645
416	0.256883	126.3209981	2.151803	0.85007052
417	0.230896	122.8497287	2.204097	0.832666551
418	0.406909	115.5463747	1.953204	0.798194429
419	0.330892	121.7418727	2.090694	0.838729959
420	0.284951	124.1473057	2.156634	0.83848575
421	0.353257	113.8656756	2.023922	0.823018666
422	0.348108	129.1820312	2.082916	0.841695846
423	0.317133	116.3012843	2.093506	0.821247975
424	0.302697	124.7918578	2.120678	0.838420901
425	0.478711	118.1022906	1.864734	0.786496283
426	0.376833	119.1678529	2.034839	0.810162645
427	0.377315	118.5438492	2.02134	0.816391549
428	0.364094	118.7591916	2.001839	0.815666991
429	0.349641	116.7315669	2.055902	0.810541551
430	0.363643	121.2806343	2.028788	0.816037133
431	0.2938	121.7515782	2.140736	0.83509797
432	0.393198	122.4014154	1.991008	0.809305522
433	0.406167	116.4367777	1.949898	0.81748312
434	0.364776	120.6538064	2.036499	0.833890967
435	0.392017	121.8919399	2.009881	0.816908061
436	0.278523	118.8194526	2.137353	0.829090985
437	0.306185	116.7054535	2.068188	0.816480244
438	0.352677	118.8946789	2.058843	0.82863873
439	0.348152	123.3982962	2.0535	0.827137647
440	0.444257	109.2108139	1.926992	0.788892305
441	0.489314	115.5277241	1.882107	0.776874633
442	0.428201	122.8494548	1.941442	0.822880321
443	0.392633	116.8505848	1.99977	0.79980514
444	0.379499	123.4366895	2.008223	0.835113746
445	0.410185	113.5814259	1.961887	0.793844718
446	0.251426	121.9979852	2.152344	0.83837752
447	0.349976	117.9014649	2.038467	0.803811175
448	0.204489	131.6599217	2.22012	0.865554893
449	0.348257	117.0246585	2.034664	0.815149058
450	0.404612	119.1095286	1.99963	0.822390249
451	0.458939	121.7289908	1.920379	0.821646817
452	0.367445	115.9024258	2.008256	0.788723134
453	0.40144	121.9384253	1.990901	0.823221986
454	0.319793	120.7779527	2.093449	0.82674865
455	0.367844	121.2155936	2.021964	0.825736349
456	0.282454	120.6222029	2.110989	0.82064185
457	0.389413	117.5903475	1.995217	0.803510948
458	0.385601	119.5091663	2.010451	0.810366587
459	0.254652	122.0087613	2.141592	0.83603106
460	0.393851	120.4044251	2.008546	0.825425701
461	0.475939	116.7265043	1.87254	0.800781985
462	0.32207	118.5932704	2.088176	0.821165972
463	0.280847	124.2962428	2.152664	0.807436316
464	0.2706	120.8853745	2.125765	0.828828433
465	0.301576	126.2797582	2.126005	0.831425885
466	0.371178	124.6944085	2.010677	0.848901766
467	0.446036	115.1319991	1.897903	0.79650126
468	0.326323	126.2186485	2.116151	0.847544405
469	0.400035	120.7799654	1.990931	0.72960987
470	0.334444	128.222829	2.087686	0.862295788
471	0.382256	124.0624414	1.987434	0.816668929
472	0.404999	121.274937	1.984386	0.806158628
473	0.325357	120.4429606	2.100779	0.823460476
474	0.323188	115.7370297	2.063693	0.819800123
475	0.319613	126.4406323	2.107734	0.832255908
476	0.321697	119.431471	2.092155	0.8265478
477	0.249456	120.4128501	2.173538	0.839483998
478	0.368282	118.1460477	2.018186	0.818002417
479	0.39252	117.8149717	1.978245	0.81698814
480	0.363781	119.3739425	2.061496	0.819158197
481	0.303489	123.8242914	2.114489	0.814677539
482	0.390694	113.2393823	2.003403	0.805194709
483	0.450464	115.2153731	1.894097	0.802326714
484	0.425459	115.5038309	1.952512	0.808923288
485	0.389166	119.5869861	1.993203	0.827935803
486	0.427095	114.225633	1.900421	0.79530424
487	0.274782	125.5949555	2.153424	0.845121385
488	0.30385	119.5557366	2.109245	0.832305736
489	0.384403	117.7747588	1.994879	0.798216799
490	0.394438	115.9038623	2.013201	0.803995938
491	0.333612	119.7596905	2.069347	0.815446124
492	0.433158	116.332428	1.94949	0.814982271
493	0.409655	113.9022906	1.951744	0.790649062
494	0.392993	121.8081974	1.979712	0.836001006
495	0.25072	125.3537213	2.166551	0.847994803
496	0.250001	120.8100063	2.169041	0.844552359
497	0.360574	117.0992142	2.000722	0.820438257
498	0.385886	114.3659181	2.006058	0.790471373
499	0.393122	120.8973171	1.998145	0.815104217
500	0.376518	119.913291	2.020126	0.827187734
501	0.35028	121.0753823	2.048046	0.827905251
502	0.438775	120.3242758	1.946905	0.806784429
503	0.367568	124.9926631	2.053131	0.84628753
504	0.234087	121.457577	2.155971	0.839541577
505	0.371862	123.239328	2.030226	0.84215206
506	0.306651	120.0056304	2.11609	0.823373208
507	0.43163	109.8215882	1.867314	0.782310685
508	0.443824	118.3308662	1.91436	0.808595286
509	0.306427	122.7312661	2.119368	0.829391598
510	0.47412	118.0299555	1.876981	0.796932943
511	0.306733	122.8190997	2.132503	0.838791279
512	0.411229	115.7236638	1.959251	0.801705238
513	0.353491	119.6449489	2.056812	0.83010279
514	0.315295	121.3291613	2.089215	0.830980431
515	0.312276	119.5761108	2.093961	0.829486499
516	0.388146	113.3890307	1.993795	0.784270572
517	0.372705	116.5822635	2.013152	0.811162843
518	0.349061	119.2142818	2.044062	0.82276445
519	0.377279	119.5873533	2.037223	0.817224839
520	0.4408	120.3613356	1.957124	0.82239209
521	0.28801	118.2845394	2.099548	0.820114439
522	0.359	115.8230632	2.01067	0.807255653
523	0.302111	125.8150742	2.120534	0.844864285
524	0.411469	119.2239867	1.936445	0.811633503
525	0.294028	126.398782	2.130312	0.837791139
526	0.483445	113.4752809	1.792228	0.793860161
527	0.421129	119.1484124	1.974215	0.818883505
528	0.39239	115.7709786	1.97511	0.804249258
529	0.282899	121.3287502	2.137901	0.830182087
530	0.278242	123.8918585	2.12523	0.845097566
531	0.448498	130.048019	1.919004	0.848603406
532	0.302007	122.3004351	2.107996	0.82961769
533	0.341716	121.1269165	2.069829	0.822601202
534	0.394524	117.682724	1.987997	0.817074266
535	0.396814	121.8165469	1.971982	0.811386854
536	0.420893	116.2365658	1.945639	0.813159018
537	0.367018	125.1623731	2.060726	0.823746872
538	0.456531	113.7431245	1.906602	0.803524553
539	0.368808	123.1784782	2.01773	0.827090958
540	0.318216	123.4163077	2.119404	0.829999231
541	0.428151	117.718467	1.951974	0.821647527
542	0.326999	117.105221	2.060248	0.823012514
543	0.441829	116.129071	1.904843	0.8083247
544	0.422192	114.8609218	1.922266	0.810034558
545	0.266079	122.8274185	2.100749	0.831862979
546	0.383856	121.5331386	2.015091	0.82987059
547	0.449127	114.396526	1.939743	0.800087387
548	0.340401	122.1998082	2.070745	0.826042123
549	0.334641	116.7754388	2.053621	0.81972737
550	0.23937	128.8036757	2.18881	0.850066466
551	0.375081	117.0408624	2.027985	0.817176636
552	0.304152	120.5504242	2.115107	0.832460539
553	0.436727	117.5056754	1.931057	0.817871251
554	0.228325	127.1573029	2.183213	0.853552649
555	0.402807	117.6566703	1.953029	0.818100556
556	0.356595	119.8815154	2.042948	0.826423309
557	0.315544	122.3313891	2.106385	0.842963138
558	0.471424	120.3899625	1.859376	0.802845095
559	0.346854	118.8568522	2.063543	0.826484852
560	0.273966	117.2783349	2.153404	0.81441586
561	0.326144	117.4544929	2.048164	0.821085111
562	0.293539	121.023408	2.131758	0.836666056
563	0.367188	116.3504906	2.035729	0.817862543
564	0.358995	125.5891805	2.063972	0.828690436
565	0.361083	121.0191398	2.049323	0.831051283
566	0.370388	119.952969	2.054578	0.815886008
567	0.39198	117.1337625	1.996463	0.810119016
568	0.313865	124.7143402	2.084565	0.845948757
569	0.410189	119.2245528	1.974634	0.802512272
570	0.266484	127.503621	2.174814	0.837019411
571	0.471156	118.1830807	1.822563	0.796524405
572	0.220576	130.1771732	2.213892	0.862163392
573	0.328617	119.6513685	2.056175	0.830284082
574	0.214811	121.4669148	2.200873	0.840586787
575	0.293075	122.2903334	2.112776	0.832475343
576	0.313858	123.6079004	2.113556	0.829297653
577	0.332481	121.1120731	2.073157	0.840299279
578	0.297321	123.5800669	2.130703	0.843706804
579	0.344344	124.9175684	2.070682	0.834320537
580	0.435001	114.6203792	1.898882	0.817980128
581	0.384276	117.9082956	1.993186	0.79795822
582	0.392779	117.7984131	2.000651	0.815923304
583	0.278693	121.8460102	2.088621	0.81360432
584	0.310744	124.1345159	2.108314	0.846697015
585	0.348728	122.2408032	2.064578	0.832467381
586	0.333141	126.3812526	2.096078	0.846032566
587	0.362464	119.6427393	2.046384	0.830506605
588	0.352072	121.6548524	2.063234	0.821147676
589	0.434232	117.8887796	1.949938	0.816410922
590	0.35844	115.94058	2.013713	0.826249681
591	0.37986	122.0265368	2.025528	0.800025248
592	0.390125	120.7486029	1.982358	0.814361138
593	0.304414	121.5834951	2.123279	0.828218114
594	0.249691	121.6769662	2.175529	0.825568968
595	0.382127	123.5426186	2.020028	0.82016359
596	0.314517	122.7710821	2.09819	0.830127568
597	0.378487	115.7303009	1.997663	0.814011176
598	0.415939	119.1092375	1.969664	0.810270567
599	0.346689	119.0766979	2.051373	0.813616978
600	0.449665	121.4918121	1.937398	0.808828884
601	0.289307	123.84101	2.117185	0.840858043
602	0.422148	116.755821	1.962645	0.776403017
603	0.298554	130.2324714	2.141953	0.842824988
604	0.465723	120.2996386	1.884926	0.805264489
605	0.487243	116.7278424	1.837546	0.805104432
606	0.395461	112.7515209	1.979041	0.794286765
607	0.382739	117.3238154	1.994112	0.806710781
608	0.349386	120.0070817	2.067752	0.82501506
609	0.39028	121.1431782	1.970485	0.82452261
610	0.449147	116.8176175	1.914666	0.808264269
611	0.357576	119.2224395	2.024954	0.823326095
612	0.401355	118.515201	1.970528	0.817708638
613	0.326584	119.2855539	2.071536	0.822225897
614	0.365741	120.5954138	2.018711	0.829414005
615	0.355968	120.1871253	2.057976	0.82423306
616	0.318298	120.8599947	2.080219	0.836429743
617	0.340623	120.2529905	2.052039	0.826600755
618	0.441995	117.1865317	1.940747	0.797107447
619	0.422107	120.118926	1.943374	0.820746719
620	0.283943	123.5755725	2.137389	0.849262316
621	0.417633	123.5098298	1.956486	0.81256644
622	0.318125	128.8050996	2.11254	0.858902569
623	0.3254	125.5002901	2.097137	0.849466126
624	0.25751	124.415257	2.17037	0.852444893
625	0.368851	119.7039045	2.019668	0.832183313
626	0.303109	125.6320895	2.120089	0.854868138
627	0.352877	121.2524025	2.035267	0.836867191
628	0.36682	116.6889738	2.021247	0.81254085
629	0.374354	115.7137091	2.016775	0.820576618
630	0.322703	128.6748517	2.109922	0.85757536
631	0.39013	124.3647004	2.017319	0.843671322
632	0.352211	127.160168	2.06774	0.840423216
633	0.337024	118.6722445	2.075097	0.825441166
634	0.320608	125.3766693	2.085169	0.833856252
635	0.368192	117.9813177	2.019621	0.821084147
636	0.382071	114.5713312	1.987683	0.806964431
637	0.361027	122.9355361	2.054947	0.828624784
638	0.422379	118.8347947	1.96769	0.786989617
639	0.425129	117.4316598	1.926039	0.825671512
640	0.333511	119.1883054	2.051346	0.810945578
641	0.472064	121.0755068	1.848175	0.824381907
642	0.313677	121.822198	2.093958	0.838102099
643	0.35251	118.7106295	2.042101	0.820424955
644	0.283651	123.8296405	2.147801	0.845885933
645	0.410205	120.8138928	1.949718	0.824338049
646	0.325502	122.3676271	2.079772	0.836076743
647	0.326043	120.6803153	2.081826	0.832653192
648	0.333755	118.6441344	2.058886	0.828137101
649	0.362335	123.375127	2.021316	0.833998615
650	0.351684	115.1984823	2.024575	0.822554233
651	0.195936	121.8168499	2.225368	0.846825507
652	0.428614	120.8054608	1.932916	0.794101303
653	0.394668	118.3453511	1.999453	0.81204435
654	0.356979	124.6569325	2.052244	0.826852516
655	0.327981	122.4411031	2.084396	0.82997475
656	0.351369	118.0202417	2.022058	0.829013313
657	0.351489	125.7708662	2.057913	0.843009151
658	0.407266	109.1604361	1.948387	0.805026378
659	0.381284	121.1661675	2.042175	0.805680453
660	0.247417	122.1619543	2.181765	0.844464017
661	0.373917	118.4625909	2.01131	0.83099127
662	0.399422	114.0275907	1.950027	0.812947667
663	0.411961	111.2938326	1.986697	0.822873861
664	0.318636	125.33843	2.108006	0.84322683
665	0.327704	122.930147	2.091817	0.839727772
666	0.282555	122.0606591	2.106299	0.836431577
667	0.520551	109.6588494	1.783988	0.779165143
668	0.463914	117.0586867	1.896502	0.785011084
669	0.455844	110.7686052	1.867692	0.788660405
670	0.332752	118.8535231	2.053145	0.835351446
671	0.419197	115.5737541	1.920274	0.813572989
672	0.342448	122.2491826	2.08807	0.82409596
673	0.317836	119.6680772	2.06873	0.826759634
674	0.351372	119.2395722	2.046473	0.823944379
675	0.45578	120.8269749	1.934475	0.792647061
676	0.24734	125.6476513	2.15545	0.835545512
677	0.438962	123.0221674	1.944068	0.822562902
678	0.275184	117.7434103	2.131804	0.826508993
679	0.339336	115.1612814	2.060508	0.798317829
680	0.260152	122.9409808	2.157728	0.84166086
681	0.356594	117.8778847	2.04183	0.821747272
682	0.276668	130.2393319	2.124252	0.858513655
683	0.29245	121.318435	2.143284	0.836003549
684	0.269907	124.6161294	2.155026	0.829146097
685	0.507857	115.828918	1.788936	0.767017733
686	0.295159	120.8488068	2.100146	0.832949901
687	0.300569	119.215402	2.094907	0.828940006
688	0.359507	117.7444813	2.026189	0.819171195
689	0.313957	119.1646516	2.101261	0.82166358
690	0.352831	116.2519748	2.063773	0.80998658
691	0.298174	120.6393771	2.109878	0.818387978
692	0.184732	134.1596265	2.233873	0.862544739
693	0.436208	120.1085571	1.944139	0.804509446
694	0.388848	123.2386408	2.02583	0.824680398
695	0.38537	114.739361	1.966172	0.806139644
696	0.410575	116.0102443	1.948019	0.799981614
697	0.416957	119.5999926	1.977052	0.820385616
698	0.373686	121.2919672	2.020326	0.835265539
699	0.327442	119.5301556	2.079489	0.835637599
700	0.313664	120.2174437	2.112256	0.827298034
701	0.351441	115.674739	2.028469	0.819400255
702	0.36713	118.6247277	2.019886	0.815150295
703	0.430049	119.4167603	1.922977	0.824763723
704	0.306483	126.8371025	2.121519	0.841111302
705	0.312114	119.0376576	2.132324	0.81272288
706	0.269204	119.0070427	2.15571	0.835821263
707	0.39546	116.0184772	1.983521	0.809176955
708	0.326002	119.5473174	2.064934	0.821064633
709	0.278947	116.4715938	2.128308	0.817048331
710	0.412223	119.2115957	1.933838	0.797680858
711	0.415054	117.225867	1.950285	0.801580293
712	0.396599	118.8204467	1.999772	0.812662117
713	0.298073	125.0547955	2.128087	0.838004008
714	0.310151	120.0782946	2.094955	0.836528398
715	0.414985	123.7152267	1.968965	0.813511225
716	0.356437	121.5626836	2.051262	0.823167916
717	0.351213	114.3750842	2.041936	0.822914176
718	0.272597	123.733845	2.152223	0.828210537
719	0.301911	118.2941547	2.118401	0.839397268
720	0.419999	117.3574044	1.925541	0.80419725
721	0.326843	122.9995581	2.077331	0.83998599
722	0.353427	121.0469139	2.063839	0.828674901
723	0.293298	117.5814065	2.079247	0.824124762
724	0.337777	118.681871	2.046887	0.835952646
725	0.302685	125.207418	2.125924	0.851499807
726	0.279453	121.5069878	2.131809	0.833822048
727	0.251933	124.9359254	2.171321	0.849516998
728	0.278429	118.944074	2.129299	0.828625435
729	0.414829	118.243931	1.953625	0.821320473
730	0.282636	124.9440907	2.133439	0.834247684
731	0.438273	118.1582596	1.923831	0.767662703
732	0.374212	117.6827048	2.013361	0.824116313
733	0.425677	116.4378369	1.965042	0.807103771
734	0.393049	114.0486633	1.965163	0.801664148
735	0.419759	114.0448365	1.949353	0.79184038
736	0.387441	121.4774731	2.024741	0.830093021
737	0.472778	118.8420031	1.888554	0.817854897
738	0.309414	125.5331863	2.118242	0.835049821
739	0.343336	117.0308683	2.045235	0.813413931
740	0.352938	118.034002	2.067272	0.824709413
741	0.412087	119.1403979	1.970062	0.809210179
742	0.308072	124.7837434	2.125944	0.830904768
743	0.363969	111.8934423	2.02254	0.807896344
744	0.359993	113.9816083	2.046269	0.812173176
745	0.444954	116.8590296	1.913157	0.805282835
746	0.406457	123.6834448	2.003604	0.844061595
747	0.293653	117.2240587	2.078606	0.823964623
748	0.357092	121.5202293	2.064787	0.830354767
749	0.337035	117.7629089	2.059617	0.822635466
750	0.325021	121.1488952	2.077634	0.835283455
751	0.353211	129.5083836	2.048672	0.840566477
752	0.367552	120.0511553	2.017569	0.827696727
753	0.474969	116.1745078	1.880183	0.765105667
754	0.2543	122.3759038	2.166315	0.841869551
755	0.373973	123.0708928	2.023848	0.828061025
756	0.408008	122.3008257	1.971026	0.814316439
757	0.298191	122.8390497	2.134346	0.824074098
758	0.354343	120.5944837	2.047808	0.82332484
759	0.354277	121.6167926	2.014077	0.800132113
760	0.336062	118.6442828	2.070049	0.825762485
761	0.326405	116.8592153	2.07177	0.822604858
762	0.268377	126.266269	2.173634	0.850968555
763	0.228783	121.5039276	2.19759	0.838535634
764	0.386123	113.9884909	1.995913	0.814245402
765	0.364316	125.0201912	2.062091	0.835040056
766	0.413622	117.6850809	1.945984	0.813273808
767	0.304443	117.6504112	2.084562	0.82099517
768	0.423964	109.2458777	1.918309	0.79444206
769	0.352929	124.9389726	2.047133	0.837188475
770	0.46597	117.2199746	1.910617	0.795478316
771	0.367762	128.0006432	2.04188	0.833217338
772	0.366839	120.0683946	2.009249	0.826540988
773	0.35055	113.6713233	2.057364	0.798939024
774	0.373858	125.4337848	2.033632	0.853981944
775	0.37977	117.0485424	2.01536	0.807176966
776	0.461399	109.736089	1.890591	0.758996919
777	0.245517	126.3982334	2.143983	0.835710441
778	0.289298	119.9387674	2.116617	0.840249691
779	0.31775	119.1173962	2.10238	0.817560381
780	0.485097	120.23829	1.866734	0.806958062
781	0.414304	113.9782738	1.912817	0.807209081
782	0.235636	122.1329505	2.192528	0.840523904
783	0.435302	121.2021578	1.930556	0.822327714
784	0.332487	122.7804614	2.092698	0.842257632
785	0.444398	121.4477417	1.932079	0.787676136
786	0.372888	120.3606064	2.022229	0.828272014
787	0.296879	128.4928093	2.111558	0.852123083
788	0.32305	118.6948974	2.045573	0.822005446
789	0.371655	115.7810109	2.019235	0.799813064
790	0.273061	123.2852082	2.137926	0.832651619
791	0.441362	117.1398489	1.901471	0.798785377
792	0.288445	122.210863	2.11849	0.842995716
793	0.365804	122.1254556	2.028368	0.819102601
794	0.34039	116.4096537	2.075082	0.820815022
795	0.266842	123.1105168	2.153421	0.831903943
796	0.324735	124.3655302	2.104907	0.846373287
797	0.25354	123.5041587	2.164478	0.85139096
798	0.395586	116.9879995	1.992371	0.820720899
799	0.384836	123.0200081	2.013871	0.824784162
800	0.335793	117.7895579	2.067703	0.813118781
801	0.326432	122.0182056	2.091469	0.830219493
802	0.371701	122.4042101	2.021415	0.830009379
803	0.375689	116.3826629	2.002398	0.820623661
804	0.399853	118.3565921	1.963059	0.79554405
805	0.425775	122.0078555	1.967608	0.826054373
806	0.330596	118.2139133	2.08334	0.838372194
807	0.279375	126.8176074	2.110701	0.839460833
808	0.294327	122.6233855	2.134519	0.829704517
809	0.294003	119.5449859	2.113866	0.830025974
810	0.306867	123.2296694	2.104117	0.830841789
811	0.285954	128.813276	2.131798	0.824918977
812	0.366936	115.7707223	2.033763	0.811753962
813	0.3962	114.5044419	2.008737	0.79752215
814	0.304798	123.6551402	2.089055	0.835867958
815	0.244245	123.6360188	2.152693	0.842187365
816	0.444158	113.9843109	1.917994	0.764270832
817	0.364787	123.2918248	2.085134	0.811321376
818	0.371199	117.1833712	1.994424	0.811281186
819	0.409909	125.533541	1.975688	0.826057817
820	0.346333	123.1413134	2.037114	0.824132985
821	0.420401	116.9405654	1.945184	0.81211296
822	0.348065	121.1041176	2.075947	0.827353627
823	0.418681	117.9255375	1.941626	0.785863991
824	0.347655	121.7637819	2.05783	0.826114986
825	0.388868	116.0133924	1.978395	0.810534513
826	0.423847	118.1384139	1.947145	0.813500117
827	0.403414	117.9604316	1.95309	0.789902688
828	0.367358	118.6581463	2.028665	0.819029324
829	0.295679	123.017612	2.116335	0.845920043
830	0.293387	119.9221749	2.09038	0.834729864
831	0.383497	119.6059546	2.047375	0.815035594
832	0.418474	118.4119244	1.980441	0.817133722
833	0.325437	116.5480736	2.066253	0.820390365
834	0.353936	120.3944513	2.04138	0.835987678
835	0.27157	125.215694	2.146747	0.837596149
836	0.300051	125.6076969	2.128877	0.825864856
837	0.441178	119.4654485	1.9399	0.816872715
838	0.315675	119.1637923	2.074779	0.824166495
839	0.354525	119.0549967	2.04694	0.79311251
840	0.359542	121.2686766	2.028516	0.820053411
841	0.345173	117.1007286	2.072517	0.828758847
842	0.276489	124.6563857	2.151615	0.838924123
843	0.32519	116.1538014	2.095233	0.811992639
844	0.352062	116.1118995	2.02948	0.807599395
845	0.354301	123.7536896	2.063858	0.839463956
846	0.24235	131.1361223	2.195947	0.859716427
847	0.425448	125.9986125	1.984064	0.81197022
848	0.360739	118.9132406	2.027643	0.828450442
849	0.38601	119.7086927	2.01034	0.818498981
850	0.368441	118.7020296	2.050402	0.810956645
851	0.419866	120.2830939	1.957161	0.827371893
852	0.391244	124.5056948	1.975258	0.838174588
853	0.328409	119.755599	2.079826	0.810353783
854	0.454297	110.5913976	1.889455	0.771890653
855	0.389929	113.2309611	1.989385	0.788083564
856	0.330811	119.2300844	2.060871	0.810509414
857	0.383513	114.8462702	1.979183	0.804003504
858	0.344295	121.2048494	2.071345	0.818132141
859	0.363244	118.2033315	2.032237	0.838558918
860	0.387834	114.6633532	1.997979	0.811583143
861	0.444088	120.1489418	1.907945	0.824082949
862	0.375957	117.5753121	2.030303	0.834248712
863	0.435134	118.0048619	1.920151	0.81937903
864	0.360887	121.602959	2.033454	0.827405735
865	0.348528	118.0101242	2.028464	0.827177223
866	0.35133	120.6837769	2.043893	0.828741245
867	0.316876	119.0199465	2.037195	0.81930483
868	0.405151	120.4980572	1.996579	0.831794806
869	0.25926	126.0513429	2.160546	0.846985853
870	0.377365	119.2761483	2.012557	0.813118377
871	0.375784	116.5749443	2.020451	0.814913496
872	0.343027	119.3939554	2.032454	0.823802793
873	0.416389	120.3148901	1.976683	0.789880332
874	0.422738	118.8713455	1.930281	0.820209187
875	0.387047	117.5598605	1.981843	0.801676749
876	0.317272	121.5721741	2.067469	0.825883244
877	0.418446	117.5253786	1.968759	0.803308372
878	0.376107	121.538696	2.00814	0.819005724
879	0.388619	113.977768	1.957956	0.816482561
880	0.348863	122.4993661	2.044881	0.820456687
881	0.36719	120.8363426	2.042182	0.819983848
882	0.349368	113.7189995	2.03969	0.818083271
883	0.360379	121.6498975	2.003634	0.813721969
884	0.366681	119.517357	2.075444	0.826525807
885	0.381611	112.2204843	2.012084	0.808710195
886	0.323221	123.1304776	2.097004	0.825739524
887	0.372856	120.5997291	2.025758	0.82350442
888	0.28289	120.2775342	2.09242	0.826419986
889	0.40828	116.3989475	1.988821	0.814238597
890	0.281848	118.464629	2.097432	0.836802649
891	0.213442	124.9544155	2.194731	0.841162523
892	0.447145	117.842339	1.930012	0.806945849
893	0.377115	124.9606291	2.003671	0.833190658
894	0.334357	126.402314	2.09206	0.820832873
895	0.265561	130.3897646	2.179095	0.845938804
896	0.330748	113.5417752	2.052828	0.814861403
897	0.310256	121.5380039	2.07982	0.78918362
898	0.441635	113.4979874	1.908834	0.811793324
899	0.335861	113.4704885	2.05651	0.814512843
900	0.404567	119.5767954	1.963116	0.819373318
901	0.260455	119.2747471	2.15505	0.830636029
902	0.323779	119.9740729	2.061386	0.826630545
903	0.298586	121.5777272	2.122077	0.83434458
904	0.40285	118.3386556	1.984329	0.817634553
905	0.180214	128.4963149	2.226712	0.852757511
906	0.398406	120.4975118	1.965664	0.826566279
907	0.261152	120.6505383	2.131771	0.820963853
908	0.347048	122.0177251	2.062133	0.832746274
909	0.329532	121.2721436	2.080328	0.828861551
910	0.318654	119.9848399	2.06479	0.814125457
911	0.33595	118.4625772	2.037352	0.820328893
912	0.338027	118.0103191	2.055759	0.810967947
913	0.341774	118.3554008	2.04596	0.827201468
914	0.389564	123.0772688	2.033361	0.82955225
915	0.330799	126.0671215	2.081955	0.853668417
916	0.429821	115.6658982	1.950546	0.806904717
917	0.424187	120.3795285	1.955831	0.813161349
918	0.347007	112.1094343	2.059885	0.799469738
919	0.329083	118.1514938	2.051561	0.834186444
920	0.403802	127.5066056	2.002586	0.82808761
921	0.431593	116.2291598	1.912665	0.811704439
922	0.284003	122.0296751	2.09111	0.835909987
923	0.401135	117.8046435	1.945495	0.79977698
924	0.387443	116.8302828	1.974432	0.815542964
925	0.295801	122.4556239	2.118466	0.838441994
926	0.295418	123.822839	2.127065	0.839839742
927	0.333366	122.9389919	2.070509	0.822485149
928	0.332687	121.244792	2.063997	0.827287829
929	0.298924	122.729867	2.132409	0.839380407
930	0.424865	113.4272011	1.949536	0.793386893
931	0.383487	116.4641005	1.991799	0.829907431
932	0.36846	122.3855698	2.036608	0.819842468
933	0.247873	123.9400297	2.188211	0.831832447
934	0.296942	121.3226587	2.061634	0.830565921
935	0.286437	121.4997878	2.10778	0.838569929
936	0.376923	122.8083978	2.041011	0.829930632
937	0.320794	118.2959914	2.075176	0.831350227
938	0.37526	114.3609123	2.014913	0.794549237
939	0.194594	126.7681262	2.229499	0.854225462
940	0.304226	120.7210188	2.109295	0.832833202
941	0.313496	119.7631499	2.096936	0.826935525
942	0.192856	128.8737852	2.222528	0.854319302
943	0.40299	124.5698504	1.957416	0.829590424
944	0.352977	121.07434	2.075174	0.818522429
945	0.407891	122.7210845	1.950946	0.813536947
946	0.364868	121.2789422	2.041771	0.827383331
947	0.317027	122.7523155	2.107199	0.831262042
948	0.317823	120.8441917	2.076824	0.829292774
949	0.385265	122.2955691	2.019982	0.816345601
950	0.39973	117.2061958	1.967593	0.799117258
951	0.33737	124.8266664	2.094238	0.838243218
952	0.383119	117.9352601	1.983647	0.828682869
953	0.329165	119.0690356	2.073864	0.824237318
954	0.409682	124.2119333	2.00657	0.83759491
955	0.358699	120.9413137	2.032696	0.83798767
956	0.443438	113.9515228	1.913587	0.797607964
957	0.322644	119.6310782	2.087443	0.831223881
958	0.343896	110.1598841	2.062053	0.826758607
959	0.353308	119.2384153	2.035127	0.822530959
960	0.380838	123.620723	2.009585	0.835583177
961	0.258714	122.0850112	2.15889	0.835786213
962	0.362719	118.9856463	2.030706	0.828163812
963	0.389956	113.790838	1.975044	0.798423823
964	0.380401	120.2999241	2.015516	0.824605318
965	0.366621	115.9958387	2.021024	0.81675232
966	0.329723	121.8044809	2.099828	0.800873159
967	0.339716	124.2035084	2.084821	0.829483123
968	0.371518	118.3546922	2.034696	0.792129248
969	0.380833	117.5801743	2.017242	0.805877837
970	0.389308	117.1418056	1.98092	0.79481664
971	0.304516	123.0150839	2.072893	0.844698667
972	0.335953	119.263319	2.064107	0.816810443
973	0.378868	119.4984305	1.988788	0.821433483
974	0.333739	125.1077716	2.055324	0.831773145
975	0.293779	120.6706503	2.114452	0.841911559
976	0.288242	121.3208703	2.096253	0.819166743
977	0.251545	122.1365251	2.145771	0.820919239
978	0.358893	122.8803089	2.055824	0.825051818
979	0.512386	111.3263712	1.815341	0.768334092
980	0.385807	120.4361583	2.008595	0.810622883
981	0.453673	117.737371	1.887428	0.801209283
982	0.303612	117.7634914	2.075708	0.822143951
983	0.300184	124.4444074	2.104577	0.839256009
984	0.456781	122.9434085	1.942803	0.818000936
985	0.327963	123.6694926	2.077907	0.820605965
986	0.325867	121.9730831	2.081542	0.839777286
987	0.317812	121.3670958	2.084458	0.827386332
988	0.348866	126.3442075	2.071076	0.839603616
989	0.38795	119.7215141	2.023035	0.82685375
990	0.274465	118.6267381	2.103196	0.829671651
991	0.410575	121.891612	1.967028	0.821835861
992	0.477612	116.2117046	1.86004	0.790920529
993	0.415002	115.3003355	1.965339	0.800218646
994	0.466148	115.048875	1.891518	0.791785645
995	0.350542	124.7969522	2.069004	0.825478977
996	0.378851	118.4965297	2.030811	0.807845089
997	0.258441	126.2505045	2.17819	0.846957208
998	0.360106	119.5489399	2.047767	0.799171787
999	0.385294	123.2126045	1.995167	0.852261288
1000	0.306618	119.4051271	2.110296	0.826505202