rep aei_left left_area adi_left H
1 0.332214 125.39500434397 2.127644 0.785845913978575
2 0.384076 105.991427508448 2.015063 0.732647581801508
3 0.279632 117.661353586483 2.169206 0.797866741692865
4 0.361275 112.960457507847 2.071912 0.750599267824845
5 0.499531 106.619711847137 1.791338 0.691105940607402
6 0.298698 113.264749441232 2.102152 0.777334159912988
7 0.414343 105.495358113146 1.978582 0.761210351055316
8 0.409508 108.33874963262 1.964741 0.752184189995904
9 0.638765 99.2755708493626 1.532081 0.672049730617432
10 0.357149 115.521356308233 2.064571 0.771532947962969
11 0.527554 115.105130430817 1.795643 0.71473454734034
12 0.541191 103.697297564834 1.775697 0.706343040594567
13 0.599429 94.6974942151608 1.621471 0.636332051200529
14 0.33589 122.143360188112 2.095174 0.763982033088273
15 0.484647 109.773164504686 1.855175 0.760239456779043
16 0.426421 99.7098680094601 1.94505 0.723206260845554
17 0.323463 120.551035908258 2.091533 0.769607545956893
18 0.462928 103.880382563037 1.886869 0.721357717358321
19 0.435921 125.244950302149 1.966564 0.765429696423314
20 0.333736 117.359049426551 2.104599 0.764817148839216
21 0.565844 108.879303078773 1.72034 0.758242633575449
22 0.394891 124.116976596689 2.028795 0.80023832151162
23 0.299209 116.15070332261 2.11987 0.797326071039847
24 0.373153 114.722147345147 2.051831 0.730427586554382
25 0.575459 117.402611346177 1.651007 0.757450903730294
26 0.500345 110.469425201932 1.818468 0.780726043920665
27 0.396481 122.468767144042 2.047338 0.777495134212662
28 0.550447 119.539820927842 1.763265 0.767622564950321
29 0.330353 106.895461401485 2.115468 0.761186146826378
30 0.696829 103.175092366438 1.387893 0.713347359588833
31 0.526806 106.555312098855 1.824575 0.752403136197358
32 0.358032 114.319007278605 2.055562 0.716754817806679
33 0.448632 111.126392944976 1.941714 0.727306964988814
34 0.614561 112.243243370634 1.619953 0.724519789099258
35 0.41375 124.091098193164 2.024639 0.804166825582298
36 0.418212 114.280260802592 1.992602 0.676225273169635
37 0.388239 117.538263662793 1.998091 0.77303812084004
38 0.476338 112.237135027297 1.90207 0.763653287297494
39 0.544637 120.603287507527 1.779696 0.734092455366871
40 0.327417 104.564939460139 2.13127 0.755176843834568
41 0.602214 93.6139875895135 1.635303 0.656879576595438
42 0.390467 108.476784396003 1.993414 0.706690013055158
43 0.674417 91.2691861943059 1.436019 0.629083626866783
44 0.477196 103.935549740564 1.864112 0.745539731054607
45 0.478916 114.216062209489 1.84415 0.773954093192392
46 0.373566 115.668053425395 2.02623 0.730069221741432
47 0.558674 103.878114177079 1.762125 0.65898954188399
48 0.435427 113.918027776534 1.97499 0.753407957816704
49 0.348522 113.738273806212 2.06971 0.752946037034213
50 0.412844 117.366275276993 2.017679 0.760670112964864
51 0.53072 118.708195355965 1.779061 0.738377532333348
52 0.490526 103.321783317294 1.816459 0.730361672915408
53 0.338388 127.302078437844 2.113576 0.782122510557427
54 0.323555 114.992034653155 2.110226 0.761709506867847
55 0.41663 121.324295366838 1.9918 0.769504060308608
56 0.588388 104.457042528505 1.679463 0.712121886114523
57 0.444179 111.650224187305 1.956596 0.788295884890818
58 0.408649 115.152609571522 2.005948 0.770548155533874
59 0.424622 118.15190325916 1.996277 0.753045572572801
60 0.217203 127.044617273671 2.193653 0.770208181513945
61 0.314276 106.720711980898 2.098796 0.703529683846564
62 0.499466 106.805253952617 1.842872 0.762103167998738
63 0.451661 109.719719837811 1.958124 0.723658401337282
64 0.483126 112.52510259498 1.886055 0.737188026372311
65 0.564585 105.837587440628 1.707539 0.694676619806511
66 0.488854 113.112307459285 1.883958 0.720385677549027
67 0.558076 104.169475419319 1.750193 0.723524138371749
68 0.554536 112.703507112809 1.771982 0.685394977548528
69 0.459538 124.723929985889 1.929315 0.754771972772589
70 0.30661 120.628353763109 2.139678 0.785977492258331
71 0.595229 103.704824714933 1.65449 0.670022260123318
72 0.425994 109.437854135278 1.922078 0.753929792708879
73 0.657088 106.414394639945 1.490259 0.706047001047807
74 0.282658 117.651110793304 2.160605 0.755197411111789
75 0.416413 119.41638754207 2.009427 0.751748607508728
76 0.519085 103.359190716243 1.809144 0.735158320701659
77 0.533235 117.753852269703 1.77644 0.701615785067213
78 0.32802 111.487127299447 2.102825 0.751133880481613
79 0.481448 102.898675442186 1.864437 0.748291317682358
80 0.516698 105.233000280072 1.832353 0.67869298808474
81 0.258303 114.625527192411 2.181587 0.757903830624022
82 0.370702 108.652054540074 2.074074 0.739952067054784
83 0.347074 114.482776210213 2.091409 0.764544922017633
84 0.461804 110.999886549059 1.919301 0.73976258070992
85 0.375589 122.210051174783 2.073151 0.784903889902279
86 0.35232 126.299337649907 2.085286 0.814758284229532
87 0.399194 109.936609186021 2.003732 0.776178118531583
88 0.462293 107.663145139231 1.906047 0.743593418363346
89 0.4714 112.036927789485 1.86457 0.744846409761006
90 0.386757 120.340491839875 2.043668 0.749420606203902
91 0.452003 111.495961353166 1.949622 0.773529547680194
92 0.424438 115.953056363301 1.998691 0.741049293188072
93 0.544533 102.845842108855 1.769129 0.708367133086378
94 0.310228 121.567705684146 2.135862 0.775843013387352
95 0.289588 116.137227725516 2.155702 0.779507905860648
96 0.320389 115.808079471645 2.100326 0.755223814868075
97 0.416921 104.260084892965 1.93293 0.718364399504372
98 0.467907 111.86377185866 1.868079 0.732651089661443
99 0.538757 109.207633939309 1.778094 0.742864589328037
100 0.550394 111.951649747027 1.763492 0.744756294504753
101 0.428948 122.963252461096 1.980712 0.768070682764986
102 0.343589 106.288260512593 2.052959 0.715199518903581
103 0.423024 111.28457829386 1.961226 0.75931372031324
104 0.498213 110.658395109627 1.815152 0.729745908009901
105 0.375896 109.367173795285 2.060221 0.744156960721637
106 0.374795 114.021535651472 2.02551 0.775160963558425
107 0.475813 109.875780570568 1.887863 0.733074286962192
108 0.300458 114.303009806546 2.149152 0.757182545397808
109 0.495489 108.460721410383 1.839534 0.75148641511746
110 0.264399 121.123295158978 2.177763 0.746874313107974
111 0.397899 109.383393922793 1.996645 0.7370715279069
112 0.332919 110.288497424562 2.105253 0.773152883686095
113 0.195033 130.329944592262 2.241921 0.825541757769992
114 0.354833 109.864179989542 2.079677 0.779696816390464
115 0.439689 103.334571499764 1.947634 0.752332412672888
116 0.481724 118.220777887602 1.914679 0.765292367333587
117 0.298243 117.560548988798 2.114653 0.741678785296457
118 0.253608 114.801301717372 2.173376 0.732128770432805
119 0.199862 119.079672513179 2.222295 0.783264107770309
120 0.369647 116.021102504527 2.061525 0.778519048913211
121 0.578576 105.65959998117 1.648139 0.731483593234535
122 0.531063 119.584064936775 1.80942 0.772215907735932
123 0.43282 113.84432515987 1.975673 0.742429489298297
124 0.391088 120.478837124784 2.024854 0.782304962775303
125 0.290474 117.97854893864 2.159161 0.77409329020268
126 0.423467 107.569432900994 1.991347 0.736959773172403
127 0.390159 124.953771666941 2.044514 0.769896223516483
128 0.432653 111.158784025398 1.963197 0.729306507903954
129 0.731262 99.7014377422382 1.257479 0.654436436560226
130 0.523019 105.415163866168 1.827664 0.712443734659517
131 0.455524 102.348430785953 1.938076 0.730463437250335
132 0.274853 125.504995152409 2.17834 0.783726446501403
133 0.458298 106.690054155263 1.952085 0.661684740023691
134 0.19475 126.933578746593 2.242048 0.798524362384736
135 0.384049 118.391578900182 2.050641 0.768489062746329
136 0.603441 97.0916091466808 1.623268 0.671311956890088
137 0.435817 98.3763583871991 1.962519 0.72208534703824
138 0.612201 99.2758667640178 1.587056 0.693632176548069
139 0.511959 101.463895410822 1.839854 0.721317499563599
140 0.561559 103.770849782957 1.723271 0.69750562410145
141 0.648666 94.7686811132778 1.437952 0.610295969990129
142 0.44904 111.243712557668 1.943389 0.764276161079655
143 0.418047 92.5486276227615 1.949168 0.672107082257763
144 0.275363 128.941293140815 2.174769 0.797443918515736
145 0.447216 120.036600135768 1.953689 0.708220342356594
146 0.207273 124.430577121605 2.225278 0.772387690712063
147 0.269988 116.789535892756 2.150499 0.7919478080368
148 0.365584 122.418495332917 2.087069 0.745516441287823
149 0.522654 105.82891922031 1.81209 0.696692011451706
150 0.336374 123.790611915844 2.101333 0.769480224982348
151 0.54575 97.8111997057564 1.679003 0.710447231590993
152 0.399099 105.725928691596 2.014045 0.736977748915066
153 0.439618 102.132074968708 1.939388 0.698243664438367
154 0.474211 106.348112108654 1.887091 0.768610186619723
155 0.591577 93.9730518917497 1.662035 0.656611672734952
156 0.317799 122.673621043105 2.102579 0.799387810074215
157 0.494651 106.536008634715 1.83454 0.725667974973942
158 0.635387 94.0392671045543 1.532565 0.618860973203276
159 0.353446 115.131630112667 2.065191 0.706683181641939
160 0.376614 106.943241412044 2.014047 0.767101255754686
161 0.286664 111.458530843625 2.127061 0.777219663322258
162 0.529571 110.940992350482 1.799626 0.696748918862706
163 0.347764 106.430671059792 2.079781 0.738733530568944
164 0.188946 130.051836945886 2.246613 0.811889401314766
165 0.499092 117.834844933619 1.838314 0.683015188555342
166 0.416513 100.127407850535 1.980333 0.675015671128721
167 0.217253 109.511062462047 2.189264 0.761507289932657
168 0.404518 115.084964864339 1.999026 0.762514216883453
169 0.58619 104.287286160178 1.681994 0.68096782440408
170 0.355229 114.747463396233 2.070717 0.761236238317639
171 0.379844 115.647022065318 2.053577 0.784642508589868
172 0.324216 117.551240972337 2.125882 0.751299250948619
173 0.519711 112.710756080108 1.816784 0.742369912195672
174 0.50735 100.446698546823 1.821783 0.650390044729515
175 0.249619 118.916022987036 2.182092 0.800103794485023
176 0.615997 115.334861166448 1.554641 0.684284881038754
177 0.40374 102.365165323279 1.969893 0.711103088875733
178 0.26532 118.951182038702 2.176113 0.742372577994254
179 0.584644 111.861488801701 1.643545 0.612476899062538
180 0.42127 125.699083746613 2.006374 0.796193272821091
181 0.451531 122.225258206221 1.942795 0.781416096585394
182 0.48724 108.909125833231 1.807068 0.702346142001881
183 0.319348 116.344134182636 2.133577 0.793397720670918
184 0.56002 98.1992939838347 1.726364 0.697907367790896
185 0.5485 118.433173079578 1.705025 0.792024864402414
186 0.38773 125.302902114563 1.990732 0.740744317458496
187 0.560146 95.5093161342882 1.713768 0.724694322598996
188 0.262604 125.639932366762 2.186067 0.781057291604146
189 0.31252 121.387906693236 2.137856 0.793744213466902
190 0.513093 107.735289111231 1.801555 0.608085078271555
191 0.540363 104.05934186312 1.746334 0.729753041729575
192 0.301122 116.853412079628 2.120087 0.769836971788528
193 0.555287 109.769599553834 1.729135 0.706066728928867
194 0.373359 110.316983789122 2.036575 0.743703517050696
195 0.436403 115.995942251254 1.962618 0.810250864482503
196 0.560408 103.838421480167 1.690538 0.741090389832619
197 0.419112 104.922437687258 1.971298 0.692487486510646
198 0.478639 112.116451424601 1.852704 0.766214157242239
199 0.425617 110.263457575427 1.938387 0.751078685526609
200 0.398219 113.276665260928 2.02273 0.713946026558613
201 0.249953 126.332799486367 2.174884 0.783856850405057
202 0.301323 113.949428738447 2.137646 0.746598212343563
203 0.216275 117.61620296793 2.21409 0.758088957549581
204 0.413166 102.673956154431 1.997232 0.705493624932945
205 0.632247 102.314152039153 1.566362 0.669935250293317
206 0.617676 107.999390495874 1.625587 0.687863632980315
207 0.398391 109.763004834594 2.009846 0.756481548415755
208 0.335248 118.506471523051 2.095242 0.78191432740268
209 0.399005 115.324807701097 2.02595 0.777672993048943
210 0.512218 105.564782517095 1.848073 0.687452506571249
211 0.62147 114.241355929785 1.603962 0.662864657475112
212 0.609038 109.605408030412 1.586359 0.579548125418501
213 0.349667 121.097838369743 2.092581 0.771350328625332
214 0.494392 108.833797095253 1.873557 0.734146299219514
215 0.295189 113.406742198958 2.13279 0.74550566489118
216 0.581516 108.273830726317 1.681485 0.723530673482323
217 0.37025 124.392224386874 2.049184 0.758330440198955
218 0.462054 113.234369557033 1.916134 0.695107500635227
219 0.399839 119.527495927967 1.992781 0.769337553382762
220 0.504175 111.480837588496 1.854826 0.759510429614444
221 0.532486 103.081122010329 1.81382 0.683937460806937
222 0.220949 120.960202443605 2.219602 0.768245600343177
223 0.373527 121.518410841942 2.065111 0.782740273007316
224 0.238286 119.272935880997 2.184973 0.741433424477819
225 0.524543 106.029567967248 1.813259 0.67316118635597
226 0.173895 124.365386212971 2.25273 0.798496493818748
227 0.441558 121.960682640219 1.974421 0.795130757958874
228 0.260271 119.752811336852 2.17272 0.761234977529105
229 0.312225 121.453797509818 2.130864 0.798153265481271
230 0.456259 117.59845325827 1.88998 0.722404322048394
231 0.450322 114.559317392585 1.913039 0.780830881605365
232 0.545784 107.608182088125 1.704835 0.72315131737583
233 0.382665 114.949861437828 2.063223 0.729032732927116
234 0.44164 115.945970665652 1.968582 0.733906823669237
235 0.611586 99.7106622656101 1.606921 0.660355606007924
236 0.441907 105.595465264271 1.8956 0.754476329625254
237 0.540427 116.75427162299 1.773636 0.737902388738048
238 0.361207 107.77504030832 2.050671 0.753940738239873
239 0.520343 111.407255962447 1.80155 0.733572215127215
240 0.397647 115.477992626904 2.014404 0.709746342120964
241 0.460785 113.159915014537 1.869996 0.751020810469581
242 0.593209 111.832210597023 1.689283 0.652518007160343
243 0.261936 130.179144073893 2.188515 0.809552236568238
244 0.494656 104.649342888537 1.833534 0.706035402299005
245 0.3988 120.686914466996 2.013392 0.763837402291132
246 0.36429 119.447276318188 2.038555 0.744730732145895
247 0.44028 111.216845970519 1.976366 0.762200434061793
248 0.352013 123.023686408603 2.08189 0.776318995135919
249 0.459535 105.68327959415 1.939355 0.719175349326587
250 0.502775 104.727494767324 1.850867 0.648220619768577
251 0.310767 117.779038072886 2.14207 0.730734626523518
252 0.273993 115.108945345542 2.183512 0.792729244050082
253 0.505353 106.714274587859 1.792707 0.694472646157388
254 0.479651 125.642789925482 1.905791 0.795349219580513
255 0.413227 114.951178746316 1.987685 0.78314233031535
256 0.378597 120.721939018759 1.995042 0.771149663792545
257 0.433689 111.280424098945 1.96798 0.749446267059584
258 0.52303 109.174560788543 1.842461 0.715945825906014
259 0.447403 124.03694289951 1.947001 0.79365423201929
260 0.566329 116.978519031076 1.736981 0.754058214914261
261 0.631485 109.670993684269 1.556076 0.664656687212939
262 0.14701 126.001050825493 2.259308 0.828667203513099
263 0.444966 93.7532020476085 1.932865 0.71560204518436
264 0.372157 123.343497947837 2.073507 0.77928756490422
265 0.350604 114.637473608488 2.075766 0.747494228302415
266 0.34852 116.557727270952 2.062238 0.750017637005135
267 0.438068 116.031643193735 1.967095 0.757911495779545
268 0.670467 102.88283416555 1.457637 0.68492108051775
269 0.415181 114.793449271522 1.999921 0.773970282168498
270 0.437241 115.50827724303 1.932698 0.760935609433402
271 0.428536 127.092474241627 1.993407 0.778439130378145
272 0.279027 118.45318851949 2.171977 0.74340000093507
273 0.531389 102.789664545342 1.759874 0.709595481332563
274 0.493841 115.906325442718 1.875994 0.758065974266339
275 0.335141 107.482305943939 2.067808 0.763294406736637
276 0.306001 119.858211412671 2.124552 0.792102476502159
277 0.509539 104.019783918672 1.776635 0.676032917696352
278 0.446755 115.975931178421 1.939244 0.740770898315855
279 0.560891 100.187186819155 1.735609 0.725799152119
280 0.483823 100.189391226483 1.892295 0.613975323378473
281 0.487725 113.547036959588 1.89337 0.733350742222276
282 0.497601 108.197347917056 1.874998 0.766359957769659
283 0.613364 90.4975135167241 1.610947 0.598351048142199
284 0.523369 111.706434673159 1.777353 0.717941513786201
285 0.339167 122.830680296777 2.11184 0.770877445054814
286 0.485142 111.775959661307 1.876597 0.733106667802701
287 0.444565 119.728481063417 1.946533 0.774745677877345
288 0.451953 111.970268482525 1.91297 0.716599707086877
289 0.498988 109.518894296898 1.847857 0.75674679911615
290 0.454906 108.563155732014 1.898014 0.736726121580396
291 0.467077 113.591511666448 1.931661 0.705992484059153
292 0.410124 122.404168909569 2.02446 0.769909444971616
293 0.640921 107.74817477579 1.53274 0.688746884238959
294 0.570965 102.26407808475 1.682483 0.692507686313719
295 0.61648 98.4912779187948 1.537971 0.691835448251428
296 0.284897 128.513327046597 2.158645 0.811294204063046
297 0.451394 109.862447567483 1.917827 0.726300118163604
298 0.446082 116.122859130511 1.961821 0.74681571048549
299 0.258573 110.982959514471 2.172805 0.761054901175414
300 0.061068 132.075383268032 2.295411 0.811120374788143
301 0.428743 114.132366239424 1.979473 0.771252957829138
302 0.515159 111.376825577806 1.841646 0.731722085938971
303 0.177751 129.119446945881 2.249695 0.827198541014129
304 0.442965 115.260092317556 1.884863 0.72219092503098
305 0.460501 108.233489380643 1.93103 0.768340983321596
306 0.599092 105.926946303184 1.630734 0.625932495047604
307 0.560276 111.789043973693 1.715725 0.698576249458056
308 0.35671 109.307906215617 2.060447 0.771398131119402
309 0.564816 102.572085347244 1.71938 0.693638406390395
310 0.369694 121.402605944128 2.064281 0.773191948596927
311 0.306931 122.594703653654 2.101757 0.775058526843104
312 0.491235 109.330165850807 1.898591 0.713948797440659
313 0.462205 112.597350881766 1.907084 0.738576940467032
314 0.294208 122.06151213581 2.147127 0.758131717217887
315 0.278114 125.790987239376 2.174514 0.782565980529979
316 0.513502 112.659762172743 1.811731 0.736241618340393
317 0.384715 108.38255804426 2.019476 0.686469014040688
318 0.25588 124.348383516744 2.17946 0.795480656422143
319 0.397507 110.094410460412 2.014012 0.768626027928618
320 0.487069 118.047573682111 1.891708 0.528518205747819
321 0.365909 111.727491823672 2.011477 0.737308612819876
322 0.454385 112.951765182697 1.90442 0.728140382075614
323 0.400432 123.058728771225 2.038722 0.744449949757559
324 0.294553 118.83621662253 2.136918 0.778267152242259
325 0.340326 114.205451515456 2.080675 0.772441983768613
326 0.451695 117.890896959157 1.96218 0.713617178460902
327 0.636569 113.66575210836 1.570256 0.712559077929789
328 0.444985 113.563264033267 1.962192 0.751170310283033
329 0.437779 104.489605117864 1.947513 0.720288847275526
330 0.417108 103.6494397743 1.941844 0.694945561633546
331 0.46686 111.774010367206 1.942069 0.74814869727785
332 0.250845 114.376217021024 2.196701 0.756078635784726
333 0.265255 118.159150682011 2.168022 0.766961212977793
334 0.324305 117.770480588955 2.134766 0.770390418574094
335 0.524334 113.655976621795 1.780485 0.707836892641556
336 0.360782 110.254227850265 2.073393 0.737366382302217
337 0.290569 121.773130968483 2.148689 0.770477357964673
338 0.430483 119.721040325914 1.948537 0.812774372785004
339 0.544394 102.909469002802 1.769944 0.712476210349176
340 0.23003 113.427623932964 2.167258 0.776917748641806
341 0.582164 115.89591502123 1.679933 0.77631451341211
342 0.572879 117.07084999617 1.663684 0.741998404485262
343 0.471221 114.125976592379 1.847677 0.737394584129651
344 0.369079 115.353541412763 2.062049 0.765072499705453
345 0.383694 108.374056741216 2.019644 0.74426191915791
346 0.411636 112.003618634006 1.968185 0.746612724801027
347 0.513513 109.519385638554 1.853701 0.726480129311433
348 0.334189 112.00626469965 2.094813 0.776000423751917
349 0.428884 114.696204514983 1.953609 0.754797951879815
350 0.293586 107.20350538285 2.11294 0.722661092456104
351 0.314723 122.806311099766 2.143351 0.787983182134952
352 0.391498 112.560478928978 2.050171 0.751133838105775
353 0.386503 105.79722028983 2.004685 0.723511875930343
354 0.491759 118.132269230009 1.870705 0.757284697229982
355 0.318851 100.325975869727 2.062671 0.742870811010675
356 0.398988 115.329207562349 2.019219 0.76616040102725
357 0.527168 115.029600879635 1.805193 0.756035345467691
358 0.299828 118.499707421817 2.114082 0.755128193985108
359 0.546246 104.232964431767 1.762128 0.72494938414723
360 0.426013 111.422722805102 1.97148 0.732093412998285
361 0.44328 106.930425284843 1.932448 0.693176145310187
362 0.228371 125.492219205845 2.213952 0.816073066138862
363 0.363364 117.03631031571 2.035916 0.713192965683908
364 0.379936 110.696652814184 2.057159 0.758408964935382
365 0.52256 104.691747651577 1.814679 0.732927392812504
366 0.260035 119.531197066546 2.18323 0.717270766655874
367 0.402513 102.581094307319 2.005155 0.739285449320246
368 0.519738 113.5047059958 1.830203 0.745015974823918
369 0.255348 129.003628052356 2.19456 0.824113239533002
370 0.584753 109.709131173547 1.694839 0.685489491500214
371 0.276685 124.761376841904 2.18151 0.813627233855143
372 0.346167 109.651538637001 2.06813 0.732161626033318
373 0.53746 111.231151892759 1.784799 0.724003525022313
374 0.454959 110.762998154203 1.932758 0.759963692354076
375 0.3464 110.949884384937 2.044705 0.780663533971185
376 0.501817 117.924213608684 1.853569 0.762491619143863
377 0.351154 111.484491416099 2.062475 0.763451286845621
378 0.531522 105.441657090133 1.773119 0.677590980109166
379 0.520001 103.633468897512 1.81463 0.715145587280371
380 0.386459 118.274796128369 2.022081 0.756359379736159
381 0.371425 108.231353251965 2.034546 0.726219881723086
382 0.416748 121.273437899335 1.94057 0.746544640213593
383 0.320032 110.886676192218 2.097541 0.701303265822819
384 0.531427 105.392489200785 1.724188 0.722691569322401
385 0.571079 114.649375382699 1.691996 0.774335528724165
386 0.388925 114.718740305736 2.013825 0.765041690797295
387 0.244345 122.72185760826 2.206184 0.790425533208528
388 0.41633 117.116146355374 2.005137 0.772778576827249
389 0.557877 103.297046544269 1.736838 0.723543617278823
390 0.446432 96.1828017583318 1.967824 0.678622858073797
391 0.561528 111.863413991139 1.711299 0.679557847181972
392 0.40518 112.958968816134 2.002462 0.748485495286874
393 0.53009 101.754760979733 1.734896 0.690746560725532
394 0.497311 97.3746759506578 1.800203 0.687768507320172
395 0.318323 117.418550533384 2.105946 0.772174472218002
396 0.523511 106.684411365555 1.828448 0.743372367593776
397 0.438163 113.244496269772 1.968548 0.730972494807057
398 0.485776 109.889135997314 1.888833 0.71547211303561
399 0.285524 113.397771571437 2.123961 0.770640412910098
400 0.387984 104.821211133182 2.01161 0.732028922420895
401 0.469676 116.204525533261 1.87242 0.781682105773359
402 0.536361 92.9518278786014 1.764242 0.709552984778653
403 0.38363 109.45750766752 1.999584 0.735499862586404
404 0.233467 108.882247051617 2.198961 0.758304778188348
405 0.602223 104.004201099286 1.634573 0.675353526394487
406 0.513735 108.16115579016 1.760865 0.74598819066272
407 0.559758 106.141814038978 1.643778 0.692436701015045
408 0.419659 113.646382899373 1.996041 0.728307161973175
409 0.383248 120.736358248365 2.054772 0.764608240763833
410 0.49713 105.605344370803 1.824423 0.745108979294281
411 0.402233 105.510039562345 2.024668 0.789428317460846
412 0.378572 114.608246253624 2.069172 0.715027437339063
413 0.504051 112.952999566197 1.869737 0.679192164359813
414 0.509608 107.674241826844 1.811609 0.691009564186084
415 0.573309 109.980221291162 1.645179 0.708174763763663
416 0.394745 112.329589137724 1.972141 0.725740905479169
417 0.175406 126.402748928134 2.250527 0.776630169168298
418 0.477261 110.977734572389 1.870126 0.794135868734821
419 0.352873 109.926991889029 2.080659 0.727597355724143
420 0.360913 124.484823573642 2.063753 0.764674749620851
421 0.415083 109.133919789598 1.988951 0.763938133867228
422 0.481198 114.259220733286 1.878258 0.721543019441756
423 0.289557 124.944644411593 2.169344 0.827037039733887
424 0.350508 114.909645931451 2.097554 0.773919779004451
425 0.211287 121.702322038556 2.206079 0.821341080384679
426 0.482767 106.822459845899 1.883513 0.749482499639515
427 0.328586 115.030201950842 2.090523 0.766643027331172
428 0.393843 106.422488770724 1.981437 0.671537966070048
429 0.220828 106.671532030099 2.219458 0.763681871256685
430 0.386105 112.560996463001 1.996343 0.757888816921743
431 0.599698 98.4922510080244 1.625776 0.705633012201494
432 0.413059 110.472578126304 2.001185 0.749393745354665
433 0.332255 124.39764992493 2.111661 0.710126099778229
434 0.495374 109.837318485134 1.808391 0.753760759558029
435 0.32871 107.345323888912 2.083146 0.761530069883198
436 0.482172 114.259328681978 1.911601 0.760010888920867
437 0.399253 109.714659322194 2.016298 0.746454464031539
438 0.457413 106.294998879118 1.884327 0.732347362074603
439 0.383622 108.857190083921 2.008119 0.755259377166292
440 0.437813 110.891751233695 1.962003 0.729920607941532
441 0.625403 103.638683097694 1.52056 0.621335661605728
442 0.643392 114.295991806164 1.546946 0.742324385558161
443 0.42612 111.090594054021 1.992114 0.735301284049059
444 0.410756 121.509008636863 2.00499 0.777898783583442
445 0.378663 116.282925935677 2.012776 0.76750410513781
446 0.553533 109.326025764568 1.70937 0.712071179207794
447 0.353853 107.088067386854 2.077069 0.736418024811001
448 0.395593 107.136626735754 2.017572 0.722704812855339
449 0.551253 112.916885925959 1.750654 0.643993382857638
450 0.274107 116.841792058694 2.169381 0.799203804961408
451 0.421021 120.391244080573 2.004402 0.744037069406242
452 0.440957 113.196405995103 1.920109 0.770280225957563
453 0.325792 119.953007733503 2.10417 0.786067598648293
454 0.294922 122.408723909813 2.152542 0.779741170848108
455 0.541664 111.597719971173 1.723733 0.738492396512396
456 0.448164 101.627843096024 1.882084 0.718431755561431
457 0.555169 110.649708694572 1.748529 0.753372171958671
458 0.429218 106.002312709603 1.973135 0.759390082828245
459 0.420337 114.728113930437 1.989691 0.769318179215967
460 0.439951 105.590972476984 1.90235 0.765530135906362
461 0.439093 118.148117412929 1.943999 0.780343281965822
462 0.508961 114.245290793589 1.823932 0.704587880307917
463 0.327157 107.867363609459 2.108355 0.747102145766934
464 0.739941 107.995320648694 1.223542 0.634704485037889
465 0.226957 131.762980779774 2.22071 0.783694692864203
466 0.409751 104.296937433171 2.011224 0.706704020623852
467 0.280386 123.257045960423 2.146047 0.774434013448654
468 0.437801 117.314405263257 1.957895 0.76101037958621
469 0.332705 117.745143246988 2.089668 0.755093116128229
470 0.429577 108.712185757524 1.992628 0.769890767732633
471 0.5736 113.881095517495 1.692768 0.722652164089232
472 0.534856 103.914047967309 1.764709 0.72407437555743
473 0.50451 120.722122404384 1.852795 0.773908606087005
474 0.469372 113.076871018183 1.920618 0.741252353763626
475 0.269826 114.104694605942 2.177824 0.755583682042949
476 0.456673 117.085258070042 1.949287 0.758276499388038
477 0.429678 113.35623371148 1.955197 0.754308504752382
478 0.383082 111.269151446298 2.011858 0.755565603106602
479 0.534897 106.00059450729 1.773367 0.741309164460686
480 0.544124 113.175484284363 1.777235 0.758593965827945
481 0.359411 119.300520069121 2.065544 0.757603782401714
482 0.517463 108.62192005027 1.840005 0.704443625546386
483 0.231997 115.66456089252 2.20695 0.777680144066586
484 0.255691 122.537881050943 2.165543 0.749348955424515
485 0.222318 130.166819178159 2.222284 0.812877745506704
486 0.511527 111.32650036096 1.85343 0.750305309248715
487 0.485569 111.66777362037 1.889381 0.724696693960395
488 0.476762 113.270280755266 1.868387 0.731635406314193
489 0.353043 126.18837883599 2.072862 0.791798844049238
490 0.427797 102.787222731996 1.928756 0.739334340769146
491 0.452153 118.150439396149 1.913127 0.747387902650624
492 0.542573 95.1805477411212 1.728595 0.629414768994367
493 0.384665 119.124088610481 2.059387 0.753865866378122
494 0.403965 119.503088566899 1.993197 0.722153273364611
495 0.546298 111.606407871196 1.786551 0.701598540344351
496 0.470394 101.677201383385 1.879067 0.731183854879991
497 0.447538 109.732730820512 1.94735 0.715779317393515
498 0.531274 108.835733298884 1.809589 0.709721594599189
499 0.331831 109.432704290159 2.107726 0.742132865791926
500 0.466706 107.950644616718 1.877952 0.747055641207161
501 0.356003 123.717863074926 2.081951 0.743908389501737
502 0.610843 103.670005865884 1.633315 0.662630199277136
503 0.432095 112.455069949969 1.927021 0.756446072831053
504 0.343069 114.500708706021 2.08493 0.737135843747954
505 0.530597 111.120188794839 1.813971 0.698625082988576
506 0.5537 102.195666413185 1.731797 0.657356941293209
507 0.295744 119.657354791575 2.151003 0.779801011255327
508 0.367107 105.344265486791 2.036754 0.719474024932837
509 0.501123 110.584149851142 1.842 0.699143241905206
510 0.385979 116.433428735506 2.044692 0.775825916600654
511 0.390361 121.330991513863 2.052093 0.750685839961019
512 0.502784 118.025235330924 1.852815 0.749249600727851
513 0.463107 102.501142057665 1.92111 0.73943589395215
514 0.433573 115.38129988028 1.953881 0.764083248065874
515 0.456268 123.494766525163 1.918431 0.760618887837207
516 0.622777 93.6074355886589 1.5494 0.722685149027318
517 0.344413 127.630222897453 2.107784 0.8109776141409
518 0.538125 107.978590450721 1.779033 0.726570170284061
519 0.44052 108.782236897401 1.915138 0.743628350729124
520 0.358168 107.313547105931 2.041993 0.724907964520357
521 0.411725 124.090415252321 2.01763 0.73029230881175
522 0.39512 110.292891506328 1.990172 0.74637116148487
523 0.283967 128.142885552984 2.169783 0.779138158627196
524 0.325058 123.443234212668 2.130179 0.787149123031812
525 0.417218 117.530965029402 1.986071 0.766797031785487
526 0.307695 119.777360415685 2.140901 0.783665643337377
527 0.170454 122.267231967087 2.256412 0.815528686138559
528 0.354871 119.795481690748 2.086923 0.664560224967758
529 0.634402 106.236088987773 1.532476 0.718155422724891
530 0.394149 119.007807368842 1.995006 0.730418783272912
531 0.551483 121.43225960503 1.749356 0.729482733752813
532 0.376837 114.271014947224 1.980971 0.760834782499607
533 0.384954 112.544943562381 1.989728 0.771364203123863
534 0.530413 106.049828771432 1.82525 0.680545456422336
535 0.479461 117.000327974836 1.881928 0.753177679498912
536 0.32349 121.402879597253 2.128729 0.775756535619754
537 0.496916 104.174425255965 1.864215 0.733357064282661
538 0.202057 129.837451686382 2.235636 0.791967337534939
539 0.461537 115.002715029615 1.937451 0.751560767075986
540 0.345184 108.229932684871 2.083589 0.723249633322362
541 0.372539 113.59982171835 2.003578 0.754624285317622
542 0.608894 110.75459494396 1.58746 0.688920763141501
543 0.515733 112.190795055073 1.795026 0.745539849047189
544 0.41266 110.913641802574 2.014053 0.769339552756866
545 0.359673 120.06664555916 2.052268 0.766819640120339
546 0.405926 107.966753311227 2.009566 0.734128010271369
547 0.64431 107.784762034531 1.53211 0.73029710149601
548 0.331869 117.421383344568 2.119405 0.783770438791149
549 0.394071 107.811855683211 2.040019 0.750761901377775
550 0.456326 114.219703189054 1.937713 0.734841101034743
551 0.386306 112.920609855146 2.034315 0.741660846916003
552 0.555494 100.999470307694 1.733071 0.722411587321551
553 0.384658 121.68761078722 2.025253 0.758352905772164
554 0.397744 115.561790665326 2.020398 0.757767966523055
555 0.519608 106.324688908007 1.846529 0.769548254530545
556 0.433978 108.876862301373 1.924807 0.724495234860836
557 0.528732 113.991248785807 1.815006 0.721137483406156
558 0.374082 112.656289721036 2.055856 0.738111878588445
559 0.449555 111.748945368855 1.955442 0.748823024702993
560 0.371081 111.222157175692 2.059575 0.778488888745257
561 0.394302 114.518921853718 2.002818 0.743061452281593
562 0.451241 105.372698382516 1.923946 0.722992596954202
563 0.334467 122.264638920721 2.110689 0.775959619146987
564 0.364098 114.195014653703 2.066753 0.72038593693703
565 0.455868 110.121825391115 1.914584 0.718640479744187
566 0.397759 104.155837084689 2.010287 0.743629642172687
567 0.337365 122.043090174581 2.087459 0.802522745704954
568 0.56933 99.4267827169655 1.673634 0.694309676249385
569 0.426841 125.364603664693 1.959527 0.700269369669951
570 0.302995 118.288633497571 2.130138 0.786611464691308
571 0.521858 120.271199399045 1.826356 0.799848246075419
572 0.535136 109.176510010339 1.752947 0.725046313886995
573 0.713518 95.7597085995376 1.330416 0.662495943089256
574 0.321616 113.250139653025 2.135388 0.735080420752205
575 0.335739 117.541505512103 2.102392 0.768585217058622
576 0.448079 113.950612410201 1.922124 0.752652383528226
577 0.477073 116.316780310168 1.898126 0.715962646477546
578 0.456499 104.303389807623 1.930138 0.74667186144597
579 0.372262 98.212021831399 2.013557 0.707862028103145
580 0.528095 119.492244030079 1.797101 0.732033203170768
581 0.550745 108.592514131611 1.766965 0.748774337692813
582 0.481765 108.560646151457 1.8603 0.743071588161417
583 0.292289 123.042628957913 2.158863 0.762948316182803
584 0.403136 109.532355675163 1.995147 0.742060036314168
585 0.323635 117.685615542555 2.118081 0.739401590085158
586 0.484347 113.585656922166 1.893505 0.695397890975341
587 0.503131 102.11607830177 1.826906 0.675928838358382
588 0.447624 106.227502725927 1.916295 0.678681942410545
589 0.679618 107.83470290575 1.416627 0.721752234624539
590 0.504834 100.174510565667 1.835509 0.73199937197041
591 0.259671 118.7608488916 2.171479 0.700981954513395
592 0.565322 113.336726703609 1.71117 0.76023187919257
593 0.369261 111.00301756139 2.064549 0.750973719556962
594 0.300505 118.183008485489 2.118531 0.771227958901526
595 0.420498 103.030997385148 1.960272 0.720175672511982
596 0.406664 116.136416550263 1.989382 0.73730014324592
597 0.210854 111.147335965361 2.216955 0.764395666285089
598 0.650229 101.89353490723 1.48837 0.641188625952036
599 0.486753 117.209266600719 1.834583 0.751267447267697
600 0.509992 114.914277418368 1.804345 0.738033124529076
601 0.345505 119.897780140021 2.06868 0.778882279779121
602 0.492728 107.906504804017 1.854462 0.730296683439348
603 0.544919 105.373840169521 1.743338 0.698779918915815
604 0.296958 116.195587377079 2.133749 0.735736646941766
605 0.543494 108.94046986802 1.772884 0.725992973051748
606 0.338634 118.959107204407 2.102889 0.755001216963064
607 0.376904 114.856105220807 2.053033 0.768787580084569
608 0.415838 109.749603766048 1.970922 0.768884924084389
609 0.559688 101.096139625031 1.748758 0.71711294734827
610 0.611247 116.015428462414 1.618293 0.702919016342918
611 0.46939 104.943888212374 1.923525 0.7179122531642
612 0.372172 112.424427003248 2.036499 0.706922775430034
613 0.462675 104.027524105504 1.928135 0.695580964528918
614 0.357367 124.187904201474 2.094506 0.76619825364351
615 0.36347 102.49120785869 2.064259 0.758913967531185
616 0.450183 107.175283697442 1.911491 0.715685326117664
617 0.41575 119.59900224067 1.94335 0.785726615157943
618 0.380236 113.288099676027 2.052783 0.74219361163038
619 0.60589 114.465758451557 1.63443 0.746299253382162
620 0.45454 109.612395947379 1.927512 0.760409281645273
621 0.373407 107.071048265402 2.050771 0.734329564594831
622 0.406177 105.313735680856 2.005199 0.758424518827718
623 0.431354 123.943989400174 1.989543 0.747082296202678
624 0.577069 116.630554553602 1.695266 0.76356015732586
625 0.401724 119.03122935117 2.021202 0.747649004527235
626 0.392981 112.878338919255 2.037559 0.738477801490147
627 0.397176 113.622794642546 2.039864 0.742867571797804
628 0.364491 113.967015408603 2.05804 0.778081426520224
629 0.262161 128.522933524967 2.19448 0.803401248807234
630 0.280477 121.055876595514 2.106052 0.778132687536519
631 0.282823 122.010069087626 2.167196 0.786496880139555
632 0.245794 125.721403401481 2.19482 0.773588754149814
633 0.430249 121.128629064748 1.963149 0.721921728536075
634 0.483413 107.293890735905 1.854524 0.736456734256861
635 0.600709 116.885677837903 1.664997 0.723892007198751
636 0.328647 121.346206908663 2.131276 0.780498680899214
637 0.457235 107.042401344051 1.914074 0.751039329864151
638 0.494317 113.742802275526 1.837679 0.784940318609527
639 0.432236 120.471613207158 1.988708 0.751827484431806
640 0.708936 91.9246610856438 1.325454 0.57385478717121
641 0.352654 116.88990754706 2.088202 0.72967048526012
642 0.388639 120.305172281778 2.052366 0.763760154437198
643 0.390217 109.553273017515 2.00764 0.782695464053411
644 0.329599 120.793009836427 2.127304 0.744022216127451
645 0.26912 118.787416374622 2.181943 0.820125041224987
646 0.467018 118.461360558467 1.897574 0.720863716016882
647 0.375604 111.542817223488 2.004357 0.742431367249523
648 0.37378 108.814366474605 2.049139 0.741033883222266
649 0.471788 102.812710797966 1.867425 0.671994581447959
650 0.434713 98.9655712977734 1.942148 0.748655337985971
651 0.460327 107.135172951423 1.861415 0.70819017708003
652 0.448313 104.860817723184 1.967459 0.727843781163486
653 0.161711 135.287862823574 2.259812 0.814980813623035
654 0.46589 108.825861834548 1.924734 0.74802231050425
655 0.370888 110.752215741899 2.035616 0.745134985024121
656 0.411118 118.592480755931 1.997004 0.753840053784856
657 0.504909 107.279760443247 1.790275 0.731365831540663
658 0.418156 119.882460953894 1.983045 0.724527562563987
659 0.63911 119.044384952115 1.566362 0.741698233764829
660 0.53026 119.74795751141 1.811 0.725206149976364
661 0.540347 116.021935256975 1.773428 0.741240276172133
662 0.229985 119.833050464954 2.220072 0.810887302848029
663 0.548484 118.944921081596 1.755079 0.760384745150345
664 0.345148 120.966253255573 2.088505 0.779965910174131
665 0.523878 117.398593706954 1.817731 0.754895352801258
666 0.213264 124.293238653321 2.211836 0.766330606685824
667 0.522484 104.3458067247 1.815773 0.690574510575808
668 0.362317 109.101935924638 2.046019 0.735653517335693
669 0.460401 117.343979952263 1.899995 0.787098503665922
670 0.438706 104.344744817478 1.906584 0.720016113744104
671 0.298083 119.373560227047 2.130785 0.784031677525127
672 0.359934 121.104067881966 2.078637 0.80324729498497
673 0.275101 116.689176834186 2.149554 0.772261175799364
674 0.512112 102.519845774059 1.802671 0.703567559944919
675 0.475766 118.423423430154 1.91013 0.789154751930924
676 0.296896 114.862757991965 2.164554 0.778526686363643
677 0.623789 99.3963880985899 1.585405 0.668706117395449
678 0.387755 118.449463929255 2.031032 0.755217484559485
679 0.530777 116.387000167891 1.824595 0.705517606271201
680 0.563641 103.627054166829 1.675674 0.724856284846331
681 0.431212 110.748639884178 1.977316 0.76731860975366
682 0.402038 112.069103366093 2.030006 0.72359159010522
683 0.459795 116.167142640652 1.919635 0.75363638529092
684 0.527318 108.959647683717 1.801019 0.683703450313142
685 0.555749 92.8268796392644 1.760728 0.612421383675467
686 0.489302 110.750767343902 1.867745 0.741118027318127
687 0.38596 114.901702640978 2.03685 0.761359420758333
688 0.422692 118.694579019882 2.000825 0.728564726478192
689 0.416785 121.57800479834 2.000147 0.775198115608608
690 0.477295 110.153571265013 1.914264 0.775930935179829
691 0.505598 113.293649598656 1.866667 0.742428927703292
692 0.489881 108.574832829072 1.821863 0.756945198880162
693 0.648232 110.507367690256 1.483315 0.660615009565358
694 0.422341 110.067249386688 1.914966 0.654406210314881
695 0.447504 107.481578465229 1.941581 0.784918647702342
696 0.354289 112.118383996699 2.077512 0.74916999957228
697 0.499284 109.342743899088 1.825026 0.656305831216855
698 0.684537 98.9599321446067 1.431147 0.710798690279185
699 0.492765 116.695691271781 1.86539 0.776907537773544
700 0.249907 121.780185976682 2.164994 0.771105090229716
701 0.308678 126.843801612762 2.14895 0.789749700359142
702 0.551247 106.998096042208 1.745419 0.740392923189729
703 0.413693 115.10407414232 1.972102 0.745917509114374
704 0.353422 122.849204169471 2.096993 0.782262760335417
705 0.470937 108.589811613495 1.907979 0.725017798864374
706 0.402052 123.148775009932 2.032796 0.751051348390686
707 0.39505 115.757591836797 2.017839 0.741767298338072
708 0.533437 106.575227458498 1.783226 0.694574168971518
709 0.357514 118.345373345813 2.043039 0.767954749009652
710 0.388317 118.550069411905 2.042074 0.738227118765287
711 0.407374 120.862069463256 2.0136 0.759171365836409
712 0.350916 119.36560050875 2.100968 0.80317157355931
713 0.174235 136.005730636784 2.25224 0.779227789362948
714 0.532951 108.87126019857 1.791597 0.665933443193006
715 0.570448 101.617634652238 1.72437 0.723895359331947
716 0.532608 115.251830676815 1.74829 0.728614155779987
717 0.348581 118.230951664505 2.101865 0.745575557273519
718 0.477041 111.427088474678 1.841819 0.714764113099488
719 0.310106 123.061983508096 2.142496 0.743797196857754
720 0.611037 105.219844464728 1.602314 0.683994987513783
721 0.434198 106.662412392372 1.955685 0.637711843213712
722 0.467132 109.808715191321 1.901184 0.752596920140939
723 0.307268 114.477775872784 2.150242 0.764479944589328
724 0.413075 111.121794280986 1.990278 0.720446174291502
725 0.287141 124.21356785926 2.169378 0.770612298334821
726 0.512115 97.1782831157032 1.817647 0.703967347178674
727 0.652382 101.545114242458 1.465949 0.686162960493869
728 0.473517 114.434819109039 1.905981 0.681203378402848
729 0.35426 122.751486715565 2.09141 0.745134325472811
730 0.45328 118.932558374051 1.924458 0.733258282416515
731 0.385503 116.539522340406 2.058759 0.778331290116953
732 0.337316 109.747357998901 2.059436 0.769300865399687
733 0.497523 103.006956469241 1.860367 0.729457483164654
734 0.496725 113.050857939166 1.880491 0.774434708009737
735 0.314686 116.630187286324 2.097176 0.72476538581764
736 0.548652 102.523498075052 1.699535 0.730274844157106
737 0.441396 111.890649806214 1.881949 0.736641180400226
738 0.215687 130.000624462751 2.229306 0.828667479336656
739 0.420383 119.548585673653 1.995118 0.742732073961887
740 0.562011 111.847869802495 1.736761 0.722049791150278
741 0.483208 107.54526154836 1.897783 0.708467995703876
742 0.311281 112.721303418711 2.139109 0.770733692097675
743 0.408437 114.760639945525 2.021999 0.783087714313884
744 0.329509 128.123439331574 2.106195 0.763556228102084
745 0.688066 108.393522127517 1.348834 0.665561203401234
746 0.447968 110.086742249421 1.932226 0.717016245355109
747 0.668867 102.464508936917 1.462882 0.656978211171201
748 0.394269 112.168720961655 2.040368 0.748171753189758
749 0.395961 115.071461283487 2.020769 0.76771463135486
750 0.650038 105.14946967171 1.507934 0.726604460229725
751 0.477618 124.825658246325 1.904661 0.747338445804957
752 0.092047 128.560089521543 2.28791 0.823476898770669
753 0.548154 111.464391010304 1.777341 0.74839988073421
754 0.489664 106.589376718401 1.853793 0.743733899098776
755 0.430161 114.626924017348 1.970406 0.745921369054345
756 0.445562 107.814948302208 1.931984 0.734500304438377
757 0.516449 115.123192858251 1.847725 0.72813643655261
758 0.304044 115.929197913459 2.143338 0.774721657601617
759 0.501235 100.464173779763 1.803599 0.711207310796806
760 0.269968 121.095684808429 2.182158 0.784385195147739
761 0.468913 114.494460943655 1.927974 0.72430785941684
762 0.34262 118.36321167001 2.098759 0.771688733186002
763 0.41493 118.462671967533 2.002076 0.770432895472648
764 0.687679 109.805773277694 1.375643 0.732603927767463
765 0.474837 116.204510612915 1.88526 0.760442592265604
766 0.535523 111.830664420396 1.805258 0.776301573055979
767 0.46038 104.357182793667 1.899059 0.729241374414325
768 0.458797 116.32732295965 1.936828 0.682327311940208
769 0.37473 122.0725938686 2.047502 0.772407802312703
770 0.513642 108.182347823206 1.804849 0.711918398880293
771 0.516025 106.883756263406 1.815292 0.706452209783878
772 0.423084 117.568293195009 1.924545 0.712180957823927
773 0.370902 126.91874395578 2.07445 0.776465495557199
774 0.246977 120.371976104546 2.185233 0.721732012435559
775 0.344256 119.809028333576 2.109825 0.764850504631819
776 0.330008 119.255698910861 2.087306 0.756175583876849
777 0.424274 110.065140908812 1.990461 0.739112431281406
778 0.306741 125.331770585786 2.119707 0.789729276483311
779 0.489242 108.596127451785 1.873326 0.716745591934331
780 0.288736 124.193212719517 2.1685 0.817245895840257
781 0.381742 111.5052199926 2.002744 0.781544945649788
782 0.327272 121.681240839314 2.112838 0.799807502515714
783 0.155987 128.834671869874 2.264027 0.804978124018931
784 0.392891 120.827393524449 2.029464 0.765883239394103
785 0.475919 123.723110038908 1.901935 0.757297244022992
786 0.530485 104.94853035762 1.745941 0.744362592440128
787 0.536727 110.982889896953 1.795883 0.68746241544339
788 0.510421 107.95439657099 1.81872 0.745463690105342
789 0.46011 112.523953450549 1.893567 0.771218752381238
790 0.34852 108.569317086575 2.056547 0.754689937251708
791 0.538811 107.266265119931 1.772115 0.739334488884233
792 0.417759 118.364957402581 1.993331 0.777607251978287
793 0.532262 113.946623214456 1.77493 0.737382425887906
794 0.281 125.356585647356 2.174137 0.79796839213666
795 0.475014 106.854280435371 1.904848 0.733678220683821
796 0.357819 109.764233392163 2.092892 0.808011816541597
797 0.591435 111.0089462449 1.660188 0.69527668682703
798 0.397827 117.610502246036 2.033671 0.750815265257134
799 0.19934 123.521982050631 2.233551 0.801134929742959
800 0.31092 120.351682183094 2.142413 0.789610856856664
801 0.571075 102.640474632904 1.716422 0.685553222341267
802 0.562795 103.72877096833 1.684962 0.662332706562045
803 0.539647 100.78825097724 1.768177 0.700090037779761
804 0.389461 120.985904183485 2.027094 0.77931961673722
805 0.527631 99.607552581055 1.808533 0.683487224802988
806 0.460342 115.39596391444 1.930865 0.719439757324218
807 0.535139 105.381341041513 1.797055 0.763081538142915
808 0.375103 109.987049829047 2.05126 0.773793448901096
809 0.482784 120.46451908811 1.876462 0.775128689549569
810 0.522101 123.677311726402 1.819033 0.773092831287216
811 0.507979 116.019045589713 1.839972 0.737464468479281
812 0.411354 122.219788381871 2.016172 0.747073866505793
813 0.300192 123.024101020534 2.138168 0.773862240746986
814 0.543458 107.226004855471 1.770523 0.689212803237102
815 0.325 113.708271553714 2.118364 0.721973313010147
816 0.404674 113.859535612811 2.020585 0.743074217686473
817 0.541068 105.641181179078 1.802718 0.732160513229185
818 0.286067 121.965411768096 2.162882 0.796069448236559
819 0.631834 114.462004744381 1.579496 0.70630461018951
820 0.523273 119.157656307734 1.760815 0.766540655615544
821 0.481818 114.871586280089 1.872181 0.742704810168137
822 0.204588 129.795271908064 2.234062 0.811629657750124
823 0.514801 109.711512039061 1.825994 0.723883832755373
824 0.395889 120.071256007702 2.012607 0.801896015725547
825 0.497951 103.368907426407 1.845232 0.72465504646976
826 0.397189 108.819591605334 2.00852 0.73722632950576
827 0.630242 112.608107230997 1.569271 0.73770423178244
828 0.384042 111.003155997017 2.023258 0.77511478048735
829 0.49108 117.958223198049 1.875897 0.724818963850634
830 0.451887 116.277416172475 1.947871 0.740717103496293
831 0.512678 118.466555512256 1.858046 0.728657824951
832 0.72967 95.0664057609767 1.248162 0.624680639773333
833 0.568076 110.368722545885 1.745939 0.622206602791061
834 0.383849 115.383509482929 2.010661 0.742353678835333
835 0.292205 123.0371401028 2.154502 0.799111877733173
836 0.378015 114.826539242875 2.02263 0.723859022867329
837 0.39745 115.328841046035 1.99874 0.71758336082814
838 0.391447 109.389521904774 2.016416 0.751487341407639
839 0.364118 109.13227960441 2.040435 0.764611553183551
840 0.506373 111.657968788944 1.83926 0.726731036829567
841 0.446132 113.340548063322 1.90081 0.773297267136473
842 0.416445 115.227329343568 1.944168 0.738624016555725
843 0.421447 110.900791542801 1.985561 0.705117066837915
844 0.447032 107.773458786692 1.968559 0.727569931115892
845 0.463322 113.629697410908 1.928321 0.740025553648289
846 0.607943 96.985130871687 1.613282 0.706928081798721
847 0.309363 118.636485409774 2.137437 0.762851322799643
848 0.269506 112.574907345926 2.177887 0.74084248140774
849 0.526597 110.334560221485 1.794103 0.704435500121384
850 0.593399 109.660019116482 1.66012 0.684606622075333
851 0.531768 114.18684642628 1.750101 0.649438054107814
852 0.468055 118.119924264666 1.921346 0.754468378651738
853 0.213604 116.892800126812 2.195348 0.819644606086755
854 0.563215 99.9722576573114 1.722937 0.738608048893627
855 0.569715 114.300719796362 1.719233 0.719860443350821
856 0.450311 117.634859152654 1.899797 0.770421157035682
857 0.429283 95.3661160722252 1.986441 0.717685491338142
858 0.510386 100.97960593179 1.845233 0.721284105977155
859 0.378845 129.663108773913 2.060707 0.778942014490621
860 0.430067 106.995198745952 1.986495 0.748277793747837
861 0.429824 114.521044376014 1.958126 0.746552170539816
862 0.604527 106.747954481824 1.626481 0.721573569107652
863 0.432492 106.620149918343 1.931466 0.752361264340755
864 0.309299 121.005441111892 2.144395 0.750445138831604
865 0.541463 103.683640008626 1.791606 0.697851958797521
866 0.40296 117.969314012334 1.968973 0.738327868781753
867 0.490985 118.824283280034 1.872873 0.782678225410297
868 0.437585 107.128290212357 1.936243 0.727159851371953
869 0.442296 111.773882263904 1.926105 0.781101048377827
870 0.455276 119.950636879003 1.912487 0.806334710341183
871 0.674866 103.36693374461 1.432503 0.650451520665842
872 0.414969 115.283128223305 1.974459 0.771038923090386
873 0.314228 111.654285869069 2.136724 0.77852529558037
874 0.367604 109.307587192422 2.051537 0.769024715640567
875 0.45578 114.62985142637 1.887271 0.748842923222068
876 0.419378 108.770112184561 1.978989 0.720504198215719
877 0.507049 120.7058419619 1.807027 0.782199330669923
878 0.462672 102.215833005707 1.894534 0.704843160586753
879 0.455459 108.360999901468 1.952568 0.71746646442724
880 0.399256 125.005560659874 2.042702 0.773677865378369
881 0.376664 102.79701144903 1.98735 0.736142896153283
882 0.340797 99.7297410725677 2.062387 0.712123318766922
883 0.276888 126.064263684751 2.180825 0.794082430239951
884 0.372516 115.720358951266 2.062461 0.78423305600036
885 0.384085 119.492347445277 2.011374 0.763035906550459
886 0.480304 112.841885187246 1.892297 0.724076887069843
887 0.619179 115.311876107473 1.601557 0.748516833576705
888 0.408239 113.466309834767 1.996643 0.751613073952299
889 0.671471 96.4314846884539 1.440927 0.685654323627559
890 0.355881 113.415599428704 2.028447 0.783533762472342
891 0.4517 105.29706880363 1.920841 0.762474892584734
892 0.29458 123.103575751694 2.139175 0.774398529922193
893 0.191458 127.508489485666 2.244063 0.767294646462646
894 0.417501 117.619578620886 1.994332 0.737286277759555
895 0.36477 119.086361321993 2.039342 0.774320231899677
896 0.433232 112.309636355642 1.984469 0.739669115197025
897 0.448145 114.482941259596 1.939105 0.753070774139172
898 0.294635 114.584665213931 2.133288 0.768126159283415
899 0.523714 107.98228799831 1.754795 0.714315656598073
900 0.446794 109.427920741691 1.935358 0.760031100834211
901 0.312503 124.150267456483 2.144857 0.795871376574294
902 0.531762 101.778770142447 1.79763 0.668730053682738
903 0.671168 105.574423943653 1.465814 0.742399832929568
904 0.451985 121.704044665354 1.933568 0.790622926048242
905 0.396145 117.51323031178 2.026306 0.74772627846662
906 0.442853 109.535089496813 1.970395 0.748503389330765
907 0.557107 108.728226506044 1.754207 0.750314065333573
908 0.342911 118.269647554884 2.071394 0.772299695768937
909 0.596869 121.588952799928 1.663217 0.711422075821224
910 0.668304 91.847873860443 1.483022 0.656702295010009
911 0.426256 118.004153837289 1.998142 0.754954582225386
912 0.413528 121.439197807394 2.013797 0.728131824200079
913 0.281748 123.550857897015 2.172942 0.80239753090059
914 0.527754 105.503333033682 1.800005 0.698835635258218
915 0.437683 118.233031643945 1.986718 0.72902153391254
916 0.628031 99.9080631895359 1.543274 0.720496249654404
917 0.580679 114.865656691499 1.646564 0.788063802328327
918 0.547271 107.20917860807 1.737937 0.66120010186048
919 0.36591 101.594085264867 2.010891 0.735313521225645
920 0.209972 126.902837570315 2.232021 0.805999895166619
921 0.471333 104.405824069578 1.873424 0.61114229873315
922 0.470062 116.401540921659 1.905262 0.780160461972266
923 0.301803 118.986130774701 2.146255 0.70807861776624
924 0.564456 110.174467174943 1.716347 0.666542701060868
925 0.392176 120.213592153832 2.023566 0.806010559157647
926 0.404927 115.286230102385 2.016842 0.784695878962278
927 0.504639 106.816568793676 1.811035 0.746840883509281
928 0.54927 90.0816074288821 1.72848 0.684994232052075
929 0.400508 116.319433030416 2.006344 0.747704287323972
930 0.412673 106.995746158212 1.990241 0.744230016095944
931 0.411207 115.806333047746 1.985277 0.737185022204619
932 0.414675 123.795929566957 1.994298 0.793592622064866
933 0.627343 99.8789815249824 1.573957 0.707743967959797
934 0.40418 110.052230916504 1.971985 0.752142150936759
935 0.350929 120.145187863129 2.087745 0.781742823549911
936 0.600019 100.967081738677 1.637694 0.656555057044579
937 0.298177 113.511030141578 2.123147 0.756698999019429
938 0.375735 108.117372012386 2.056041 0.762018224585574
939 0.513272 111.027086044219 1.812598 0.708759576432315
940 0.254957 127.022474879392 2.195461 0.813060735942499
941 0.539669 105.816521021257 1.76166 0.689128096116042
942 0.453623 116.992853007902 1.918136 0.775992673037407
943 0.336551 121.641331137054 2.116212 0.764800558760028
944 0.234414 116.795966224548 2.180493 0.791473109281243
945 0.446379 106.276724522272 1.953546 0.762996123146705
946 0.236912 114.708071349902 2.166582 0.772102748503268
947 0.535262 105.199287639876 1.759379 0.737528627679129
948 0.461094 121.235986115884 1.889553 0.776451427791151
949 0.379988 108.839050737838 2.009222 0.738949741214812
950 0.36802 111.473745102509 2.049864 0.764236484992208
951 0.49793 104.523143955559 1.88697 0.724017083493491
952 0.665978 96.5687141381644 1.424353 0.708737163872859
953 0.370639 115.813267347281 2.045755 0.751763953864489
954 0.43765 116.421182078726 1.971917 0.726472055357749
955 0.318854 118.088084792626 2.044334 0.807506854931905
956 0.316334 119.178026602618 2.123552 0.764379049563859
957 0.388665 117.096728000125 2.024179 0.743208879080736
958 0.382515 110.269704647019 2.065084 0.744551608106695
959 0.275199 118.774303858743 2.179365 0.737853534664046
960 0.528755 111.612061566764 1.815911 0.716992508878888
961 0.301017 116.293416548254 2.13451 0.785735365541805
962 0.334045 117.419718842144 2.1173 0.750696807369205
963 0.455084 109.248652780912 1.90082 0.728728025224046
964 0.278511 119.450025942758 2.171575 0.807878896744644
965 0.394526 116.534695548743 2.005492 0.750272199264301
966 0.441839 102.550884875483 1.942349 0.709991122579608
967 0.339585 109.795648676237 2.068147 0.766151440698977
968 0.445586 116.363266961219 1.957999 0.754181513122303
969 0.577991 104.165419402188 1.674274 0.714511970274058
970 0.419972 117.025622002996 1.993517 0.760795753648843
971 0.163494 132.959892715792 2.258613 0.813273895075935
972 0.35122 109.638288690485 2.053774 0.722807450858801
973 0.353501 117.419977255507 2.089915 0.813055909429986
974 0.394881 119.878757084138 1.985592 0.717289902280498
975 0.312579 123.130899447791 2.109291 0.790213681476668
976 0.578234 107.170663676547 1.684051 0.605325714608808
977 0.415475 111.378321068652 1.98758 0.74414502925481
978 0.5097 113.70269083708 1.85607 0.700481723833458
979 0.406936 103.303995715353 1.99608 0.734775730584596
980 0.231792 124.320960597789 2.210483 0.779141003950952
981 0.423016 115.811109647952 2.003959 0.786997168852122
982 0.318797 117.416756965179 2.094399 0.767914628401108
983 0.58513 120.695629396009 1.69126 0.762073673282872
984 0.249814 121.971117444681 2.174671 0.809076161690966
985 0.582181 108.923173258333 1.67335 0.693049035481141
986 0.442914 110.773074882336 1.903705 0.729936468551986
987 0.373774 105.238291803146 2.038559 0.716480110556703
988 0.449292 107.582305192056 1.901992 0.730145409937402
989 0.455256 105.764943788981 1.9135 0.737532197819055
990 0.494936 108.44304252025 1.870114 0.746803043570308
991 0.548494 113.392397470278 1.767728 0.719283163895217
992 0.425819 124.959441964229 1.987456 0.780356285346112
993 0.555089 115.270402343996 1.748469 0.737467330226789
994 0.494493 104.797846366027 1.861231 0.718247857005871
995 0.536524 96.6298156922506 1.702754 0.684354215198859
996 0.381173 115.713388565729 1.99603 0.762644577582996
997 0.2152 128.946690136404 2.227031 0.75973984576171
998 0.214679 121.527012427528 2.225825 0.767654984771472
999 0.381001 120.615516936604 2.0506 0.807822167545286
1000 0.201004 128.937346396156 2.236567 0.817816536039356
