rep aei_left left_area adi_left H
1 0.414504 113.873738397549 2.009556 0.781712864228822
2 0.382963 113.855675940088 1.993942 0.828839332871328
3 0.366869 114.051420476749 1.99467 0.767930777118976
4 0.423955 114.510851874489 1.981602 0.7657340767703
5 0.357792 115.104849910043 2.09339 0.772056867012885
6 0.390575 120.063918355634 2.040007 0.79921244654823
7 0.411083 118.388677996582 2.005255 0.760615844011553
8 0.463298 107.95127737025 1.893807 0.762754910135374
9 0.356875 114.570666784675 2.069257 0.799403229241121
10 0.565737 108.056654460535 1.711477 0.735088968983459
11 0.132333 134.004129934222 2.273699 0.86072122272817
12 0.334171 119.780448529819 2.102898 0.812000837669799
13 0.317906 114.459181615134 2.118609 0.808512832347468
14 0.358499 116.489586429007 2.077871 0.768195273574245
15 0.360069 128.073949560821 2.08972 0.826734817956481
16 0.683938 103.114589630447 1.41501 0.716900414893497
17 0.377108 117.092585619169 2.021313 0.808645070202041
18 0.417211 114.12955342435 1.964139 0.766325942884454
19 0.378143 124.020572866581 2.067685 0.789270784665634
20 0.525379 98.7021774936629 1.78871 0.728250288149846
21 0.313115 119.896949454852 2.139542 0.812510765723683
22 0.393151 121.067255097481 2.040656 0.798321841339657
23 0.381616 113.584176180134 2.03203 0.761627701275029
24 0.470819 114.318359080243 1.910609 0.784507284454308
25 0.324499 123.687429915304 2.113607 0.787158952113727
26 0.417123 121.568852191237 2.01441 0.813618284007891
27 0.44665 111.551677956398 1.894201 0.773159959858622
28 0.289837 121.116867673563 2.140001 0.811604623753667
29 0.331066 128.599447444376 2.057419 0.805382425782697
30 0.335975 113.924555278212 2.087999 0.785700351938711
31 0.253954 115.715326413123 2.166915 0.809106782475114
32 0.463471 104.810451984089 1.879494 0.738918921362672
33 0.315724 122.81184219875 2.095645 0.814242434008678
34 0.261904 127.329496053637 2.191615 0.833320562518036
35 0.345736 118.144142295639 2.067917 0.804700670442472
36 0.302518 124.901858239012 2.147619 0.810308729390006
37 0.265197 120.532785980182 2.185948 0.802007404200063
38 0.444795 114.42454917769 1.944453 0.777269246459624
39 0.301153 128.044952130582 2.15579 0.820859036096579
40 0.440378 113.580096804692 1.910998 0.783083854446499
41 0.306525 122.521565197964 2.136553 0.782979409547319
42 0.301333 117.805509664303 2.126206 0.824439941247163
43 0.302233 121.401118705638 2.127923 0.803472116888693
44 0.414848 124.27533480259 1.990785 0.793101815395013
45 0.353948 122.4063391196 2.07251 0.803185323961985
46 0.462831 112.910443627145 1.919877 0.767700183934654
47 0.458114 122.50639903547 1.935239 0.804720824560952
48 0.503842 114.970472511906 1.828729 0.767460407010864
49 0.30781 124.915081341569 2.153489 0.810995953100341
50 0.30103 119.309262610833 2.135671 0.807868202763959
51 0.389254 109.143083681162 2.015607 0.779079769750637
52 0.401031 118.828371948587 1.996411 0.751534226609781
53 0.531729 109.701958458702 1.745091 0.763923306813828
54 0.516357 121.716538768223 1.841577 0.80887550898761
55 0.35106 120.083907629606 2.070832 0.81244068032478
56 0.495944 111.676369727215 1.832563 0.796868003306011
57 0.331025 128.46899621132 2.115129 0.82816418491698
58 0.289767 119.527184399479 2.150741 0.838733115386016
59 0.329591 113.23061980218 2.114281 0.799901867150852
60 0.339618 114.863395861001 2.09742 0.791272804453103
61 0.369285 117.030232464195 2.035346 0.804911327619132
62 0.423132 116.932436355051 1.966789 0.825699696099062
63 0.515124 117.594295373221 1.839153 0.790742376848204
64 0.502039 118.635664861868 1.808904 0.785717148745205
65 0.425094 119.20153441511 1.970874 0.824064845214096
66 0.356547 123.734644683783 2.067788 0.820133596492701
67 0.461281 114.882908441926 1.89811 0.766610233385338
68 0.337185 123.062763623699 2.08517 0.839007330580164
69 0.4994 105.464691321748 1.796408 0.749711458883718
70 0.363537 121.541431127484 2.033401 0.817604517890277
71 0.532125 108.378860147959 1.803643 0.769280466123652
72 0.462177 112.056497093556 1.886845 0.765905426740951
73 0.310522 123.173208652198 2.132716 0.814726333024993
74 0.369274 120.327018712083 2.07854 0.729569221887207
75 0.498837 113.617353786566 1.779907 0.78933334413883
76 0.525942 111.571842437325 1.789981 0.737009666866754
77 0.295166 127.724298807434 2.155529 0.82162082549013
78 0.444141 122.975160928143 1.956956 0.824317821127669
79 0.419217 111.372072088831 1.995213 0.773380027558683
80 0.279838 126.352358713653 2.157235 0.795257122897404
81 0.448502 115.298962020257 1.955414 0.782140468351203
82 0.291403 117.17555165836 2.137248 0.781573442462102
83 0.455553 110.151865434963 1.861082 0.758924406411413
84 0.475318 123.736442366769 1.888722 0.801326752655544
85 0.491027 118.15075862726 1.851578 0.782560112010982
86 0.400154 119.053336364807 2.005785 0.78382538159149
87 0.462305 110.667348944909 1.927717 0.784478367047278
88 0.367951 124.787976267002 2.047407 0.810680402952815
89 0.277696 128.682633671439 2.118444 0.797998867972119
90 0.456313 109.345738564376 1.891494 0.791400013764112
91 0.394118 114.58945392165 1.995598 0.796474646173135
92 0.563139 109.160737223235 1.696236 0.737649223761362
93 0.476765 111.110017232095 1.851184 0.753277337564282
94 0.481238 111.550570220222 1.875047 0.792349454378902
95 0.543251 116.430741210116 1.772834 0.773850635560139
96 0.462685 106.733858412348 1.885084 0.764576886398888
97 0.244874 126.203782369964 2.193391 0.83243279912191
98 0.452482 119.252353458796 1.927678 0.806308630817674
99 0.285341 121.300855321753 2.094733 0.819978352840413
100 0.443756 108.401011706116 1.951725 0.789767894573353
101 0.399377 125.364507967804 2.031203 0.82506336887351
102 0.253286 123.672362845513 2.172986 0.835879068614159
103 0.454932 114.742336748438 1.902538 0.797915854004203
104 0.196858 131.528176902464 2.241995 0.859301416342557
105 0.473768 118.632412747677 1.854785 0.791861455373912
106 0.449142 116.123753175658 1.93696 0.775425931549818
107 0.445731 117.62421502019 1.959931 0.80448575966506
108 0.334883 123.619587092788 2.102385 0.800517945968069
109 0.5286 104.522427807461 1.743745 0.733073413065265
110 0.374105 111.041416481045 2.028922 0.795828829489539
111 0.427183 110.753851957579 1.983593 0.770251558225869
112 0.445851 104.371198237618 1.942189 0.781824950954379
113 0.443648 108.414367446167 1.906963 0.771710418033198
114 0.523872 109.213612609689 1.823586 0.720449070855993
115 0.450471 111.803238920851 1.923695 0.789279308083064
116 0.323417 118.638327318241 2.098113 0.809467256393679
117 0.583149 102.818607635514 1.640406 0.722674157060026
118 0.437778 107.083249066844 1.922056 0.772981042440798
119 0.362965 117.546248608887 2.037996 0.793914711419691
120 0.485048 110.101120578023 1.872798 0.771619809631335
121 0.430198 123.099491489439 1.984767 0.787722508896479
122 0.36951 119.573188009853 2.038124 0.799282454434963
123 0.450402 114.3220502595 1.957955 0.795641544331316
124 0.44174 113.816813953484 1.916186 0.792205150118345
125 0.478928 110.837039622442 1.883464 0.764640251289399
126 0.577995 111.252042340459 1.690356 0.765841863492179
127 0.368674 120.712030091335 2.070034 0.828483035961113
128 0.398258 112.086158373925 1.967403 0.758850198675142
129 0.355591 121.189283632594 2.069939 0.78809721943202
130 0.505107 116.088366764499 1.793896 0.799268732181922
131 0.363607 119.475843576119 2.075361 0.808339383475773
132 0.597243 109.352459391708 1.635276 0.758033130992481
133 0.272484 117.957064913086 2.168327 0.807895101755014
134 0.509687 103.177684802924 1.764182 0.757161282807368
135 0.461537 110.754884071242 1.927905 0.763138115755687
136 0.461166 117.870549788583 1.9344 0.76909269522313
137 0.381707 117.211411944626 2.017434 0.803199733662121
138 0.294365 118.947312354871 2.108769 0.831971571190412
139 0.420359 120.241008837674 1.980559 0.755881778387478
140 0.251506 124.097633403618 2.197934 0.825150254170883
141 0.508797 120.101057342211 1.828718 0.794490415521778
142 0.389663 125.5785164044 2.050615 0.796969998024892
143 0.348361 121.674501871194 2.092454 0.786291883582406
144 0.594127 118.493067277395 1.657702 0.775113083858491
145 0.399189 116.161923738007 2.011856 0.781446804107406
146 0.294717 116.923258972424 2.117584 0.808088125777251
147 0.443032 113.921568401735 1.95765 0.79570076156323
148 0.361778 119.846627382542 2.054287 0.828975697461048
149 0.335398 119.22134835596 2.088127 0.796586846032471
150 0.421643 117.924425491238 2.000601 0.784284760852436
151 0.482469 112.055657794114 1.864682 0.786377805779456
152 0.24904 122.439715131914 2.183419 0.813297389391134
153 0.424977 117.396799482669 1.991472 0.803657405187627
154 0.3626 116.722447461731 2.090039 0.792169714608657
155 0.511381 111.165925093483 1.832128 0.73811256077289
156 0.443032 109.722404167018 1.946918 0.765051644295346
157 0.426943 118.515548024718 1.969865 0.7805779368817
158 0.22633 125.205211578734 2.222104 0.839709556046526
159 0.381456 116.404107620827 2.05556 0.822349884125576
160 0.351868 126.331657117552 2.091481 0.827732568039124
161 0.557365 107.731320445767 1.731944 0.739771523686282
162 0.333218 118.31142940687 2.096275 0.808130370270328
163 0.347154 124.552671571892 2.102063 0.809516502048959
164 0.273539 126.258758252243 2.172956 0.821123002537751
165 0.279326 127.040867765696 2.116581 0.822740746009459
166 0.380439 119.652621234514 2.033728 0.791108724849165
167 0.508023 114.366560448916 1.830439 0.783779135730849
168 0.373001 119.691012318775 2.022037 0.808137739580005
169 0.375677 122.497921230463 2.00437 0.807664825312524
170 0.510162 108.312659680514 1.818716 0.775733265854955
171 0.450575 120.113511347599 1.898477 0.792503559574643
172 0.405437 121.234371412184 1.970819 0.802960474399161
173 0.611797 96.984740242212 1.579846 0.69660002761229
174 0.451557 117.70527463776 1.921908 0.785969442732261
175 0.453825 120.079251171208 1.940875 0.788371791910944
176 0.283743 119.904673444715 2.15231 0.808684855667614
177 0.382179 116.483524593702 2.022285 0.790856710515247
178 0.31044 111.857771495464 2.124206 0.784483716409078
179 0.606613 104.773171019063 1.615425 0.714070981193313
180 0.39346 119.298186469525 2.027199 0.783922803048408
181 0.355686 122.375693345617 2.043044 0.820480227747341
182 0.408891 117.109782578258 1.959487 0.798359881977231
183 0.294646 119.878795395237 2.146181 0.82610499716904
184 0.40881 108.860641020377 1.979599 0.772920063552233
185 0.40962 115.839437790518 1.989949 0.802964660097103
186 0.52296 106.367169672225 1.817047 0.780731264930067
187 0.309135 117.17914856434 2.128818 0.792407166838757
188 0.622211 103.866804872152 1.606069 0.700670700999281
189 0.35189 114.632948814121 2.054943 0.796742693773997
190 0.636166 112.259522120893 1.504725 0.737695793535356
191 0.250392 130.280578524449 2.189252 0.841224362177934
192 0.327778 115.545614016874 2.101092 0.807666904426299
193 0.432747 119.985106830015 1.989074 0.811288832970088
194 0.32928 122.332657462652 2.128937 0.788726155574162
195 0.366126 120.343963512052 2.048305 0.805825309839561
196 0.348819 117.631378771209 2.03372 0.82313465725996
197 0.275273 121.220251219094 2.165477 0.807127764407792
198 0.460863 105.399803968666 1.865004 0.771085425443097
199 0.252504 123.40001876045 2.146856 0.791194650165677
200 0.341788 122.688794622895 2.110365 0.798473628561043
201 0.408016 121.410517708802 1.967234 0.815854434341532
202 0.459879 107.088307534428 1.925216 0.752297386596724
203 0.453782 117.103216706915 1.941963 0.776887968572992
204 0.449067 111.598774265994 1.938828 0.773800490605993
205 0.328987 120.7085177871 2.096407 0.831750301687505
206 0.257771 119.780734101121 2.181694 0.814322957306167
207 0.480201 115.044830222521 1.920251 0.758061522722762
208 0.39075 119.438322994887 2.033873 0.785887520169493
209 0.397653 119.725421874871 2.039766 0.806195075835807
210 0.472214 117.084557672895 1.910656 0.746658553517996
211 0.399297 117.376018784316 2.024777 0.7633490095939
212 0.391736 122.19540196298 2.030873 0.803124021925793
213 0.516339 113.543408789113 1.817778 0.765973416186615
214 0.348459 118.167722121907 2.086557 0.782702821777373
215 0.324855 126.42548874649 2.126494 0.828101130620127
216 0.25862 119.968080953895 2.181606 0.814058519632185
217 0.390555 116.387487073445 2.004777 0.790968390168074
218 0.495101 100.149280463243 1.859478 0.714873522546818
219 0.489125 113.448131568896 1.854558 0.786241484881784
220 0.457563 116.2792222571 1.865051 0.767841646950624
221 0.45516 110.416756732783 1.940013 0.719080797165776
222 0.503892 105.481784005694 1.844201 0.725910931883929
223 0.562045 108.632664529828 1.751143 0.720863552520722
224 0.526688 114.002086297709 1.805686 0.774155330615606
225 0.526669 112.093696872032 1.81932 0.733094957874078
226 0.511781 125.193711750894 1.854447 0.789084233813457
227 0.469935 116.385859890853 1.888126 0.763474742007904
228 0.19067 123.838287894873 2.2274 0.832789867630402
229 0.346919 124.766019142782 2.091973 0.810469389842594
230 0.428246 112.642021495963 1.977667 0.778020205690998
231 0.433158 117.994163519424 1.963087 0.793800124385914
232 0.358336 123.37815604854 2.074278 0.804440314344558
233 0.273566 129.764115889111 2.178366 0.827143287358801
234 0.404611 119.007595004737 1.987648 0.776402100786666
235 0.208353 124.519082381029 2.234202 0.834410257454734
236 0.36257 117.188957219315 2.061356 0.65297584017081
237 0.532622 111.6668454743 1.807573 0.779790574124589
238 0.383104 120.764345433723 2.035413 0.804576836604653
239 0.280057 119.545506805074 2.130153 0.797048746916014
240 0.227122 127.001786028612 2.188379 0.824241076150773
241 0.482482 111.348053024799 1.882153 0.776805874839803
242 0.229832 128.527539589047 2.216947 0.853133946490011
243 0.358589 119.195604126662 2.031428 0.775138334497429
244 0.375975 122.786909159945 2.031003 0.809579245335693
245 0.379912 117.645433891796 2.044828 0.804926004740331
246 0.271123 122.506147899878 2.172222 0.824014433255143
247 0.387057 117.242584362442 2.040706 0.802999493744265
248 0.31361 117.713499204047 2.112774 0.800656524679365
249 0.34463 116.832506181585 2.063622 0.777173649880427
250 0.456865 118.755108595687 1.940868 0.764734341846772
251 0.261326 128.428293098587 2.191955 0.827657299753171
252 0.447578 114.955282787843 1.908953 0.7466011315807
253 0.449157 112.059806507663 1.859051 0.775767106648445
254 0.46846 122.656530210174 1.91425 0.789180883354658
255 0.3518 121.664061193585 2.066268 0.799190080026633
256 0.290332 122.298713890185 2.154331 0.823750554078212
257 0.438517 114.533214389083 1.937104 0.790562426571875
258 0.425968 116.380384945524 1.9703 0.816342411491869
259 0.418213 115.913508870236 1.980699 0.795381479734233
260 0.365175 123.758473009198 2.057079 0.813502383163611
261 0.518395 113.085523260641 1.827432 0.74510674843324
262 0.357725 121.586623854239 2.095624 0.813819664256264
263 0.516882 103.483598159351 1.829666 0.712532454939564
264 0.368903 116.650225412996 2.039164 0.786740325439152
265 0.504633 109.248498109216 1.864481 0.783123441625289
266 0.288259 116.2169788912 2.165774 0.814169448130034
267 0.491814 113.309881612121 1.859978 0.7869164613773
268 0.373643 122.592455646863 2.065357 0.826160226441177
269 0.413066 111.423380405205 2.001084 0.78660094642852
270 0.506698 114.448308405915 1.840861 0.740886774946524
271 0.340569 121.359961462891 2.081809 0.830424052781856
272 0.284818 123.954273180742 2.130396 0.815879763176579
273 0.349075 117.949930330162 2.055493 0.811423413763895
274 0.585739 109.393961874821 1.647303 0.740616493191869
275 0.39818 118.50907060396 2.03941 0.817083934648252
276 0.4297 118.29845490838 1.93698 0.772533731644449
277 0.677613 107.087503134806 1.442901 0.700591474021538
278 0.51044 123.066531309776 1.833274 0.815934237131344
279 0.378522 118.595256205756 2.018096 0.789026186279252
280 0.467385 116.907734501913 1.923406 0.777786586840815
281 0.466571 112.002271356213 1.866591 0.77235601430122
282 0.381997 114.306817600199 1.993913 0.7715934734533
283 0.359273 119.390756216752 2.049682 0.794834711945536
284 0.331523 116.090670569326 2.097863 0.784247178118489
285 0.608878 109.520127277933 1.636826 0.737211824065348
286 0.411039 124.234140570078 2.012017 0.798684273530238
287 0.250399 131.29822091567 2.198361 0.800417742800559
288 0.412188 108.345585568593 1.968242 0.758368700557347
289 0.392604 115.205340703993 2.023861 0.801434715853698
290 0.351924 123.167625321583 2.073555 0.798870629676235
291 0.482982 113.191169343634 1.846882 0.78721240056788
292 0.450484 115.333939194045 1.914312 0.803895271112128
293 0.419324 118.16985063908 1.96033 0.81444977140565
294 0.37611 127.364019122317 2.021197 0.783985139945508
295 0.445865 110.915771380343 1.921255 0.786226043551201
296 0.531316 106.11133896532 1.789085 0.755990845063731
297 0.428582 118.044535098619 1.984644 0.788280129372392
298 0.264849 126.448310639901 2.177238 0.830049528654721
299 0.472615 108.060682956151 1.873225 0.73161085037585
300 0.264863 122.604907671523 2.173058 0.821974304199309
301 0.364397 112.519971916023 2.054184 0.799419273011398
302 0.305165 121.785860056634 2.122747 0.818969761321246
303 0.725564 104.634499538226 1.213571 0.666304236938049
304 0.32254 118.289331920935 2.12007 0.801717486375565
305 0.327323 122.011208092791 2.062017 0.798374778893799
306 0.347466 121.281529054782 2.085284 0.816381547981967
307 0.346892 114.477177231459 2.077694 0.771869484913797
308 0.420655 118.901739540229 1.98732 0.797189094139766
309 0.463927 120.459493139826 1.922981 0.796879278747254
310 0.375269 123.337683056645 2.060002 0.817044879667547
311 0.361654 112.342009566934 2.064023 0.784789715552192
312 0.430861 116.352070573745 1.938189 0.773000416863446
313 0.450378 105.496725808963 1.927613 0.765510942834278
314 0.545113 113.047872735893 1.729511 0.74534423128339
315 0.402934 110.576615737951 1.978758 0.788009353902393
316 0.311716 115.645732317671 2.09567 0.803227204988587
317 0.38405 104.979484124154 2.009058 0.769422959238576
318 0.497353 114.539768842025 1.778228 0.797901040255551
319 0.459728 116.006617736557 1.931301 0.763563808987169
320 0.339163 117.324725377617 2.085542 0.825503705271717
321 0.402407 119.790453675344 2.028062 0.762203263299922
322 0.368108 122.861450960191 2.078613 0.808412634226583
323 0.484268 113.715128441447 1.851808 0.780789632134447
324 0.480065 124.039881487483 1.887977 0.780755361378278
325 0.584084 106.273979446792 1.664658 0.721990259250887
326 0.449515 114.721160455151 1.952447 0.804778579505927
327 0.488443 116.858723210386 1.876538 0.778141348063628
328 0.463076 119.393681051753 1.915822 0.814173900226152
329 0.426512 119.028452252329 1.981438 0.800455106368754
330 0.392073 120.764871748339 2.014997 0.804967044004176
331 0.437444 113.655820313445 1.953454 0.767533631136823
332 0.429052 117.3714631728 1.977375 0.759224174094043
333 0.520355 111.98051789671 1.80242 0.780821591119988
334 0.390096 114.463563282188 2.024408 0.800451297065779
335 0.388816 117.986989378672 2.011186 0.750480237218105
336 0.300633 123.016225069816 2.140183 0.834815967152815
337 0.5536 108.819039159623 1.742743 0.700893098546176
338 0.342974 120.327029930703 2.103632 0.82603882475371
339 0.484901 101.921893102044 1.876869 0.751820176079472
340 0.460477 108.259613921555 1.892294 0.783737455465257
341 0.433507 123.148279386258 1.962942 0.807744927096135
342 0.386971 116.992588652507 2.030616 0.807309796342287
343 0.378682 114.508497577004 2.01374 0.797218591959825
344 0.273651 120.847069984796 2.150633 0.778897584126074
345 0.446766 107.193005676406 1.868892 0.707986172968338
346 0.406536 116.670940495274 1.990966 0.806786555365084
347 0.495261 113.770409445269 1.838613 0.779312183371567
348 0.473507 113.236744679604 1.8846 0.817961729616085
349 0.432935 116.62849908145 1.972626 0.794971209639979
350 0.505357 115.582851185931 1.851922 0.76500136727073
351 0.343521 122.919793415582 2.076809 0.808107174130232
352 0.339384 123.506402553326 2.09427 0.824810988258096
353 0.450125 113.752374449844 1.929811 0.77675181536907
354 0.42791 117.973906617548 1.956956 0.795816044103129
355 0.375342 117.128914964542 2.020302 0.796098996821567
356 0.163001 129.457701259216 2.251955 0.846580544568702
357 0.379055 114.470090786409 2.040565 0.786177979704035
358 0.325102 116.812183661777 2.116591 0.804739039387777
359 0.510512 105.062837821854 1.839947 0.713477034726951
360 0.450732 113.628409229361 1.944648 0.804009300582272
361 0.511042 114.173518300595 1.852948 0.758030121095592
362 0.313532 122.334107375171 2.118535 0.812851470537108
363 0.415901 121.388572066943 1.997974 0.803444616509231
364 0.383056 120.566493865553 2.024093 0.829591839992586
365 0.33302 129.342425285549 2.095481 0.821181734382072
366 0.44229 121.212514303728 1.960431 0.787261246589135
367 0.481758 125.83708879253 1.886693 0.787388862139981
368 0.238475 122.861070392141 2.212402 0.826925841345914
369 0.358315 114.982710758927 2.004313 0.799103459106379
370 0.485892 108.022087231791 1.847226 0.758068187148225
371 0.3629 119.742776613388 2.048596 0.794411794114073
372 0.212613 120.855844914875 2.225615 0.83204194118578
373 0.45762 114.177167188864 1.852218 0.801645956996274
374 0.448773 113.838035385448 1.908343 0.784945070074723
375 0.485503 115.097317179442 1.909334 0.770709659368464
376 0.316864 126.102524080999 2.124045 0.817488085292784
377 0.381237 113.102443316072 2.057658 0.806592010681398
378 0.336635 112.455013562828 2.113326 0.774144841743067
379 0.362031 113.792803405331 2.049853 0.787996948249354
380 0.254706 117.694571371118 2.191253 0.81229122852482
381 0.457941 119.586562751252 1.895046 0.808915871910185
382 0.395697 115.705411030844 1.990307 0.76261883824572
383 0.465951 116.545841207926 1.866293 0.782336156657622
384 0.462063 112.434705108302 1.856139 0.755378872973055
385 0.627915 102.533890302779 1.565009 0.724872248269956
386 0.432199 116.642857089662 1.968993 0.78739988099498
387 0.300467 121.811761058011 2.14603 0.830907909211912
388 0.367343 119.27665531002 2.035866 0.819059491031832
389 0.380879 118.198905458564 2.060199 0.82395277457873
390 0.272614 118.083297248173 2.181866 0.804712460968803
391 0.413809 112.025269939459 1.97993 0.758262092148364
392 0.410547 116.502780764902 1.975782 0.796272291614417
393 0.516042 104.677501249366 1.806882 0.75581496446201
394 0.294758 121.914873569665 2.138117 0.815283773313461
395 0.530674 109.316526360029 1.783661 0.756419432697149
396 0.513798 106.311347385796 1.804468 0.756472980801072
397 0.449346 108.065599926214 1.898168 0.781350984777672
398 0.377006 116.891902444649 2.025005 0.828711327098341
399 0.425938 116.446586124813 1.982469 0.80734615176743
400 0.25162 121.280025601377 2.192993 0.816756858221111
401 0.518843 113.789230016479 1.803641 0.773872051359134
402 0.529048 114.153094814506 1.7744 0.763158059500661
403 0.569967 105.46054008821 1.70573 0.722225279517507
404 0.243726 134.839233985331 2.201932 0.829971478897401
405 0.431411 121.53414861122 1.981703 0.815238968426486
406 0.286908 121.22111097709 2.134667 0.820828958020906
407 0.443354 115.388011074147 1.94003 0.793620998834086
408 0.420056 117.606814593235 1.991128 0.784968887382124
409 0.393144 115.861343129083 2.00062 0.801925906517633
410 0.460293 112.878236939788 1.883176 0.757901317367414
411 0.419511 109.411447928642 1.980715 0.75673099401174
412 0.44061 116.550577148863 1.942942 0.808386701417865
413 0.420935 116.309556760136 1.99487 0.800952215836026
414 0.486612 120.597851184815 1.883948 0.802281070246669
415 0.491723 126.005427247922 1.848202 0.817334666737425
416 0.503673 109.61915795399 1.847455 0.752403410910274
417 0.339711 118.049040904157 2.08812 0.793439520616545
418 0.495148 114.724906102941 1.820933 0.778713692271996
419 0.387098 109.384345532453 1.969632 0.771467722181474
420 0.332795 115.488964001606 2.087983 0.809722173559218
421 0.36185 121.541785072688 2.075584 0.805693156191039
422 0.422712 116.364952736537 1.986605 0.777839952457944
423 0.257382 124.674539525686 2.168986 0.811050566614297
424 0.23953 120.190210127232 2.15113 0.818943519450823
425 0.557558 111.014511611852 1.701667 0.751739847909117
426 0.218537 126.576377822983 2.186776 0.808269130570842
427 0.52802 122.015146958256 1.823478 0.77934339770957
428 0.409432 119.467467722945 1.953338 0.812028405086002
429 0.424327 118.325252126623 1.983614 0.792331431736754
430 0.533907 115.610777415505 1.787167 0.813316099084506
431 0.40081 114.102559644149 1.99811 0.775191851431632
432 0.421782 109.742021434079 1.973629 0.772130412960688
433 0.491366 119.679017366421 1.872621 0.743566447147828
434 0.483671 117.577041642175 1.889797 0.785823023716928
435 0.453223 126.637053675777 1.912299 0.8212227245353
436 0.23393 118.133599692882 2.157441 0.808431745167169
437 0.419477 120.126740164407 1.97726 0.816933968646924
438 0.351157 114.611912927602 2.077111 0.77956476260195
439 0.376835 122.066936792413 2.036297 0.798342300893375
440 0.530844 116.737949591188 1.800992 0.767962969906403
441 0.344112 123.394653645001 2.086816 0.826446219456544
442 0.554734 112.03590976008 1.742288 0.72934703993476
443 0.280118 109.483298198932 2.103003 0.810936912249453
444 0.384428 121.287615620784 1.9971 0.811272809314842
445 0.348188 114.23489132934 2.051664 0.800824682294112
446 0.532008 118.115444015401 1.798918 0.789927232172135
447 0.302607 115.835740503378 2.153556 0.80020950543587
448 0.363516 114.488534071175 2.064067 0.807411078374396
449 0.408613 120.048944988063 2.002689 0.803917168384802
450 0.433278 126.257148858846 1.987953 0.792722340318837
451 0.532355 107.255677780252 1.794045 0.763557579867023
452 0.292718 124.456335310994 2.127192 0.826654339683802
453 0.384501 113.729069374639 2.042438 0.793279242941908
454 0.502828 117.241510276572 1.87156 0.808640037923067
455 0.333309 120.279588829769 2.082138 0.798540469528262
456 0.376341 115.468010144166 2.024151 0.787130274973333
457 0.47238 114.703798125755 1.90424 0.753831989293115
458 0.257144 122.257615288959 2.180253 0.80782163104133
459 0.477254 109.720878559529 1.837628 0.750270241893567
460 0.26111 120.72507300641 2.165832 0.807747919505919
461 0.380005 120.924690550289 2.045682 0.814549644402924
462 0.457968 120.238734095552 1.872626 0.737777308475997
463 0.460823 110.966364324343 1.905594 0.787222159009331
464 0.390415 116.298652442146 1.98225 0.804362767927629
465 0.518059 121.789786261904 1.825789 0.806518425692726
466 0.405799 108.202667760488 1.943261 0.757157692362333
467 0.424881 114.297209816512 1.950271 0.768652920885122
468 0.296017 126.049119480181 2.164552 0.845586755913894
469 0.394367 123.158577978466 2.044744 0.786406008520015
470 0.393781 120.041723641957 2.020249 0.799061080325483
471 0.21043 119.54952264576 2.214998 0.811295468045256
472 0.403894 124.285713812406 1.983112 0.794219448862191
473 0.370863 119.987685428245 2.047475 0.776685997736633
474 0.431652 112.123290768058 1.894763 0.798514743364631
475 0.375345 121.325080132633 2.029829 0.803517505813031
476 0.408938 117.963161594471 1.998047 0.781109407912078
477 0.343775 124.815981380372 2.106541 0.840280534161491
478 0.295282 125.79793519593 2.151007 0.833838079202918
479 0.332005 113.53241513539 2.106588 0.788278876372124
480 0.360105 122.786480356011 2.077672 0.811524601228856
481 0.425625 121.237256379967 2.003071 0.812283350635211
482 0.214456 127.607047803913 2.227413 0.835594956995631
483 0.487868 113.633979233781 1.852013 0.774461312396085
484 0.468269 119.880641740894 1.92665 0.790307025470701
485 0.301712 126.226145377064 2.153809 0.807946382597782
486 0.307625 125.972410341488 2.118314 0.817695296597306
487 0.397522 119.971822127148 1.964807 0.798584898802451
488 0.460198 116.454878578648 1.875854 0.787918495833357
489 0.307499 113.6485936548 2.135146 0.798392111565491
490 0.571099 106.234667233781 1.672486 0.72874313643104
491 0.230912 127.943821761297 2.206327 0.831888118829561
492 0.479054 111.136439572667 1.91399 0.776462953802879
493 0.350531 116.957795225253 2.058663 0.76504775761587
494 0.36206 114.789203570021 2.068083 0.782459401526186
495 0.467301 114.338481003506 1.923171 0.795779037130936
496 0.426643 121.058690057254 1.953063 0.797612952999175
497 0.319884 119.77171433001 2.090626 0.805402607711716
498 0.372685 117.234536845883 2.058037 0.804324365867429
499 0.201654 129.505384066714 2.232581 0.845567116876248
500 0.480646 108.770318489233 1.871476 0.776187115818067
501 0.393217 116.63424299456 2.041378 0.823788484914393
502 0.514965 107.911612584675 1.818687 0.75728094328617
503 0.539074 117.233337973441 1.802528 0.775798354339804
504 0.601705 105.167247352219 1.636705 0.6932525257179
505 0.420428 108.781797031066 1.984832 0.779661200948397
506 0.239188 122.140920064814 2.171057 0.801271864964526
507 0.412232 112.20634633182 1.970994 0.773299061703047
508 0.387553 115.060357443316 2.009538 0.806403384973189
509 0.478398 117.182606894048 1.892881 0.729316401445141
510 0.351794 128.121784834787 2.085369 0.834557700951029
511 0.415581 119.373273328088 1.958643 0.807089654956203
512 0.341774 120.373297218473 2.093147 0.813721958200778
513 0.508221 109.625738030386 1.840442 0.79575309913055
514 0.513244 118.144959442445 1.856838 0.757883282294977
515 0.634398 105.387726201714 1.5595 0.752375754352038
516 0.30405 122.808964999286 2.127298 0.829103713948435
517 0.302407 120.445483055507 2.116864 0.793013537277794
518 0.442866 117.106718891697 1.967328 0.773513562550026
519 0.360364 117.750408410604 2.038272 0.772950568347442
520 0.498443 110.072779158941 1.830675 0.783405093785447
521 0.446205 118.070361319029 1.927589 0.806421026627645
522 0.440915 116.142865952819 1.913707 0.767952864606775
523 0.46355 113.8073428486 1.920038 0.78370347464301
524 0.505474 117.647700598655 1.835972 0.752283478119992
525 0.514835 111.900635644056 1.810541 0.775428628264746
526 0.321755 116.099012485994 2.106332 0.805221176703396
527 0.436821 116.654088116875 1.9743 0.790684341645318
528 0.461057 115.429150917073 1.932425 0.785820345218802
529 0.469036 127.364509682745 1.923399 0.815119721113519
530 0.300829 124.491235077698 2.14937 0.840111523888386
531 0.325699 122.040936323345 2.065065 0.814498120994555
532 0.47197 119.768948847354 1.913748 0.790038701900853
533 0.510497 118.407028466047 1.837982 0.794730842434873
534 0.354122 118.168388388563 2.100805 0.808999467333002
535 0.539478 118.113715206778 1.787915 0.777634609258216
536 0.325442 114.556615423572 2.086963 0.793773584959903
537 0.232437 124.13186267259 2.205537 0.828921267045874
538 0.505516 112.472577770939 1.80992 0.776548253746163
539 0.45285 114.459872680215 1.903658 0.773805386652138
540 0.612941 113.150555429486 1.633145 0.766094556668775
541 0.402687 120.179196661528 1.947181 0.779330416278631
542 0.231268 122.525390588559 2.21357 0.84269038940806
543 0.441607 124.112878059729 1.971752 0.810974162103761
544 0.448463 117.624350395732 1.940928 0.790205169671627
545 0.515735 117.016185605703 1.819661 0.782300644233933
546 0.338174 127.571947179495 2.09042 0.817740894858083
547 0.238483 123.429055638636 2.193865 0.834568256122933
548 0.51968 124.003391618222 1.82018 0.829692065427286
549 0.43748 111.662466605645 1.963782 0.771301503732323
550 0.430689 121.570713446847 1.947571 0.825438376019927
551 0.368461 119.495973799832 2.052167 0.813950553997844
552 0.316836 116.854463262698 2.046905 0.800137345181425
553 0.574283 109.496124443599 1.707421 0.74950692619817
554 0.421098 124.376144558501 2.010958 0.758065386026338
555 0.285171 124.654458445028 2.131943 0.817900376767561
556 0.486142 113.3423015796 1.882837 0.744908487434396
557 0.37771 117.009339052973 2.066777 0.813758095567386
558 0.444575 119.131741588999 1.927031 0.78914460202103
559 0.389799 113.129202493949 2.017832 0.716986968262391
560 0.480262 110.77676738931 1.856608 0.762333009328168
561 0.363303 119.022713782907 2.023645 0.800946280615841
562 0.505748 107.012763440727 1.823697 0.765668727985326
563 0.246978 124.304578149435 2.193624 0.839281018055004
564 0.566895 112.606617359316 1.684617 0.747231668815022
565 0.399833 113.957552555681 1.993464 0.770387684197463
566 0.559693 109.466333526745 1.731482 0.762170452063837
567 0.656459 109.620989116139 1.509824 0.73825656204378
568 0.459365 113.033363030452 1.915091 0.762337264680966
569 0.338932 120.672331046937 2.106649 0.797698883564544
570 0.389272 126.445970344148 2.003226 0.835109413635963
571 0.448089 114.285348914062 1.90179 0.778810793260414
572 0.413797 105.70480689842 1.950444 0.780314742182974
573 0.38396 114.712476063984 2.033104 0.789165205399069
574 0.401425 121.338792500887 1.96895 0.785096391803099
575 0.339965 118.106419452523 2.086078 0.787985611503863
576 0.430965 120.582821410884 1.962275 0.807225229364204
577 0.313792 120.653823825997 2.112212 0.787554880916623
578 0.398826 121.194596207694 2.010465 0.800775661607698
579 0.395611 113.361731686321 1.975383 0.802016805038241
580 0.515349 104.073002499366 1.846494 0.729108362048167
581 0.531344 109.517983798973 1.784159 0.774796897399067
582 0.45048 114.535301148882 1.924785 0.735695239118693
583 0.345903 121.568222515459 2.071441 0.800782919222961
584 0.353654 122.429511023837 2.047625 0.81887792543512
585 0.227742 123.772663990628 2.20163 0.811514000351227
586 0.383658 119.580557197249 2.02334 0.812330630168381
587 0.582605 110.49605080445 1.684693 0.744022415888477
588 0.491858 114.319598751268 1.877794 0.770154606471144
589 0.441209 114.548463681804 1.977217 0.760998346506974
590 0.36679 117.518538724737 2.058403 0.777070552171032
591 0.34216 120.110541132799 2.044015 0.807784030379673
592 0.464661 113.635777443735 1.884317 0.755623074744525
593 0.257141 128.371614771863 2.187619 0.825270142536556
594 0.384382 117.930279951023 1.981523 0.816300672315788
595 0.352438 116.859454694627 2.073947 0.765169500895902
596 0.441717 115.412284012456 1.90922 0.771333224671659
597 0.369857 116.156403013721 2.037582 0.779559850111833
598 0.394121 108.510631733982 1.992956 0.792374814469803
599 0.341906 122.482749718464 2.069868 0.785415519536141
600 0.489927 109.318903364551 1.889211 0.752216642144324
601 0.256868 126.324735760007 2.168895 0.825457954894894
602 0.450569 114.007745785582 1.941493 0.777036799999093
603 0.400508 119.958739123929 2.015007 0.801907335747965
604 0.356689 121.663503819152 2.084533 0.805726000662109
605 0.318118 121.880615783296 2.129948 0.804354700514281
606 0.315623 116.641220945459 2.101432 0.80995570476299
607 0.457963 118.05983467325 1.864605 0.754043166808526
608 0.481181 119.779400624265 1.897623 0.793941140048825
609 0.470239 118.364663146554 1.881127 0.795402257744089
610 0.332349 122.11706025766 2.06984 0.808724457710723
611 0.362681 121.790001500483 2.087203 0.820977199595335
612 0.445531 118.317715054911 1.956447 0.778347770120733
613 0.354073 121.989339711159 2.085184 0.787418567191913
614 0.304779 118.705886291939 2.139373 0.811537539805165
615 0.450721 112.159294347801 1.913506 0.822546762756904
616 0.310952 118.968862800196 2.109754 0.830819599502692
617 0.396034 120.653766898766 2.010931 0.8249719180623
618 0.380719 115.341579841646 2.060432 0.783231825819829
619 0.296413 125.757220890473 2.157746 0.832119803465211
620 0.392974 114.883044258738 2.002729 0.783408457523216
621 0.412902 117.185018401147 1.955391 0.787093972383596
622 0.393763 116.135749859009 2.015084 0.755088654463588
623 0.470815 111.4162425848 1.881844 0.76776684726414
624 0.517614 117.360919184785 1.816974 0.783264073183624
625 0.298834 128.747969045655 2.15851 0.812472890518349
626 0.404729 124.293616783222 2.022188 0.812862865037394
627 0.418092 113.944336765464 1.994625 0.761394465050062
628 0.35561 126.957136168121 2.091023 0.81168917984815
629 0.28677 125.938844039421 2.147001 0.840544163655442
630 0.477143 108.35132849673 1.872618 0.785977956567604
631 0.412072 113.681894945229 1.972194 0.742075044242112
632 0.339048 118.050114832184 2.089522 0.814839494238475
633 0.374435 116.666718678837 2.056621 0.815870227028935
634 0.384655 116.553666211275 2.019486 0.786277458261716
635 0.502211 121.846546313344 1.817339 0.749750434049818
636 0.353609 115.01140588384 2.099305 0.810665860777671
637 0.354856 120.308624511133 2.090875 0.803068346840434
638 0.34863 118.991361465896 2.091986 0.815904322510465
639 0.384364 121.723343937167 2.038207 0.801421154928266
640 0.287406 122.865848820238 2.101833 0.807746528275792
641 0.385255 118.355605458958 2.027721 0.782509872955006
642 0.481041 117.263737131922 1.860446 0.762173508133929
643 0.401948 122.936729801321 2.025445 0.806595866986126
644 0.414039 110.718861437368 1.951224 0.788275798751005
645 0.31601 123.026296518942 2.118288 0.824697571521994
646 0.274312 113.974054260064 2.177617 0.825224995141745
647 0.523367 116.289512856637 1.793313 0.77435779443352
648 0.398853 116.444371194797 2.039384 0.805002952929953
649 0.323905 122.774274260155 2.122597 0.808803566952485
650 0.422601 114.658017947539 1.979926 0.760558555569386
651 0.619125 106.378680420877 1.595882 0.745961709032749
652 0.328585 117.632372566812 2.094604 0.800949134368925
653 0.444058 110.459244689402 1.912874 0.77770351895353
654 0.353165 114.082773145846 2.029154 0.803194512394299
655 0.472447 109.373572217501 1.91182 0.772410828751451
656 0.306805 115.390030952747 2.09469 0.802469195957476
657 0.542747 113.477947345597 1.778834 0.728255187712833
658 0.452725 114.793963654658 1.927758 0.80379371832648
659 0.442155 119.940956646973 1.959861 0.804394214215425
660 0.458615 114.341604411581 1.914764 0.801867601300477
661 0.586797 116.353896630102 1.685217 0.75522473379479
662 0.376321 120.843822159821 2.052424 0.822097404549006
663 0.33502 118.80172156875 2.090792 0.831591845307292
664 0.515187 112.528201965171 1.813442 0.777139970030091
665 0.485107 117.791429626101 1.854161 0.776944035290736
666 0.441355 113.70184098183 1.953776 0.780151113816586
667 0.192996 126.858741520526 2.239158 0.840988544382578
668 0.442002 119.57987950237 1.91065 0.812082303600505
669 0.431734 110.862228677889 1.958364 0.7738610888006
670 0.515432 112.980251462947 1.821304 0.776730170732437
671 0.331381 119.699047252999 2.087261 0.802106855618165
672 0.42858 109.046741249498 1.980011 0.778119758823286
673 0.423469 118.985680199445 1.947412 0.814138409671347
674 0.296201 123.534696246382 2.147966 0.816885699130441
675 0.406108 112.662984776614 1.976591 0.794029396647488
676 0.465524 119.375547996952 1.894178 0.779112488820579
677 0.4027 120.73306467351 1.97404 0.775147463362334
678 0.399113 126.472348252731 2.039891 0.825490334772381
679 0.343009 123.477843824443 2.083146 0.817964097125129
680 0.30952 115.716190150367 2.068503 0.776538260991149
681 0.441266 120.31793629924 1.958541 0.792021169657951
682 0.316797 117.442123039476 2.109031 0.805436584263129
683 0.473508 114.120401671574 1.88813 0.804587320316428
684 0.388517 121.797648105917 2.030176 0.811326449741816
685 0.406722 118.122709645463 2.006046 0.795508809292005
686 0.444396 111.218424877722 1.962942 0.80149110210219
687 0.431473 125.435313226138 1.957031 0.839230191601252
688 0.373773 114.13781500975 2.063166 0.81184540483395
689 0.442079 123.002709186571 1.936527 0.817742502299711
690 0.421464 117.679749558354 1.991338 0.769019217819813
691 0.384513 119.10352513903 1.990768 0.776276663415242
692 0.318765 127.24254231301 2.110861 0.840564086680572
693 0.410167 113.430715764578 1.95835 0.771671534152347
694 0.403334 121.985282767515 1.98017 0.812693793426064
695 0.605884 107.063789877172 1.599481 0.764268523989738
696 0.423535 121.566766525536 1.982577 0.834455260977945
697 0.641211 102.624649091625 1.532618 0.713897447966559
698 0.321974 129.501304999248 2.133445 0.82016575502139
699 0.504251 115.63806393051 1.836974 0.798162765644223
700 0.50756 120.180800978745 1.848546 0.764281060015178
701 0.440884 113.216035387902 1.90722 0.780583581066688
702 0.273805 129.251015920515 2.180728 0.847023121489002
703 0.553276 109.217673942438 1.727612 0.765833917875323
704 0.587099 107.791630188667 1.673027 0.769687890222386
705 0.370472 124.877898259832 2.079921 0.804004084539553
706 0.379797 114.852863426025 2.004899 0.826872287953052
707 0.444135 117.823045216193 1.940665 0.808851579842473
708 0.492452 116.534690481084 1.827054 0.797553539145166
709 0.310239 115.881452129412 2.129889 0.798398838284147
710 0.390743 120.726639986503 2.007108 0.818491827407341
711 0.534689 113.959944516945 1.776145 0.741601446244858
712 0.235983 126.544319892206 2.199636 0.81064177809733
713 0.36898 120.684798568529 2.067028 0.781231327006898
714 0.412954 110.014608512644 1.959887 0.776591227491049
715 0.451996 107.194810838876 1.901394 0.771433201196043
716 0.374131 116.407800120609 2.026272 0.805254916199597
717 0.412066 122.534904090993 1.980985 0.812598667782202
718 0.461663 120.561818098454 1.929965 0.809697667906661
719 0.343519 123.506553030198 2.09168 0.797703487259504
720 0.339649 124.336312892564 2.086788 0.81676589038496
721 0.534906 121.903922930952 1.798752 0.794735767352376
722 0.491548 117.45874730275 1.891208 0.762932616164037
723 0.438147 115.9004786283 1.929396 0.783335944854121
724 0.412051 113.722402637341 1.98886 0.768332494998049
725 0.34507 117.277752023578 2.069353 0.808444269977777
726 0.359326 117.726277782564 2.051759 0.771487373769813
727 0.47403 119.281985785596 1.904762 0.788004273973251
728 0.397897 119.745290527471 2.026943 0.801058592504898
729 0.384064 120.626225714235 2.022695 0.794869098301924
730 0.397124 119.148963794298 2.011042 0.794822101238991
731 0.424678 113.781503976548 1.951444 0.801194880096395
732 0.623429 117.84831676426 1.602649 0.78732364481722
733 0.400701 123.192404570016 2.001152 0.770327027126877
734 0.245012 127.292611973086 2.206796 0.846288182643863
735 0.361044 119.380006926776 2.07749 0.810591257379403
736 0.422097 121.934541539547 1.966536 0.815361887042557
737 0.342796 114.088001722097 2.011297 0.809585545507117
738 0.462984 111.448779870839 1.876838 0.761888649870646
739 0.453036 113.551394632849 1.937688 0.777729675073994
740 0.445265 116.302035905058 1.938908 0.758351249020453
741 0.523509 111.792109963936 1.799119 0.779450251445211
742 0.311434 124.013914150147 2.139348 0.832824246442065
743 0.507507 119.139563698518 1.854357 0.79832979665811
744 0.335549 128.183858731412 2.106386 0.836476849701362
745 0.424018 113.605303534952 1.970922 0.767016534584394
746 0.572834 106.174293446703 1.669337 0.735106288596682
747 0.45879 103.127798556011 1.915952 0.734479211828226
748 0.343111 117.501842613152 2.077255 0.808793091495404
749 0.480755 117.806122703527 1.902467 0.791198024971177
750 0.327858 119.061824867484 2.109161 0.812598375452891
751 0.423683 110.944632571222 1.929625 0.788582125276299
752 0.519109 111.966391237918 1.812193 0.775429907414854
753 0.367267 116.162551529381 2.035571 0.793915023659679
754 0.392051 108.32016213661 2.008659 0.778333569195594
755 0.374946 112.055422332508 2.038552 0.801565925984478
756 0.424727 106.512909922902 1.942327 0.78695301722188
757 0.335724 109.80405444129 2.075485 0.798409018435804
758 0.407085 117.152337354067 1.990373 0.797347819290689
759 0.468748 115.387013973744 1.893749 0.794656404485893
760 0.556166 106.802316218776 1.665103 0.750152078796797
761 0.442781 117.794281896646 1.932447 0.787104338993028
762 0.52078 109.294762593534 1.81855 0.763191325132392
763 0.388012 123.16917179135 2.030987 0.814547447094037
764 0.433463 117.587451002027 1.951567 0.778066893256629
765 0.616242 113.96171748027 1.594232 0.759361725638979
766 0.426018 120.435685610367 1.972658 0.798598775700372
767 0.235986 131.150798550815 2.191096 0.830621643975762
768 0.501161 109.403975657159 1.855321 0.797051219599701
769 0.422442 117.404614743271 1.928155 0.794028219957218
770 0.428403 125.224111113403 1.993636 0.785343294784284
771 0.545075 112.944309453687 1.753893 0.773705872764233
772 0.437079 115.879847418698 1.947807 0.787955610626902
773 0.351756 119.361768736842 2.074993 0.787062218255994
774 0.341366 119.79820164434 2.101824 0.774746385490613
775 0.504887 113.004623219397 1.797876 0.75539864327534
776 0.252268 124.754512684689 2.156604 0.797888107118836
777 0.541698 104.195519977967 1.73414 0.75417420590739
778 0.339747 119.26489163197 2.090486 0.798258896559339
779 0.454494 114.207576492873 1.843878 0.773677040874872
780 0.53357 107.117782562341 1.791989 0.75228077826083
781 0.377709 119.278043021421 2.028538 0.809873431369961
782 0.242193 120.92761557349 2.156337 0.813143560605336
783 0.554359 106.980291442653 1.755245 0.718600020115948
784 0.40128 123.081759871352 2.003894 0.786018839701482
785 0.488589 113.412912016861 1.876399 0.783218013303494
786 0.341015 120.918569598842 2.083694 0.818566160437096
787 0.413703 125.245595121352 1.996486 0.819302759235632
788 0.334781 115.032931566983 2.06033 0.802985029055005
789 0.610299 111.82311576015 1.623247 0.735820006868899
790 0.323233 126.679894779191 2.102335 0.809840229751409
791 0.395188 121.687557752894 2.025695 0.805812412742766
792 0.269596 127.658961172382 2.178673 0.803533728157953
793 0.279062 119.566614275447 2.160994 0.815806498896857
794 0.3754 115.823255536881 2.032737 0.789025567772069
795 0.701727 111.550244909112 1.367807 0.733818058695707
796 0.348735 120.740426174337 2.071321 0.809570030316846
797 0.609697 115.715669797118 1.592535 0.773524786759608
798 0.428677 119.103790892623 1.98004 0.802475361506264
799 0.414322 125.565836412657 2.011645 0.78362130373106
800 0.351729 127.70145574363 2.096648 0.83618594398041
801 0.464437 117.477484246143 1.876343 0.777726592801754
802 0.385187 115.858088418881 2.0433 0.804853590204916
803 0.32 117.958628990945 2.123711 0.785789025843277
804 0.243285 122.02772603414 2.185116 0.799597839522606
805 0.240859 122.30796764115 2.181631 0.826281129807341
806 0.408133 119.104609212694 1.99197 0.779451876559132
807 0.399868 126.550438244118 2.032334 0.804467160541411
808 0.499926 107.330030853481 1.826891 0.764599289353103
809 0.380671 119.493328134711 1.999203 0.806851781296834
810 0.446631 117.064465369668 1.957261 0.805240547878083
811 0.351989 118.196454209991 1.997238 0.812734556483311
812 0.523899 111.05027081259 1.823837 0.766049446373935
813 0.496499 109.588946213265 1.855642 0.74136375542877
814 0.48066 113.930746644735 1.88796 0.761499191923217
815 0.379459 115.193121529419 2.009428 0.791687107587918
816 0.648483 108.790319956214 1.534507 0.687575338943285
817 0.388605 115.309782878452 2.045458 0.78935329948664
818 0.452734 119.343871898289 1.961357 0.788337994402056
819 0.445098 123.557518021674 1.9141 0.796850870334798
820 0.45252 121.519805770198 1.917016 0.798692346304506
821 0.306921 127.252552495301 2.14248 0.827255507774466
822 0.379123 122.219554131095 2.016899 0.779030810462084
823 0.239863 120.64212008737 2.161187 0.793541440202349
824 0.556907 108.357360324839 1.753214 0.741551411267645
825 0.410907 123.814103280535 2.024308 0.795539365331166
826 0.430409 110.618853428854 1.984725 0.770262049023652
827 0.357215 117.129476459474 2.074707 0.811119772754641
828 0.334798 121.922032898319 2.082934 0.809841978982105
829 0.35607 120.616357593026 2.077247 0.794487797510759
830 0.361015 110.551286074388 2.063151 0.761077669362732
831 0.450138 111.854386269557 1.901332 0.790828347675061
832 0.399972 116.363870166905 2.020807 0.822023942881755
833 0.392986 124.578387884363 2.038605 0.784007013541572
834 0.342256 116.146041182165 2.051672 0.808583813367616
835 0.314157 126.833040885574 2.122312 0.817456508865891
836 0.478689 116.524628222808 1.891948 0.800746127221609
837 0.486396 121.285296431003 1.893937 0.795584890563118
838 0.499609 117.559977466831 1.850442 0.758915569803522
839 0.460481 118.979710180627 1.929495 0.80561465987764
840 0.374803 116.695250737756 2.029332 0.815406524541659
841 0.295174 120.843867839089 2.136298 0.810833676803152
842 0.497776 108.608698632103 1.857877 0.764166441076157
843 0.345299 114.343598166144 2.075739 0.805247449902892
844 0.350257 124.086734125201 2.094527 0.812556463780453
845 0.473337 116.39370654603 1.888675 0.781336606899174
846 0.357205 122.166385583179 2.092756 0.749806322398476
847 0.333488 123.109490456298 2.122583 0.821294835886646
848 0.462346 116.117609779004 1.885668 0.733208409306607
849 0.439034 115.401108662976 1.896833 0.786650722269759
850 0.365636 121.676883343823 2.034369 0.797313032955282
851 0.444687 111.738163540781 1.90601 0.815056943199605
852 0.216599 129.123546701161 2.221392 0.849988710264449
853 0.445476 122.396238293492 1.944879 0.804998701177246
854 0.462953 114.002260682448 1.859618 0.774341460999708
855 0.282144 122.400894864476 2.147028 0.803987718916035
856 0.400734 122.99220158079 2.021227 0.827197876355477
857 0.3886 124.91261912802 2.054236 0.836249266718985
858 0.34935 122.741725783245 2.08035 0.824737437829402
859 0.345836 120.326284586859 2.05789 0.800813412020638
860 0.456415 110.380857457885 1.889644 0.759770879709469
861 0.401323 113.172658587461 1.98073 0.80082592168737
862 0.463177 111.770862780628 1.871082 0.768498708051693
863 0.392448 113.816093645237 2.007034 0.787272425856078
864 0.66036 101.279665123828 1.449482 0.705807742890842
865 0.483313 116.609880499768 1.883615 0.766412179026501
866 0.300116 115.649480540186 2.116199 0.784951816553579
867 0.499377 115.085939862728 1.854972 0.76646792350933
868 0.339935 118.209760464393 2.063305 0.799711474604521
869 0.419517 118.96286046137 1.995789 0.796277255482112
870 0.147162 125.381680135729 2.261527 0.840514141599831
871 0.289803 122.316184729906 2.132117 0.840567380032863
872 0.432971 116.73966748176 1.959847 0.783640022428421
873 0.432566 117.356736406513 1.967271 0.771542462647178
874 0.517847 118.737384168089 1.803407 0.781048164688452
875 0.343231 122.215398110051 2.106296 0.809120736580835
876 0.500157 108.416476535018 1.837924 0.767684159794753
877 0.405521 116.87702338517 1.994905 0.796219867802572
878 0.469929 117.316366984409 1.933651 0.773199932504675
879 0.496506 111.889624050221 1.844975 0.769746110893364
880 0.485617 111.222679497669 1.813231 0.778330647339693
881 0.474017 123.955164260365 1.925078 0.805942088885081
882 0.520243 109.844764532662 1.799234 0.756165412377526
883 0.343708 126.024187580662 2.076958 0.855392538578836
884 0.262516 131.811162305467 2.188212 0.822131867970006
885 0.401663 122.180633735777 2.007173 0.802127946141597
886 0.538486 117.192570143125 1.804699 0.752204617268532
887 0.317415 121.364162006509 2.094897 0.809152641512531
888 0.34515 115.740680116338 2.03843 0.798436898840152
889 0.519849 116.048665384365 1.829306 0.750362338008
890 0.57577 113.28526987832 1.673404 0.770538210105147
891 0.477555 109.54389776358 1.89305 0.785570231364368
892 0.507803 111.056220368289 1.843031 0.753040540614394
893 0.465455 118.787302781767 1.909005 0.805940775358433
894 0.380424 116.46586467857 2.031568 0.79594914219781
895 0.550558 116.803598031489 1.773796 0.764232679319001
896 0.283378 114.667765451682 2.133222 0.786803974993011
897 0.346975 116.964303955936 2.083449 0.814180160894855
898 0.426056 108.094157276059 1.938315 0.764333461863543
899 0.51904 113.160332948749 1.793861 0.782335684253486
900 0.467227 117.204049546137 1.928584 0.782593734113353
901 0.390657 110.829864882195 1.991705 0.798425706648662
902 0.512902 109.074657051575 1.818448 0.722075705698382
903 0.498142 121.466127007749 1.872858 0.722664638723018
904 0.414285 113.34414626681 1.979194 0.783297849647199
905 0.283335 134.11489479326 2.171789 0.835477652814273
906 0.441955 116.068047883394 1.968945 0.772531837560329
907 0.470574 119.792206319453 1.917826 0.78190295573114
908 0.560789 108.599249455373 1.717902 0.750640769455012
909 0.360792 126.147925759015 2.095825 0.804711978894449
910 0.378081 118.248278918422 2.031707 0.796721591371754
911 0.362346 120.426436156993 2.085271 0.802722238843337
912 0.437027 115.920729748073 1.922015 0.796496911207726
913 0.393776 115.244490445802 2.008632 0.808277524645827
914 0.377404 124.884078965244 2.027354 0.824511891307767
915 0.463346 113.088977011531 1.939618 0.800780760041658
916 0.404768 117.87562751143 2.007074 0.783755360361315
917 0.334082 117.77506701181 2.081764 0.774301222775662
918 0.270321 131.605322833571 2.185572 0.843428143848308
919 0.504781 117.2404114344 1.853478 0.798314768983507
920 0.457323 113.429513893326 1.894236 0.785720505551402
921 0.424278 117.324783267106 1.960551 0.746462466196715
922 0.350163 112.214022790085 2.052415 0.789200348396255
923 0.336048 120.914897382639 2.072233 0.836253935419486
924 0.398475 115.360492891427 2.001071 0.807014672490791
925 0.370338 114.737378734625 2.040653 0.787510954418635
926 0.517736 116.81014765468 1.836693 0.764878770714638
927 0.552864 116.620149451002 1.756541 0.71645811028369
928 0.488905 118.584529103182 1.884879 0.80544813711836
929 0.363806 119.058528599178 2.059548 0.795361912632521
930 0.416295 119.287845861576 1.992843 0.815237311884856
931 0.474261 107.909547954333 1.851564 0.737772329349781
932 0.457063 107.402158191455 1.876517 0.777274814575761
933 0.370168 121.599801012308 2.042196 0.814440167294396
934 0.25729 119.980878932933 2.173017 0.787304081998695
935 0.459676 109.989710604175 1.853814 0.78114466524531
936 0.315605 117.877300212662 2.027049 0.789349977838342
937 0.452804 118.59040462739 1.951496 0.771893850497635
938 0.415912 110.356436518735 2.020021 0.778734008509127
939 0.366286 116.909043945642 2.041209 0.785485873089552
940 0.500427 112.80421822321 1.837404 0.758873845239349
941 0.201314 124.625395578361 2.237463 0.832128658346911
942 0.449601 110.135103874587 1.911496 0.78707573971441
943 0.403294 118.40000375729 2.02375 0.743530959327837
944 0.536796 111.301811046051 1.802081 0.721004100144248
945 0.28383 118.04696100103 2.159157 0.820410002744187
946 0.464524 113.925419969029 1.839767 0.791098003076449
947 0.455909 113.143301993256 1.884709 0.807545558619162
948 0.538232 111.612456508407 1.767849 0.792947591673124
949 0.441934 109.915525287469 1.926425 0.785522634460979
950 0.410022 115.566261841509 1.984697 0.732857944457752
951 0.547663 113.179425372733 1.740401 0.76040108962581
952 0.476531 120.457075742126 1.894456 0.801524348541605
953 0.286169 121.758372861276 2.158566 0.810787551366814
954 0.384411 124.334625721572 2.049724 0.785649045398107
955 0.548483 109.248390628683 1.757642 0.70282559233466
956 0.292076 120.93907910261 2.126251 0.811128817746449
957 0.361584 123.105645808296 2.075429 0.798324345756929
958 0.426632 114.074819550988 1.997854 0.78847016274938
959 0.401268 125.917889371868 2.034716 0.814617048133655
960 0.296687 122.363488814556 2.162915 0.810075771754958
961 0.461751 111.79564717258 1.8804 0.727631277360795
962 0.456766 113.816036499969 1.909589 0.77907609238582
963 0.32468 120.500506253703 2.089367 0.812725972008165
964 0.45955 117.563668533716 1.922453 0.785359792405196
965 0.186573 122.173855835657 2.228836 0.827277091515721
966 0.360736 113.931540261494 2.082079 0.802667269509642
967 0.512904 110.887465057872 1.826694 0.767341283897497
968 0.449128 114.141740369435 1.931116 0.788204485067529
969 0.462119 106.331599643662 1.868581 0.783003510747148
970 0.384598 113.088740304196 1.99913 0.779675989595474
971 0.337346 119.518222408007 2.071318 0.827283972180809
972 0.362934 119.492588500623 2.046184 0.791980058911655
973 0.39855 117.089658332282 1.948569 0.804567260337541
974 0.660753 100.463870185627 1.470939 0.72901921685134
975 0.463475 106.627339760108 1.924618 0.773736514531722
976 0.584017 108.423699563975 1.659223 0.714868376799928
977 0.517663 121.456737769506 1.838759 0.837723540327893
978 0.461932 116.676398775785 1.871412 0.784735727806902
979 0.554301 112.180175329481 1.764617 0.718635717359937
980 0.321608 125.337907813716 2.11834 0.82257062496703
981 0.43777 105.827855131527 1.951611 0.761440584611779
982 0.382611 116.856584360986 2.050169 0.761811532144384
983 0.439799 124.524262370397 1.971751 0.823701756200014
984 0.242123 125.456523998577 2.194717 0.835107895106195
985 0.40222 121.551289960152 2.027736 0.774824361217488
986 0.472479 118.148814959978 1.892206 0.803362182205801
987 0.419234 109.524620700687 1.947465 0.779784152428524
988 0.362046 118.982913456101 2.057026 0.791842870622635
989 0.364785 114.753579185102 1.999748 0.781528902431894
990 0.476598 123.827443161249 1.925746 0.807983932088276
991 0.411451 115.95379138101 2.004785 0.796584475708382
992 0.521668 108.167375257262 1.799557 0.741590380973882
993 0.451594 118.967467761988 1.919629 0.787750711590955
994 0.395015 116.818219328434 2.018412 0.805589535301075
995 0.383339 117.334989488883 2.016613 0.775372508093796
996 0.285084 131.160933745878 2.16856 0.822620720382077
997 0.27926 120.277959818569 2.154073 0.806462382155658
998 0.389061 116.715830449135 2.016982 0.814873651455834
999 0.34291 117.849705731142 2.091447 0.826616375774988
1000 0.41541 116.431184654223 2.013027 0.767865785150707
