rep aei_left left_area adi_left H
1 0.242662 128.729707574333 2.210408 0.852038636028301
2 0.330163 116.616253993464 2.104038 0.806521077076498
3 0.457965 116.252364177879 1.926002 0.746613912155869
4 0.555261 108.861009033219 1.725742 0.715540540103704
5 0.450792 117.113745609806 1.892552 0.735616171825036
6 0.31457 128.188565335838 2.136735 0.80772088762074
7 0.455606 113.028598233994 1.918154 0.770190772546576
8 0.387762 121.957274295913 2.020802 0.789438833814599
9 0.55102 100.927002601549 1.703018 0.736259604931531
10 0.42811 113.784616381861 1.963392 0.794534072050343
11 0.418358 112.583597563933 1.968528 0.794501349854297
12 0.438016 112.089147708848 1.933475 0.763968345572884
13 0.467764 112.072080538852 1.904731 0.764344051371739
14 0.361297 111.005557937021 2.036511 0.77516998560446
15 0.479461 114.970421969493 1.906311 0.77982066295706
16 0.433975 105.881719200283 1.961567 0.778462654878155
17 0.315227 117.974701183758 2.127057 0.788967991683024
18 0.420062 118.429937491 1.968286 0.770629368321136
19 0.367625 111.002332036403 2.041243 0.785011378273779
20 0.411745 115.035616481885 1.969971 0.799534278629952
21 0.445794 120.04948327195 1.956216 0.807017620588282
22 0.591033 111.783767180595 1.677294 0.702620013331945
23 0.449476 114.263180772624 1.937736 0.786789107872422
24 0.385844 115.129463747644 2.024274 0.811050599173833
25 0.426477 114.951988134982 1.955261 0.790677570500835
26 0.3463 122.316005804992 2.094237 0.83371882422053
27 0.183968 127.62329588665 2.247111 0.840213731084115
28 0.454411 106.819550330557 1.908048 0.748217462126857
29 0.324506 119.534765887524 2.093017 0.800935205274986
30 0.503724 114.891265943233 1.83478 0.758539544361123
31 0.276937 123.433132231211 2.156739 0.763265870868425
32 0.541578 107.203878186048 1.759049 0.734681374565542
33 0.607302 112.503623178723 1.626471 0.77371943464888
34 0.525742 110.889389851921 1.805646 0.755480342438351
35 0.344276 118.825192502064 2.067655 0.835046629770338
36 0.345307 120.103044419964 2.072352 0.793777212783921
37 0.672427 109.109911429437 1.441342 0.775331351561314
38 0.323081 111.68706878318 2.073578 0.784028907883034
39 0.484472 118.042678533474 1.890517 0.771210733812856
40 0.34485 111.910771581511 2.086313 0.815556301503603
41 0.411598 117.984356555819 1.958217 0.749476091079829
42 0.144667 128.251884864086 2.268588 0.848666653130965
43 0.405133 121.034018964463 2.019425 0.790399820907537
44 0.391018 117.976366311991 2.015405 0.779863584023596
45 0.348515 118.249537487672 2.065905 0.804525766034695
46 0.430124 127.61186656517 1.952421 0.817976745578064
47 0.484423 105.104488913533 1.860547 0.752653514167547
48 0.454776 107.213060188552 1.909905 0.713002629608651
49 0.423182 107.839197193697 1.925373 0.777301877043665
50 0.25687 127.165167947326 2.191054 0.856733808430571
51 0.578218 103.574153849168 1.698365 0.739477026079103
52 0.212952 122.575682392674 2.207719 0.84062172735958
53 0.374732 115.432482831251 2.028014 0.791718738006016
54 0.337097 125.040088885252 2.112397 0.805204672711287
55 0.338669 122.379950441084 2.069847 0.823721756330675
56 0.25383 118.467360087036 2.141873 0.814684152164972
57 0.245163 125.641931293459 2.209465 0.786760264934875
58 0.311178 121.781843928148 2.13868 0.824806486408338
59 0.405831 119.558473412303 2.011307 0.809399228524747
60 0.53843 110.829655123946 1.777514 0.780388950712682
61 0.332516 105.099726984743 2.087808 0.793051796077449
62 0.456435 112.239012911697 1.869849 0.727782425837712
63 0.328314 125.114587119121 2.101457 0.810543006735772
64 0.46367 113.295451268258 1.868828 0.78014396931236
65 0.17067 135.210465089433 2.256746 0.86855270519783
66 0.508009 110.547182777427 1.79439 0.765190394597531
67 0.41055 110.477674737218 1.993407 0.773567044675637
68 0.42087 119.145185255992 1.974847 0.801133827046109
69 0.410829 121.270443391062 2.003778 0.792597734738247
70 0.271067 118.804362404135 2.175668 0.819880535763176
71 0.43081 115.187064935059 1.984728 0.788633767452778
72 0.602329 99.7933036475188 1.636904 0.738349080498363
73 0.413418 117.973477441611 2.010833 0.801010683528509
74 0.673028 108.309507555965 1.45846 0.758805665768062
75 0.56317 109.229602432463 1.724628 0.731046273084162
76 0.550639 110.720310403804 1.752212 0.764486229050356
77 0.42123 123.16633145697 1.968307 0.826473591411878
78 0.445497 113.148465894326 1.965255 0.780734865077237
79 0.347628 111.944044480276 2.075161 0.804716233857448
80 0.404604 110.630574628014 1.99376 0.77647085095352
81 0.383978 112.441996809412 1.962696 0.800572937910892
82 0.415266 111.012539092176 1.982957 0.744278310647601
83 0.444691 117.606765710292 1.884789 0.809848445733761
84 0.396556 113.74132824633 2.02199 0.783335538213171
85 0.386969 112.814936160428 2.010687 0.814558859694654
86 0.313653 123.036662527694 2.068235 0.808414851683321
87 0.267004 123.52335209555 2.152449 0.813175545883677
88 0.342859 116.727368818553 2.080018 0.803820366488079
89 0.386893 117.57681851216 2.015732 0.791837133361763
90 0.447485 115.712864089423 1.918738 0.785794005529683
91 0.391043 105.668863609648 1.988636 0.772930724220434
92 0.328825 117.861229264685 2.100424 0.800354393202385
93 0.709436 98.1591470107557 1.294711 0.718636929194549
94 0.343235 121.199054491313 2.112336 0.827183164156837
95 0.547761 105.660657229329 1.729308 0.762430697171951
96 0.49447 116.913848521186 1.855835 0.795989415610067
97 0.32355 120.187646476106 2.067197 0.820563947080707
98 0.381908 122.983378322781 2.057135 0.826328906368118
99 0.33654 118.844075378226 2.094761 0.806862868434416
100 0.298221 125.826002405899 2.15505 0.813489166467421
101 0.241818 125.649475144211 2.209475 0.818397486226998
102 0.498486 120.426692177415 1.831646 0.807329972182664
103 0.416687 114.458360772092 1.965261 0.782462118056035
104 0.446959 104.978808649623 1.879308 0.744372919334314
105 0.623323 112.979637549493 1.550755 0.733152762732965
106 0.240077 127.555027392744 2.20618 0.834864064653491
107 0.443952 111.853224494992 1.912786 0.777128388183896
108 0.507991 109.410460852853 1.825096 0.758308340054021
109 0.537697 112.24134381121 1.764792 0.779557165027103
110 0.420103 113.132807258211 1.995602 0.772333768933345
111 0.230537 128.320266709884 2.207781 0.812542777628898
112 0.491279 105.710151807059 1.867232 0.75330315006422
113 0.43335 107.472268696866 1.906758 0.781737291326012
114 0.38329 106.129929563913 2.050939 0.798526715963696
115 0.507067 112.703040971919 1.84703 0.747857756431271
116 0.411709 129.0281503321 1.996479 0.776303138883228
117 0.544001 108.842424287075 1.778076 0.784239529553151
118 0.411965 117.321060359449 1.944867 0.78269586311677
119 0.410901 115.469342932157 1.955258 0.795801877607445
120 0.447619 119.43607076262 1.941504 0.777913798007748
121 0.207057 125.645832639212 2.228179 0.843990071272948
122 0.364125 119.985401327382 2.068071 0.772816252674848
123 0.291143 124.758212495072 2.150054 0.831786467962438
124 0.394693 115.330168199114 2.008994 0.790494548241426
125 0.496363 108.277347862373 1.865934 0.756824502982577
126 0.384428 125.349104105709 2.033794 0.823982885104271
127 0.334218 116.050327214221 2.094276 0.793568847171274
128 0.456694 107.898493951156 1.873444 0.755853082898832
129 0.473461 109.574799154175 1.892793 0.755486812747999
130 0.432132 109.411300242161 1.916039 0.782866120883057
131 0.456247 110.618491330043 1.91366 0.791301327659713
132 0.099298 132.376509719494 2.285966 0.853927997038757
133 0.373027 114.753198436684 2.059206 0.785954613065848
134 0.466276 113.486496761457 1.91951 0.796167491283229
135 0.350614 109.141147939254 2.081256 0.685858072978567
136 0.383397 120.441217838125 2.040306 0.802363702731838
137 0.427181 123.885818958398 1.975219 0.774979636318248
138 0.402208 119.11445496989 1.99046 0.762231494493653
139 0.336112 115.100258485475 2.087691 0.788719341983822
140 0.428499 116.141151223753 1.980819 0.772648951120523
141 0.456893 99.2627324282123 1.904735 0.759171765243362
142 0.509241 116.199032518142 1.843303 0.802883470540522
143 0.311273 117.933908355763 2.104199 0.811461031447876
144 0.292912 121.684552241598 2.160136 0.837304335204973
145 0.41227 117.438071451142 1.993722 0.777140137104208
146 0.555178 117.550794419159 1.752737 0.783040840747082
147 0.433802 112.511304810679 1.949461 0.785707981423183
148 0.394075 112.104090975564 2.027651 0.767369677121971
149 0.391168 115.354167871439 2.022084 0.791462999616686
150 0.408503 114.729872697403 1.96284 0.782831210145021
151 0.500439 119.173250802486 1.811484 0.76472939883206
152 0.32806 120.749293909674 2.12151 0.795911098484359
153 0.366427 117.195119026685 2.046205 0.81165507604822
154 0.422138 118.785965267041 1.982728 0.807888085030989
155 0.101756 134.314666126518 2.286319 0.8554840165373
156 0.544955 108.558278337992 1.73514 0.719149820198791
157 0.627981 108.091187189442 1.586255 0.72903815629883
158 0.557607 116.066062395407 1.748117 0.800363598617222
159 0.577156 104.74112196373 1.698423 0.712938575713841
160 0.369851 120.934318459177 2.051991 0.817100178584336
161 0.473778 121.285219507381 1.905305 0.805633806449256
162 0.286629 123.417510973588 2.136368 0.810400336172898
163 0.467451 110.091317969454 1.925268 0.738064624285608
164 0.486837 111.651069389916 1.8248 0.76369071529871
165 0.29296 119.302928563275 2.15504 0.775555802327618
166 0.500252 113.019608627149 1.816849 0.774513466590923
167 0.321054 120.436868714471 2.081915 0.789930993671156
168 0.217289 126.253200638245 2.21443 0.82394603264257
169 0.560446 111.555395612743 1.705537 0.755362864963422
170 0.308453 120.695937103329 2.122542 0.803035054739186
171 0.4693 109.44222795681 1.849279 0.769623418850648
172 0.319575 117.916442799716 2.116481 0.813170641069157
173 0.380446 124.520839865596 2.067267 0.821732761964049
174 0.369991 114.195532591152 2.02093 0.771786509949635
175 0.391102 113.725610230999 2.048314 0.78481223305949
176 0.434094 108.951280475028 1.966492 0.769541666708114
177 0.677039 104.203955882376 1.427176 0.689917935745275
178 0.435821 106.683158063379 1.965095 0.783317588849558
179 0.376336 123.084967799648 2.030697 0.809262346901035
180 0.464011 114.842280617426 1.920958 0.812534629878359
181 0.479771 115.215298159172 1.911675 0.760958853208321
182 0.341632 122.260180305173 2.063279 0.817498527644908
183 0.440548 108.921924683277 1.900819 0.762083468313214
184 0.436815 120.196943241799 1.982655 0.819732738972652
185 0.329049 120.899348901811 2.118042 0.820427662510255
186 0.257013 124.75552387726 2.183738 0.835611485656795
187 0.342149 117.943735670244 2.077457 0.803979577795912
188 0.320923 106.502984751178 2.079731 0.801206551338438
189 0.519838 105.418000934764 1.760245 0.75242298261937
190 0.343904 121.438528368575 2.076487 0.813734039426835
191 0.410402 116.396715373835 2.010111 0.778848934644389
192 0.415145 112.409072635765 1.955962 0.758181758509713
193 0.242037 131.247800610681 2.207037 0.856157631587528
194 0.237458 121.955981860376 2.208402 0.829336898432774
195 0.417983 115.823766707887 1.961564 0.789333156487713
196 0.475689 113.090707196297 1.873768 0.768504496687877
197 0.459768 106.478617980133 1.885076 0.771537076208885
198 0.199509 117.059283558537 2.225299 0.825075036073189
199 0.305856 119.895377423103 2.126593 0.800383915638616
200 0.311581 125.518324308672 2.14065 0.802867654850076
201 0.442335 110.390408692933 1.933969 0.768801970718297
202 0.518498 102.42114203673 1.74739 0.740815198063116
203 0.318437 116.346907270605 2.125197 0.796602059590455
204 0.34299 123.395956891124 2.111165 0.835069189419332
205 0.386771 110.120736366962 2.029516 0.734037849824215
206 0.388218 118.644355087558 2.013241 0.796706301132768
207 0.458696 117.145149075576 1.889211 0.792033328799263
208 0.368112 122.471004159418 2.054379 0.79376977438891
209 0.339987 121.076609333506 2.096858 0.78534773307662
210 0.406269 111.268258643303 2.014671 0.794350362203263
211 0.206484 125.486696079809 2.23255 0.833948228455903
212 0.332105 118.64643807089 2.120106 0.778121166150317
213 0.392298 106.800045780593 1.977132 0.762313304398832
214 0.273624 112.541754422144 2.128147 0.800491727650928
215 0.375329 110.473097967802 2.056439 0.788300615165778
216 0.350775 121.598597701777 2.066147 0.766362357806682
217 0.451666 116.841623429555 1.8977 0.800615831625212
218 0.634702 103.806046906657 1.539347 0.664974452447424
219 0.466934 118.148794814902 1.925032 0.723318565936465
220 0.546847 117.472222310302 1.739856 0.800057261409508
221 0.515956 104.565228667729 1.811817 0.670732281939707
222 0.304894 122.147399681653 2.146181 0.821229919402245
223 0.506849 111.511930549136 1.801643 0.761108552495055
224 0.181261 132.438437336998 2.250498 0.837841464715587
225 0.509596 114.041410068214 1.848845 0.745250420443553
226 0.329852 124.233069075288 2.118187 0.812226582259062
227 0.727775 103.553656188213 1.271042 0.730488013757537
228 0.327569 123.481362901317 2.107832 0.829568561240501
229 0.429207 118.379191071649 1.972923 0.826156099672497
230 0.430916 114.309489971028 1.985904 0.798222803946993
231 0.34068 114.491515819303 2.05928 0.798338785714914
232 0.388121 118.082344776813 2.024194 0.809169520285707
233 0.235472 118.392124837311 2.178537 0.809012078122092
234 0.223792 122.665244516594 2.218524 0.804021405745843
235 0.549867 106.4236696085 1.772294 0.752273140115119
236 0.125186 126.530361437747 2.273032 0.86347413774748
237 0.535954 121.466054031657 1.754747 0.802524066040228
238 0.349486 118.39333132656 2.098709 0.805896125630443
239 0.493357 115.449512210912 1.89725 0.791860780954101
240 0.423431 112.78271605468 1.967323 0.797049684012824
241 0.374213 119.510973498201 2.064541 0.798800917491147
242 0.339448 120.379048429443 2.066407 0.820058903725206
243 0.541122 109.618041350171 1.768127 0.748957952947883
244 0.345085 124.625979019313 2.091754 0.786186330425433
245 0.33289 122.269329964645 2.097984 0.800523041211574
246 0.239066 126.888073794879 2.205839 0.841032861215556
247 0.444828 108.682190011288 1.933135 0.735373024751794
248 0.336102 120.040158273136 2.062534 0.812182991479658
249 0.489548 109.744963378038 1.858012 0.770048528301607
250 0.208203 122.764655985566 2.22364 0.84092857629669
251 0.347756 108.786112108418 2.032169 0.790089857419572
252 0.343966 119.034096827849 2.082425 0.807096871570773
253 0.472682 110.753987611051 1.877066 0.773481309915088
254 0.355941 123.670771542439 2.037482 0.826728574629643
255 0.540885 119.424979874692 1.789503 0.803921767390018
256 0.278037 113.559401730398 2.118037 0.793844958872233
257 0.528026 113.43878412724 1.739815 0.743973973659096
258 0.331365 117.543631021673 2.105695 0.774895438912546
259 0.261493 127.834747375033 2.183862 0.83711111524864
260 0.249833 120.941298144635 2.174837 0.785432266359328
261 0.417711 114.903633410008 2.003222 0.779116137523837
262 0.403863 113.937499583851 2.030205 0.76879879535747
263 0.439963 120.278185207478 1.970706 0.784053530538169
264 0.474471 113.411385516151 1.878687 0.763776832286338
265 0.475156 115.998698302871 1.917457 0.811504630209619
266 0.52596 120.35186363813 1.822459 0.762191986957505
267 0.406073 109.644541951751 2.007468 0.776133515622677
268 0.417654 119.192763273072 1.990731 0.778285414199304
269 0.403861 116.877441698189 2.02731 0.808138467159048
270 0.317739 119.970486605729 2.12063 0.803868850279744
271 0.414461 118.181626308045 2.014659 0.756142444494097
272 0.613085 100.670367394071 1.616948 0.651027114918937
273 0.251309 126.963221342187 2.197855 0.836228428904484
274 0.250757 124.979933678764 2.192169 0.851012912065073
275 0.45267 113.771102975451 1.920406 0.759650531987308
276 0.587868 107.574243450972 1.649101 0.768750883877989
277 0.297324 120.874985077581 2.144185 0.808984009038406
278 0.298406 123.528124829468 2.142612 0.794960674814448
279 0.45594 120.048475047826 1.924365 0.768701254822328
280 0.410434 119.597166814446 2.014178 0.797570387135101
281 0.316034 121.324224791484 2.109454 0.81236642550338
282 0.507396 109.96286483599 1.795806 0.769827462951841
283 0.505393 115.420957931922 1.851608 0.761562477661178
284 0.445827 118.596926985938 1.933676 0.793722248744216
285 0.47485 106.68702288682 1.909581 0.75658145313735
286 0.379875 123.872417892919 2.04446 0.826693158767666
287 0.330946 116.39049054146 2.073059 0.82631155454921
288 0.539669 105.172835878045 1.686008 0.755103509956219
289 0.441464 107.077374056201 1.91539 0.769162566282844
290 0.415955 116.652451031799 2.006534 0.796589236231922
291 0.409345 117.403120200029 1.977721 0.788334501524394
292 0.579799 106.576437464098 1.690279 0.751038391938762
293 0.427813 112.338386775843 1.986259 0.800331452919244
294 0.461706 123.246438261213 1.9036 0.824488027453182
295 0.347517 113.335398957577 2.092027 0.765570244638396
296 0.462729 103.422810835692 1.911937 0.739076271919143
297 0.557066 108.889000072634 1.767003 0.705069914543637
298 0.466994 123.128493335487 1.902029 0.839403880347816
299 0.293249 129.806752793199 2.164357 0.84623694759292
300 0.468234 114.79202365245 1.92046 0.774467790556975
301 0.488167 103.836213289534 1.851545 0.765433526062983
302 0.620674 106.628184719165 1.57189 0.625700353327525
303 0.459642 112.111630989535 1.914316 0.718682053476663
304 0.501761 111.581862487389 1.866173 0.757367785327301
305 0.350369 121.851072395949 2.069186 0.791193349591949
306 0.322694 118.097595226621 2.080126 0.804846551031831
307 0.364631 125.090131105949 2.072583 0.809534254998844
308 0.52244 111.713282435602 1.784719 0.724935734711809
309 0.456345 120.436240401416 1.937349 0.739325937319335
310 0.233971 125.150463484897 2.209852 0.845503987065548
311 0.522126 111.385323804887 1.814673 0.798739123376037
312 0.643122 111.538867495526 1.540716 0.719172400081545
313 0.379977 122.082354714724 2.018124 0.832808905469725
314 0.38683 107.567351435085 1.996001 0.78829809441225
315 0.30975 115.197283329175 2.070772 0.807034326883566
316 0.424858 125.992883380998 2.004047 0.801327580689723
317 0.372862 120.861037785417 2.075172 0.826530679803089
318 0.38747 120.263769937652 2.055698 0.837856092535186
319 0.357511 112.099903344393 2.04061 0.791023401583405
320 0.646242 108.6839948033 1.53711 0.708672277165808
321 0.220492 130.139085803037 2.226283 0.846054542880718
322 0.201629 124.15352125192 2.237191 0.840609107582199
323 0.34465 116.944364652497 2.078111 0.791824083792081
324 0.638103 106.001676923662 1.554977 0.709393453641225
325 0.333164 109.852365953396 2.095215 0.775663885642503
326 0.445948 106.654316294065 1.954166 0.693944796807426
327 0.244672 124.224102561532 2.195776 0.847551970697951
328 0.443376 114.57990957323 1.963078 0.814121223020778
329 0.446417 118.105174900251 1.930956 0.79838440449471
330 0.448221 114.601620861663 1.95947 0.763859208523679
331 0.484764 118.63413215773 1.852766 0.821973609662898
332 0.53458 100.413723510621 1.754807 0.771826511916529
333 0.41038 116.886155527712 1.992006 0.77883385081508
334 0.458714 111.473148560718 1.905642 0.786246793141161
335 0.342296 119.752073472688 2.08673 0.792386868612535
336 0.429321 108.433814251139 1.949433 0.773876560623074
337 0.444644 116.002203167086 1.942065 0.752071651516275
338 0.338459 121.977904187083 2.062884 0.797099019812922
339 0.403542 115.252526827367 1.99113 0.795911335406424
340 0.475781 114.492340994381 1.904163 0.799665100858932
341 0.440643 117.916579369634 1.932941 0.788828298210766
342 0.324763 123.704916828972 2.108412 0.82468437699093
343 0.497449 110.61116520169 1.798853 0.767871754329617
344 0.411674 116.977983553629 2.004335 0.796264489153181
345 0.384717 119.490945040594 2.048973 0.803136396217618
346 0.491478 113.974182130782 1.890733 0.77794025698876
347 0.554083 106.50041309012 1.764099 0.730997477689043
348 0.527129 100.359554149223 1.803979 0.760659069125257
349 0.346414 116.920285245272 2.057698 0.78477448585742
350 0.301299 122.875614607567 2.151984 0.81252187724323
351 0.350154 112.846899105134 2.02608 0.791910488505551
352 0.48591 119.447224318351 1.860814 0.822593760556862
353 0.282267 114.763721575029 2.157258 0.830015964411593
354 0.508614 110.66437444712 1.854151 0.763896259777591
355 0.571705 115.524604869431 1.678684 0.783346117779629
356 0.522454 121.296962227536 1.821857 0.76537283667044
357 0.411149 120.591331091586 1.97589 0.807673313589799
358 0.458068 118.627324453931 1.921871 0.777144267836149
359 0.372902 113.595865019541 2.063708 0.793225558256306
360 0.413731 116.890023267437 1.992123 0.794119354707013
361 0.455063 109.961418094063 1.906389 0.719216745730761
362 0.513785 100.58268863217 1.824549 0.776028154541183
363 0.345945 125.756724597355 2.085235 0.830133831375227
364 0.382686 117.638703010239 2.032843 0.760745103272155
365 0.383091 122.567263443638 2.055837 0.800689211330187
366 0.540384 112.344968074729 1.778546 0.750564123798601
367 0.364187 124.480373755821 2.085156 0.822429800272912
368 0.453331 112.654088876225 1.94255 0.768471495535991
369 0.506166 117.299869991675 1.842962 0.773741085068099
370 0.447132 106.634091643237 1.902143 0.757470765629482
371 0.492652 114.923768849814 1.868753 0.727845257020404
372 0.216388 130.034119619801 2.22317 0.859141820954678
373 0.290057 121.163249341262 2.131613 0.80963214647857
374 0.424817 113.533135867108 1.98004 0.749605714365181
375 0.39665 120.943843191226 1.963059 0.807117984390663
376 0.365626 119.470501892461 2.056423 0.797627052024374
377 0.506829 105.183652820504 1.851734 0.73184571779773
378 0.509208 123.076242222075 1.836665 0.81100656892689
379 0.522923 106.973711956362 1.813034 0.750501960556011
380 0.369225 125.924625922505 2.067693 0.793744831044125
381 0.519272 115.580355905541 1.793394 0.799830244791894
382 0.498391 117.375821348259 1.859538 0.825066601908295
383 0.386251 105.880474569565 2.000065 0.770359727258099
384 0.551713 107.373300015688 1.747933 0.768160592649977
385 0.547119 114.416524765921 1.728429 0.815995318960272
386 0.322811 121.850137812818 2.135928 0.817879389432972
387 0.371261 117.837713362127 2.064893 0.819469543759917
388 0.400126 114.168178413095 1.978684 0.78564380431062
389 0.403368 113.278760132425 2.037708 0.75201997238963
390 0.531948 109.584943774001 1.758931 0.775080156343068
391 0.31029 122.307240799582 2.12957 0.792280773924941
392 0.369419 113.105681732116 2.075076 0.813624610038769
393 0.477228 111.688534338558 1.860058 0.788438615160708
394 0.563242 114.589439324676 1.705802 0.795436098616415
395 0.422062 110.748182744609 1.969092 0.767416819357165
396 0.468184 112.376946598325 1.897555 0.762004300275225
397 0.458725 121.716848089794 1.926631 0.812270813676534
398 0.566285 97.0714033735261 1.673356 0.743007507249169
399 0.495831 109.973678252661 1.86541 0.73696932953399
400 0.24965 133.574863293424 2.197085 0.831835594820399
401 0.353379 115.358225883251 2.041855 0.777041582701132
402 0.593831 111.943156091241 1.64534 0.762779637404001
403 0.503179 113.536987077229 1.843924 0.748711341504015
404 0.338416 114.579772365039 2.075682 0.781264367239803
405 0.555905 113.714909620363 1.743872 0.769289646684948
406 0.415692 114.964359730739 1.999883 0.790115522857541
407 0.370648 118.670114755806 2.041763 0.790642449366538
408 0.455304 123.251095536674 1.913954 0.818639101028605
409 0.343568 117.887784109492 2.086329 0.788451262000543
410 0.556003 103.398725798425 1.71444 0.715388821827844
411 0.239343 118.179760921635 2.183052 0.811798670829878
412 0.389899 109.342228613099 2.036501 0.794016293568989
413 0.481461 118.641488595171 1.854434 0.772128006108453
414 0.382115 119.53241672548 2.039288 0.788078098491379
415 0.479463 121.46582288209 1.913427 0.794459149445389
416 0.480677 109.742300325138 1.84594 0.784472330162424
417 0.504914 118.446124447531 1.821599 0.817875949458712
418 0.412072 118.560132002733 2.002144 0.789689431516478
419 0.494769 105.174272768874 1.865813 0.766777960533901
420 0.582823 105.673880107845 1.652528 0.730818952039028
421 0.373973 125.335316998889 2.044041 0.809852945600529
422 0.462031 111.436969319229 1.909039 0.785572634999892
423 0.372079 121.812651672947 2.050784 0.785808268455532
424 0.429709 118.108453842681 1.962289 0.810266185696362
425 0.393905 121.62295284005 2.027476 0.812029531733651
426 0.466856 110.187402117106 1.898012 0.746358884955953
427 0.507431 113.68265346048 1.838387 0.749027916600456
428 0.308855 113.602075095665 2.096037 0.807143393089394
429 0.410655 120.576404248992 1.996026 0.796561631821291
430 0.535649 113.125969656686 1.806497 0.7238988155839
431 0.382481 114.975275993591 2.055617 0.763803473166825
432 0.466673 112.02620422247 1.891405 0.76923038971335
433 0.501408 108.300518091316 1.836007 0.782155121215636
434 0.449447 100.419190087961 1.919217 0.774006486414169
435 0.592105 108.63822611521 1.687351 0.769588191900545
436 0.413451 109.150258755476 1.979597 0.771982282548714
437 0.415622 116.903802574552 1.969447 0.822627385220459
438 0.276202 108.30306172903 2.152021 0.798846521454077
439 0.461685 123.853535942087 1.936647 0.77621919640535
440 0.393805 115.792565485063 1.980178 0.805330002389609
441 0.487685 115.581485053982 1.887637 0.77442043854395
442 0.333449 124.00158370878 2.117229 0.818722194607843
443 0.345474 114.580523754532 2.102402 0.781311121372511
444 0.463008 118.861269280279 1.909691 0.785249954274961
445 0.505454 112.953302955192 1.842125 0.752634162180313
446 0.474116 108.545426675541 1.893488 0.784698839975764
447 0.422465 114.821844241981 1.932673 0.807223499039625
448 0.499579 115.219148965924 1.787398 0.740923141258484
449 0.33765 122.490159506108 2.057464 0.835026362370123
450 0.485958 116.058514360415 1.891617 0.789385164586759
451 0.574872 104.285097814524 1.681699 0.66850025917154
452 0.497435 110.019959285538 1.857722 0.770939202147583
453 0.368889 120.027150034425 2.030178 0.784256420090749
454 0.305677 112.770038754555 2.133317 0.798406492945737
455 0.441235 116.561564838084 1.963646 0.799181785242399
456 0.617947 108.009597859339 1.582359 0.753650962247759
457 0.41561 124.493303329574 1.973608 0.788687958391056
458 0.418385 116.379659869119 1.942531 0.795745658751902
459 0.517408 108.977139988434 1.803347 0.750024745970953
460 0.426526 112.017751820241 1.998969 0.752163416534553
461 0.395658 114.806975843424 1.978775 0.771105433478898
462 0.410759 117.935738886858 2.00424 0.799654161066116
463 0.512784 117.24937672729 1.835273 0.773475721892111
464 0.58127 110.334234789064 1.700293 0.704905779818879
465 0.529255 119.625227893939 1.799457 0.780910859852827
466 0.12474 130.815174938873 2.278086 0.855520132000668
467 0.400968 116.461382119159 1.999749 0.796063315696124
468 0.24625 129.818249704161 2.204557 0.827915737321847
469 0.482718 113.054930591311 1.894956 0.783215111966115
470 0.280936 124.35602060859 2.164536 0.829970677956363
471 0.449369 113.569500546533 1.915146 0.788233263698552
472 0.497043 107.774801995545 1.873546 0.745863807133834
473 0.291412 123.747031678047 2.160725 0.813592854389138
474 0.365362 122.657845792894 2.011564 0.79577961371847
475 0.242244 115.284123587079 2.166717 0.798847123294706
476 0.472958 111.042995667924 1.895009 0.716655215751257
477 0.477948 103.618178101659 1.906162 0.731104487623386
478 0.374801 119.989365849544 2.050117 0.805464674595315
479 0.40774 115.829848365894 2.002589 0.782796488667647
480 0.376929 117.747346747996 2.046833 0.776451095978302
481 0.461298 120.757240949498 1.93261 0.789286227710109
482 0.395358 113.570251930859 2.015772 0.784368019101969
483 0.207415 116.065866547845 2.198718 0.774154579589796
484 0.317274 123.109936413966 2.118297 0.831390144518504
485 0.522364 110.457993715882 1.822445 0.766517439606715
486 0.339266 124.709644036088 2.082177 0.792569249019145
487 0.458563 105.196176902794 1.86039 0.764310646045147
488 0.408876 121.025159390082 2.010632 0.736936618680982
489 0.329659 111.262567748966 2.059618 0.751368987093108
490 0.438525 106.338202012781 1.921551 0.781758673192967
491 0.358435 121.208731074697 2.067614 0.838428780724453
492 0.371622 122.832282816161 2.039293 0.788765540124991
493 0.308132 114.249636567131 2.133415 0.808394864127429
494 0.228726 126.618682975365 2.216814 0.824399384447165
495 0.342891 120.263810516967 2.11094 0.815368517184981
496 0.494091 116.231991143786 1.893238 0.74494741407046
497 0.385133 117.487894447059 2.024275 0.783365435077663
498 0.23989 128.720760977603 2.201515 0.86080861316774
499 0.391302 114.314253579334 2.001224 0.767588293202681
500 0.420576 118.808408835434 1.997454 0.783197042452843
501 0.457909 112.725986125511 1.898015 0.746651456778116
502 0.25882 119.994917564975 2.172838 0.822067313708535
503 0.277001 121.124573200033 2.158134 0.821670656285634
504 0.466007 111.689909066253 1.898998 0.770481962240297
505 0.504156 114.149437464845 1.864328 0.770689397404957
506 0.355224 117.483364455258 2.044609 0.750606519255339
507 0.469002 115.182092275862 1.930676 0.737758876600132
508 0.627813 107.099180288302 1.575366 0.754240183344842
509 0.500423 112.701348749199 1.797755 0.784588462198534
510 0.441734 111.07627773348 1.941236 0.724365011605642
511 0.316795 126.020595898287 2.123837 0.796449059292331
512 0.359674 123.790940757299 2.068803 0.830227595222336
513 0.531173 107.144808143279 1.769288 0.725870137859188
514 0.314171 116.774267198935 2.117467 0.783110639142083
515 0.361822 112.183214366647 2.032387 0.798339820188529
516 0.256397 120.977886202459 2.1629 0.825214780416501
517 0.378198 115.940904913293 2.03474 0.790028220611927
518 0.50329 111.337680261345 1.862962 0.735398817170904
519 0.524976 120.860886954557 1.825079 0.824826657758053
520 0.435821 114.384315888664 1.959109 0.776336411565647
521 0.511977 108.096334383724 1.808103 0.734290191123631
522 0.551667 114.320721819141 1.765337 0.768569074602837
523 0.418152 113.28777592039 1.975886 0.743817399498047
524 0.43293 115.6500988733 1.966374 0.76796691515361
525 0.414575 115.158282903592 1.969125 0.780770979156914
526 0.354107 123.525656432698 2.087621 0.839421744092395
527 0.447763 119.376070609792 1.908323 0.749970421192003
528 0.412346 125.404007974217 2.009469 0.814186274586742
529 0.281365 122.626799810453 2.155974 0.808458061779312
530 0.641232 111.780744449728 1.53127 0.644922643803163
531 0.399817 111.823655784803 1.97691 0.788577644460782
532 0.357723 117.743918010739 2.05896 0.769864382976102
533 0.318181 118.632028538377 2.107641 0.777287206028023
534 0.413414 111.373211477355 2.000072 0.758843423957867
535 0.335629 116.596728472797 2.059711 0.799220939956321
536 0.343583 122.170701361754 2.096956 0.821068294978835
537 0.606794 98.5610778715214 1.623808 0.686410508496809
538 0.3947 124.570243194247 2.039333 0.795573511795232
539 0.487639 106.271069470251 1.891591 0.772107322734888
540 0.204331 125.212538421084 2.224473 0.829720290916215
541 0.356542 114.476536346734 2.065835 0.792529749216748
542 0.58083 108.127548125828 1.665382 0.659261792033386
543 0.186831 123.128050590262 2.223746 0.839511379389335
544 0.351832 116.184513752161 2.093366 0.794644252090932
545 0.387781 120.030605171796 1.997991 0.787475530758043
546 0.393628 116.501791591539 1.97662 0.788333362503061
547 0.300629 128.534242747661 2.157201 0.788510538197424
548 0.455459 122.145611751302 1.892711 0.785156724194943
549 0.445248 110.899996204939 1.917584 0.75719734137519
550 0.407558 119.495294421191 2.022672 0.78808885747035
551 0.480904 116.759744616831 1.889934 0.781534357507012
552 0.40059 105.37959205256 1.978896 0.789939662722826
553 0.347775 121.539797466509 2.075082 0.81333514599274
554 0.315303 121.309036633257 2.115889 0.788576854081077
555 0.507704 115.861178673677 1.84847 0.764485448982323
556 0.265814 135.241526862126 2.191163 0.821545070113761
557 0.326961 116.785131237364 2.09752 0.79473346258681
558 0.404506 119.282084901279 2.000642 0.778430033677576
559 0.551136 109.745334638327 1.753606 0.756618245995644
560 0.337273 114.308626872835 2.080387 0.764232990860084
561 0.329722 113.829580131942 2.072935 0.795786127251139
562 0.588612 96.5739120455982 1.674645 0.676684316873345
563 0.447654 125.405665349101 1.965389 0.694622598183781
564 0.302973 122.278950953385 2.086144 0.805469963425628
565 0.218776 131.762466149322 2.226342 0.816107995042537
566 0.437747 110.507365965982 1.938751 0.773505855747226
567 0.421671 122.809183195755 1.979387 0.773929512105149
568 0.432126 115.418048937306 1.960893 0.804574259094434
569 0.194888 132.270308789349 2.243538 0.84880629556511
570 0.322156 127.870680938734 2.120184 0.823104654138295
571 0.480895 110.735592857164 1.880415 0.762483857667611
572 0.37282 125.509277222268 2.04997 0.823065306883982
573 0.358372 116.494963938737 2.051162 0.772341858346982
574 0.413575 117.317599811099 2.015776 0.780583695370051
575 0.284511 119.693453189263 2.148599 0.81249959774513
576 0.361885 116.227952739713 2.056118 0.792523860968156
577 0.419386 117.030192691696 1.981674 0.833232605320302
578 0.592472 110.078185465416 1.64235 0.757930378120517
579 0.490582 107.685957166294 1.865756 0.773566428620336
580 0.526417 119.213119775904 1.831541 0.833478443741358
581 0.322685 119.862179770616 2.124493 0.795431826504129
582 0.561747 106.960077733674 1.728684 0.712472154601882
583 0.200117 128.002355125565 2.234609 0.848964082144953
584 0.383106 112.477066510833 2.010127 0.782132098879518
585 0.537403 107.389531298022 1.754275 0.763828944674654
586 0.432781 113.716278901561 1.992272 0.777601700896628
587 0.297783 117.845026754766 2.152631 0.79542736387574
588 0.503945 118.459599127836 1.829278 0.812793364092539
589 0.3701 120.484553176329 2.07954 0.792611313751153
590 0.401241 111.951560702517 1.993228 0.791476280590844
591 0.510676 112.208254881831 1.82631 0.783066411082094
592 0.591888 109.408323468199 1.686163 0.761991382287779
593 0.357236 115.008052372439 2.09362 0.804146358769622
594 0.346364 121.604541152299 2.082671 0.795405832022282
595 0.356932 117.090973237376 2.073515 0.80284674217031
596 0.217058 125.077897964195 2.22842 0.838251418025429
597 0.433232 107.640744739939 1.932721 0.771202993477263
598 0.357347 118.366799150834 2.060273 0.777709992450199
599 0.358166 111.61256839543 2.034972 0.79304133728347
600 0.349342 119.824006083263 2.091997 0.79162675869597
601 0.298743 124.580507264339 2.141423 0.823901935074259
602 0.356851 110.82510375371 2.076214 0.811776560237344
603 0.433985 105.229279614328 1.892957 0.748991982939301
604 0.328759 126.886444296972 2.105936 0.827323565535153
605 0.385937 109.225219479741 2.013693 0.798119263994169
606 0.36156 114.710721228369 2.083965 0.792488847904243
607 0.572859 119.266713384558 1.699618 0.796314152333481
608 0.332646 121.274630599479 2.073463 0.807773856509648
609 0.530188 113.444868359923 1.787696 0.768170022493475
610 0.263653 123.904883424238 2.165233 0.787265328481062
611 0.287952 130.553736094916 2.168249 0.847127608171638
612 0.466853 110.075519732913 1.886678 0.769955150659555
613 0.443045 121.120305735954 1.96275 0.802931041866966
614 0.238013 122.740119789356 2.173501 0.822640051529006
615 0.216425 127.668964794462 2.223204 0.81954809925326
616 0.419566 122.712539627977 1.982734 0.75973051932914
617 0.182842 124.555904314883 2.249821 0.839351710361166
618 0.481146 114.706902376426 1.880766 0.785027669876955
619 0.431026 117.696409516426 1.939912 0.783768215185007
620 0.384167 116.520403401461 2.023595 0.792539437773941
621 0.455307 116.034679526478 1.940492 0.798492100042002
622 0.317342 132.29871691369 2.141042 0.82438250731874
623 0.401631 111.542032110982 2.01286 0.771588110288382
624 0.420068 114.19934418027 1.987306 0.780667786316449
625 0.380209 115.782021071265 2.012863 0.806042919082743
626 0.435507 117.174790366844 1.979716 0.765776967201552
627 0.51394 104.861486109707 1.792154 0.726665550336574
628 0.423875 113.373263311092 1.930692 0.795193703503417
629 0.528102 120.9142098933 1.813249 0.793179405824741
630 0.397416 113.669894280079 2.009619 0.788237346755201
631 0.427923 125.120037309103 1.984454 0.802982525719755
632 0.498624 112.579242000313 1.859837 0.761221697477407
633 0.350525 107.474746578375 2.067456 0.796997183920737
634 0.2723 127.823238962929 2.175677 0.841516141549378
635 0.381821 121.092059946472 2.041351 0.787251499527589
636 0.184938 129.8928047872 2.247199 0.847278021798784
637 0.382107 112.003116602658 2.014435 0.806083566714937
638 0.377594 116.851661757092 1.999801 0.82585901138578
639 0.342279 122.434525250445 2.108276 0.822612779599258
640 0.486036 113.468902881731 1.86859 0.736664716202515
641 0.421518 112.677739399766 1.976732 0.741644528735118
642 0.316048 119.979476693632 2.109565 0.806434580794015
643 0.320057 119.222583728334 2.032969 0.791633741978862
644 0.584719 109.958434760523 1.685273 0.783807057443575
645 0.465247 108.635591198925 1.940571 0.747726210397132
646 0.445287 109.089517026991 1.935762 0.750374587652047
647 0.50023 116.782464305733 1.834619 0.787268632269499
648 0.447199 120.649869799014 1.900027 0.754998728034805
649 0.443382 113.185829578048 1.915162 0.75800216474255
650 0.383007 119.958383867737 2.020584 0.83097913206609
651 0.270959 119.768529932682 2.175906 0.81144564442451
652 0.411727 118.141312220886 2.01413 0.783660909597161
653 0.398274 114.045866339087 1.982142 0.795715935082468
654 0.475497 113.539771889583 1.88962 0.794481428836543
655 0.43157 117.877950249607 1.932585 0.741426921937519
656 0.427269 116.946980742596 1.967639 0.790688429110071
657 0.454301 114.042080910706 1.920561 0.786480258658309
658 0.419129 113.163190642348 1.926152 0.787951092150142
659 0.614913 116.17603327688 1.629219 0.678802874968546
660 0.575234 96.1241944099193 1.7126 0.730357789734011
661 0.35042 121.082122297941 2.055962 0.814507588295991
662 0.48384 111.422317864903 1.910763 0.788781931067006
663 0.44749 114.714695601797 1.905939 0.739595526940151
664 0.250846 131.068952106246 2.203743 0.836366246176751
665 0.282973 125.488931084904 2.134231 0.848009960734179
666 0.356658 116.523547410033 1.996768 0.758702216009871
667 0.282485 116.609479330126 2.109529 0.814292102506495
668 0.429355 112.741794292343 1.921897 0.740982679053245
669 0.367278 115.247820725082 2.04994 0.775159800830986
670 0.232389 115.712735551966 2.212526 0.857411339733496
671 0.372916 115.249037879076 2.028916 0.800681269871208
672 0.439483 108.918915239207 1.933847 0.735152746451023
673 0.424134 119.353558149623 1.973658 0.776751857865694
674 0.459327 116.066277611198 1.905477 0.798377266050781
675 0.609951 121.086759424417 1.623266 0.775155319400568
676 0.320954 124.490742559659 2.099654 0.843398976602404
677 0.360424 121.394584046226 2.07285 0.780341912343614
678 0.492849 115.792697799255 1.82358 0.787893656797383
679 0.320358 124.988257923846 2.129825 0.847510225801495
680 0.462252 108.655391848464 1.903979 0.753067904393029
681 0.45136 111.24567137103 1.928232 0.795028610381648
682 0.465436 112.566411845456 1.88843 0.779085529693749
683 0.324834 116.733032119074 2.066797 0.802237146779388
684 0.422839 112.256940553722 1.9236 0.778211421757277
685 0.464261 120.486720379088 1.929253 0.768033929963993
686 0.542172 109.860664309385 1.778136 0.765170977070519
687 0.299034 123.171025598841 2.130364 0.819868001616375
688 0.382826 116.706420465989 2.061112 0.792111716740416
689 0.471364 104.313527591414 1.893908 0.740421252239157
690 0.423678 117.557201821148 1.985561 0.775656762615891
691 0.452588 113.895389624976 1.949366 0.702184379147297
692 0.386506 121.02457456591 2.048102 0.75380254730267
693 0.451141 127.748107731109 1.951254 0.773809460362984
694 0.545179 104.760785571237 1.767086 0.75114727231375
695 0.396931 118.036987603479 1.996868 0.787577970553831
696 0.472929 106.774779999406 1.878987 0.756777537010034
697 0.449368 109.747035791521 1.932062 0.774730410935772
698 0.487635 105.471660362121 1.886532 0.754698828310054
699 0.388042 114.231477865602 1.968146 0.788501064750577
700 0.381411 114.707522284904 2.029041 0.777147144752687
701 0.587866 112.078969852019 1.686159 0.7616619572244
702 0.317489 124.896545678448 2.129736 0.809947017988416
703 0.327113 110.687009103553 2.094273 0.787832112766922
704 0.372833 118.59658622543 2.025307 0.796876618021801
705 0.467628 116.699015388195 1.895404 0.75835333331529
706 0.268877 116.632080205755 2.166972 0.792727701470088
707 0.492664 106.12403917523 1.838725 0.749054845903962
708 0.29672 121.29491377732 2.145732 0.821063384630042
709 0.376836 119.14049861322 2.051464 0.801198955094015
710 0.374112 117.303382133617 1.962946 0.786072596224697
711 0.41685 119.830768018798 1.981862 0.794047826821407
712 0.430755 116.541416148746 1.937193 0.824493169146806
713 0.580966 106.040318577996 1.671245 0.71981728943035
714 0.494104 104.617448758134 1.827346 0.74797935499673
715 0.444467 122.804253603015 1.958752 0.805465697553855
716 0.488896 105.700384633631 1.772357 0.755643682028117
717 0.34069 121.789905555636 2.103508 0.816510695573443
718 0.379273 121.043066382382 2.058727 0.802283118695456
719 0.444572 115.167701209929 1.929681 0.809457866527244
720 0.400584 117.295547105424 2.013838 0.793571775972912
721 0.490001 113.565940754944 1.843954 0.773849515059671
722 0.390966 115.401281849412 2.024418 0.771989902375847
723 0.382655 109.670904310857 2.020655 0.773752840966255
724 0.384038 111.414644619144 2.041195 0.800767859042555
725 0.434367 121.972129958173 1.969435 0.816484316890481
726 0.550198 106.225680837877 1.74615 0.745148951429605
727 0.523111 106.611540917634 1.821899 0.737964046516182
728 0.324916 106.971382065108 2.127925 0.777026821712973
729 0.560273 110.612344830246 1.694887 0.730635912766606
730 0.614037 103.895850213706 1.605613 0.70093519947957
731 0.375169 117.04222468474 2.039355 0.800673840647085
732 0.375713 121.33416776832 2.051986 0.823176536666304
733 0.417761 116.108658774305 1.958701 0.767676576825294
734 0.461528 123.598973546045 1.926897 0.750154971155121
735 0.567434 109.829624472475 1.738849 0.776402173650237
736 0.339619 119.740398181678 2.089619 0.803523380395905
737 0.389174 117.11391498006 1.991035 0.801196400031494
738 0.408783 120.155105754676 1.991905 0.803913736526046
739 0.558681 108.781208262942 1.758111 0.741847674281857
740 0.263528 124.014532099781 2.188875 0.841959771398662
741 0.447352 116.914217844798 1.962832 0.775357537805718
742 0.503236 106.876900841577 1.821022 0.690693003144479
743 0.452453 111.526372981487 1.917461 0.782645988885986
744 0.454872 112.430193750082 1.908968 0.763779659769938
745 0.351686 122.805404981994 2.08209 0.806536360284852
746 0.19718 132.900093285342 2.238401 0.837423136379324
747 0.406585 110.843123249257 1.937654 0.800459317630648
748 0.421585 115.631191084981 1.974194 0.748206336756385
749 0.408481 119.212575636893 2.014037 0.772282897229002
750 0.381602 121.868252575451 2.040759 0.805013490941101
751 0.453401 121.480715643072 1.932411 0.78624831208328
752 0.462106 113.382950512868 1.871873 0.769973206654017
753 0.453151 108.50000025005 1.907357 0.778056175597184
754 0.467874 118.325649446172 1.845478 0.769469407918887
755 0.390738 116.247864173911 1.994199 0.805596813387445
756 0.389757 114.287242469558 1.99803 0.808711601000666
757 0.443885 119.819217965599 1.932701 0.82143491221352
758 0.503203 115.836172778531 1.812785 0.799363933124585
759 0.436571 114.768911839429 1.953037 0.785472260785699
760 0.486111 119.147330741224 1.891788 0.779532514714612
761 0.442054 120.867531865817 1.932829 0.788650900345921
762 0.482058 115.847005647689 1.899281 0.788596355645342
763 0.353519 120.025023990598 2.084092 0.823113764951062
764 0.378496 117.98837011396 2.037021 0.79656013400779
765 0.568401 104.969185536601 1.726967 0.747128135494278
766 0.431418 117.072234828703 1.956714 0.7613313340649
767 0.565346 109.449421752204 1.671478 0.678190548678106
768 0.400357 122.299369671825 2.027044 0.817391557042772
769 0.539099 113.498384882124 1.773328 0.741669823225114
770 0.4404 109.445217599288 1.919634 0.788882024417564
771 0.304707 127.338392987977 2.151431 0.826689850561326
772 0.355007 115.994797013275 2.062167 0.768266137602072
773 0.447479 114.716659461065 1.931427 0.710019148686789
774 0.484521 113.31489051413 1.883698 0.77252498643499
775 0.472072 113.167828457796 1.891785 0.768750299866938
776 0.606513 107.163137054681 1.631892 0.744956959984065
777 0.243194 125.927537669121 2.206537 0.857300015750811
778 0.342864 115.525490984983 2.056654 0.785098484344014
779 0.416681 122.387745046423 2.010178 0.806665535844298
780 0.357146 117.109449429657 2.052994 0.823260969369783
781 0.425032 115.302878247688 1.966783 0.782113119350715
782 0.340033 120.186993949947 2.099922 0.791226636944428
783 0.552898 110.850217167034 1.755642 0.710224518301929
784 0.622828 113.279643088311 1.600284 0.67345777793205
785 0.226733 130.295393549756 2.214934 0.851644201366191
786 0.421712 114.77825726826 1.991556 0.804114156475149
787 0.408552 117.356422684252 1.972262 0.799320084754828
788 0.342978 112.689730985095 2.075454 0.75495521470779
789 0.233738 121.325949891173 2.195688 0.830679807146266
790 0.504396 118.609809330922 1.840034 0.781528358389132
791 0.347819 123.193159698414 2.106862 0.776433376546651
792 0.383739 114.770285772585 2.018713 0.790997844443868
793 0.448091 107.937842676872 1.95287 0.77210466884462
794 0.32957 123.067438428112 2.102962 0.825794259032258
795 0.428544 113.979092429449 1.97724 0.766698445523401
796 0.351453 118.368684175711 2.088327 0.813222446345171
797 0.218119 128.150245357794 2.200282 0.837934861471296
798 0.419824 110.431812492326 1.97604 0.762890480218992
799 0.388809 123.484084416331 2.045135 0.817513642462218
800 0.649037 114.513317879739 1.512332 0.795367779147112
801 0.481511 115.550327954591 1.902848 0.776479403985205
802 0.368391 122.655025940287 2.070643 0.820176113329055
803 0.442437 107.674988531707 1.90037 0.763273458306118
804 0.554195 108.897714103839 1.729546 0.776065397587173
805 0.29068 120.72584211019 2.071393 0.790098332375259
806 0.428322 109.109938458796 1.970206 0.770697197606123
807 0.34837 119.259416870492 2.085173 0.814943753207109
808 0.421381 119.852202333445 1.970214 0.800524606105013
809 0.267775 121.763212179537 2.171466 0.810546022118783
810 0.470802 110.314498155199 1.898013 0.724626334381825
811 0.394075 111.122679477813 1.985938 0.788260315711105
812 0.295817 125.114260979329 2.146751 0.826788137742039
813 0.37152 117.350733518428 2.047433 0.804407987126739
814 0.478946 122.384600966123 1.887815 0.80308738401722
815 0.468366 122.092386249348 1.929636 0.770983973949626
816 0.361586 118.782773985995 2.052657 0.797424057504385
817 0.506596 114.243437322109 1.834617 0.775987129307679
818 0.460389 121.724057967484 1.897269 0.777503880998455
819 0.356764 117.520379389135 1.987133 0.740914462337841
820 0.375229 119.531598839518 2.041489 0.82264264612095
821 0.511182 112.480480215886 1.834138 0.726779547819452
822 0.441101 117.759568544037 1.948873 0.788571884794403
823 0.46661 113.807282453699 1.871597 0.789640579712024
824 0.515575 109.662071358739 1.832925 0.74472253165537
825 0.363439 119.464279629589 2.05685 0.770031135404325
826 0.441284 114.892285061082 1.920946 0.791431056391409
827 0.56551 114.067665863277 1.744729 0.783712896584334
828 0.423065 124.904686155089 1.979036 0.812781390133904
829 0.398731 113.573971629258 2.026764 0.799037969775748
830 0.474562 113.146564172597 1.906854 0.751070693438841
831 0.348047 125.071739147889 2.081995 0.811431280300738
832 0.54739 108.09936086917 1.770293 0.704042855478433
833 0.461794 113.743051278409 1.899534 0.781894553792823
834 0.507814 117.731351800053 1.827909 0.750671501747556
835 0.382443 111.315082212087 2.01229 0.773495653533197
836 0.469036 110.137379692892 1.881004 0.775596318328794
837 0.341266 119.545953472943 2.083835 0.783137324270592
838 0.545772 112.417331583288 1.770244 0.78156325751832
839 0.539092 113.881490887588 1.757636 0.745640116391628
840 0.512597 105.596576913359 1.802413 0.733718946202
841 0.329416 110.169405334073 2.049842 0.817307854835114
842 0.41215 116.118036938065 1.943037 0.76846894328472
843 0.576343 114.644822282307 1.703571 0.763925637355221
844 0.587149 111.919333893713 1.670768 0.729608712572731
845 0.391801 124.905322468737 2.024981 0.831215490147633
846 0.368796 105.150664902539 2.010583 0.788322687516077
847 0.480779 110.341512955077 1.878314 0.767487897768833
848 0.439987 118.199531034087 1.933723 0.786566712616712
849 0.210145 121.293410501432 2.218822 0.829574074521237
850 0.42662 121.309305147805 1.953548 0.801968715550317
851 0.479186 109.889690978245 1.894974 0.777991940037788
852 0.429813 118.692987039266 1.96383 0.833875006579867
853 0.46338 110.507379061587 1.893394 0.726760641424936
854 0.356941 125.323248100282 2.078265 0.795227865307025
855 0.41272 111.191986923765 1.948021 0.739537257540264
856 0.288795 116.81702741235 2.109198 0.82512378071735
857 0.259837 120.518483235864 2.189855 0.810421501167909
858 0.305707 121.502470188099 2.145952 0.796804755991102
859 0.408808 115.922757935847 1.987479 0.797931458096463
860 0.543393 107.252917031763 1.773172 0.732361493562485
861 0.390691 106.840865146305 1.996823 0.793005270073798
862 0.17904 124.968025076819 2.247347 0.852201612974438
863 0.518379 117.954537035496 1.796247 0.780428334345336
864 0.331036 115.397893792208 2.107034 0.775053392088343
865 0.473152 113.556578103631 1.863477 0.775480619647213
866 0.484352 112.156759758971 1.893913 0.771451892368137
867 0.531402 108.358779697728 1.813556 0.710948654301163
868 0.532402 118.810123211571 1.802819 0.768928335086075
869 0.502517 112.956218396328 1.811153 0.736078757179615
870 0.43836 112.545745465507 1.950703 0.731686337788512
871 0.338172 122.309343145439 2.115297 0.831830139122108
872 0.33565 116.124222239184 2.088807 0.79425405211341
873 0.189443 124.840372486842 2.224707 0.833621856547198
874 0.323627 116.04777526565 2.130735 0.783350202156
875 0.427382 102.801682804014 1.930705 0.754439245312931
876 0.369429 115.426621014828 2.045966 0.807826806958099
877 0.333763 130.046368539356 2.125343 0.809343750146658
878 0.649041 104.076178924609 1.506118 0.764668986035861
879 0.191289 124.371331300028 2.242988 0.83234893986293
880 0.390327 123.011944779152 2.007756 0.797997736462049
881 0.486907 114.309819289935 1.872792 0.789810677322052
882 0.484592 113.272032455622 1.873111 0.728877810316681
883 0.391327 112.899265876961 1.9822 0.775424919158947
884 0.493017 115.83329069354 1.876086 0.799556006140372
885 0.4584 116.462324981873 1.922216 0.780751000400255
886 0.461142 122.185985143773 1.923334 0.819561829854168
887 0.395703 110.413007723854 2.020144 0.785802652030653
888 0.333115 120.449844494014 2.094617 0.774411656406441
889 0.395335 122.131884340541 2.02343 0.8167829192308
890 0.43484 113.742489547345 1.951942 0.777032340185817
891 0.441377 120.106939419531 1.950329 0.782071672375486
892 0.40296 118.996189569096 2.011467 0.763604583142794
893 0.386288 118.379725496046 2.001889 0.754553517279824
894 0.440232 113.5388639163 1.936922 0.779987251067799
895 0.314 115.61176476217 2.113332 0.773249837181477
896 0.489893 120.138923990327 1.883276 0.765482810576298
897 0.418709 116.519579334989 1.972034 0.781586271511269
898 0.271405 127.869168829835 2.167702 0.819364132053297
899 0.4247 118.634219096643 1.954743 0.802890076924449
900 0.392103 116.342602512454 2.013403 0.753231494204709
901 0.298914 119.655060713681 2.136296 0.828193873955322
902 0.381616 126.487462528233 2.043106 0.813881768536194
903 0.43398 117.187634681336 1.960326 0.794221508637236
904 0.423563 113.691159719481 1.947695 0.802058172772097
905 0.536414 108.365882975156 1.723312 0.74870711204873
906 0.464724 112.227928671321 1.906186 0.782404314294771
907 0.305132 120.34955488175 2.122245 0.844557625710188
908 0.413712 118.918735814256 2.000046 0.80720440364013
909 0.318666 112.695043538622 2.099281 0.778786739340675
910 0.416175 122.544434000575 1.983706 0.800803041168392
911 0.421147 123.571242559001 1.99456 0.815316356189108
912 0.396716 116.492868527231 2.014111 0.825067100454323
913 0.382559 124.12177866753 2.063237 0.805368681586504
914 0.452154 117.052418047596 1.90887 0.783153979373476
915 0.429699 107.949584057002 1.967911 0.759628239138984
916 0.36956 120.134899371996 2.080917 0.829937624454634
917 0.520483 125.73810964989 1.825514 0.783535464060048
918 0.419338 110.190052185488 1.965169 0.779609363763367
919 0.335488 121.10236701142 2.020509 0.748133396464285
920 0.409437 111.581187939376 1.999062 0.779354758318301
921 0.336229 120.438456812431 2.114432 0.797256849938429
922 0.467761 116.073884291874 1.873197 0.779734556501658
923 0.297473 121.726832289291 2.158766 0.795185498315862
924 0.397588 114.456671063199 1.987857 0.793179936105247
925 0.395766 119.966187435101 1.978011 0.783870856789497
926 0.304785 118.896304477072 2.109805 0.793564107550909
927 0.43785 105.93904489683 1.912925 0.802347881845935
928 0.350431 122.669204767976 2.068505 0.794628212342109
929 0.416088 112.52587444941 1.946748 0.792831742054739
930 0.508981 105.275400027487 1.818924 0.752777606241014
931 0.537472 122.049922378668 1.754875 0.799070576200413
932 0.402798 114.282942219706 1.985738 0.775575381164881
933 0.405393 121.899227199418 1.999899 0.823390701383539
934 0.309443 115.644900331423 2.103302 0.823665099403262
935 0.357139 120.120879442097 2.067044 0.815454889129334
936 0.360206 114.237737750405 2.019987 0.770911794649402
937 0.301794 120.813496997591 2.110067 0.829281959580888
938 0.390058 117.787563902653 2.038478 0.796251993553691
939 0.332914 116.560468119815 2.115109 0.801735651071052
940 0.440447 121.093154316579 1.911251 0.770263601667944
941 0.548484 110.830821095074 1.766683 0.7708821148105
942 0.350943 120.646005253689 2.093732 0.814462742844609
943 0.457317 102.705567224019 1.915751 0.784457544711918
944 0.329128 115.104801107753 2.062128 0.798599991390288
945 0.456097 113.515369238938 1.931539 0.810240980098532
946 0.417417 121.098438331068 1.998163 0.79571044215615
947 0.3965 115.15016349025 2.010902 0.791608831793647
948 0.550292 117.907753571675 1.78135 0.794634179507014
949 0.560192 114.418406035269 1.74559 0.698192850193149
950 0.47931 119.250525417856 1.898325 0.760446572481657
951 0.468454 119.719845894752 1.915188 0.785594180987859
952 0.482408 107.427602136078 1.865089 0.750662948170038
953 0.418193 107.29581702407 1.985735 0.795150393342894
954 0.469129 108.153257144663 1.915618 0.753900819204232
955 0.37002 113.217823935385 2.010631 0.825733785826137
956 0.364183 127.214518232241 2.079352 0.809450325378767
957 0.350437 120.092212081702 2.099465 0.827771821377653
958 0.447079 114.125275788707 1.947497 0.777233799311358
959 0.40346 113.329986289541 1.959714 0.80235404748754
960 0.40239 113.000445526176 2.004802 0.791287804711956
961 0.510844 111.000764373478 1.836495 0.733810495337557
962 0.499801 122.603707972297 1.880644 0.773415940597534
963 0.432169 124.363951432942 1.968287 0.762445312780797
964 0.391445 113.956161578999 1.990504 0.795668391439061
965 0.281046 123.627833099224 2.165338 0.826480120074778
966 0.344869 122.412015237933 2.109643 0.812365118719257
967 0.468287 113.398267071314 1.857539 0.787433855962809
968 0.384407 122.894456061671 2.004065 0.825968936695299
969 0.222516 120.723636337596 2.18946 0.816835873686825
970 0.425431 117.180515912647 1.947832 0.762487981590872
971 0.687275 108.040003475501 1.400261 0.704939190611499
972 0.551433 119.317659662806 1.762921 0.782183091104274
973 0.478615 102.248926955225 1.852688 0.778198638396486
974 0.344028 122.186766336711 2.096056 0.805020411808418
975 0.458507 120.998013687188 1.947964 0.823649312986133
976 0.405497 117.447912860575 2.009148 0.811668969307581
977 0.440351 119.964027124552 1.976763 0.771418892770009
978 0.326341 123.660539367381 2.110663 0.824257204624922
979 0.433385 117.088569868065 1.953774 0.795576311560847
980 0.595342 113.642345060506 1.612275 0.764181918232451
981 0.356186 119.467729503179 2.071001 0.78743446347375
982 0.508577 119.812902050694 1.856777 0.820622041895359
983 0.408695 118.356036207292 1.984511 0.812592569460214
984 0.418204 108.34399020202 1.944716 0.758971747607552
985 0.414961 112.258471704434 1.991794 0.780413467838118
986 0.50914 118.659639709306 1.82359 0.799807383289517
987 0.473014 115.883189924728 1.906152 0.791087391939761
988 0.261611 127.663568604951 2.194231 0.839956270056509
989 0.546623 109.202262822504 1.768376 0.76151884693953
990 0.316976 127.950470637014 2.129963 0.815388852353223
991 0.411476 122.885599019533 1.966231 0.794444617105634
992 0.201383 121.473261999817 2.232828 0.845626001452481
993 0.402467 115.844276617105 1.988272 0.817158064837479
994 0.510612 106.045722706895 1.798302 0.747549419999822
995 0.376909 121.292581161253 2.04765 0.78050179574454
996 0.340074 106.851879354402 2.093141 0.777329047638668
997 0.367735 103.686217200398 2.074897 0.814597981269689
998 0.372875 121.087395895082 2.046096 0.816323856989616
999 0.387022 118.161992749308 1.964249 0.798020411375648
1000 0.384936 116.815048818711 2.013547 0.753415054619299
