rep	aei_left	left_area	adi_left	H
1	0.430529	114.1107898	1.935094	0.786884902
2	0.395242	122.9040872	1.989141	0.809576458
3	0.447674	121.8586369	1.914201	0.806167751
4	0.329333	120.1397072	2.098936	0.831951027
5	0.410646	118.2741023	1.996479	0.789282419
6	0.493199	114.6520835	1.857557	0.798156196
7	0.313713	120.9501011	2.120264	0.829565493
8	0.349553	116.5061094	2.062218	0.823556998
9	0.312471	128.3849491	2.142016	0.823193034
10	0.372485	115.788016	2.018571	0.78823431
11	0.450771	111.7783869	1.907548	0.772736466
12	0.443022	113.0140855	1.925153	0.784658681
13	0.380955	122.4771087	2.004707	0.82519464
14	0.40732	119.7674214	1.977444	0.799503677
15	0.35231	117.1405619	2.064304	0.812728613
16	0.255058	125.5375954	2.187405	0.824947006
17	0.348734	116.9827271	2.062339	0.805592314
18	0.377371	123.305991	2.011801	0.816081491
19	0.348982	118.5969523	2.045793	0.796951425
20	0.231259	124.7687789	2.209195	0.834879808
21	0.443207	121.9773176	1.924626	0.824168271
22	0.363481	118.4845296	2.029324	0.807420461
23	0.410397	113.6140357	1.991468	0.786349678
24	0.402139	116.37844	2.000942	0.803004525
25	0.452151	117.7631733	1.921307	0.806911368
26	0.361844	120.9783358	2.018967	0.797935861
27	0.428244	117.9534588	1.928679	0.809820548
28	0.336237	124.4621656	2.074091	0.812690381
29	0.355827	120.1184963	2.066935	0.812028058
30	0.247703	126.5132767	2.18373	0.822045766
31	0.450664	110.6925295	1.865165	0.782236855
32	0.339355	123.5837407	2.095797	0.826125804
33	0.348878	119.3357619	2.078136	0.76575372
34	0.510581	121.3890946	1.801693	0.798204561
35	0.357306	120.9326602	2.057864	0.809987613
36	0.371384	121.2888823	2.05057	0.811939221
37	0.41938	112.4763042	1.959742	0.787923437
38	0.536705	117.481315	1.804309	0.764113753
39	0.461101	115.915118	1.901485	0.789083044
40	0.352886	120.5091185	2.073232	0.820864926
41	0.355461	121.754478	2.069714	0.817222806
42	0.387641	119.0589896	2.043167	0.802899006
43	0.476529	117.5526381	1.864102	0.799535635
44	0.387367	118.5322994	1.99443	0.780357792
45	0.222824	123.9670471	2.223842	0.842171363
46	0.259438	130.5344422	2.193562	0.831720134
47	0.373879	117.9805685	2.021425	0.816356327
48	0.378668	116.8918972	2.0191	0.791780401
49	0.408974	123.232032	1.991268	0.808503098
50	0.498433	111.7226133	1.842852	0.769073382
51	0.344763	125.2371807	2.092988	0.827321841
52	0.208713	128.8654641	2.202707	0.824890135
53	0.463325	116.800558	1.928611	0.792559258
54	0.26643	121.9134236	2.158366	0.83393992
55	0.427913	117.7570259	1.923636	0.772898491
56	0.440798	122.4232547	1.908223	0.805109137
57	0.403912	117.9638652	1.987295	0.810201895
58	0.312569	111.4334593	2.088385	0.807082748
59	0.320087	122.358969	2.097762	0.810068565
60	0.426255	115.6197842	1.925682	0.799776389
61	0.341355	123.4414933	2.082592	0.824964441
62	0.223827	121.6181319	2.186549	0.833545162
63	0.329092	119.2127766	2.080784	0.816514531
64	0.319425	126.5045224	2.072729	0.847435517
65	0.418364	118.1803207	1.962786	0.801728147
66	0.340731	121.2394073	2.071118	0.814144944
67	0.242609	126.1142573	2.197043	0.83806766
68	0.466602	118.8337943	1.884903	0.743334982
69	0.285664	125.462284	2.12704	0.830419665
70	0.4783	118.4044499	1.862023	0.799307203
71	0.227615	124.0654072	2.190025	0.843383184
72	0.414717	124.3666069	2.01506	0.809318859
73	0.437526	116.9594635	1.953208	0.778565929
74	0.355672	117.8899149	2.068115	0.778170675
75	0.338253	116.9272347	2.085549	0.814991914
76	0.494401	109.2658246	1.829664	0.770220147
77	0.376715	118.6665903	2.022747	0.790659715
78	0.486128	118.8082522	1.873466	0.807916935
79	0.394399	121.8279515	2.003253	0.808603481
80	0.44463	121.0474105	1.958774	0.81777144
81	0.421695	117.0622229	1.956895	0.803703886
82	0.403214	124.0891207	2.029381	0.824073419
83	0.364749	117.4837558	2.039905	0.814356562
84	0.347676	122.1647564	2.104078	0.808978383
85	0.384825	112.7061021	2.002965	0.808222362
86	0.37666	120.293821	2.021955	0.804391693
87	0.472593	118.8776977	1.904236	0.781415686
88	0.313597	128.554144	2.135981	0.823324342
89	0.434183	120.3608316	1.961847	0.814581893
90	0.346114	124.9407311	2.088536	0.820781135
91	0.457755	115.6536053	1.903194	0.781208412
92	0.37398	116.9351464	2.031167	0.801389433
93	0.396669	118.9770893	2.002379	0.822814996
94	0.379584	118.5175344	2.023831	0.814803924
95	0.374308	119.313904	2.036962	0.810665019
96	0.392033	119.0312726	1.991495	0.823242477
97	0.346482	123.4382432	2.044702	0.821209075
98	0.401039	117.2926272	1.972416	0.797509012
99	0.334318	116.6667628	2.079814	0.815353132
100	0.368364	115.2995362	2.062369	0.794469385
101	0.443967	113.0495604	1.906574	0.792011053
102	0.354315	121.3266429	2.05233	0.830427789
103	0.379108	120.910384	2.003853	0.826532851
104	0.46802	115.8676555	1.90594	0.795279043
105	0.388795	117.4151307	2.003967	0.811593658
106	0.349119	121.7498502	2.062263	0.819282955
107	0.38854	115.1260094	2.01573	0.800421397
108	0.362235	117.6533799	2.028914	0.805131419
109	0.435236	117.4353165	1.957401	0.798428219
110	0.423054	122.7488895	1.950088	0.801188389
111	0.392517	119.0046771	1.997826	0.799329216
112	0.389562	110.6145496	1.994831	0.793112688
113	0.432884	117.6846222	1.946488	0.797356962
114	0.360646	113.1664367	2.003579	0.794534895
115	0.461206	117.4591254	1.929756	0.782766099
116	0.443318	121.0597726	1.921545	0.801610852
117	0.256896	126.136062	2.180825	0.824092274
118	0.359197	121.368705	2.056823	0.812537641
119	0.416281	108.3678436	1.946113	0.789847732
120	0.416702	118.0789293	1.959034	0.819250123
121	0.411454	122.7203245	1.976249	0.80799916
122	0.387953	123.3428438	2.031132	0.820917315
123	0.258807	128.4254247	2.190668	0.839191684
124	0.421542	113.0943381	1.965226	0.782757841
125	0.199034	128.0281715	2.231268	0.859440967
126	0.436697	116.3849995	1.929993	0.795689263
127	0.41304	116.1723149	1.96507	0.785946107
128	0.300312	124.7604893	2.143673	0.825651925
129	0.249468	132.5870792	2.196294	0.840560434
130	0.395414	122.0931607	2.022567	0.813609219
131	0.253595	123.1316567	2.183977	0.82904069
132	0.395283	113.8978721	2.007938	0.795192782
133	0.291848	122.5358735	2.107667	0.806498133
134	0.266005	129.1769252	2.157619	0.843456409
135	0.377555	113.0743678	2.001068	0.789443688
136	0.410209	119.9232969	1.987214	0.80643788
137	0.287106	125.857625	2.148497	0.831360138
138	0.390827	124.5310124	2.025096	0.822632632
139	0.372856	117.1502323	2.034645	0.812872524
140	0.332213	119.9331525	2.074192	0.816751174
141	0.460218	115.24732	1.917369	0.745823419
142	0.38163	125.7517261	2.038926	0.819640533
143	0.349574	120.3460766	2.04447	0.817665896
144	0.339387	128.2445293	2.106618	0.831778374
145	0.337938	121.3434233	2.099387	0.816838524
146	0.396958	114.2846021	1.987856	0.811352122
147	0.335547	122.0597219	2.099856	0.80974525
148	0.405171	117.4807001	1.981293	0.809670128
149	0.415552	113.6676376	1.958291	0.792424208
150	0.381361	117.610608	2.008515	0.807963262
151	0.363105	119.3953203	2.037598	0.818528278
152	0.299812	123.5310472	2.132507	0.831429717
153	0.338364	118.935642	2.067482	0.806212468
154	0.556133	115.8616791	1.746427	0.795543857
155	0.340757	121.5939944	2.082548	0.831935837
156	0.328346	119.4140545	2.119152	0.831088681
157	0.377624	118.7012658	2.032176	0.792534708
158	0.399791	119.0225806	1.992149	0.797260071
159	0.355651	123.9947003	2.068749	0.809843034
160	0.328558	121.7876993	2.0905	0.813678416
161	0.3741	119.945568	2.039945	0.807753322
162	0.436323	109.0180192	1.929572	0.782985775
163	0.421936	115.2276283	1.973675	0.799780831
164	0.364743	117.1018756	2.037121	0.807993788
165	0.444173	117.1376802	1.894471	0.779624111
166	0.357852	119.6574059	2.040369	0.817096118
167	0.389252	120.8652358	2.021749	0.822567932
168	0.391054	115.4821892	1.981088	0.809351921
169	0.420901	114.269053	1.965994	0.778291742
170	0.282601	125.1639228	2.149346	0.839570534
171	0.309846	122.8072479	2.112318	0.828933355
172	0.2321	119.1896471	2.198135	0.842176654
173	0.406861	117.0833712	1.992348	0.817654549
174	0.40542	116.5643319	2.003411	0.786573322
175	0.476484	117.2186614	1.850016	0.781901554
176	0.414285	129.0052168	2.012259	0.807432219
177	0.355387	114.9989519	2.03234	0.796301119
178	0.432114	115.2707498	1.973787	0.794719883
179	0.389756	125.0615446	2.020309	0.826670674
180	0.529002	115.9216942	1.804725	0.779817663
181	0.45239	120.760164	1.890259	0.809304321
182	0.42896	119.5690307	1.94613	0.821912082
183	0.415124	116.8374699	2.002277	0.80702202
184	0.37661	117.4118632	2.029843	0.79848302
185	0.303419	122.6464189	2.142892	0.816860629
186	0.285228	130.3383071	2.154394	0.848959769
187	0.355115	113.6549068	2.042667	0.812847876
188	0.3627	122.5192254	2.037426	0.815483701
189	0.430832	113.7908635	1.963054	0.775458934
190	0.313506	128.0595019	2.119231	0.833070351
191	0.406932	117.3070566	2.003673	0.811926878
192	0.31838	123.066174	2.101203	0.829088694
193	0.34924	116.3849046	2.049768	0.803895411
194	0.364672	120.693058	2.012603	0.8124482
195	0.438705	120.6156152	1.954508	0.80742692
196	0.477127	116.1942529	1.864866	0.791808233
197	0.44677	121.9410599	1.953897	0.801234778
198	0.371481	123.1141405	2.049701	0.820950616
199	0.326413	123.5099367	2.102951	0.824216988
200	0.514089	123.9724689	1.835284	0.824489957
201	0.418411	109.2180972	1.933379	0.79216618
202	0.309084	121.9231242	2.143201	0.831276076
203	0.235489	125.0878812	2.181663	0.839370587
204	0.275145	122.3403763	2.143804	0.827869098
205	0.343744	122.6662424	2.078643	0.809382876
206	0.302205	122.555019	2.133008	0.825491684
207	0.409732	120.03737	1.969796	0.811042692
208	0.31646	121.4619536	2.099333	0.800074615
209	0.32447	125.8181871	2.091969	0.833246669
210	0.398571	119.9727333	2.029983	0.834453918
211	0.260608	123.4940397	2.169883	0.836041849
212	0.358263	119.8646578	2.082094	0.840846694
213	0.386047	123.0235636	2.024746	0.811226651
214	0.266469	126.1437234	2.160277	0.835247905
215	0.420478	123.4693921	1.991291	0.799424374
216	0.482728	114.1489204	1.854116	0.789336574
217	0.402659	120.3196687	2.002288	0.811983896
218	0.312364	123.5746633	2.110031	0.823021624
219	0.320849	122.0144592	2.102803	0.802584763
220	0.492981	112.9414115	1.845237	0.763584258
221	0.43554	118.4036188	1.938809	0.798850443
222	0.392728	116.8344174	2.007934	0.797273704
223	0.432045	118.4436492	1.946387	0.814530471
224	0.324727	124.4410322	2.117068	0.802323296
225	0.537579	117.4017952	1.7875	0.8089907
226	0.34457	122.7368811	2.057198	0.819297523
227	0.369128	120.1145987	2.022398	0.815634118
228	0.383639	122.0850025	2.006381	0.794618713
229	0.515444	112.3798196	1.819798	0.776647494
230	0.38178	118.5224668	2.005507	0.795807735
231	0.288917	119.0471282	2.149148	0.818580093
232	0.443986	116.4479963	1.933695	0.802394139
233	0.293911	117.8214248	2.15009	0.829780669
234	0.435206	124.3140296	1.9876	0.811888742
235	0.346136	116.7246091	2.061415	0.793277616
236	0.376144	116.4624584	1.993191	0.813849471
237	0.478173	115.6562109	1.840502	0.787445923
238	0.348206	116.4976421	2.063721	0.815695967
239	0.340599	121.9490607	2.096542	0.818572375
240	0.371182	117.8538802	2.045797	0.824285393
241	0.399901	124.9357096	1.992509	0.80948049
242	0.414686	117.8225844	1.953041	0.801477804
243	0.373739	125.0083072	2.018551	0.827583832
244	0.395322	119.470953	2.012503	0.814830207
245	0.386796	119.2441965	2.00734	0.811203525
246	0.303583	126.3958367	2.125594	0.834840883
247	0.397033	124.1275296	1.994992	0.809592139
248	0.449309	120.489032	1.931025	0.796053929
249	0.246348	131.5797488	2.191553	0.854357942
250	0.404202	115.4050604	1.942288	0.784415682
251	0.48182	119.7479683	1.868214	0.797089963
252	0.368009	115.3887869	2.017338	0.812626714
253	0.43352	117.2814035	1.926689	0.784949313
254	0.386369	115.9070014	2.021782	0.812661846
255	0.380681	118.7789674	2.014996	0.808751077
256	0.264717	128.5715431	2.169613	0.851199217
257	0.372597	120.0378679	2.050023	0.77534315
258	0.352512	122.2552447	2.083283	0.81598621
259	0.440108	115.3644595	1.946654	0.790704694
260	0.307883	123.9538583	2.13092	0.830839032
261	0.329065	120.5858203	2.112793	0.812529804
262	0.360096	117.9052898	2.043794	0.801059959
263	0.287628	118.3748544	2.141143	0.81844819
264	0.419248	115.1813647	1.94785	0.806111626
265	0.384654	119.6833352	2.00848	0.816974895
266	0.393831	115.4483896	2.001783	0.811828949
267	0.521331	113.0151543	1.797539	0.782681752
268	0.452784	116.7263317	1.926059	0.791716107
269	0.383545	116.2420771	2.00825	0.805935807
270	0.397687	118.4995222	1.994185	0.803985516
271	0.353223	122.8629228	2.051074	0.817367138
272	0.399434	114.3721769	1.977301	0.805089095
273	0.405148	118.9285339	1.985739	0.79427439
274	0.518138	112.6827602	1.797419	0.779377073
275	0.364589	123.5436803	2.072321	0.830298895
276	0.250759	126.3183044	2.188559	0.832023745
277	0.39324	116.2745625	1.983694	0.801155105
278	0.481566	124.3150101	1.883847	0.811905067
279	0.339238	120.4427136	2.045208	0.837293569
280	0.319984	125.2202497	2.1316	0.833627169
281	0.438995	115.9426649	1.913134	0.806695542
282	0.431802	113.8541553	1.932715	0.795355168
283	0.38758	116.4743053	2.045484	0.79056193
284	0.404416	117.4393669	2.005025	0.811789619
285	0.362732	115.1200326	2.045751	0.825228015
286	0.383456	121.675155	2.034362	0.821636541
287	0.375787	113.0655814	2.000618	0.795053061
288	0.363807	123.4759941	2.052399	0.815362234
289	0.362013	122.7170323	2.025137	0.818997964
290	0.280189	121.1092449	2.13143	0.813354007
291	0.366029	120.2016188	2.053182	0.801619893
292	0.378295	121.7053435	2.036156	0.82337959
293	0.368662	119.2997387	2.045251	0.796246138
294	0.419421	117.7762612	1.98481	0.811027156
295	0.337559	116.9518904	2.033544	0.802349083
296	0.373558	118.482054	2.006148	0.80046861
297	0.416412	116.7384931	1.961632	0.807866708
298	0.365254	119.4123887	2.029119	0.817141195
299	0.35853	127.0441962	2.086426	0.836113443
300	0.384083	119.6228288	2.033341	0.822865968
301	0.388606	117.864783	2.003831	0.800028994
302	0.37841	116.9564904	2.003282	0.800385231
303	0.378358	118.027473	2.037677	0.810140189
304	0.431413	112.5048696	1.937236	0.753374987
305	0.308952	126.2333265	2.091445	0.82082854
306	0.459834	112.066768	1.875643	0.792375526
307	0.34785	121.6374618	2.08254	0.811926598
308	0.398136	112.9378902	2.014896	0.796388592
309	0.371493	121.8306852	2.040578	0.824265115
310	0.407512	121.5694442	1.972017	0.802046482
311	0.473684	123.7693565	1.866427	0.775677693
312	0.383336	116.5752755	2.004395	0.798260601
313	0.378118	115.862652	2.038779	0.795457496
314	0.389789	117.7298281	2.003471	0.789204931
315	0.448447	114.3715916	1.916745	0.798918258
316	0.314355	121.9386882	2.113252	0.819919013
317	0.364701	117.4655485	2.044263	0.808607627
318	0.411161	118.6099516	1.968125	0.795336357
319	0.433404	118.3794961	1.92457	0.811269612
320	0.410325	120.2442705	1.993219	0.80159451
321	0.459285	116.9340497	1.894647	0.797782486
322	0.222418	125.9926396	2.178816	0.830166727
323	0.339166	123.3159246	2.091772	0.833976217
324	0.393606	118.6340491	1.989129	0.802910285
325	0.349032	125.4362222	2.076915	0.841881688
326	0.352963	112.5354747	2.059488	0.780600002
327	0.437	117.2618674	1.924504	0.77815712
328	0.439118	113.2688518	1.933662	0.769295583
329	0.359165	128.6114681	2.041745	0.838389635
330	0.311034	120.0997827	2.075018	0.833817875
331	0.4006	119.8774234	2.010607	0.806575528
332	0.426231	113.4612109	1.95522	0.808655181
333	0.419083	119.5501268	1.982684	0.803345694
334	0.29592	114.2980001	2.107188	0.818573721
335	0.290833	123.9146768	2.106906	0.832284436
336	0.431246	123.2751721	1.961848	0.822972538
337	0.304486	120.3165712	2.073739	0.827271298
338	0.363974	115.147325	1.994411	0.799380739
339	0.363332	117.8439414	2.046325	0.814566077
340	0.410863	110.127855	1.981046	0.795525096
341	0.329586	124.9348135	2.104849	0.820028334
342	0.386852	119.5617752	2.018371	0.808014096
343	0.390175	118.7689958	2.001596	0.805980236
344	0.345388	120.1661386	2.044307	0.794120127
345	0.288687	119.8539746	2.154051	0.813856544
346	0.451242	115.9418314	1.912916	0.804504468
347	0.364928	119.236762	2.018221	0.807696121
348	0.422726	114.1583501	1.990241	0.80102068
349	0.277882	127.2553521	2.176613	0.838986358
350	0.430742	111.7768129	1.936059	0.777814075
351	0.430997	111.9417147	1.967728	0.759493259
352	0.461118	115.789464	1.908656	0.776328312
353	0.411405	118.3985651	1.944084	0.810838424
354	0.441156	113.4238046	1.908306	0.778346283
355	0.369977	125.7203515	2.072143	0.805527393
356	0.303401	122.0786168	2.146144	0.816739517
357	0.48233	115.9114215	1.885454	0.801618655
358	0.425293	119.6188847	1.983469	0.80858888
359	0.424124	120.3954482	1.962257	0.810055342
360	0.438642	119.3066937	1.931855	0.82363157
361	0.417557	115.2013978	1.982551	0.791439076
362	0.426577	118.0045816	1.976977	0.811968781
363	0.355537	115.170861	2.029769	0.791194818
364	0.404286	122.0757526	1.998704	0.811307804
365	0.386962	121.6632995	2.015297	0.798445679
366	0.335282	122.6631443	2.060867	0.792450241
367	0.444592	115.0508542	1.91424	0.801697471
368	0.468024	116.3530666	1.90731	0.777512742
369	0.27572	123.4241512	2.14799	0.829912777
370	0.41412	109.3163607	1.951865	0.775950984
371	0.398177	118.5156487	2.011281	0.805441693
372	0.269664	121.9548516	2.176615	0.810285458
373	0.333342	113.3447233	2.074284	0.817295171
374	0.367088	118.6651266	2.06129	0.811648767
375	0.276486	123.7672603	2.163871	0.835262294
376	0.418457	117.0600898	1.97258	0.787492931
377	0.425191	117.9950163	1.964904	0.788781987
378	0.386563	117.5666626	2.016685	0.800855656
379	0.360909	122.4160704	2.036294	0.828344241
380	0.417256	117.667838	1.923882	0.797722666
381	0.340052	127.4111315	2.054181	0.824890848
382	0.362738	117.4967416	2.061482	0.798165149
383	0.268887	124.6501993	2.129282	0.816442751
384	0.37716	120.0554048	2.012088	0.807445947
385	0.217019	127.2620137	2.209868	0.83243241
386	0.300835	122.2680532	2.126166	0.823768843
387	0.470174	119.3390104	1.901503	0.806736429
388	0.373984	121.0527217	2.043059	0.81059914
389	0.392257	113.4640559	1.992995	0.797384677
390	0.492216	105.1744257	1.818587	0.739409731
391	0.287702	125.1078368	2.112967	0.831277515
392	0.313212	124.7810562	2.126523	0.822157401
393	0.361016	120.6395315	1.982912	0.819142684
394	0.305258	121.4163094	2.134547	0.812872844
395	0.249446	125.7759992	2.180788	0.825518809
396	0.344677	117.0883941	2.078009	0.806988876
397	0.331389	116.6960064	2.080504	0.811595014
398	0.368552	121.3375941	2.069564	0.804214657
399	0.335513	122.5350018	2.092349	0.824598242
400	0.457596	114.178823	1.917052	0.799812516
401	0.422107	119.9992594	1.968287	0.808559922
402	0.306135	117.9701944	2.103577	0.807299116
403	0.401805	120.0070344	2.024004	0.817082445
404	0.353798	119.744877	2.077965	0.797641553
405	0.432917	118.5351609	1.935819	0.807150151
406	0.488008	111.0191086	1.854571	0.783407431
407	0.406713	123.9267826	2.011635	0.79898131
408	0.47299	114.4456467	1.885608	0.796057025
409	0.383214	120.9520728	2.042299	0.794697362
410	0.295494	125.6179504	2.101026	0.805410275
411	0.371113	122.2673735	2.045352	0.825951782
412	0.262073	121.7273621	2.172621	0.832985057
413	0.406886	115.2065739	1.940629	0.793307554
414	0.429858	110.7496728	1.922191	0.781473001
415	0.40087	124.1249216	2.013339	0.811468359
416	0.397241	116.8274133	1.99738	0.801282049
417	0.424531	121.1277286	1.991158	0.82007453
418	0.372804	120.8411184	2.010156	0.819580866
419	0.393469	113.6207159	1.986606	0.759682972
420	0.278519	126.24439	2.16036	0.843383277
421	0.430144	111.0553635	1.955028	0.781912883
422	0.325369	117.5497951	2.095682	0.80226045
423	0.40404	121.3857731	2.026743	0.798924959
424	0.369011	119.9255532	2.03717	0.807759276
425	0.444864	113.0204125	1.911101	0.796697791
426	0.349646	121.1738902	2.091634	0.810452635
427	0.403092	118.8223921	1.987374	0.803823134
428	0.387989	121.9046128	2.006854	0.818026058
429	0.414093	119.2582213	1.954384	0.795917939
430	0.279326	127.1823787	2.173073	0.829321268
431	0.28371	123.280293	2.156407	0.821879046
432	0.322362	119.45348	2.102338	0.81613494
433	0.431277	122.0726499	1.971825	0.806282896
434	0.318659	121.8740106	2.087169	0.779524059
435	0.428296	108.1258234	1.951074	0.797448678
436	0.420219	115.1011073	1.935579	0.795509502
437	0.413879	116.0190971	1.981056	0.812664359
438	0.345066	117.9176154	2.060066	0.80243374
439	0.399828	118.7410482	1.985082	0.814760967
440	0.396773	115.8808014	1.980966	0.799641407
441	0.488791	111.8517894	1.873912	0.733910096
442	0.405237	112.5687922	1.948434	0.793028688
443	0.429433	121.0758903	1.946761	0.811373463
444	0.409172	121.8506269	1.940131	0.818028664
445	0.374146	124.7821732	2.053408	0.83246449
446	0.383696	115.6139949	2.003022	0.819803487
447	0.274443	130.182129	2.173319	0.839876872
448	0.400258	121.6092359	2.005276	0.813105227
449	0.56423	114.8656809	1.707064	0.783111465
450	0.252353	121.2485162	2.167104	0.816928968
451	0.307207	125.0444814	2.132385	0.816912201
452	0.414214	124.4186208	1.996138	0.808202793
453	0.508064	109.1609928	1.825409	0.755142529
454	0.366611	121.2804725	2.066967	0.806035478
455	0.457952	115.7068306	1.897301	0.785500373
456	0.427554	114.932054	1.91663	0.794009392
457	0.370436	115.7972047	2.006083	0.81178518
458	0.446906	110.2064915	1.896249	0.780776047
459	0.282793	124.968267	2.1243	0.807958145
460	0.471065	117.055172	1.885591	0.777021727
461	0.381845	121.7686226	2.028526	0.807712296
462	0.470846	116.6482701	1.876521	0.789459427
463	0.237094	127.9176816	2.20426	0.854092993
464	0.412719	119.6253756	1.974093	0.810924479
465	0.552514	114.9380458	1.755965	0.779027677
466	0.476229	117.2904169	1.8859	0.781614339
467	0.420174	113.7130318	1.963106	0.788596499
468	0.345364	117.757137	2.074353	0.812299046
469	0.511489	113.3666974	1.816678	0.781997143
470	0.352866	119.994327	2.049044	0.805676312
471	0.225076	123.7525885	2.200864	0.824178746
472	0.389019	123.3586532	2.043691	0.821150936
473	0.336937	122.5218708	2.059057	0.796975356
474	0.288675	119.3281889	2.13538	0.816668159
475	0.311055	124.1349759	2.111517	0.831274389
476	0.441343	120.6644735	1.952304	0.814636198
477	0.46949	115.8404164	1.909186	0.798555776
478	0.432931	112.3865369	1.947704	0.798978557
479	0.325531	121.1167983	2.109102	0.835006519
480	0.460042	113.1811966	1.903292	0.748409313
481	0.356914	120.0682659	2.035152	0.82664312
482	0.315409	119.3827925	2.065837	0.813051731
483	0.353292	117.9569983	2.078917	0.810004485
484	0.368402	111.0852083	2.003123	0.794630724
485	0.445407	113.6142629	1.939124	0.806102739
486	0.431982	114.7050402	1.978069	0.81424857
487	0.365352	121.8861453	2.039751	0.807943374
488	0.283132	123.0543112	2.130165	0.81728027
489	0.398572	121.5492292	1.991969	0.828807253
490	0.467617	120.264404	1.917886	0.792226533
491	0.348658	122.9326265	2.081863	0.817760372
492	0.211918	129.8737699	2.223868	0.837995618
493	0.38673	117.5754821	2.005278	0.800268303
494	0.319472	119.275018	2.068989	0.825196317
495	0.315657	119.6342223	2.080646	0.807767028
496	0.40847	113.7154776	1.988849	0.798756619
497	0.324753	118.1218961	2.111937	0.829934661
498	0.377735	116.7611837	2.017815	0.801360798
499	0.487473	120.7930317	1.868771	0.803313099
500	0.433447	117.0540957	1.930263	0.793879947
501	0.344226	127.2829991	2.100856	0.832650294
502	0.418075	113.3970687	1.953825	0.794940053
503	0.271313	129.5963451	2.170047	0.83798316
504	0.462721	117.4494138	1.934083	0.761353766
505	0.337784	114.4140689	2.044847	0.783100219
506	0.407208	120.5246269	1.967957	0.816769609
507	0.41401	116.888066	1.954427	0.812104767
508	0.259292	124.5399855	2.176094	0.83462532
509	0.366353	119.9089857	2.032991	0.811597464
510	0.274261	121.2386673	2.137684	0.814554333
511	0.340108	124.1386399	2.072547	0.821520333
512	0.32342	130.8825171	2.121795	0.831078669
513	0.336982	122.8295481	2.082977	0.819283185
514	0.412848	120.6525829	2.000039	0.811194628
515	0.452414	118.6187013	1.926772	0.792959646
516	0.359384	118.7118714	2.023412	0.809989432
517	0.417532	119.4364978	1.969939	0.805994159
518	0.332638	122.0647581	2.096625	0.830951282
519	0.337663	122.1940636	2.090868	0.829647549
520	0.493248	118.3599879	1.834941	0.807284683
521	0.427689	115.8564238	1.940193	0.803921149
522	0.318841	115.072996	2.101019	0.803992394
523	0.338943	123.7344585	2.086692	0.835250952
524	0.31048	120.8112393	2.12179	0.818223796
525	0.333206	114.7777818	2.03484	0.795059085
526	0.520534	120.6128402	1.821712	0.803590618
527	0.453968	119.2950655	1.923633	0.789146543
528	0.367576	120.8282644	2.064509	0.825286979
529	0.386188	118.6322613	1.995913	0.801731296
530	0.35455	118.8549805	2.098238	0.816952104
531	0.550184	114.9160294	1.741542	0.760938184
532	0.293827	122.494286	2.130559	0.824892691
533	0.39974	114.808091	2.024512	0.776656744
534	0.452065	119.4101748	1.921306	0.790031148
535	0.368358	119.7075964	2.037982	0.81243165
536	0.347024	125.7595073	2.072218	0.835344722
537	0.305254	122.503142	2.145466	0.834141207
538	0.488678	118.9450437	1.861651	0.788036649
539	0.340155	118.6282883	2.044965	0.80646736
540	0.50321	110.1612371	1.824527	0.782518664
541	0.419498	120.5383222	1.967699	0.798830637
542	0.331491	122.7435978	2.09928	0.807457314
543	0.321083	119.2506598	2.107907	0.813616243
544	0.406254	119.6450849	1.970177	0.815754713
545	0.315783	122.4157913	2.099472	0.812522128
546	0.346157	125.3404221	2.098682	0.826760972
547	0.371517	119.1173579	2.024633	0.806384738
548	0.362479	122.6036846	2.056615	0.821642728
549	0.277642	125.6775145	2.16795	0.840871831
550	0.425181	113.1536665	1.936999	0.79733817
551	0.364901	117.001043	2.026562	0.794421548
552	0.34737	123.0382032	2.045191	0.807191402
553	0.338103	127.7332962	2.097125	0.841038005
554	0.39076	121.3681332	2.017004	0.827288855
555	0.383915	119.4466501	2.025688	0.780223958
556	0.356732	121.7975098	2.074439	0.813721049
557	0.410305	116.0630305	1.940719	0.758898908
558	0.39945	121.4401032	1.988738	0.799016203
559	0.297594	122.2665444	2.135287	0.828237665
560	0.333473	118.2644811	2.076362	0.814319564
561	0.420621	116.6986589	1.965416	0.787394801
562	0.346985	118.7945452	2.032436	0.767313289
563	0.312792	127.9038167	2.12397	0.81193011
564	0.431011	117.7390603	1.974883	0.818713607
565	0.377425	116.3866993	2.010161	0.787982266
566	0.38317	121.7306962	2.023329	0.801249083
567	0.368868	117.8806512	2.051867	0.818188079
568	0.38747	120.5614358	2.025495	0.810639665
569	0.29954	126.5248465	2.132024	0.815037814
570	0.519067	106.8545064	1.817818	0.787057531
571	0.368491	120.8560789	2.02221	0.812832054
572	0.367161	125.9182653	2.051642	0.822677483
573	0.364329	119.4890845	2.03458	0.816014539
574	0.385353	120.194732	1.984245	0.809272258
575	0.516644	107.7939394	1.808369	0.743425927
576	0.356989	116.1318954	2.045947	0.806371214
577	0.339507	120.2261636	2.096826	0.804641289
578	0.392542	113.2146552	1.990246	0.795601526
579	0.460659	117.9676883	1.876868	0.798947354
580	0.293035	121.2356774	2.133315	0.827769784
581	0.417019	120.7287272	2.021971	0.791656064
582	0.290925	119.0910719	2.108888	0.814242607
583	0.393816	115.0937476	1.983188	0.788893558
584	0.42258	116.1949629	1.949115	0.813245986
585	0.437979	116.3970811	1.961005	0.788217177
586	0.324085	123.3902109	2.133661	0.833004989
587	0.328021	124.0556638	2.094115	0.807419627
588	0.291935	123.2609729	2.157592	0.823380247
589	0.252434	118.7989008	2.12141	0.80020978
590	0.437304	110.8687955	1.928692	0.739124067
591	0.402483	115.6465613	1.984488	0.809292007
592	0.258512	128.768775	2.17811	0.835436164
593	0.460561	115.6625882	1.900559	0.781513937
594	0.291507	124.0867295	2.159605	0.820361194
595	0.450117	108.2912657	1.921928	0.776929108
596	0.345785	119.8719575	2.065165	0.812928513
597	0.315355	127.1552159	2.127699	0.833051143
598	0.320808	119.7489026	2.105875	0.8147107
599	0.343244	121.1103547	2.088918	0.828333042
600	0.468042	118.9086802	1.910445	0.763729022
601	0.299051	123.8796229	2.142103	0.819316791
602	0.454245	115.1678745	1.905555	0.800766746
603	0.38559	121.6483843	1.976137	0.816741019
604	0.490746	111.9188274	1.85419	0.793935729
605	0.308979	122.3037052	2.1427	0.835652749
606	0.457827	119.6180207	1.90843	0.809177419
607	0.500664	120.2997399	1.853836	0.756878552
608	0.326463	117.5025165	2.057825	0.817804591
609	0.326065	121.641609	2.108416	0.823170248
610	0.365536	121.5871393	2.008058	0.801225208
611	0.396776	119.9754947	1.977094	0.788202351
612	0.406743	119.752282	1.997924	0.814956163
613	0.424079	112.0211266	1.956489	0.774457039
614	0.421763	123.5150395	1.968018	0.808808171
615	0.324716	123.7390709	2.078532	0.815809347
616	0.463364	111.7196471	1.881024	0.790155279
617	0.413518	117.2451257	1.965796	0.782252679
618	0.35159	121.3425695	2.056759	0.808798694
619	0.437745	115.5984296	1.911447	0.798112151
620	0.419916	115.2552493	1.968137	0.788946026
621	0.463598	115.0458754	1.869222	0.7978522
622	0.314519	123.4573398	2.100291	0.822366995
623	0.340604	118.8532523	2.045566	0.815209429
624	0.304232	119.2728648	2.127289	0.822807749
625	0.318839	124.1824431	2.108452	0.807267988
626	0.46816	118.4404306	1.879515	0.794719415
627	0.334171	118.2248074	2.077841	0.787376443
628	0.311647	117.7498579	2.089883	0.80329121
629	0.31591	118.8248849	2.099576	0.804002624
630	0.339492	123.0728794	2.076703	0.820016657
631	0.288787	123.3310153	2.121423	0.824521907
632	0.251081	116.9287238	2.183318	0.799908386
633	0.327579	122.908079	2.11696	0.836700382
634	0.47154	111.8059549	1.847826	0.784605881
635	0.392452	120.3278826	1.991616	0.820205442
636	0.299763	122.2040869	2.097176	0.826636394
637	0.272719	126.621584	2.173814	0.834971904
638	0.353937	126.4490194	2.087969	0.818848496
639	0.39833	113.4470963	1.981744	0.781202831
640	0.392877	123.3054857	2.008826	0.828950348
641	0.375826	116.7340022	2.044001	0.823505538
642	0.285703	123.1778828	2.156859	0.829237492
643	0.316641	122.0534761	2.116062	0.805101679
644	0.473134	111.0105256	1.891612	0.788339988
645	0.326957	121.6105008	2.115488	0.829030804
646	0.360172	117.4877852	2.077904	0.798622463
647	0.336377	118.4948436	2.06791	0.817716993
648	0.286224	118.2466263	2.141066	0.819012294
649	0.331252	121.1853121	2.088145	0.827985277
650	0.402439	122.9402602	2.017936	0.831200799
651	0.426458	120.7635551	1.94663	0.795501261
652	0.480393	117.3480543	1.879106	0.802437001
653	0.447689	115.1998779	1.89626	0.786910366
654	0.342969	123.2647461	2.08762	0.830284772
655	0.397281	113.4206111	1.975073	0.795970618
656	0.396154	120.4152555	1.985763	0.815435699
657	0.403646	121.5556242	2.00067	0.795604323
658	0.363566	122.5391977	2.02988	0.817647892
659	0.458366	115.5094888	1.902997	0.805693927
660	0.319117	116.0503959	2.117214	0.817558204
661	0.368824	121.0547352	2.044353	0.829933337
662	0.362092	113.8248527	2.035117	0.815390185
663	0.282109	122.5672977	2.131326	0.813819375
664	0.446074	121.4632083	1.952876	0.787590143
665	0.370333	122.7974235	2.032501	0.796408512
666	0.474612	120.5147094	1.877724	0.805397016
667	0.364059	119.9166912	2.038797	0.813984442
668	0.355874	117.4599526	2.041701	0.81875653
669	0.385895	120.9807923	1.995095	0.803697793
670	0.484895	115.4525607	1.867383	0.791468319
671	0.41625	116.7735501	1.923468	0.801349895
672	0.367947	114.7133569	2.023358	0.797601132
673	0.349912	118.6410263	2.064073	0.817253583
674	0.312497	129.1233643	2.115686	0.829224721
675	0.396941	115.5558786	1.974247	0.80212635
676	0.358373	120.2034911	2.060829	0.798273204
677	0.414518	118.3062913	1.962697	0.799777595
678	0.368949	121.463786	2.035091	0.814082598
679	0.289232	127.3679265	2.145166	0.845538174
680	0.401229	120.276983	2.025174	0.806893643
681	0.395868	114.1510988	1.975637	0.799270233
682	0.383559	116.2761546	2.023649	0.808878364
683	0.405743	116.4035409	2.015342	0.792660263
684	0.441432	123.2821063	1.933883	0.809868908
685	0.444631	111.4735307	1.931927	0.770700244
686	0.349279	117.2188819	2.054893	0.803508836
687	0.390283	117.6474198	2.005343	0.808943127
688	0.406996	116.2463653	1.966824	0.801596663
689	0.368008	117.1463077	2.054047	0.820776942
690	0.52142	114.7548836	1.829299	0.778553024
691	0.385925	121.1509215	2.014765	0.817977643
692	0.334053	119.186042	2.083976	0.807397541
693	0.33228	126.7987232	2.092712	0.80159199
694	0.407984	125.5190913	1.992535	0.811065765
695	0.279107	121.1927854	2.137656	0.82193615
696	0.414647	124.2077902	1.989621	0.807878848
697	0.430572	114.3440514	1.920648	0.783278716
698	0.269952	124.5564815	2.165699	0.831989635
699	0.524618	122.9900071	1.835769	0.771298121
700	0.446557	120.8737856	1.958322	0.820007961
701	0.289958	123.770834	2.155177	0.831793462
702	0.27177	129.941907	2.180602	0.835081672
703	0.346336	124.0347034	2.094219	0.812003732
704	0.457122	110.6894761	1.870227	0.781471023
705	0.383712	110.8062074	2.009122	0.786466238
706	0.457019	115.6471046	1.898745	0.79595062
707	0.354661	122.5483203	2.055713	0.777123898
708	0.3807	117.8870212	1.986098	0.791291491
709	0.430545	121.4724341	1.92158	0.822849506
710	0.40855	120.7446742	1.967881	0.80225753
711	0.356292	119.3411818	2.053361	0.808889779
712	0.31821	122.3149195	2.123545	0.831939551
713	0.377581	123.1168845	2.029372	0.803579915
714	0.27342	126.0499549	2.167527	0.835353436
715	0.333816	119.4940971	2.07888	0.825390763
716	0.308483	119.714255	2.125942	0.81596802
717	0.434728	120.3374609	1.945956	0.802108664
718	0.429519	119.4437598	1.91979	0.80610921
719	0.368616	117.7295674	1.988416	0.821934919
720	0.233725	125.2693382	2.186746	0.831123066
721	0.397152	118.6840754	1.989082	0.795105685
722	0.453881	117.0402723	1.912986	0.762954156
723	0.396737	116.6615332	1.955531	0.808536314
724	0.398925	117.914216	2.017455	0.815508499
725	0.366168	121.2613528	2.056667	0.813963979
726	0.460623	120.5745679	1.908391	0.794357008
727	0.430253	113.4479964	1.915351	0.794296271
728	0.368271	121.6214372	2.038766	0.803632309
729	0.524884	111.1446982	1.790175	0.779479728
730	0.391418	114.1521288	1.996129	0.763556566
731	0.50895	116.5659708	1.84177	0.755519178
732	0.44839	116.6955788	1.917105	0.776798582
733	0.421228	119.910868	1.96402	0.815566484
734	0.47559	116.2227094	1.85969	0.708768022
735	0.481151	115.5307071	1.865001	0.766177837
736	0.338774	124.2332945	2.09548	0.834390888
737	0.353748	119.2638448	2.065869	0.805051704
738	0.426515	116.1295118	1.94133	0.80938045
739	0.388931	118.1230365	1.972275	0.813642936
740	0.509233	110.508053	1.801163	0.767372221
741	0.418645	119.4752607	1.949985	0.789638354
742	0.356789	118.0385234	2.060768	0.792898199
743	0.436837	116.0262994	1.917969	0.798985398
744	0.423676	121.5711252	2.004671	0.799869471
745	0.446445	122.0475208	1.95995	0.796485625
746	0.319313	120.6497912	2.089824	0.815607395
747	0.446955	122.0999824	1.914921	0.795281163
748	0.397543	124.1558793	1.980998	0.802063232
749	0.421227	121.7653957	1.969702	0.804630722
750	0.288031	121.3834829	2.130118	0.819786082
751	0.332492	124.0156584	2.074992	0.815172205
752	0.475701	113.0268787	1.838856	0.789909475
753	0.428807	115.3248536	1.914901	0.799955356
754	0.306976	122.8437087	2.097519	0.829900916
755	0.344005	117.626398	2.051336	0.788516007
756	0.416906	113.8186712	1.961054	0.808181051
757	0.348332	117.0316896	2.043011	0.809498549
758	0.305897	122.3276921	2.141804	0.818221373
759	0.325863	117.2462448	2.05211	0.807139418
760	0.322988	127.5479606	2.120971	0.807032896
761	0.256927	124.1290029	2.183191	0.836822357
762	0.30925	123.7059061	2.059698	0.823243949
763	0.364871	118.4132787	2.055464	0.802935209
764	0.448509	110.0671553	1.915478	0.794218706
765	0.455072	119.5762128	1.883312	0.82159316
766	0.41838	117.2203642	1.951426	0.805343659
767	0.410094	122.6314384	1.976268	0.802923642
768	0.440752	117.8516321	1.956511	0.776006908
769	0.359247	126.1761732	2.037286	0.819147042
770	0.368329	118.5733139	2.039502	0.803162361
771	0.300579	125.9705376	2.132266	0.822680258
772	0.322773	125.0559547	2.121107	0.801835371
773	0.283029	122.3634847	2.152857	0.831391854
774	0.371463	120.4463439	2.055724	0.809013482
775	0.47162	111.019911	1.85544	0.779975101
776	0.308232	122.1179668	2.130728	0.827908782
777	0.363069	117.82272	2.046063	0.816183043
778	0.430426	118.3999476	1.970414	0.794509199
779	0.3114	118.301504	2.113403	0.820009052
780	0.44102	122.7273433	1.934976	0.817129424
781	0.352282	123.9101759	2.068942	0.814180125
782	0.339518	117.5734235	2.055284	0.820809538
783	0.307936	111.8911327	2.047946	0.803250725
784	0.400734	120.0845734	2.001265	0.779172027
785	0.33149	118.1441259	2.089587	0.818644761
786	0.365478	122.4147761	2.04303	0.819496559
787	0.384426	118.7232159	1.998751	0.81719278
788	0.357317	113.6448091	2.019998	0.798246387
789	0.447589	123.2993946	1.923448	0.811699896
790	0.456416	120.7072525	1.923427	0.821876429
791	0.439642	114.5128267	1.941217	0.793643123
792	0.387825	116.8789437	2.013637	0.802754435
793	0.349558	119.1582258	2.074698	0.815575492
794	0.46333	116.4394487	1.883416	0.766903318
795	0.283777	126.8588488	2.154477	0.818979489
796	0.45475	112.2024526	1.917696	0.774384622
797	0.352584	116.2388222	2.062719	0.799569899
798	0.466796	115.1998113	1.893713	0.77588822
799	0.423426	123.1155502	1.937312	0.804596466
800	0.283799	117.6988554	2.153146	0.800011694
801	0.313343	121.4875848	2.089215	0.812246361
802	0.362605	117.9658906	2.034758	0.819225562
803	0.382614	115.2368611	2.019417	0.80181482
804	0.345475	121.6683073	2.064638	0.810653127
805	0.415469	115.5068099	1.987737	0.793955937
806	0.475209	114.0863646	1.878968	0.783076934
807	0.383933	119.4349075	2.046318	0.804057696
808	0.381768	117.2695178	1.996505	0.809837362
809	0.334015	118.162348	2.08772	0.802112444
810	0.352662	120.3207042	2.042465	0.811854776
811	0.481514	127.0445524	1.89228	0.822121869
812	0.373635	123.2108894	2.0559	0.823411649
813	0.424497	122.4059676	1.94702	0.817702175
814	0.428448	112.2996599	1.925877	0.802821629
815	0.432987	113.6618878	1.914278	0.792676318
816	0.368563	117.6756144	2.058764	0.795189396
817	0.40451	117.0183485	1.979659	0.800932425
818	0.408331	115.7319524	1.988199	0.813414005
819	0.386642	119.5531318	2.009303	0.806126495
820	0.348638	122.1743447	2.042499	0.814358742
821	0.365652	119.5915469	2.035751	0.819553788
822	0.402259	117.9559613	1.977175	0.810003022
823	0.34801	110.9566281	2.032524	0.818352503
824	0.390276	125.5472982	2.024891	0.809679059
825	0.375235	112.2301553	1.999933	0.759496691
826	0.366045	125.7262201	2.048958	0.833419558
827	0.38454	120.3790576	2.000399	0.806883504
828	0.504464	111.514753	1.840102	0.786755727
829	0.376206	112.7145327	2.009604	0.798337419
830	0.406359	119.8532758	1.975023	0.809838542
831	0.399153	119.5002111	1.981069	0.81083245
832	0.339348	118.4286959	2.07799	0.811330947
833	0.466579	111.0443555	1.8432	0.775263948
834	0.436315	120.0489116	1.943958	0.79309677
835	0.433412	113.8312824	1.935336	0.793460406
836	0.277122	122.9225224	2.176942	0.823705505
837	0.431576	115.2059551	1.967051	0.795653498
838	0.391452	119.1549681	2.00943	0.795583813
839	0.353382	116.7658337	2.028335	0.791623934
840	0.398526	117.8385646	2.028023	0.80652373
841	0.363596	117.6798401	2.07939	0.792054596
842	0.501967	115.0108274	1.842038	0.777317707
843	0.374015	118.7423269	2.032179	0.795892636
844	0.449287	122.9996709	1.920246	0.810356005
845	0.377367	118.1295447	2.020082	0.819280432
846	0.352566	115.1788975	2.03797	0.80365639
847	0.352185	117.1907713	2.04846	0.794020415
848	0.451033	121.0810829	1.930471	0.802274642
849	0.428578	117.7923903	1.949551	0.810802275
850	0.402011	120.2753768	2.02271	0.81141137
851	0.372192	119.9238742	2.05099	0.813417634
852	0.400874	121.4307145	2.007868	0.788709663
853	0.249689	126.4787319	2.186314	0.839538136
854	0.403684	122.4101554	1.962315	0.81048287
855	0.485907	117.6628345	1.847611	0.790480792
856	0.36434	123.7614833	2.034009	0.823175449
857	0.483343	115.9974965	1.87151	0.809420451
858	0.349728	120.8029099	2.085885	0.788404029
859	0.36964	120.4087056	2.024896	0.810893087
860	0.325085	118.9237179	2.0921	0.820250279
861	0.402006	123.3611181	1.99965	0.790961029
862	0.232534	130.0633478	2.207266	0.853771682
863	0.502966	109.7629024	1.808427	0.777366059
864	0.35629	126.5833804	2.05655	0.814133896
865	0.347997	123.5660457	2.073546	0.815652947
866	0.307594	112.7016988	2.100607	0.804837123
867	0.229902	126.8834268	2.21011	0.826157616
868	0.413682	115.7654888	1.967709	0.788396332
869	0.339631	116.6305222	2.074305	0.797613756
870	0.470608	119.6763113	1.90314	0.788578824
871	0.291786	124.2979964	2.144688	0.818830472
872	0.492157	116.1137706	1.840315	0.760769706
873	0.404299	121.9096799	1.990051	0.821071678
874	0.392085	111.1383859	1.967381	0.784664787
875	0.322824	120.1588413	2.102073	0.817667812
876	0.415088	118.8152357	1.991255	0.789900647
877	0.336602	123.6062092	2.087231	0.826172751
878	0.402154	123.3693747	2.000761	0.811593396
879	0.363776	116.7668016	2.05054	0.809209899
880	0.363998	123.0165153	2.062695	0.803512003
881	0.383649	118.9546537	2.017957	0.805375612
882	0.290642	121.4261892	2.125249	0.815773918
883	0.476961	113.0712876	1.87018	0.784159472
884	0.437489	111.2197037	1.933875	0.786322047
885	0.412395	123.2373675	1.975233	0.830256888
886	0.293296	118.2088613	2.119295	0.807286342
887	0.36306	120.5157005	2.083732	0.809646435
888	0.465591	120.356928	1.902248	0.81159296
889	0.372253	117.2233118	2.036474	0.815909348
890	0.424445	114.848827	1.949116	0.784445023
891	0.314907	126.1987598	2.120119	0.820754279
892	0.432106	121.7996812	1.962841	0.818369281
893	0.427856	116.4411656	1.955478	0.788644094
894	0.467449	113.7525496	1.878791	0.781579969
895	0.389109	113.7221993	1.959276	0.794889292
896	0.393232	115.8743481	1.982657	0.806596161
897	0.377665	122.5741579	2.033357	0.80186749
898	0.346682	124.2518881	2.085458	0.827204021
899	0.31828	116.8850649	2.080416	0.81261296
900	0.423534	121.2815897	1.950502	0.80975355
901	0.436727	121.1801045	1.933023	0.801093549
902	0.343392	116.7846212	2.063858	0.811640002
903	0.453971	111.2541119	1.924204	0.783238506
904	0.362014	120.146256	2.066663	0.800482585
905	0.398861	115.9441869	1.959206	0.789289562
906	0.400775	113.7529952	1.987048	0.802817299
907	0.370993	118.5796687	2.035178	0.818263958
908	0.479645	109.598211	1.828063	0.761080493
909	0.362981	117.3126916	2.04697	0.810603648
910	0.45026	118.5018878	1.93469	0.805503496
911	0.403193	117.7788477	1.985139	0.808203614
912	0.30721	123.0711286	2.102146	0.820622232
913	0.451937	117.8747522	1.942931	0.79895648
914	0.310724	123.4535883	2.139317	0.816769684
915	0.330269	120.3770429	2.087561	0.817867743
916	0.419164	128.7448338	1.960938	0.840979537
917	0.43752	125.2015642	1.950416	0.827678776
918	0.40829	116.2505472	1.982621	0.782995441
919	0.413672	110.5980921	1.959698	0.782522571
920	0.370962	114.5001551	2.022719	0.786747849
921	0.437804	115.9818215	1.942925	0.766391005
922	0.307839	118.1636317	2.110841	0.816772976
923	0.290979	121.6988587	2.126712	0.82485679
924	0.333811	122.88173	2.082839	0.833609695
925	0.424976	116.7340689	1.983866	0.789077901
926	0.418072	113.1212619	1.954976	0.794897519
927	0.274641	120.8111174	2.154251	0.83233457
928	0.381141	118.9203236	2.031084	0.810615747
929	0.424114	116.5592148	1.94256	0.792063255
930	0.405624	121.57224	1.989111	0.810709433
931	0.294958	125.5205368	2.129209	0.821934524
932	0.264468	122.5400859	2.155758	0.82827457
933	0.480456	118.2170862	1.887571	0.770002151
934	0.326831	113.4494191	2.084693	0.788729821
935	0.321094	119.5262075	2.086398	0.810446755
936	0.414212	118.7819206	1.966605	0.773280462
937	0.36507	120.9625014	2.053711	0.815668576
938	0.387113	114.8058657	2.024189	0.77615354
939	0.495742	118.9450264	1.85507	0.80315547
940	0.417635	123.144418	1.941418	0.824246652
941	0.408467	116.0095041	1.957455	0.794140165
942	0.437851	124.8369347	1.972323	0.824794428
943	0.250607	124.5656194	2.156504	0.813871149
944	0.513821	117.425363	1.813684	0.809094471
945	0.38639	111.3870416	1.997988	0.793834496
946	0.364866	116.1938392	2.020948	0.800602927
947	0.363087	121.7902322	2.053955	0.799651039
948	0.366329	119.1551869	2.064333	0.817688889
949	0.311986	120.6249978	2.109342	0.797662362
950	0.400367	116.5293155	1.997795	0.809620627
951	0.308241	119.27603	2.110998	0.81784684
952	0.354306	122.0761862	2.073865	0.813134905
953	0.289981	123.3436932	2.13032	0.820289974
954	0.407442	122.2239481	2.004653	0.813353136
955	0.311995	128.0514653	2.129278	0.814191124
956	0.315357	121.9363911	2.116399	0.831417333
957	0.42066	119.787552	1.949072	0.814453023
958	0.422397	119.1497182	1.980071	0.79997233
959	0.325199	126.1491921	2.101556	0.821581262
960	0.312465	117.8679421	2.094608	0.805353017
961	0.49236	116.1745713	1.87002	0.794483516
962	0.405344	119.2949715	2.01399	0.78733064
963	0.388098	122.6848575	2.048785	0.792653285
964	0.37304	120.6604306	2.024029	0.817050086
965	0.438712	120.3946487	1.953232	0.797905703
966	0.429108	124.8893119	1.971422	0.808477313
967	0.471534	114.8375484	1.915422	0.784206381
968	0.376292	118.8581214	2.057462	0.806967524
969	0.440603	112.0607792	1.911879	0.783400054
970	0.392551	117.6036551	2.035198	0.817720833
971	0.425369	115.2144614	1.954763	0.788281868
972	0.356874	116.8588328	2.032167	0.803474107
973	0.419681	118.8775022	1.975988	0.803952453
974	0.427022	116.8290731	1.970268	0.813186352
975	0.381771	120.0609207	2.024874	0.794342861
976	0.380866	120.4783449	2.01122	0.810148267
977	0.334147	118.0048266	2.086322	0.811201967
978	0.381919	115.0404258	2.055248	0.791276031
979	0.48069	116.8690381	1.882979	0.792416449
980	0.325585	122.2544324	2.130498	0.829153952
981	0.469711	117.8110858	1.898911	0.790053536
982	0.342124	120.6302893	2.076017	0.812520132
983	0.452586	117.7016441	1.92089	0.790736239
984	0.348128	124.1638314	2.073446	0.800789803
985	0.26264	124.9856946	2.159255	0.839214704
986	0.252687	129.1503284	2.189924	0.82435301
987	0.381077	115.6543164	2.023099	0.802518436
988	0.352933	119.5807738	2.0467	0.80552982
989	0.304642	117.1436486	2.132605	0.822621878
990	0.385705	122.1633265	2.001374	0.802328198
991	0.304521	125.1738464	2.12826	0.808033921
992	0.36706	119.7774814	2.006066	0.816471673
993	0.337698	120.4263285	2.081487	0.809325207
994	0.381265	119.418167	2.043389	0.825193517
995	0.358703	122.8069985	2.060751	0.817307394
996	0.406751	119.2486326	1.984767	0.809301684
997	0.449656	114.6787199	1.921396	0.779745375
998	0.440299	123.1808368	1.978268	0.808244813
999	0.383891	122.2023547	2.015455	0.8153075
1000	0.355481	119.9727054	2.065179	0.806162325