rep	aei_left	left_area	adi_left	H
1	0.400626	123.1785602	1.985576	0.807728195
2	0.349895	119.1954891	2.040085	0.822651344
3	0.365632	119.5465907	2.028214	0.81493391
4	0.295415	121.169159	2.105771	0.829671865
5	0.349097	118.3222673	2.059265	0.819515603
6	0.342657	121.7164617	2.051848	0.842376307
7	0.393537	118.8350284	2.009363	0.810427955
8	0.425198	120.0584377	1.937805	0.807970076
9	0.420327	123.5211181	1.983055	0.813552086
10	0.344901	123.2362115	2.058208	0.842271419
11	0.379971	119.7825687	1.99463	0.828114328
12	0.299009	124.0682627	2.136644	0.836403691
13	0.354342	124.9759357	2.065077	0.829554247
14	0.319926	122.5095435	2.09632	0.840991059
15	0.336941	120.1541435	2.087579	0.834217313
16	0.322333	124.5559485	2.107307	0.843413088
17	0.344055	124.3841374	2.077217	0.825230335
18	0.451953	116.6138565	1.899839	0.804452117
19	0.35869	124.0971227	2.070343	0.839264557
20	0.328991	123.5142934	2.100447	0.831784944
21	0.26655	126.8648202	2.161592	0.850928254
22	0.350503	120.7542365	2.046534	0.81189505
23	0.402266	120.9748865	1.974012	0.815609064
24	0.341497	120.6961418	2.076641	0.821954546
25	0.371456	121.0711495	2.011708	0.822349497
26	0.461555	115.2192241	1.869931	0.79928538
27	0.41002	118.2639582	1.969334	0.807211579
28	0.365848	121.8776902	2.00701	0.834325322
29	0.353467	118.1165173	2.023442	0.816312767
30	0.367783	120.8135195	2.004075	0.824028707
31	0.387218	116.1324286	1.986799	0.809672084
32	0.394465	121.059604	1.991704	0.82107785
33	0.399009	118.9914944	1.999087	0.805542566
34	0.347401	119.6780982	2.073583	0.812411845
35	0.32525	124.9340338	2.097994	0.834069616
36	0.378793	117.5009051	2.027544	0.817913068
37	0.369156	120.7870924	2.030933	0.841309982
38	0.357541	122.2168068	2.054222	0.820976332
39	0.305272	122.2296154	2.097852	0.838633245
40	0.262474	124.35371	2.157324	0.847258251
41	0.336114	124.7931084	2.07426	0.844037772
42	0.362908	121.1429956	2.031791	0.818433973
43	0.290929	122.5737553	2.105425	0.834401514
44	0.296103	123.6641346	2.131456	0.83552839
45	0.36381	117.2499595	2.022753	0.822002102
46	0.386387	119.3548321	1.98636	0.815986842
47	0.35604	122.3487692	2.050147	0.83740083
48	0.355846	117.7936557	2.053369	0.816890138
49	0.266162	123.84418	2.130616	0.844575981
50	0.356958	123.3084371	2.024564	0.814641881
51	0.326223	119.5065999	2.075132	0.815294235
52	0.330738	117.2576034	2.049034	0.812677682
53	0.360915	125.9974027	2.043268	0.834838203
54	0.358462	119.8894268	2.0281	0.825537816
55	0.244788	124.796877	2.189501	0.85617164
56	0.420199	115.9640418	1.961314	0.812838992
57	0.288024	123.6932481	2.138495	0.846909281
58	0.384009	117.2982669	2.011645	0.809506033
59	0.356882	123.9152933	2.068701	0.831928811
60	0.320474	125.1332802	2.110884	0.841828208
61	0.344978	119.2433815	2.07022	0.815815188
62	0.384829	123.6375006	2.04005	0.828241365
63	0.412121	119.9041909	1.97584	0.821993267
64	0.271125	121.2832628	2.156318	0.839196193
65	0.390647	123.065335	2.016659	0.823721775
66	0.312568	119.3332856	2.105205	0.839476704
67	0.396632	118.5365811	1.982623	0.82046204
68	0.433884	117.7379554	1.951199	0.813240133
69	0.372389	121.045556	2.030251	0.830180707
70	0.38536	118.6218306	1.973755	0.821933272
71	0.323941	121.4291235	2.111968	0.830768318
72	0.432762	119.716686	1.936559	0.810158468
73	0.342307	121.5272645	2.068972	0.823903808
74	0.382285	120.5573714	2.021378	0.826333261
75	0.396458	120.4261515	1.987051	0.820765291
76	0.394612	119.2849527	1.985236	0.816872672
77	0.360606	117.8427152	2.019713	0.815494772
78	0.348647	119.7404951	2.052886	0.821004274
79	0.351428	119.3251976	2.042432	0.825694072
80	0.36234	119.7593435	2.025676	0.828628196
81	0.353502	120.786696	2.082434	0.810543394
82	0.441739	120.3974112	1.901706	0.805340988
83	0.346259	122.2325983	2.058751	0.813467279
84	0.357129	125.1688314	2.041552	0.829840461
85	0.290688	123.4327638	2.14027	0.831831604
86	0.264654	122.9252256	2.169647	0.834018395
87	0.384469	119.4618025	2.015222	0.823830473
88	0.39873	116.2687358	1.990569	0.80855376
89	0.410406	118.2043052	1.961906	0.807029403
90	0.394513	119.6591228	1.988876	0.817935859
91	0.314205	117.9247161	2.090298	0.818848271
92	0.329492	119.869312	2.095502	0.828251867
93	0.382631	120.0891196	2.002488	0.796131981
94	0.382391	115.0567458	2.00011	0.796501877
95	0.311156	123.8518938	2.102425	0.839585706
96	0.34634	127.5571744	2.062059	0.833942068
97	0.233845	123.6682324	2.194768	0.842165594
98	0.320604	123.5260717	2.088479	0.835202548
99	0.489796	115.2077656	1.863157	0.746851244
100	0.414375	124.8112462	1.979003	0.832690486
101	0.352422	119.7507422	2.065155	0.812328361
102	0.373083	122.7234235	2.037693	0.826934997
103	0.338723	124.1243059	2.087509	0.834753119
104	0.393247	119.2329	2.012421	0.814815179
105	0.355965	122.0585165	2.056691	0.817925442
106	0.397513	116.0435707	1.97279	0.799696021
107	0.386224	117.6660456	2.004938	0.817020178
108	0.3446	122.6521499	2.070455	0.821691088
109	0.40224	116.2193934	1.945735	0.814138228
110	0.356236	120.0978842	2.035953	0.815836815
111	0.335158	119.6470433	2.076802	0.822878422
112	0.378875	118.9415651	1.988165	0.825327984
113	0.298683	127.1049346	2.102592	0.843730354
114	0.285613	126.4272134	2.153138	0.841649032
115	0.382202	117.9639052	2.005104	0.813475184
116	0.39024	118.9309041	1.987063	0.811180522
117	0.431117	118.129127	1.922102	0.806391567
118	0.383346	121.3711704	2.002438	0.81589577
119	0.415727	118.2975528	1.9585	0.818073179
120	0.292896	122.3948045	2.121764	0.83730856
121	0.311076	119.1283751	2.09331	0.820736043
122	0.273005	122.6558029	2.145281	0.835690782
123	0.357345	125.9778336	2.065608	0.826723096
124	0.337551	124.8809346	2.080571	0.824230494
125	0.359764	119.0335773	2.022996	0.81492532
126	0.388676	120.6455201	1.992236	0.813464407
127	0.427824	118.7196619	1.962567	0.801708797
128	0.36217	122.9772651	2.066705	0.812077943
129	0.328694	120.8834166	2.067301	0.822099074
130	0.331729	119.7118518	2.096104	0.822360961
131	0.378624	120.2163332	2.023698	0.826578698
132	0.340071	125.2283441	2.065338	0.843741723
133	0.35138	120.3851206	2.024618	0.816573706
134	0.335915	118.5516212	2.067229	0.814267223
135	0.434107	117.083242	1.939401	0.808654228
136	0.292669	124.3777679	2.132587	0.841311993
137	0.267391	122.3371896	2.178304	0.842647658
138	0.384141	122.6336589	2.003179	0.816584954
139	0.291678	118.7718369	2.128159	0.827971549
140	0.369119	120.610985	2.014125	0.82515422
141	0.408527	120.5926131	1.959408	0.82446056
142	0.361008	119.4836662	2.037642	0.820563353
143	0.32954	125.5052446	2.100063	0.82926136
144	0.410185	124.5939498	1.983891	0.830525898
145	0.310378	121.3535761	2.117773	0.823605662
146	0.33401	124.0865943	2.081359	0.837484861
147	0.420581	123.3324292	1.972161	0.792629586
148	0.397748	120.241305	1.970568	0.8153649
149	0.451185	120.2980759	1.884407	0.827405215
150	0.41998	119.2216674	1.952196	0.822295108
151	0.370511	120.6990197	2.036237	0.819036125
152	0.412494	120.6837211	1.969316	0.827423844
153	0.392353	121.7266335	2.008986	0.835124298
154	0.370741	115.1594204	1.988941	0.813322622
155	0.422391	118.6783847	1.956355	0.809662444
156	0.381113	118.9248736	2.03253	0.823591301
157	0.330352	125.7147807	2.080132	0.83998943
158	0.365579	120.8740744	2.051772	0.823944629
159	0.378013	123.0875722	1.997272	0.819636897
160	0.314508	120.7228761	2.075374	0.816545084
161	0.449531	120.7843216	1.877085	0.812047513
162	0.280834	123.5589626	2.124487	0.834092002
163	0.373583	119.7470396	2.031787	0.831792934
164	0.340462	120.2557294	2.078164	0.821887249
165	0.338779	118.8266204	2.064419	0.831004254
166	0.310971	121.1447747	2.094686	0.827488901
167	0.369048	122.7770708	2.018023	0.816217315
168	0.393107	118.0077608	1.985544	0.810954504
169	0.413067	124.1560327	1.964402	0.833553494
170	0.378702	119.4283825	2.008593	0.823178782
171	0.370893	116.3498468	2.005237	0.81209647
172	0.353654	121.3964929	2.052324	0.820929713
173	0.371907	118.9856431	2.024216	0.814835519
174	0.430029	120.7340823	1.95839	0.820566359
175	0.395968	121.5997923	1.973027	0.821160732
176	0.370556	123.4465973	2.020535	0.829759633
177	0.366372	121.0186959	2.040897	0.809809501
178	0.358491	126.150349	2.02802	0.822256756
179	0.386021	116.0414956	1.988916	0.816484781
180	0.365685	123.9687662	2.056898	0.821583756
181	0.362353	118.778751	2.018017	0.816470955
182	0.334675	122.3425627	2.074957	0.825809963
183	0.330909	118.9987607	2.067018	0.826110947
184	0.312991	125.4832223	2.095344	0.843947385
185	0.403585	119.4674016	1.982165	0.803479176
186	0.356455	120.8156977	2.048697	0.827826267
187	0.352411	122.5059687	2.041833	0.827728055
188	0.38147	117.523398	1.999902	0.79902122
189	0.416757	120.795604	1.961987	0.824209839
190	0.427635	116.8651565	1.958037	0.815314867
191	0.268814	119.7423736	2.142673	0.837363973
192	0.386994	117.6308699	1.996217	0.816553251
193	0.256019	122.8971023	2.154874	0.823542594
194	0.35423	120.0810178	2.032703	0.820956343
195	0.343946	120.0143358	2.041589	0.819137876
196	0.358295	120.3763494	2.042332	0.823991636
197	0.278302	121.1775834	2.133019	0.844550561
198	0.407638	118.8713704	1.967825	0.813294849
199	0.346056	118.1706488	2.053836	0.825879534
200	0.356579	120.6779381	2.029511	0.830696154
201	0.369182	124.6648562	2.043568	0.821628862
202	0.410805	117.9344523	1.946106	0.810822432
203	0.309401	120.6391617	2.053348	0.83415633
204	0.415932	119.5309319	1.954058	0.817054594
205	0.358518	118.6384409	2.031941	0.80426845
206	0.35328	118.3267023	2.007288	0.817701067
207	0.370839	121.5213425	2.012347	0.824186567
208	0.34355	121.3399987	2.067275	0.826861893
209	0.331775	129.760025	2.089196	0.851257028
210	0.397585	120.2879892	2.002444	0.816139012
211	0.399075	116.0901053	1.96367	0.810354431
212	0.311386	125.0183447	2.104614	0.8422861
213	0.418785	123.7450059	1.981454	0.818430557
214	0.31149	119.8651062	2.094994	0.833121809
215	0.382988	121.0138306	1.991615	0.823963777
216	0.359701	130.6069188	2.057854	0.84304281
217	0.459379	115.7639907	1.898583	0.804581743
218	0.399196	123.6119725	2.008931	0.820757371
219	0.337237	120.7161737	2.082398	0.829457046
220	0.390701	119.8306054	2.02188	0.824230776
221	0.426222	117.4356198	1.94761	0.815698202
222	0.270279	122.6684643	2.140271	0.838212472
223	0.32591	123.0113591	2.063729	0.835021139
224	0.427591	121.4167026	1.952684	0.811194249
225	0.387423	117.3360693	1.986827	0.822329548
226	0.302551	122.779033	2.104893	0.84818347
227	0.367114	118.5159097	2.014	0.823037859
228	0.365955	124.6718288	2.041162	0.831951935
229	0.347584	122.6945686	2.062518	0.823897353
230	0.339685	120.9734578	2.069104	0.825047839
231	0.321523	127.0656303	2.109333	0.835539998
232	0.261995	132.8376268	2.169536	0.852752201
233	0.427674	117.6999984	1.928261	0.808499903
234	0.365916	121.0002915	2.043597	0.830784177
235	0.421198	118.1416577	1.96812	0.809368981
236	0.32887	119.6291855	2.082195	0.832980939
237	0.377465	124.2869382	2.010923	0.816246103
238	0.38256	121.4541296	2.013021	0.819503193
239	0.434335	117.7427205	1.902588	0.808457802
240	0.369062	121.3494064	2.03853	0.811915925
241	0.340645	121.6008455	2.077172	0.839417227
242	0.298238	123.7344497	2.127726	0.827623633
243	0.346949	120.6708337	1.993894	0.82226642
244	0.377748	122.8558142	2.026178	0.827372452
245	0.393103	120.177207	1.977973	0.811200441
246	0.502532	117.9681803	1.840384	0.815051756
247	0.249588	124.3922169	2.194034	0.836343135
248	0.369415	117.7678291	2.025117	0.827326477
249	0.371033	121.2863357	1.998203	0.803859622
250	0.335922	122.3653847	2.060317	0.843989836
251	0.337974	120.1827575	2.086895	0.825333848
252	0.364992	119.0538866	2.03146	0.819969949
253	0.328289	120.5014302	2.087813	0.830162366
254	0.303111	122.2976692	2.10707	0.838655154
255	0.40079	119.2746396	1.966734	0.816652606
256	0.340837	124.3631372	2.097578	0.814376078
257	0.321534	125.9343254	2.096735	0.820842619
258	0.328742	126.0013947	2.093411	0.829929545
259	0.400802	115.7368953	1.984245	0.80371182
260	0.341611	120.3396407	2.057912	0.826378306
261	0.320563	122.5380417	2.093892	0.837331204
262	0.457497	121.5082663	1.899229	0.806781233
263	0.378425	118.3462188	2.007	0.81378219
264	0.322516	124.2677133	2.100762	0.822292045
265	0.36182	119.2062402	2.046134	0.820496752
266	0.338796	121.7926952	2.07996	0.824873061
267	0.367182	120.931416	2.030168	0.832639747
268	0.285262	123.8369856	2.085523	0.842717704
269	0.331085	117.955628	2.074058	0.820996535
270	0.368179	117.2925058	2.021196	0.81939695
271	0.297237	125.8337062	2.114961	0.84381471
272	0.377695	122.7275493	2.015084	0.834950297
273	0.266905	128.4893631	2.143234	0.847403735
274	0.331742	121.0774441	2.051173	0.832751547
275	0.341415	122.4804998	2.056968	0.825450644
276	0.365871	119.974594	2.022339	0.826445145
277	0.287803	123.6431124	2.140296	0.832641095
278	0.40394	120.799014	1.996791	0.799102083
279	0.333508	121.6890298	2.066597	0.832263924
280	0.403475	115.9966216	2.004559	0.805197403
281	0.353045	119.1908688	2.065182	0.811091375
282	0.328788	122.5783582	2.075893	0.825734765
283	0.280862	119.8185656	2.148004	0.837806504
284	0.326505	124.5790251	2.070151	0.835968896
285	0.337251	126.4356449	2.098354	0.85555755
286	0.356848	118.8552632	2.03315	0.828404706
287	0.408663	119.3648023	1.923504	0.813621276
288	0.385629	120.862776	2.010204	0.818812634
289	0.337901	124.272514	2.088519	0.829589608
290	0.336557	119.6869824	2.100204	0.828188431
291	0.380773	121.8529605	2.018009	0.822613312
292	0.296826	120.785189	2.132949	0.835042854
293	0.488309	113.824784	1.860309	0.780093751
294	0.348961	120.6110385	2.067488	0.827722131
295	0.381809	117.5225614	1.989409	0.820722163
296	0.390104	119.8127243	1.996034	0.819517208
297	0.303903	123.1741754	2.089005	0.83408546
298	0.425271	115.7234715	1.938979	0.808751112
299	0.443758	116.9105549	1.928611	0.817382675
300	0.36779	120.0421306	2.01296	0.816140759
301	0.427361	116.243505	1.911424	0.814290811
302	0.407613	114.9269876	1.974688	0.807497038
303	0.382114	121.2525751	1.99339	0.828754713
304	0.388094	113.8740362	1.974921	0.794397017
305	0.403984	114.8384336	1.961935	0.816345777
306	0.35386	124.2608947	2.060356	0.835861398
307	0.359266	122.0892934	2.066729	0.830006351
308	0.353945	120.6422187	2.058596	0.833570678
309	0.397364	117.6341075	1.932258	0.816538574
310	0.38621	117.5834574	1.988533	0.817800949
311	0.396161	116.1044309	1.978185	0.812431744
312	0.410483	117.4654845	1.963811	0.818220856
313	0.426805	121.0858674	1.964004	0.824077767
314	0.334946	119.0433464	2.085437	0.828201724
315	0.327617	120.1221293	2.086242	0.842429912
316	0.411594	116.330048	1.966248	0.801787747
317	0.422511	119.2024329	1.947301	0.802147901
318	0.364719	122.7209645	2.044841	0.832065183
319	0.3048	124.7105399	2.110199	0.8387583
320	0.315292	122.9920508	2.096104	0.823294391
321	0.404048	120.0578698	1.978248	0.812039793
322	0.333475	122.239342	2.05921	0.821532825
323	0.342833	123.4417897	2.062586	0.833485199
324	0.370647	123.85421	2.024076	0.837893163
325	0.378984	121.8458943	2.013459	0.832584682
326	0.343257	121.6533633	2.06204	0.821237115
327	0.406821	119.7283911	1.993659	0.813680908
328	0.253545	124.5172724	2.157847	0.841956328
329	0.399522	119.5806759	1.951896	0.822762246
330	0.39396	117.3876301	1.984939	0.80456601
331	0.372575	121.2737819	2.038886	0.824000424
332	0.453591	113.0333858	1.869901	0.792507518
333	0.357633	117.3296685	2.051458	0.814859939
334	0.311351	125.5422365	2.094777	0.840281052
335	0.427878	115.3491908	1.943923	0.795702248
336	0.365639	121.8743442	2.037512	0.804026332
337	0.351051	118.1768458	2.070085	0.814120051
338	0.345611	118.7830054	2.04622	0.83190332
339	0.366183	119.3194923	2.053491	0.810994692
340	0.404555	119.8813026	2.000039	0.802069695
341	0.323461	124.0300967	2.096371	0.838409354
342	0.328831	120.5653735	2.072796	0.834226413
343	0.339139	122.202051	2.066279	0.834755932
344	0.407996	120.4883997	1.991773	0.811136838
345	0.378668	122.4257876	2.025243	0.837587404
346	0.42643	118.6215532	1.962213	0.814325203
347	0.391152	117.2117142	1.952871	0.825039374
348	0.412923	119.4016174	1.975369	0.813151254
349	0.371212	117.5501935	2.028619	0.815813086
350	0.333828	117.190514	2.065651	0.811628704
351	0.365589	120.4493275	2.044073	0.824990078
352	0.358149	120.0751632	2.056845	0.822554165
353	0.384165	123.0394567	2.006399	0.834470838
354	0.223951	126.246241	2.186183	0.840973481
355	0.322685	121.3725114	2.096333	0.826946162
356	0.342529	118.1549196	2.052621	0.81421859
357	0.425702	121.3045805	1.958091	0.815685227
358	0.296879	123.7493741	2.1259	0.830637071
359	0.3433	118.4984035	2.033847	0.820558581
360	0.390619	122.3245482	2.001505	0.830496418
361	0.404883	118.208433	1.991982	0.810966315
362	0.422033	118.6743903	1.942102	0.810132391
363	0.318266	120.5693259	2.09816	0.829207017
364	0.296037	118.984145	2.120588	0.830492206
365	0.349246	121.3297455	2.057422	0.824434625
366	0.377357	118.9790309	2.01565	0.824429784
367	0.360433	119.1746018	2.05684	0.817696868
368	0.403779	118.2158875	1.969162	0.82279305
369	0.404889	119.5584876	1.965484	0.818515698
370	0.397509	121.876471	2.016298	0.826434676
371	0.295993	120.4827754	2.086488	0.832590335
372	0.358348	120.7169723	2.041138	0.817472397
373	0.361486	119.8884036	2.034351	0.83063981
374	0.508853	119.3074581	1.809013	0.819506371
375	0.333562	125.7906961	2.092942	0.836903425
376	0.407845	121.5090464	1.960187	0.814375455
377	0.332265	124.4160513	2.086451	0.841991177
378	0.439022	117.9679357	1.928753	0.813234962
379	0.378097	119.3768771	2.013672	0.822578265
380	0.342753	124.8829112	2.058178	0.824119857
381	0.33263	124.8252872	2.078126	0.83328039
382	0.291563	119.3917678	2.133483	0.826237769
383	0.4169	121.4549792	1.947001	0.820637607
384	0.389606	116.1924021	1.973785	0.793091061
385	0.41012	118.8360339	1.959748	0.813646381
386	0.443216	115.8314455	1.914525	0.798226701
387	0.38135	121.2245905	2.009153	0.818556804
388	0.324084	118.0452552	2.069928	0.829121419
389	0.38282	118.7845579	2.027538	0.817214904
390	0.420472	123.6637858	1.92446	0.815883368
391	0.313079	122.5458872	2.045104	0.823684597
392	0.399568	118.0725868	1.982929	0.817017855
393	0.391076	119.3042236	1.990354	0.823297144
394	0.387297	123.3184432	2.016167	0.823591445
395	0.338115	121.4879511	2.06962	0.839231212
396	0.371191	120.5799428	2.037651	0.818173135
397	0.372773	119.6127271	2.046324	0.817194529
398	0.391868	117.4712638	2.008958	0.816287504
399	0.273599	123.2017559	2.147912	0.829759645
400	0.348631	123.3449032	2.066864	0.836063956
401	0.366759	118.1000593	2.029386	0.809684256
402	0.39439	122.0580082	1.996329	0.826718113
403	0.377892	121.815773	1.997399	0.823066056
404	0.34467	117.9792055	2.081333	0.816275322
405	0.373981	119.6087199	2.013356	0.817757
406	0.344341	123.3727692	2.080445	0.818946208
407	0.363988	118.8580349	2.051636	0.822659452
408	0.369044	114.2445039	2.006774	0.80154316
409	0.383533	120.2348142	2.01331	0.82432367
410	0.31173	117.7184246	2.080704	0.832444721
411	0.300362	119.4843133	2.109239	0.833569304
412	0.395439	120.6949514	1.990235	0.817980567
413	0.275783	126.4806456	2.15665	0.848976955
414	0.374502	121.0178633	2.011905	0.830704395
415	0.279586	129.8814574	2.155887	0.840318323
416	0.385654	118.6658674	1.994747	0.810773873
417	0.348572	117.9777707	2.025122	0.822018185
418	0.367802	120.2286616	2.042438	0.812316858
419	0.331305	119.1787759	2.068574	0.836782563
420	0.373432	121.2986715	2.005382	0.830792757
421	0.365413	120.992614	2.04135	0.819141047
422	0.33648	126.320855	2.078601	0.841411195
423	0.393083	119.6230239	2.001435	0.82432838
424	0.33877	121.4509517	2.070685	0.826793708
425	0.36378	124.2907752	2.050369	0.832165259
426	0.286107	124.6963683	2.139196	0.849686181
427	0.370629	119.4508948	2.029276	0.828065318
428	0.39869	119.1282273	1.992972	0.818668238
429	0.35839	119.9773426	2.035528	0.826296408
430	0.33606	121.2425893	2.077175	0.818364619
431	0.383992	118.9320669	1.996622	0.830366599
432	0.293639	122.571943	2.102277	0.840843419
433	0.381272	121.4488584	2.017655	0.822862002
434	0.363614	124.8681674	2.072614	0.833548899
435	0.399161	117.6509455	1.955519	0.817829145
436	0.42657	121.7408604	1.933573	0.819173034
437	0.325929	119.345072	2.069633	0.817386697
438	0.367011	120.5100183	2.032837	0.834138851
439	0.440669	124.4037207	1.941935	0.838086395
440	0.380648	120.9243817	2.009337	0.792877308
441	0.43591	120.1787238	1.94641	0.82284126
442	0.353956	121.4203211	2.088147	0.826567944
443	0.307216	119.180813	2.125807	0.830993305
444	0.327432	128.1832446	2.109257	0.840418101
445	0.382883	117.5615017	2.006386	0.811797637
446	0.369046	119.9296106	2.043202	0.829465942
447	0.328713	123.3980573	2.096061	0.83152404
448	0.388359	118.4094242	1.994138	0.811379126
449	0.441595	117.4593097	1.931623	0.812994319
450	0.386328	121.4294088	2.003075	0.818093354
451	0.440495	120.6422965	1.886598	0.830511412
452	0.294532	127.1471549	2.123929	0.844693372
453	0.33238	119.9558851	2.073785	0.825047397
454	0.364395	118.5525063	2.019082	0.815088642
455	0.381251	121.3738086	2.017815	0.830201876
456	0.398467	122.0659965	2.012204	0.825051858
457	0.458285	117.4438964	1.89272	0.783405244
458	0.363185	120.3247755	2.038274	0.818446104
459	0.332714	121.438606	2.092086	0.832989999
460	0.305115	130.4043742	2.139304	0.843340094
461	0.330377	124.6995649	2.074853	0.833153164
462	0.390443	116.0338621	1.992891	0.801686467
463	0.399039	119.3719404	2.00448	0.822380967
464	0.391571	119.0963635	2.000538	0.821221004
465	0.390478	114.430991	2.001948	0.811866699
466	0.394949	122.5329351	1.984115	0.816360535
467	0.342743	120.6216526	2.074596	0.834087941
468	0.329083	126.7991664	2.11056	0.839106827
469	0.34534	120.7072409	2.060898	0.830422086
470	0.331436	122.4273041	2.088127	0.822590011
471	0.403863	123.4609231	1.994611	0.825664364
472	0.372543	121.9215404	2.029876	0.829209652
473	0.347362	121.7390505	2.06842	0.823225425
474	0.420478	118.7482712	1.970308	0.818087771
475	0.317591	125.6384011	2.104909	0.844646588
476	0.295633	117.3581088	2.083997	0.815548091
477	0.340855	125.1073562	2.073164	0.834302338
478	0.401064	121.1952301	1.993918	0.822293054
479	0.344479	123.4129577	2.067894	0.832007647
480	0.388284	121.1216931	2.00768	0.821358071
481	0.358194	125.2060873	2.059044	0.837688259
482	0.367905	119.2098578	2.041628	0.818444187
483	0.4354	117.3249784	1.946218	0.809486675
484	0.303107	126.8113236	2.129889	0.845491535
485	0.363492	122.8980165	2.05332	0.81831512
486	0.303776	124.0514071	2.139962	0.836372572
487	0.425089	120.6694607	1.992999	0.804398389
488	0.398643	123.3954332	1.97844	0.821296253
489	0.288287	123.4115219	2.124355	0.834029153
490	0.420097	117.6336884	1.958494	0.806448639
491	0.290221	122.3063233	2.13509	0.834595058
492	0.375118	122.2749404	2.040547	0.829350661
493	0.433141	118.8658721	1.946145	0.800240962
494	0.27486	122.102225	2.161453	0.837912084
495	0.426166	117.9132368	1.939395	0.820421495
496	0.308837	123.3787588	2.108223	0.825959152
497	0.256402	127.3386284	2.172714	0.841069007
498	0.261346	123.1227932	2.169298	0.835035997
499	0.435678	118.037075	1.921874	0.81704788
500	0.373543	119.7430941	2.01223	0.823250585
501	0.366892	122.688505	2.036815	0.829648925
502	0.429526	115.1644586	1.930408	0.787135604
503	0.372394	117.4305649	2.010572	0.808391929
504	0.320596	122.2220364	2.094647	0.833396556
505	0.315071	120.7422173	2.078496	0.828551239
506	0.393661	117.9316844	2.000978	0.811336514
507	0.343393	123.979907	2.081029	0.82880199
508	0.399689	117.219955	1.970969	0.8231038
509	0.384088	117.4427682	1.961534	0.801256393
510	0.369534	123.6737678	2.042034	0.833779665
511	0.408758	121.9583008	1.960816	0.82655139
512	0.40073	121.3535524	1.979937	0.819162854
513	0.278416	123.5656061	2.159501	0.842991049
514	0.386882	122.9498985	2.027635	0.83322369
515	0.42465	119.2950165	1.962864	0.806061027
516	0.357628	128.8397988	2.082664	0.844598254
517	0.351378	121.3543347	2.069072	0.831460372
518	0.323461	123.3770014	2.074824	0.832770482
519	0.290509	125.7173564	2.149692	0.833346626
520	0.429969	120.5734205	1.921654	0.813814161
521	0.322838	123.7300569	2.092858	0.839290227
522	0.321976	122.5377252	2.091723	0.827168086
523	0.32533	120.4309664	2.088082	0.832713395
524	0.265286	125.3292675	2.171274	0.844145555
525	0.397346	118.4647021	1.966696	0.828025957
526	0.348439	114.5544941	2.025065	0.813900553
527	0.315787	122.7326068	2.095983	0.831085051
528	0.288909	119.3535612	2.135506	0.828044871
529	0.404813	115.3256571	1.940237	0.814553749
530	0.433963	117.6007877	1.933068	0.797041411
531	0.33839	116.284762	2.061183	0.819462405
532	0.369787	117.815558	2.026334	0.821477201
533	0.326436	118.6211011	2.076791	0.826879167
534	0.415284	118.394998	1.966665	0.818251678
535	0.383214	116.3490073	1.994183	0.805673213
536	0.338589	123.4475123	2.080339	0.838650337
537	0.364775	121.5991945	2.029608	0.799302576
538	0.353469	122.7902966	2.036986	0.832375004
539	0.395329	121.3724392	1.985941	0.816238605
540	0.315442	119.8677846	2.092779	0.82987035
541	0.399583	124.1056576	1.987228	0.837918241
542	0.292979	123.4581535	2.107261	0.827991322
543	0.421729	119.6940973	1.966592	0.814343763
544	0.321036	121.9526776	2.090335	0.824066154
545	0.296263	123.0609791	2.131043	0.839104184
546	0.419422	115.8107004	1.966671	0.8079025
547	0.339746	121.1869683	2.066059	0.830412887
548	0.280733	126.5750581	2.151012	0.842734273
549	0.331676	127.0170787	2.117129	0.836823974
550	0.366415	116.7976673	2.064859	0.815440602
551	0.398094	125.1197446	1.977476	0.822171177
552	0.388884	115.8518972	1.986776	0.812891824
553	0.418245	118.7289096	1.936795	0.819140779
554	0.264866	124.1128075	2.162783	0.843620357
555	0.386197	118.5514117	2.018988	0.820916442
556	0.375705	119.5683453	2.019442	0.817592376
557	0.388148	119.9673433	1.978643	0.828242313
558	0.33471	119.444011	2.076793	0.822034716
559	0.374706	117.5356158	2.003248	0.816759339
560	0.429241	116.7912813	1.921292	0.811349548
561	0.349794	121.2620887	2.055653	0.828672809
562	0.315868	125.2765009	2.100584	0.843697693
563	0.336409	123.1326843	2.078488	0.826558398
564	0.34242	122.9026901	2.07684	0.825805854
565	0.455294	124.5783456	1.916612	0.816139904
566	0.325547	118.8546038	2.087359	0.821069493
567	0.370939	124.404815	2.046967	0.832860089
568	0.346071	122.4106212	2.067509	0.820597267
569	0.362832	119.4635802	2.036223	0.82339238
570	0.289015	122.2212471	2.118185	0.834809972
571	0.42944	119.8953546	1.94082	0.818850007
572	0.416147	121.4164443	1.94278	0.82220689
573	0.393444	122.1738646	1.985869	0.826168181
574	0.362715	116.1073306	2.01059	0.812126315
575	0.397605	117.9458473	1.983503	0.81840101
576	0.347308	118.8916013	2.040358	0.825117762
577	0.310283	122.8992929	2.106021	0.826572444
578	0.323049	120.3722147	2.097305	0.833526184
579	0.336672	123.4596527	2.099993	0.838590063
580	0.306777	121.7217603	2.097185	0.835502854
581	0.339338	120.7476517	2.012378	0.802005622
582	0.404507	117.1279943	1.988591	0.811030967
583	0.407741	118.3895959	1.957229	0.803809106
584	0.302822	124.4035175	2.089675	0.844649623
585	0.358463	123.7239304	2.034914	0.845852057
586	0.397469	118.89676	1.975244	0.794099896
587	0.383214	119.8882259	1.985426	0.832187534
588	0.39225	117.4206477	2.000696	0.821528682
589	0.339534	123.7388764	2.079841	0.824438383
590	0.35009	117.5859143	2.029031	0.832609494
591	0.411794	120.9186985	1.985062	0.820074045
592	0.293284	119.5662457	2.098874	0.832038591
593	0.25672	120.0918405	2.152821	0.834567828
594	0.297618	126.0423634	2.125168	0.849323071
595	0.341472	120.7757738	2.069399	0.825685172
596	0.364592	122.9437407	2.02354	0.830108936
597	0.379074	117.6991828	2.013398	0.821432576
598	0.343125	121.2145145	2.058407	0.82470755
599	0.389564	121.799654	1.976392	0.835623049
600	0.357891	122.9023731	2.05233	0.817971313
601	0.402794	118.5941379	1.96346	0.82105237
602	0.411761	132.2427201	1.966576	0.85901083
603	0.347992	121.6469497	2.079555	0.838905846
604	0.404814	118.033519	1.961261	0.820774606
605	0.349419	125.3493625	2.048003	0.838562681
606	0.421388	117.5538594	1.928916	0.819942679
607	0.369876	120.2181636	2.015507	0.812990707
608	0.436613	121.603831	1.91529	0.816334945
609	0.384139	122.6750611	1.995702	0.833639735
610	0.323495	120.566714	2.089439	0.825057246
611	0.264731	131.3899045	2.148566	0.866506849
612	0.366234	122.3750211	2.023732	0.827262827
613	0.29597	125.0916144	2.130648	0.830110748
614	0.442535	119.0160811	1.907305	0.812250904
615	0.364572	121.1813176	2.03951	0.834629501
616	0.38708	122.309948	2.017132	0.81561723
617	0.321758	120.2797368	2.092101	0.839148902
618	0.340569	118.610663	2.059963	0.824748807
619	0.356903	119.3207219	2.022858	0.827591763
620	0.303096	122.0661616	2.121722	0.83442076
621	0.363269	119.1183882	2.030707	0.819079204
622	0.338235	122.8192042	2.079604	0.834419677
623	0.366633	122.9821037	2.03897	0.816203616
624	0.326204	122.8381382	2.064079	0.838630345
625	0.335049	123.5868422	2.075426	0.835941442
626	0.382603	122.3160562	2.002871	0.829039409
627	0.429057	120.240167	1.950007	0.816386021
628	0.348439	118.5411042	2.079044	0.832711198
629	0.351323	122.6849976	2.055947	0.834933179
630	0.432775	120.6083843	1.953219	0.78864961
631	0.344056	120.356986	2.037414	0.807492654
632	0.301185	125.9636547	2.119594	0.845729539
633	0.317035	121.3873511	2.087794	0.83554441
634	0.362542	121.0667903	2.060716	0.822009188
635	0.319233	121.0964186	2.099068	0.82231948
636	0.377772	119.4973969	2.04695	0.832570941
637	0.391247	121.6821292	1.986187	0.829030199
638	0.391002	118.7442372	1.970867	0.795384315
639	0.333284	118.0916459	2.072049	0.819882832
640	0.417141	120.6188473	1.96365	0.814273249
641	0.294538	123.7067449	2.139979	0.842171739
642	0.430237	120.564396	1.937025	0.825514423
643	0.470337	115.2760222	1.890973	0.802485524
644	0.280567	119.9395324	2.151888	0.825227222
645	0.3819	117.4281801	2.001405	0.812515088
646	0.309449	121.8411554	2.097038	0.831313415
647	0.412852	116.8551617	1.954677	0.813258441
648	0.307482	124.6776818	2.097304	0.827145919
649	0.331289	120.5291727	2.06173	0.832919741
650	0.437748	116.0869244	1.912888	0.816069405
651	0.335834	122.7094135	2.086243	0.828697139
652	0.378507	120.034292	1.969098	0.823610028
653	0.394675	119.5199062	1.987126	0.81974617
654	0.337998	123.2073043	2.069395	0.825479217
655	0.361241	121.8447635	2.044563	0.82987501
656	0.363746	119.8511913	2.053066	0.815498456
657	0.451177	117.0609612	1.914384	0.802446605
658	0.367134	122.1115322	2.051629	0.838883129
659	0.394173	117.9022424	1.967923	0.814329
660	0.38138	119.3955286	2.024684	0.799164679
661	0.331492	123.27775	2.076435	0.837051461
662	0.301355	121.5625212	2.0661	0.832101951
663	0.355791	121.3559313	2.072391	0.831053476
664	0.382734	123.2993914	2.026118	0.829919901
665	0.367441	124.8729532	2.069826	0.836814222
666	0.331768	118.8127856	2.076335	0.824195264
667	0.385896	118.8535642	2.004687	0.823405574
668	0.351902	122.3953747	2.040366	0.827967561
669	0.274413	119.8475981	2.127672	0.826153517
670	0.358552	118.0611174	2.051402	0.825539881
671	0.364695	121.6569844	2.044125	0.826487845
672	0.354678	124.0483485	2.041645	0.837451359
673	0.354468	117.9553482	2.022811	0.808028039
674	0.345829	118.1511171	2.039977	0.82707378
675	0.371907	117.8011154	2.002203	0.808505549
676	0.378141	116.8068411	2.010304	0.816279025
677	0.467921	118.8566768	1.883232	0.79968991
678	0.317059	121.9235075	2.073565	0.83298715
679	0.385303	117.12786	2.028772	0.823545401
680	0.359959	118.533167	2.010679	0.808203525
681	0.271851	127.058886	2.155633	0.852305994
682	0.390961	124.0973398	2.00628	0.837952637
683	0.403011	119.8334599	1.980213	0.808359778
684	0.319552	117.885373	2.043652	0.819221062
685	0.378501	119.4845538	2.016636	0.819922063
686	0.39407	115.1722796	1.973478	0.82460526
687	0.43923	117.7061212	1.959118	0.798977798
688	0.315695	122.121921	2.07923	0.833558602
689	0.385382	122.0533247	2.004973	0.830941968
690	0.397885	121.052282	1.992238	0.829972705
691	0.40807	118.6633226	1.976251	0.815044285
692	0.430762	115.4322147	1.935738	0.801019039
693	0.416723	119.3171976	1.989578	0.807270645
694	0.321918	121.7125628	2.095346	0.832374442
695	0.341299	119.6618035	2.04104	0.816073624
696	0.339845	124.2004227	2.085059	0.841581145
697	0.353189	128.6656528	2.073507	0.83901302
698	0.311836	119.0932497	2.094401	0.834316816
699	0.41882	120.5508061	1.963238	0.810191579
700	0.407078	120.1139126	1.994883	0.816632
701	0.385572	120.4446441	2.006727	0.822059749
702	0.355624	116.5799984	2.031632	0.823963347
703	0.320832	123.1364071	2.100884	0.836848188
704	0.333925	119.574342	2.086535	0.817601486
705	0.361392	120.5530267	2.054581	0.835973703
706	0.396618	116.0390303	1.99038	0.818669916
707	0.323431	119.7985397	2.084889	0.818702234
708	0.337133	123.1312193	2.064075	0.837072496
709	0.305135	120.2202779	2.105715	0.841391858
710	0.429989	120.3748345	1.955908	0.80441382
711	0.369756	123.406789	2.038531	0.832201117
712	0.361752	121.8233651	2.011587	0.82490796
713	0.380055	118.1202641	1.996013	0.819484102
714	0.313603	122.3691437	2.086505	0.833071701
715	0.29821	121.9191913	2.119689	0.830909405
716	0.414628	123.1274778	1.967692	0.824272951
717	0.390137	121.432046	2.014374	0.835730478
718	0.300429	122.9090881	2.128905	0.834340385
719	0.313606	121.3141693	2.103547	0.833545154
720	0.370878	115.5333816	1.999334	0.823550174
721	0.302254	124.7445563	2.119586	0.839843888
722	0.379533	118.1534499	2.013952	0.828513212
723	0.366174	119.6617708	2.026762	0.822669443
724	0.389384	121.9480069	2.017319	0.798152922
725	0.33597	121.4910359	2.094949	0.831557368
726	0.371539	118.3940696	2.033995	0.814767646
727	0.424004	119.6576505	1.972344	0.810523073
728	0.312795	120.1801936	2.090169	0.83525131
729	0.338364	122.8608316	2.059737	0.832378114
730	0.338171	119.9544939	2.0711	0.8281397
731	0.354243	123.6041049	2.068946	0.819730343
732	0.429202	116.5316616	1.948606	0.80644838
733	0.367534	117.6996731	2.008499	0.818436051
734	0.40908	121.0905561	1.983841	0.823781851
735	0.335436	120.4900288	2.053385	0.822035507
736	0.402345	120.1638954	1.974123	0.824501334
737	0.285022	125.1421502	2.142188	0.843504081
738	0.386398	120.9322201	1.988637	0.83350592
739	0.255431	122.6734978	2.166543	0.839293322
740	0.346563	117.924007	2.058226	0.820677668
741	0.445193	116.132935	1.898186	0.806657218
742	0.325633	124.9384566	2.09374	0.835928903
743	0.35881	117.1716382	2.041034	0.828599918
744	0.379015	117.7988371	2.005024	0.828918356
745	0.237079	124.3102616	2.194301	0.849479972
746	0.352897	120.4036767	2.062565	0.815131879
747	0.307909	118.0328327	2.116573	0.834135547
748	0.45704	119.4493175	1.919339	0.811785599
749	0.342448	121.5333418	2.063929	0.835102329
750	0.408808	119.4522529	1.987412	0.823608123
751	0.364301	120.4698703	2.040305	0.825094787
752	0.411897	117.8213173	1.981916	0.807007452
753	0.439351	121.3164274	1.945568	0.821452489
754	0.372659	119.6112819	2.018236	0.819402116
755	0.400848	118.684359	1.996733	0.814433601
756	0.447512	117.787648	1.895374	0.821999008
757	0.374509	122.8101274	2.050832	0.832366444
758	0.489924	119.3114582	1.868683	0.809476221
759	0.39647	117.4086224	1.972523	0.791814176
760	0.367771	119.6244418	2.053283	0.818063014
761	0.411252	117.9185798	1.957939	0.816172611
762	0.282446	123.2365567	2.167876	0.845416665
763	0.387243	119.5440943	2.001557	0.81946179
764	0.378332	116.8703128	1.988756	0.815687717
765	0.40536	120.1581766	1.985377	0.825622848
766	0.309665	122.7193859	2.106016	0.821235102
767	0.218486	125.5489174	2.197285	0.850723235
768	0.353465	125.8523065	2.073109	0.839119203
769	0.320611	118.5304839	2.070002	0.828549073
770	0.41502	122.9050958	1.955098	0.825704723
771	0.377482	121.6891487	2.012216	0.823160861
772	0.398788	124.3669707	1.999099	0.822751175
773	0.333485	119.9608883	2.078387	0.814719865
774	0.403024	114.8161015	1.966683	0.804299996
775	0.328209	125.1320394	2.092096	0.832747544
776	0.400374	119.3679155	1.990816	0.81804997
777	0.294358	120.5234187	2.121932	0.826352667
778	0.332804	119.9344489	2.050117	0.832616594
779	0.371222	118.0299168	2.016727	0.82079426
780	0.313734	118.913891	2.110974	0.835657052
781	0.356797	125.4426242	2.047781	0.841748295
782	0.402949	121.4692923	1.954376	0.8263926
783	0.278848	124.4993847	2.147179	0.830575858
784	0.393931	118.072935	1.991368	0.816084719
785	0.302825	126.2685463	2.129749	0.846765421
786	0.391412	117.249339	1.97082	0.819688009
787	0.421364	116.8550761	1.948704	0.819792183
788	0.39694	117.8095654	1.980898	0.813659146
789	0.315417	122.6852476	2.109716	0.83765982
790	0.381811	120.9722113	2.011053	0.827067481
791	0.33284	122.8381666	2.06958	0.825212144
792	0.372646	115.4835551	2.014771	0.809010843
793	0.308434	121.9835703	2.094684	0.832355731
794	0.332832	122.7033371	2.091112	0.830951351
795	0.340689	116.489819	2.01692	0.820719933
796	0.29176	124.2048164	2.137648	0.835694774
797	0.354071	121.2855314	2.053517	0.832551077
798	0.378639	122.5269565	2.049139	0.815970771
799	0.325376	115.8451786	2.067317	0.823799294
800	0.354053	121.4667577	2.020757	0.828822985
801	0.314617	120.8181349	2.108454	0.829765686
802	0.383335	120.2748327	2.032462	0.822905537
803	0.383209	117.4256207	2.020848	0.809896564
804	0.293289	125.434394	2.128723	0.84148995
805	0.324287	117.1479721	2.072922	0.816565797
806	0.435858	116.6306573	1.926497	0.806398193
807	0.402123	111.2978481	1.953577	0.815862942
808	0.380848	123.7069835	2.033298	0.826157372
809	0.368408	121.7604189	2.046711	0.814813965
810	0.437722	117.6373777	1.925951	0.809717625
811	0.316377	124.7863208	2.105322	0.836373615
812	0.295776	122.3291983	2.086357	0.844748884
813	0.243868	125.8905186	2.190427	0.853696242
814	0.336003	124.9019091	2.079415	0.833329605
815	0.413703	120.0127678	1.997891	0.823833865
816	0.368942	114.6225745	2.043459	0.809329335
817	0.355757	117.0191203	2.04983	0.808046343
818	0.408664	119.5234094	1.992792	0.823125662
819	0.378086	124.6999151	1.997525	0.841709778
820	0.306072	118.7159627	2.10929	0.83356258
821	0.415685	115.5631373	1.963712	0.811253481
822	0.438808	117.0090009	1.940575	0.80241712
823	0.426671	119.2507045	1.946042	0.821243348
824	0.319072	124.3538883	2.105249	0.825538001
825	0.398597	125.4540715	1.999607	0.823567256
826	0.327278	128.5976036	2.107661	0.844569995
827	0.287584	121.8812119	2.118102	0.834518307
828	0.418986	117.5769431	1.95879	0.814768288
829	0.420507	115.294685	1.948135	0.807268437
830	0.30554	122.5241777	2.093297	0.83765711
831	0.352424	122.8029086	2.032836	0.826987695
832	0.348604	120.7659951	2.046384	0.828532934
833	0.353212	118.9438265	1.998062	0.826376229
834	0.23427	125.8152411	2.197111	0.847326759
835	0.341542	123.2436462	2.076409	0.837377885
836	0.377016	110.5565692	2.008316	0.806742863
837	0.336818	121.2500581	2.06992	0.828224023
838	0.369015	122.7611783	2.038316	0.821674851
839	0.381749	119.9987511	1.99211	0.828502249
840	0.423927	117.6616764	1.958639	0.802714359
841	0.374301	118.9576636	1.996122	0.814703284
842	0.371533	122.4126246	2.049857	0.827255748
843	0.355332	124.9555685	2.071196	0.833109278
844	0.379175	116.1771284	2.013406	0.806956234
845	0.295596	119.346792	2.122619	0.834594024
846	0.410952	121.4581604	1.967985	0.830474184
847	0.307998	119.2614842	2.089947	0.818186461
848	0.351788	121.5293586	2.0372	0.83096828
849	0.348361	118.3250784	2.049155	0.803872703
850	0.407925	116.1764362	1.960903	0.803785969
851	0.372302	119.9983226	2.025661	0.821617629
852	0.314775	117.0982985	2.090906	0.823307248
853	0.272947	114.3844242	2.12309	0.816904591
854	0.382477	116.8807612	2.006002	0.797380045
855	0.435472	117.9678047	1.917258	0.814533898
856	0.36993	126.223051	2.039579	0.834528334
857	0.371871	121.3765955	2.011248	0.838662212
858	0.346775	118.2113309	2.060692	0.822854714
859	0.433922	117.1835056	1.945931	0.815002143
860	0.396866	116.8606112	2.000465	0.819855861
861	0.334171	118.0550088	2.05998	0.819656351
862	0.390573	121.7677723	1.980595	0.822217767
863	0.294108	125.9033849	2.100089	0.839851973
864	0.34873	119.0217095	2.057151	0.823581128
865	0.399681	117.1496036	2.004257	0.822765114
866	0.370616	120.8191613	2.010662	0.822075689
867	0.425976	122.0543623	1.969134	0.817350175
868	0.368074	117.7674496	2.018004	0.818092042
869	0.341891	123.4637076	2.049855	0.826197387
870	0.356348	126.0979522	2.046063	0.811270661
871	0.355404	117.7554073	2.036518	0.814920513
872	0.322492	123.8078032	2.057936	0.829250158
873	0.328733	117.6442842	2.086625	0.828962754
874	0.32675	120.6739785	2.08383	0.825290766
875	0.400282	120.2600262	1.993463	0.815981648
876	0.367587	120.4815589	2.041829	0.828902847
877	0.334739	123.1226556	2.073795	0.831225291
878	0.289753	123.4356225	2.140846	0.836397705
879	0.428504	120.1019108	1.936458	0.816927478
880	0.345004	123.7356122	2.046244	0.832372008
881	0.327344	125.3889219	2.1028	0.841442493
882	0.367741	125.0242085	2.061979	0.827802522
883	0.285978	124.9917005	2.128148	0.844181487
884	0.312924	117.9332712	2.096021	0.825136383
885	0.359587	121.7363753	2.046002	0.832352694
886	0.346835	120.2445898	2.044481	0.828737848
887	0.367972	119.062124	2.036785	0.818140799
888	0.392521	118.7861108	1.992434	0.807908645
889	0.398308	116.7321879	2.008068	0.82587048
890	0.400157	120.8655616	1.973909	0.821513752
891	0.401505	120.9765826	2.004659	0.812490757
892	0.353214	119.2192512	2.044146	0.827631193
893	0.321841	123.9938781	2.099486	0.828316018
894	0.342498	121.3607725	2.074892	0.82030889
895	0.304862	122.5513894	2.117832	0.829223245
896	0.394746	123.9245649	1.98343	0.844054562
897	0.408416	115.3954781	1.98178	0.807278984
898	0.270659	124.9198178	2.149556	0.848798505
899	0.378941	119.997157	1.995962	0.828018141
900	0.356128	117.3309347	2.03348	0.822114505
901	0.44807	115.151602	1.935099	0.79089736
902	0.243916	125.1409138	2.18088	0.844150948
903	0.425063	125.8243106	1.945986	0.81980005
904	0.346357	127.037692	2.085013	0.846331227
905	0.381642	119.2008885	1.990024	0.834912462
906	0.361337	121.8618653	2.062493	0.827426202
907	0.371056	117.1173303	2.034838	0.819097637
908	0.249221	125.6319695	2.183268	0.841190678
909	0.307592	126.6726803	2.137332	0.834819952
910	0.300404	119.4446824	2.089399	0.826996056
911	0.402748	119.8369249	1.994749	0.823856853
912	0.319713	125.9030536	2.103306	0.84969374
913	0.407869	121.8050984	1.991746	0.821995543
914	0.402229	125.2941253	1.999557	0.831845554
915	0.37416	120.361339	2.007561	0.814411776
916	0.326061	120.2232531	2.084349	0.835368542
917	0.336381	121.9052141	2.052891	0.824310459
918	0.318181	121.5168636	2.109512	0.829008327
919	0.379133	121.8378364	2.020156	0.813529678
920	0.356637	120.6807205	2.042767	0.827893987
921	0.367133	124.3369096	2.044996	0.825925342
922	0.356372	115.7196086	2.055916	0.817338869
923	0.342095	123.0662616	2.076099	0.842120227
924	0.20596	126.3533701	2.214196	0.842438095
925	0.37167	123.937754	2.057398	0.828685725
926	0.347936	122.7255712	2.067133	0.833527547
927	0.400956	121.3968519	1.987865	0.824468848
928	0.400236	117.200169	1.989218	0.811215192
929	0.417578	115.4716426	1.961467	0.816296061
930	0.395625	118.2959406	1.994149	0.803172481
931	0.368015	120.6700236	2.027712	0.819606701
932	0.414462	118.4306362	1.973694	0.795884135
933	0.327785	120.7506934	2.096702	0.821448867
934	0.401381	118.0631421	1.998345	0.808485144
935	0.304337	128.0031618	2.10442	0.839900116
936	0.397505	116.6550987	1.971697	0.792281233
937	0.230614	123.3091467	2.18937	0.842928418
938	0.274561	124.1525143	2.144607	0.842044052
939	0.336693	121.2697147	2.07212	0.832276185
940	0.300727	122.3592872	2.119395	0.836757542
941	0.357281	124.1338642	2.037641	0.822506342
942	0.383774	120.3295716	2.010361	0.811191447
943	0.35501	118.7775078	2.042305	0.822870795
944	0.395518	122.0689877	1.978805	0.822562078
945	0.372477	118.5911101	2.02628	0.819059494
946	0.379905	127.7871142	2.016218	0.833878268
947	0.255564	129.6567714	2.180302	0.855421528
948	0.337898	120.1985734	2.085452	0.822787465
949	0.413375	117.821849	1.955586	0.814087432
950	0.384096	116.6633658	1.980325	0.818151251
951	0.339568	123.0671403	2.060172	0.834303859
952	0.435904	123.4091072	1.943919	0.819144404
953	0.286503	122.6989222	2.10697	0.837032624
954	0.365246	119.0382729	2.030993	0.817088127
955	0.331044	124.2641617	2.090072	0.832484571
956	0.357943	118.232998	2.037911	0.8212492
957	0.380771	120.1329858	2.036174	0.810639774
958	0.324272	120.5218955	2.04161	0.83004355
959	0.290095	121.6680471	2.129624	0.833496312
960	0.328376	126.1922435	2.046012	0.832371174
961	0.372327	120.8454516	2.019578	0.821919192
962	0.434466	119.214759	1.954441	0.765082669
963	0.332935	121.5277313	2.100126	0.829898085
964	0.397327	115.4777277	1.97181	0.806247439
965	0.375581	117.9931986	2.015408	0.811644478
966	0.347607	120.5730926	2.066123	0.830401899
967	0.386088	120.7175753	2.022255	0.821640487
968	0.31243	123.1020209	2.109811	0.828415171
969	0.329029	124.6856111	2.082967	0.838090074
970	0.426864	116.4255901	1.933828	0.783124261
971	0.281617	120.1960952	2.128674	0.827820876
972	0.303729	122.3945685	2.118544	0.843768105
973	0.327761	123.8849129	2.073935	0.850555014
974	0.315154	123.7089238	2.107106	0.839523301
975	0.446453	118.2832666	1.886405	0.809226311
976	0.37912	118.7045481	2.037949	0.808613603
977	0.31574	122.4070227	2.115918	0.835383929
978	0.418443	122.2928652	1.962116	0.828592149
979	0.357205	121.8653261	2.029742	0.832171636
980	0.347229	120.9561994	2.078624	0.826156224
981	0.286255	123.0603727	2.124145	0.840313139
982	0.363647	118.8074893	2.022462	0.827535639
983	0.388358	121.1285928	2.01768	0.814483191
984	0.349936	118.6773962	2.054597	0.796351166
985	0.406095	118.7743273	1.953774	0.824290295
986	0.351306	121.9557417	2.077636	0.83496648
987	0.247697	126.0448349	2.189349	0.847490528
988	0.384593	117.5793665	2.019328	0.811107969
989	0.354055	121.000373	2.065678	0.829005222
990	0.424133	116.7090906	1.94895	0.817254416
991	0.356573	120.7330184	2.072397	0.819762657
992	0.337223	121.5512844	2.078605	0.822708884
993	0.373728	120.257406	2.027593	0.807486613
994	0.370678	118.7605348	2.028428	0.807834735
995	0.390251	125.3873254	2.012437	0.837611626
996	0.306655	126.0020766	2.117162	0.832022989
997	0.356362	120.8461287	2.070138	0.822161035
998	0.35829	123.4981195	2.051678	0.83614558
999	0.364334	118.3753706	2.026188	0.828141433
1000	0.359152	119.0562559	2.024989	0.828210442