rep aei_left left_area adi_left H
1 0.299936 121.407262981695 2.144456 0.824853353343123
2 0.409632 119.258188479481 1.989294 0.733254025177243
3 0.473517 113.963763890932 1.874858 0.78027939828083
4 0.469251 122.386113567105 1.901741 0.788651960116153
5 0.410662 98.9887749197312 1.968975 0.75693373595347
6 0.347929 115.768194433937 2.051348 0.81748467390108
7 0.354351 114.108895351419 2.06936 0.768308096475916
8 0.343701 112.585533070936 2.113656 0.797366496119334
9 0.430953 107.739152953579 1.965906 0.791488626651261
10 0.347484 115.867662286813 2.066106 0.797497604053948
11 0.426474 111.374988639617 1.957595 0.778905306434908
12 0.522606 119.616365461229 1.819383 0.778937538056279
13 0.304696 128.018410114978 2.152181 0.813317173911787
14 0.562949 109.290316151976 1.720247 0.697442118023916
15 0.439034 110.871005885454 1.906349 0.73904251678853
16 0.258611 126.32565106371 2.185282 0.84894134189524
17 0.349994 114.104352923298 2.048236 0.793126835572759
18 0.377784 117.046112293561 2.067563 0.780752162621411
19 0.367112 116.557211701403 2.053078 0.790451791273505
20 0.526253 110.846025115834 1.793926 0.752084626498563
21 0.468897 117.355026412105 1.882094 0.78893541087722
22 0.373409 108.111263680684 2.049652 0.758933889740841
23 0.504356 110.151694900813 1.826517 0.746050950026727
24 0.450203 123.069149819875 1.932071 0.783166044749127
25 0.200663 126.404050399649 2.23249 0.827588399611902
26 0.558424 102.297435680447 1.681744 0.729196555967769
27 0.388634 121.956672815792 2.045431 0.745103131198657
28 0.324506 127.47138094657 2.124173 0.841845217713091
29 0.344756 112.539911849957 2.042986 0.779737249794531
30 0.245489 125.809303906657 2.189427 0.821487952844649
31 0.348743 122.049988975579 2.099367 0.799011313497948
32 0.435715 112.039557210605 1.941497 0.767511185977693
33 0.396957 117.844646189445 2.026456 0.785198766293929
34 0.402418 116.23983974934 2.008558 0.760907325579511
35 0.310935 118.929738931752 2.099112 0.815218330506179
36 0.541655 107.304248341212 1.781786 0.69664563413409
37 0.23768 122.178242060371 2.190217 0.780315232198984
38 0.372189 121.304174403728 2.071097 0.81343948521163
39 0.19453 129.889588946284 2.238044 0.83981959581616
40 0.439217 120.16276220717 1.942069 0.80038967422954
41 0.197419 119.523353320239 2.221105 0.815518892597145
42 0.471767 109.070365399727 1.906481 0.785523027359084
43 0.366227 113.213518385004 2.028506 0.783086872324903
44 0.476644 111.518079525607 1.905223 0.772266613288466
45 0.431531 111.564581216483 1.977092 0.743145852415097
46 0.468146 112.39098407933 1.910783 0.770985022735101
47 0.462471 109.987777324846 1.917033 0.750340660048742
48 0.591343 106.244230782961 1.635385 0.739073916729516
49 0.250737 123.71347941813 2.185056 0.80498259652426
50 0.208235 120.917455108177 2.229961 0.831146818027381
51 0.360598 114.559845513589 2.014316 0.75183507001285
52 0.41422 121.354595835556 2.008058 0.809688142447471
53 0.411385 124.095669369041 2.00517 0.784964845924001
54 0.536991 112.800811213252 1.789578 0.746938099949221
55 0.554401 117.545237808069 1.753542 0.690050710052279
56 0.308772 124.362147485347 2.147633 0.835193996966599
57 0.492368 120.287972011285 1.845672 0.755178179039677
58 0.325793 125.183155133461 2.119341 0.828092660121153
59 0.540334 108.326778138731 1.766286 0.737778107969738
60 0.424943 108.951371149371 1.989454 0.778968449080987
61 0.518788 105.423188747089 1.794319 0.762583051920292
62 0.384808 120.970546260159 2.03781 0.748504052895395
63 0.208149 120.217136094706 2.20725 0.826760871119177
64 0.449668 118.271648852494 1.909239 0.773087763768548
65 0.423226 119.115648519866 1.970708 0.790040596346093
66 0.480712 111.200340160782 1.833833 0.785616655011055
67 0.386394 120.54368822697 2.04749 0.769402172728574
68 0.438234 117.147176926978 1.943311 0.781249109728796
69 0.462214 105.882882755027 1.922289 0.761570841542017
70 0.436099 113.725758600317 1.978767 0.77104612988355
71 0.44517 116.826252801346 1.947717 0.813579114628009
72 0.379401 122.500290689514 2.061046 0.838355874862501
73 0.417107 108.283366987943 2.003263 0.776859877558553
74 0.477204 105.347358766235 1.866364 0.749673938739824
75 0.492172 119.832612253919 1.862226 0.770367043524994
76 0.573259 102.832494267399 1.672907 0.718699419825299
77 0.290478 126.316562696956 2.15739 0.839053064656946
78 0.363222 123.612431216324 2.089791 0.771377582483796
79 0.270464 117.771706202888 2.153451 0.821419213377742
80 0.423965 109.330042222744 1.934583 0.794798587087403
81 0.382872 114.717370952478 2.008332 0.785051226189167
82 0.260015 129.984369929004 2.187018 0.826264782925267
83 0.350005 114.80320711641 2.090119 0.807854460184819
84 0.315985 120.513392588812 2.12919 0.795270130166273
85 0.149823 128.835260601362 2.263058 0.849120226753291
86 0.255256 124.647316817291 2.189833 0.824787200030496
87 0.254372 120.813192033948 2.184882 0.833790685153638
88 0.534603 115.035825372583 1.770133 0.77720649576735
89 0.376998 117.350007608863 2.035362 0.81466847488445
90 0.440527 116.518003625705 1.964887 0.782439569183352
91 0.465664 113.649285399475 1.902781 0.786215231757984
92 0.62578 112.588963819964 1.56577 0.746912626455886
93 0.302209 123.582761074863 2.085233 0.826980658806726
94 0.47352 110.56930473941 1.888006 0.735498666591048
95 0.376703 114.333079087859 2.036062 0.779142136627963
96 0.295796 125.965236944273 2.148725 0.828898854527577
97 0.265952 116.628781840714 2.183127 0.825459378300032
98 0.563939 110.166217360215 1.72158 0.72594549271643
99 0.352505 113.040821521563 2.042063 0.769432863829454
100 0.391374 113.331576487543 1.983126 0.777602750583293
101 0.323869 122.137588491372 2.1279 0.82372273855496
102 0.596829 110.549564548851 1.665255 0.762116522416156
103 0.361528 117.527838940505 2.085357 0.812021295824143
104 0.542939 105.062874170669 1.76303 0.758542840238718
105 0.501231 111.36317052547 1.83641 0.742670334725167
106 0.390324 119.863909537737 2.028704 0.803005835199215
107 0.64267 117.336395624079 1.489467 0.752243475510302
108 0.163 126.184523314362 2.256824 0.840848229527185
109 0.585817 113.413083485142 1.670456 0.766150734854001
110 0.309842 120.607795206793 2.137237 0.840551799218427
111 0.511894 100.24482561301 1.817807 0.740675823048709
112 0.238597 126.681830348282 2.202671 0.830910907245215
113 0.466278 119.5815190329 1.914638 0.797328349863148
114 0.255967 127.172480357122 2.191476 0.84648835586216
115 0.414251 110.258515738628 2.00581 0.787010105108195
116 0.240104 129.317737791536 2.207406 0.844179664190546
117 0.327354 113.88263566249 2.094332 0.77057562074232
118 0.494845 111.732328405748 1.846652 0.789884825121313
119 0.328088 115.958341313757 2.12388 0.763920176553121
120 0.558407 118.53161181164 1.750443 0.761623113382257
121 0.384606 115.023876649777 2.029465 0.793115216336433
122 0.430022 105.680611544638 1.934486 0.763072577454829
123 0.336233 121.661746130672 2.094091 0.760957710637229
124 0.546165 116.880474373174 1.764755 0.782323858132204
125 0.416233 111.473941297287 1.96667 0.786873200927947
126 0.443042 115.582264072308 1.890906 0.789361553318364
127 0.359042 100.480271400782 2.030836 0.784229431836879
128 0.4711 104.844329719794 1.892166 0.690434268552239
129 0.410779 118.090127867292 2.00272 0.819050214361198
130 0.598568 107.96380820447 1.619288 0.712313174895223
131 0.389176 123.256173507751 2.055174 0.77101709180527
132 0.317199 109.770797319074 2.056961 0.788265715821728
133 0.348944 113.968322550884 2.035282 0.804793029882976
134 0.377814 121.799680349613 2.068556 0.844411580673141
135 0.331657 119.00766887342 2.099802 0.819626314546216
136 0.530671 119.218163746808 1.794237 0.754901832672885
137 0.371993 120.807089858248 2.031108 0.819057662073388
138 0.402384 115.931215063194 1.994166 0.794727139676909
139 0.287569 128.108651988754 2.155138 0.811698650531014
140 0.375555 115.563374596507 2.035929 0.804739379028757
141 0.394059 117.13193983742 2.008171 0.790688812654773
142 0.23371 120.728267580721 2.205836 0.840218195785652
143 0.318465 109.975891126376 2.086994 0.762609494153978
144 0.538884 118.583955376325 1.782334 0.768630697755977
145 0.441706 125.253489081059 1.951792 0.803264557003502
146 0.614376 112.184947697969 1.58061 0.772737205649753
147 0.391907 120.252179104562 2.030242 0.775550478149686
148 0.476428 109.406916545468 1.921151 0.728274523764967
149 0.466953 108.359258230379 1.903434 0.771417300013065
150 0.421054 111.187376347875 1.9813 0.79284009688413
151 0.348977 120.813744665014 2.068506 0.789917920817065
152 0.478028 111.278493396823 1.907252 0.767525760490816
153 0.352867 127.007900876465 2.079798 0.82679612278112
154 0.321366 117.993525793043 2.116209 0.79330858495335
155 0.506484 109.417229038503 1.837268 0.731663626745022
156 0.314977 120.70843642646 2.117741 0.806188579630362
157 0.331666 112.068357242156 2.05846 0.797014905752874
158 0.350247 116.158989686 2.051179 0.798763813436217
159 0.351902 116.149295697801 2.053054 0.788248733369288
160 0.228347 124.578873172058 2.175055 0.823623285227371
161 0.464152 115.696849819968 1.93271 0.768390831530726
162 0.582798 121.943979836391 1.6791 0.806460598167006
163 0.142304 124.656748639068 2.269744 0.834709256174542
164 0.32074 125.460538898864 2.117414 0.811605700469008
165 0.365279 114.852855852919 2.046003 0.757714332122172
166 0.463109 111.278200115227 1.90487 0.773623068457467
167 0.47214 117.080414399508 1.88907 0.766000930328623
168 0.541759 113.121735148225 1.745751 0.721646474598492
169 0.203053 109.33457622892 2.213964 0.816221870786266
170 0.433319 126.050146206209 1.983319 0.780833921079891
171 0.411122 103.060649371857 1.992439 0.773213752558372
172 0.53989 106.205018681279 1.75555 0.731167464018685
173 0.409355 119.489159139445 1.980318 0.774931413321738
174 0.287077 126.628262558146 2.146617 0.84900432686468
175 0.430874 122.755347754346 1.987308 0.798290439329656
176 0.382076 119.761107489505 2.016024 0.810481746879239
177 0.432886 110.250884504077 1.98472 0.745987511104459
178 0.552265 115.174797370676 1.726949 0.751241099217076
179 0.523624 111.129312202766 1.789149 0.781096289759433
180 0.290544 119.921099008364 2.139799 0.81688148606547
181 0.407497 112.259857551281 1.99074 0.786980061400975
182 0.426791 119.990368056055 1.953116 0.80549622069717
183 0.451167 118.439473072498 1.946057 0.796513224594348
184 0.644248 98.6867618021346 1.482541 0.696276656896085
185 0.401471 119.717489504091 1.995489 0.813490668932746
186 0.499426 114.045758625932 1.855656 0.788420340960918
187 0.402891 116.362560255857 1.995299 0.788592186092776
188 0.334155 123.75320106186 2.125711 0.818193200984065
189 0.378245 122.77319446287 2.011871 0.813069595634825
190 0.58782 108.579113452196 1.670759 0.738996902819236
191 0.370802 132.656642927474 2.068514 0.856246728988183
192 0.322426 122.740910185202 2.133377 0.810267821479736
193 0.501023 112.333428976899 1.85903 0.772910491693909
194 0.224874 126.753670645111 2.220006 0.82149922153183
195 0.451576 119.70081987873 1.950584 0.767663945604579
196 0.301317 116.355809695915 2.125792 0.7244349564627
197 0.545324 108.576635336654 1.745228 0.743565298999291
198 0.455852 105.061808948501 1.89121 0.774231596881678
199 0.486444 120.66688808259 1.90279 0.817402688422338
200 0.334644 120.767599098462 2.110078 0.799481736930256
201 0.622737 108.827135434542 1.596632 0.743284637191152
202 0.341341 121.097570501383 2.060393 0.787180716307021
203 0.212031 125.732744752552 2.215856 0.83794095364058
204 0.463241 108.499784873265 1.888398 0.77734079222727
205 0.295316 120.059584139944 2.143612 0.841597268569404
206 0.495265 110.217655476914 1.861543 0.750691309504005
207 0.608066 108.217407728167 1.626293 0.725159576757167
208 0.358335 121.845861212937 2.041432 0.810066425467644
209 0.449311 109.919410216327 1.922919 0.748642222377124
210 0.487125 116.874762139961 1.887823 0.816972010379688
211 0.4364 112.096523768784 1.951275 0.782031735460562
212 0.484035 107.969659086745 1.859623 0.742537144337525
213 0.494033 114.570226793484 1.827425 0.788613594120172
214 0.398783 110.956685951913 2.026725 0.774362680459015
215 0.40456 119.210529522102 2.010009 0.779015853557754
216 0.385128 120.151677198091 2.022578 0.79825733732565
217 0.412105 121.950051979554 2.020067 0.827674485854239
218 0.535447 103.128295179966 1.774929 0.722218820674556
219 0.293826 130.948661290333 2.151312 0.791620600607112
220 0.421212 130.022624489692 1.963622 0.811247067939153
221 0.365545 118.341433702844 2.070471 0.818409434025935
222 0.357053 114.315237147704 2.036924 0.799236707607554
223 0.371069 122.218020567487 2.058132 0.794451105238196
224 0.236112 130.943510363709 2.216186 0.846718186409365
225 0.380467 118.236128016125 2.064665 0.790382435619925
226 0.417551 125.212231813112 2.005471 0.815639129447627
227 0.180531 131.147609651923 2.248013 0.837574237833907
228 0.451027 122.95524033836 1.948445 0.784264328353436
229 0.400756 123.004723772006 1.968094 0.807685887532914
230 0.680398 94.7023426193787 1.433642 0.695357251414235
231 0.478623 122.047798728075 1.917701 0.750988501350016
232 0.454975 115.144997047722 1.92984 0.801991683549718
233 0.410526 103.544562530328 1.96897 0.761057426485281
234 0.34871 113.799834409634 2.078262 0.778130534550239
235 0.555849 108.753087910311 1.715318 0.777088170585462
236 0.689929 118.090677869896 1.380095 0.791073576215831
237 0.485209 123.020501746502 1.807364 0.772812103455621
238 0.317771 115.37182150335 2.131658 0.802054762916421
239 0.435994 110.250626510388 1.932201 0.756178684056831
240 0.55894 111.219422113804 1.736668 0.772180536026781
241 0.462189 101.221725466795 1.91446 0.736825296873359
242 0.359455 116.556750430436 2.025026 0.821473112078956
243 0.471276 113.433355990909 1.863897 0.768503615602897
244 0.480667 103.133246588148 1.902106 0.720679067446157
245 0.412669 114.336768668893 1.994427 0.779383061651747
246 0.53375 108.348733235829 1.809592 0.739785609855234
247 0.386511 117.444415252815 2.024904 0.789028223781198
248 0.53421 108.331144109663 1.771523 0.742763752945411
249 0.328837 122.001181852904 2.101938 0.810711320023978
250 0.333782 122.170162688066 2.119698 0.769327723961358
251 0.368293 115.068391894674 2.036262 0.777274297153141
252 0.630268 114.446173845382 1.54861 0.732218871789342
253 0.434416 113.506925665724 1.978392 0.806433917331434
254 0.495857 105.444568264085 1.850602 0.776473037351604
255 0.20065 123.225770246706 2.238533 0.843549431549742
256 0.47326 105.836143699531 1.883184 0.749969329665069
257 0.42875 109.994288065074 1.909285 0.76868504528686
258 0.585692 115.470222855158 1.673414 0.724917323987646
259 0.546245 120.056637758697 1.776547 0.768819963000877
260 0.214305 125.785845870727 2.228241 0.836417506044662
261 0.52388 107.846321798626 1.77656 0.73283633147533
262 0.353425 112.903123096522 2.039061 0.790951494401254
263 0.52454 110.545601415764 1.788259 0.772894423076195
264 0.453566 108.961900947825 1.923756 0.798784760018853
265 0.46507 122.005397317429 1.890074 0.810670218599916
266 0.497896 110.914930291046 1.835808 0.758788584110794
267 0.454966 112.965098109797 1.922214 0.768442159858865
268 0.570722 98.5736425261737 1.699516 0.723060348608147
269 0.406904 116.164494660424 2.008607 0.773952651459368
270 0.491373 110.854205629584 1.839477 0.76323144442907
271 0.537455 111.780575271635 1.772537 0.713242538013235
272 0.47591 112.202254192019 1.879242 0.8071870995285
273 0.530934 114.127783882218 1.790514 0.713909430908211
274 0.638058 111.15491655419 1.540453 0.728132663179165
275 0.478899 106.151691498806 1.846408 0.74656753248108
276 0.366872 124.184355656519 2.068553 0.798029889059408
277 0.319634 110.129634691634 2.072365 0.770208119855735
278 0.369087 115.149266637038 2.049401 0.743817327670769
279 0.288129 126.532318122367 2.169793 0.841913289775271
280 0.427533 123.205752282329 1.986352 0.783677039761625
281 0.489734 126.505447841538 1.825956 0.81705883329769
282 0.621297 110.743869781548 1.59885 0.752221745718848
283 0.53583 113.273351149879 1.773534 0.722445463433182
284 0.429136 105.150891018445 1.980368 0.764180937523279
285 0.371849 125.679856212446 2.044213 0.820157527574832
286 0.5145 113.718388126416 1.815141 0.760445981950168
287 0.404868 111.175969558875 1.967775 0.725176532756105
288 0.344979 121.839784611155 2.052625 0.781421423036419
289 0.33548 122.27429304629 2.088256 0.786564543811601
290 0.456709 111.778433370437 1.950434 0.765291207425188
291 0.437389 115.094353471117 1.966997 0.795607303253635
292 0.308725 126.089972835004 2.132905 0.82252526193563
293 0.375239 117.359060388689 2.036929 0.787648408762398
294 0.277919 127.771935056077 2.177871 0.848876897394747
295 0.448669 115.747699170189 1.946966 0.782697619925953
296 0.472028 121.059632478252 1.879043 0.819440546649527
297 0.537959 108.53473534603 1.758897 0.756891431915128
298 0.334425 117.025754645514 2.07716 0.805819004621141
299 0.525315 100.77726693529 1.787373 0.759146303681508
300 0.585914 117.112581456138 1.683126 0.64693311874544
301 0.399397 113.468555818364 2.031441 0.761401788278518
302 0.377169 116.250175495032 2.032108 0.788215727217031
303 0.430598 116.294657562734 1.937128 0.729805578883221
304 0.230263 126.619778369018 2.191558 0.825344805240444
305 0.508755 114.906138871398 1.832619 0.759363675889915
306 0.613493 97.8247203329051 1.613015 0.669389736287524
307 0.279709 128.067856335339 2.159754 0.842597748669622
308 0.395797 109.193312932097 1.985203 0.773908065297795
309 0.579302 103.974953734158 1.652748 0.733696079565604
310 0.377476 124.115484027832 2.024921 0.799813710152052
311 0.417338 118.489106547298 1.953923 0.797120892637223
312 0.374158 122.198841368437 2.068526 0.784336018415865
313 0.372742 109.114976884312 2.02866 0.767742072316492
314 0.558686 108.265175390802 1.742706 0.735809019515379
315 0.467294 118.461371416726 1.93439 0.793641497959146
316 0.486297 107.293027539973 1.853544 0.76679243326274
317 0.515212 109.98994352715 1.789622 0.704078319126818
318 0.574015 101.847788620686 1.715012 0.665649560842484
319 0.609538 100.077402997863 1.630535 0.678586167518803
320 0.233762 124.577953120676 2.206377 0.836533526911304
321 0.307469 115.672505720329 2.145855 0.831582478163396
322 0.491201 112.433284983779 1.862476 0.761206099506572
323 0.272792 123.747023241897 2.15931 0.804045106324193
324 0.385615 115.253764552245 2.032928 0.770748189442042
325 0.52221 123.759442482815 1.825587 0.754270734097179
326 0.369281 110.641930764582 2.042889 0.784119552700993
327 0.384165 122.734302845518 2.045902 0.813502279364597
328 0.433417 111.157762838787 1.974773 0.779017058783817
329 0.373429 117.423685828283 2.031659 0.80766780770277
330 0.527021 112.388060042079 1.8071 0.776625340530091
331 0.43041 118.715685169794 1.926369 0.794172094733191
332 0.204581 127.199243774086 2.22718 0.85774580370796
333 0.543345 110.188707561484 1.754505 0.763634867007096
334 0.302068 120.151650708373 2.097879 0.809001562514053
335 0.586767 118.563507130955 1.685204 0.798955354907445
336 0.461467 108.967260696576 1.866021 0.747278315140304
337 0.165862 123.338133930018 2.25459 0.831715497065874
338 0.24638 114.191257105677 2.171917 0.811479967289915
339 0.393311 112.50423423149 1.997779 0.776724775016333
340 0.411286 122.646774496426 2.008145 0.8246004402023
341 0.546139 110.452174330679 1.780422 0.719632095909587
342 0.204454 118.490930218381 2.221812 0.818084108927412
343 0.58924 103.557729763339 1.661746 0.736750043260527
344 0.284718 123.896506550683 2.157082 0.825483761331826
345 0.473471 112.093496484582 1.889142 0.774221159749404
346 0.352118 116.091750437156 2.093143 0.810977811650317
347 0.236347 123.957122203945 2.20943 0.836504473161195
348 0.428656 119.455280084145 1.935686 0.726429063508634
349 0.419701 112.363000784582 1.954856 0.749902681308883
350 0.296634 121.717096622904 2.08801 0.817779394289333
351 0.294427 114.394412574122 2.141083 0.795733402699359
352 0.408578 114.595969640132 2.006962 0.676830276162469
353 0.48558 113.795795653436 1.871657 0.783157294015723
354 0.334186 115.894077132516 2.106591 0.822381240853984
355 0.315664 123.541372400322 2.118073 0.841667968845713
356 0.532968 122.378003158042 1.796362 0.818245892091484
357 0.474741 111.465009528077 1.876305 0.730929426887124
358 0.194824 125.366545231238 2.226706 0.829285866186091
359 0.385345 120.038195007074 2.033451 0.798012283466188
360 0.599483 110.690502988938 1.606984 0.739410437468833
361 0.510125 111.279462551912 1.818882 0.726649090411684
362 0.50282 111.119114155206 1.842346 0.770249811755607
363 0.319188 119.141046386084 2.087908 0.810356068703404
364 0.270989 115.366454335269 2.149378 0.801929400479392
365 0.418609 115.855267493087 2.002083 0.774388060160675
366 0.42049 116.486613485409 1.989374 0.78689287723315
367 0.53882 116.324715251549 1.788989 0.770248334669799
368 0.420462 113.581377852064 1.939495 0.788941963394814
369 0.379893 119.090028692569 1.986368 0.765298333133852
370 0.360388 121.469960218809 2.089428 0.811341126219773
371 0.462383 113.35405261707 1.887851 0.765444047595409
372 0.43266 113.23797584838 1.932431 0.781038892244373
373 0.353006 116.616016282196 2.054058 0.807243349833661
374 0.440749 110.787701418064 1.908954 0.783422909816252
375 0.6533 113.914830499652 1.506143 0.760732710666648
376 0.47531 114.419941283184 1.907918 0.795385867646455
377 0.433081 123.656538465435 1.941252 0.812437643816232
378 0.302569 126.969360321202 2.150418 0.803143138180727
379 0.371315 114.767570201911 2.053446 0.789390689319784
380 0.704784 102.16830327526 1.349915 0.70786260891015
381 0.545395 106.021731777802 1.741465 0.765211296364048
382 0.366789 116.34918577941 2.065106 0.811678954650251
383 0.482056 116.591235978831 1.88716 0.824560842508784
384 0.533894 106.656090048406 1.810238 0.739261352009049
385 0.42176 116.284042268608 2.010561 0.787670692122045
386 0.461336 112.973384297265 1.916475 0.774649418228481
387 0.438717 117.158917011352 1.925347 0.820097405480466
388 0.475448 119.942512551906 1.893373 0.803784340852791
389 0.507536 112.556941713062 1.813834 0.767364843316819
390 0.182093 124.492370241822 2.242717 0.835876878462949
391 0.567368 103.966856814171 1.694148 0.735520688065222
392 0.461291 122.115857790888 1.935662 0.798799906788805
393 0.418592 112.087871299524 1.95732 0.798441407490441
394 0.446073 110.843847072658 1.934719 0.775421188240465
395 0.600713 115.684153866227 1.555188 0.729441053266782
396 0.347014 125.313909947254 2.059997 0.808731945873272
397 0.340861 114.713865848303 2.062659 0.800558634462973
398 0.358891 124.728526506503 2.072255 0.800220900443106
399 0.48993 116.194760646529 1.805624 0.724365079351088
400 0.38141 119.977293491084 2.021586 0.797691034044894
401 0.440967 115.394784171936 1.953797 0.799918323646844
402 0.439853 116.427530971387 1.92055 0.784548712338468
403 0.499575 118.302417658851 1.859412 0.78008631833411
404 0.179528 129.175013788443 2.244651 0.82547802732465
405 0.413902 115.210290611397 1.971964 0.788495920005065
406 0.456587 108.249374364371 1.894778 0.801698917828408
407 0.452236 106.153186881233 1.913518 0.749009258775734
408 0.450305 125.185325853027 1.954587 0.782688670717311
409 0.46544 116.440548079487 1.916775 0.743821505250113
410 0.382712 115.438696371295 2.006858 0.797943636771315
411 0.438904 117.505884535231 1.948441 0.786595387655358
412 0.320941 116.838960529503 2.096199 0.751857408783692
413 0.402759 117.472528446564 2.021227 0.767366334503515
414 0.228843 118.686046819328 2.199902 0.833438969941635
415 0.432786 117.074711925031 1.96112 0.781119651044352
416 0.339141 115.804432209164 2.101192 0.792278858850766
417 0.333969 125.252328002748 2.060454 0.820302595461596
418 0.517442 113.792280642565 1.838333 0.768870036734076
419 0.363698 116.86628847352 2.073331 0.80735354657368
420 0.611264 104.902093795617 1.622937 0.692181161885064
421 0.399875 110.742737513063 1.971536 0.79968705667815
422 0.268545 130.417429330557 2.18545 0.838110506595434
423 0.532552 102.769705372665 1.778383 0.749256603667376
424 0.453131 114.779776618505 1.944961 0.764015136641838
425 0.423816 118.165295465726 1.928477 0.785622658035189
426 0.433224 110.306264174139 1.985908 0.782502922407667
427 0.380109 113.084213951777 2.023225 0.791288350375125
428 0.525055 109.758562138208 1.789778 0.762864939483605
429 0.471538 109.798210438569 1.846714 0.734758358377343
430 0.39318 109.928949672594 1.983184 0.769052704319029
431 0.3899 129.698548672643 1.976244 0.816149710821927
432 0.330734 107.867329582445 2.055718 0.799428059625875
433 0.381694 129.624453618037 2.058872 0.785053009229611
434 0.66669 96.7846256459338 1.465375 0.690333630890592
435 0.424997 115.440215844762 1.978074 0.782023212428807
436 0.59893 119.416077246888 1.652595 0.775642170900377
437 0.440176 118.717397845379 1.959319 0.799523940381554
438 0.629332 108.866715611644 1.588196 0.72153001347086
439 0.579709 118.962625647195 1.711465 0.782234316272489
440 0.463421 114.279253784557 1.937424 0.757824293407118
441 0.371518 119.330007429258 2.022845 0.794271993745428
442 0.490596 110.481393453954 1.853862 0.760438815372992
443 0.479508 108.669309147176 1.852627 0.769478608609082
444 0.334042 121.794718386324 2.099627 0.842209687997266
445 0.467492 114.403395426117 1.86951 0.746422106045645
446 0.388101 114.216851397201 1.998508 0.788142048335017
447 0.265629 116.323208861517 2.170424 0.821850617677851
448 0.491003 122.178518322445 1.855972 0.773280337800879
449 0.266726 124.758574050168 2.150683 0.816122370880065
450 0.352375 116.717114404903 2.04834 0.803784738936572
451 0.246229 126.722122404759 2.199657 0.809338705174091
452 0.5479 113.920601693257 1.773978 0.755564758142399
453 0.153348 133.180948385778 2.264799 0.869021202765458
454 0.474813 104.131193179358 1.831705 0.742228588820586
455 0.50327 105.308698197992 1.819141 0.763636104083434
456 0.24906 136.999101488662 2.190675 0.837662967559941
457 0.2876 123.310716938183 2.106366 0.814055035912574
458 0.38449 117.497436032664 2.028474 0.808250871370021
459 0.182771 128.354764566885 2.247048 0.858969720857705
460 0.329805 117.665309452878 2.077348 0.804723917052575
461 0.446184 113.70122753018 1.91527 0.788207628212821
462 0.184525 129.740774416382 2.248804 0.826948985722286
463 0.433029 115.149606078195 1.931883 0.790627620401907
464 0.410228 112.476257056701 1.957699 0.786580322071102
465 0.550517 121.924510091669 1.69887 0.770992818821474
466 0.3818 114.820148766308 1.991389 0.787797303904419
467 0.397613 113.044596326053 2.02173 0.766569105265168
468 0.487898 110.448650391507 1.879973 0.777879300068424
469 0.439161 114.387752629943 1.940162 0.787146412895343
470 0.403432 118.719920237466 2.010592 0.795642675748538
471 0.421066 126.370969950322 1.979859 0.79494416118534
472 0.390767 125.414946132914 2.020741 0.81463310343279
473 0.366222 117.754592546183 2.060136 0.805761836352845
474 0.576209 104.784632762359 1.689558 0.758082864597709
475 0.506881 111.216838612864 1.845889 0.780878288013811
476 0.375252 115.862747878338 2.033031 0.826589542390135
477 0.676777 103.028712345018 1.437107 0.66222341387497
478 0.512453 115.09689991345 1.813947 0.770108170997566
479 0.420997 126.043065554642 2.005129 0.726707220959565
480 0.499779 107.445528781142 1.851772 0.771559021383956
481 0.406427 112.011045097871 1.981785 0.790164867194724
482 0.180586 126.151091419463 2.245853 0.853110496399143
483 0.414526 107.109409655249 1.984994 0.7816320252116
484 0.526733 107.039101802427 1.760926 0.764582666858427
485 0.260293 124.936211322164 2.188334 0.823736453386229
486 0.521247 117.718152296303 1.833432 0.771576184571948
487 0.271591 113.575017537536 2.141029 0.788975632537336
488 0.538002 115.363851643924 1.770978 0.737213719574493
489 0.543672 102.765833248758 1.73475 0.735140835994048
490 0.436153 108.956444731965 1.957777 0.769333617547393
491 0.514854 120.651656706933 1.821198 0.743459196799964
492 0.291886 114.624469138614 2.142165 0.799024574683833
493 0.533062 109.073612055983 1.798413 0.762632209918403
494 0.373659 115.269291905855 2.056736 0.773175269584908
495 0.47828 113.02577277671 1.859586 0.741425731779818
496 0.552857 110.405056802643 1.73488 0.750912375625578
497 0.53607 105.446677570406 1.780182 0.7356505594324
498 0.221718 127.971435528618 2.222726 0.845100399994754
499 0.524681 113.000221398006 1.803372 0.765468286638325
500 0.262515 118.069183491169 2.16916 0.829563517675457
501 0.4919 105.89037348709 1.817757 0.743786367673676
502 0.409695 108.153117004407 1.991854 0.766155512052331
503 0.323117 115.717353415674 2.112871 0.804798569810282
504 0.490823 112.130917779475 1.883491 0.723982514257013
505 0.498086 105.013820373995 1.833909 0.755305104534888
506 0.412524 110.818900654504 1.944774 0.760174804244533
507 0.499709 115.614963110278 1.836053 0.755995100204459
508 0.55256 106.799119357668 1.717394 0.765191005399852
509 0.653337 109.191747868438 1.477256 0.744701058226966
510 0.476919 109.646196157851 1.86171 0.761394745969442
511 0.563697 105.954167614616 1.710468 0.742265921515434
512 0.475687 119.097310032775 1.877363 0.771057255064635
513 0.381228 115.247454408573 1.994747 0.778775249569673
514 0.329764 122.51394166874 2.120496 0.807244322266215
515 0.394108 114.241803955862 2.022103 0.768059229134692
516 0.440587 105.501435805708 1.917038 0.78484218637341
517 0.352957 112.244910993562 2.075336 0.779677574957715
518 0.3154 124.988253874544 2.124111 0.796251421096013
519 0.481077 103.936597803396 1.863813 0.755925652840469
520 0.417123 111.676941717475 1.983728 0.765704136379275
521 0.435354 112.786559416652 1.944452 0.776329291257784
522 0.456592 118.071951670713 1.914057 0.800864811483443
523 0.420144 114.416658681275 2.00318 0.800471852751264
524 0.449582 120.339050842819 1.956656 0.766689618019991
525 0.588067 114.556679741402 1.687506 0.746529086208919
526 0.314406 119.468935278677 2.101675 0.745404605349053
527 0.316358 115.154681091428 2.090502 0.793734423789989
528 0.450333 116.715265587626 1.934656 0.766880777666028
529 0.408426 116.426397711353 1.956909 0.782920014749863
530 0.506947 107.877528420148 1.81117 0.756772234614369
531 0.434811 120.224410695794 1.980719 0.771333610280081
532 0.323515 117.588564392119 2.125035 0.79160243493875
533 0.279337 127.987957319223 2.178422 0.799033700873106
534 0.447293 97.9160759165809 1.877189 0.739104737576369
535 0.465755 114.929560790578 1.912056 0.729407534822676
536 0.600788 101.83165862068 1.643946 0.713244912098177
537 0.374785 113.797197496848 1.994891 0.776347416961229
538 0.392565 118.592916285728 1.995073 0.786503847011557
539 0.28978 116.711093131257 2.145954 0.810084052931472
540 0.295161 108.45826245938 2.119386 0.792118992721878
541 0.398168 115.61093749324 2.012277 0.824099779057082
542 0.402974 115.044439658478 1.980065 0.767734526452363
543 0.667832 107.697405021115 1.467098 0.697873222248055
544 0.347082 124.019889006631 2.085059 0.81244709639399
545 0.416109 110.894567047628 1.929074 0.774582804078149
546 0.47281 108.200548288473 1.885255 0.784011120200025
547 0.115646 133.457702546144 2.280061 0.845579267924515
548 0.319078 122.570140329712 2.123091 0.814082614288446
549 0.240904 128.365831020932 2.19243 0.836611295330213
550 0.4413 115.666536738145 1.936098 0.795404002894607
551 0.412526 114.358280260359 2.008816 0.767941076098264
552 0.362741 117.383310240693 2.045498 0.809874152084262
553 0.50247 115.564314937919 1.866367 0.768935020853409
554 0.163714 128.676390580987 2.259579 0.849244533573945
555 0.471266 122.38137451245 1.923959 0.784354942585549
556 0.423732 127.554916634213 2.005606 0.789358479480304
557 0.261894 122.008721747533 2.18757 0.802260991263198
558 0.604507 106.169470312871 1.632263 0.725574522041504
559 0.367388 110.954879699178 2.051191 0.787270367358528
560 0.299642 106.74939033374 2.102807 0.780111605736875
561 0.209982 126.905056766879 2.227991 0.828845806041077
562 0.691707 102.237772180318 1.383503 0.710529365912079
563 0.267452 116.417454814091 2.099557 0.805327858328694
564 0.371776 115.982986066733 2.023098 0.761197107918114
565 0.383834 126.302454802732 2.064108 0.825801975907816
566 0.48483 111.866142606286 1.853473 0.740740083720195
567 0.198959 122.112818217057 2.235526 0.837346621568517
568 0.663463 103.49089034185 1.488307 0.711409944453862
569 0.402257 111.967845150097 1.977284 0.784584999679188
570 0.362646 117.24227309781 2.079782 0.80161916659727
571 0.2592 126.955892196262 2.196944 0.83424271583598
572 0.365412 121.818544756041 2.029707 0.810298035407375
573 0.40066 112.899383479368 2.000403 0.771387379909519
574 0.246499 126.62882711241 2.194675 0.845213748309687
575 0.369268 119.520097075392 2.042024 0.790854459097699
576 0.301448 119.912167801355 2.124293 0.812964220227195
577 0.463738 119.547318227449 1.901576 0.730109497829371
578 0.516965 109.457084328405 1.80372 0.762201934758078
579 0.508911 121.470469034131 1.843434 0.759336154594809
580 0.368358 121.714419702755 2.071386 0.762995897708129
581 0.653988 99.541223032726 1.447254 0.731664446342689
582 0.412954 111.617121411142 1.984791 0.8024035246664
583 0.566757 114.619493032261 1.737328 0.714903389859976
584 0.564748 109.517517152795 1.737292 0.756188059491321
585 0.503376 118.947090531295 1.850672 0.807137823234083
586 0.29469 119.741748507538 2.139085 0.798539868420265
587 0.406174 115.663551374501 1.951807 0.746807930136511
588 0.33682 116.782571287476 2.056443 0.807240141279353
589 0.500213 111.690450822122 1.821058 0.774793637852627
590 0.374824 111.007477023531 2.058046 0.766414015442324
591 0.272753 118.904378465384 2.137469 0.816573640451388
592 0.585502 111.480428785272 1.66728 0.726638310519677
593 0.456765 115.650015733001 1.882998 0.825473871157979
594 0.487457 112.913527820544 1.877885 0.801389376025988
595 0.386814 120.205726241249 2.017305 0.797691164139639
596 0.433614 111.282689749153 1.943921 0.766091224926272
597 0.304372 112.439410798455 2.081131 0.804835168109028
598 0.610489 98.542123169238 1.625793 0.738293758591361
599 0.456856 112.540634599835 1.892063 0.79112543352568
600 0.548363 115.907531283646 1.747543 0.778165842201384
601 0.409947 113.4838560628 2.021592 0.782184234994488
602 0.442296 119.389935366449 1.964678 0.744589527552775
603 0.337559 125.091561424702 2.089912 0.769595251631675
604 0.458779 116.19404572185 1.890793 0.784857898257502
605 0.391046 119.6768733656 2.04254 0.821966913479085
606 0.316541 117.271583875631 2.137297 0.823547245284783
607 0.380584 125.647114617913 2.050343 0.789469238574364
608 0.40812 104.498428082402 1.993468 0.771128386519702
609 0.337943 123.516745049676 2.11699 0.800152804535653
610 0.261625 131.970814041769 2.185003 0.847130326543103
611 0.520844 125.671729684729 1.81706 0.814081209241927
612 0.389943 118.541206496718 2.009248 0.796537158247301
613 0.243711 120.235047036632 2.192948 0.818191045980479
614 0.521744 110.338021498746 1.809953 0.778381668134747
615 0.555663 115.973016328681 1.751882 0.734895491615968
616 0.452599 110.770657060265 1.8921 0.788787595486473
617 0.68851 93.1385888542746 1.414137 0.678083369253301
618 0.3996 114.364062807776 1.938823 0.786385400085377
619 0.407023 121.587378221383 2.03169 0.777159729138215
620 0.470861 111.857056843711 1.87575 0.767658227127106
621 0.374621 111.419566477671 2.048363 0.761664336181854
622 0.406993 110.324744738717 1.987499 0.773377795882828
623 0.357988 126.688292375593 2.069742 0.815693045096477
624 0.47679 116.521253768038 1.898276 0.78415799453929
625 0.426888 122.076384053187 1.953465 0.786768945143404
626 0.421229 120.699229122554 2.004593 0.810330161267457
627 0.305294 114.357647811494 2.103308 0.806979584460952
628 0.401306 118.64294129295 2.003723 0.792920783706443
629 0.264861 119.687623854605 2.186481 0.789631230325974
630 0.525394 102.014208118746 1.777109 0.732322551696928
631 0.477795 109.221620435702 1.842897 0.789627699464688
632 0.572805 108.010124611939 1.715968 0.721054228377931
633 0.544867 108.218063083361 1.76457 0.774944021040162
634 0.520936 110.300872280081 1.832235 0.744604385489992
635 0.280056 124.137904913549 2.169658 0.839978957847894
636 0.482388 116.826241573824 1.87883 0.734113038257789
637 0.412138 111.808929566238 1.936457 0.785748936891796
638 0.548853 114.338458016052 1.750464 0.75990380809103
639 0.42327 109.737145414266 1.97147 0.751643362557157
640 0.217301 123.09580736651 2.224263 0.836018500211142
641 0.447942 121.706838933529 1.949549 0.793440579997942
642 0.338517 122.244312379576 2.076759 0.790259513785117
643 0.590672 109.690765047199 1.662652 0.749740483336215
644 0.507059 108.644294922574 1.823556 0.72634727793611
645 0.224461 125.93989837343 2.212844 0.854759235953536
646 0.457691 112.662623568524 1.899791 0.746205616899383
647 0.525149 108.571164720808 1.804095 0.8097506879185
648 0.465533 116.078215020626 1.886369 0.795839267901382
649 0.463068 113.235886377505 1.912428 0.722323867428152
650 0.421949 115.925257286305 1.979685 0.818374498191702
651 0.52414 107.842901615516 1.797134 0.750197619430921
652 0.34696 120.326254698386 2.094727 0.807200840722709
653 0.352051 118.335273221342 2.059739 0.775796756047756
654 0.388502 116.374848402739 2.020049 0.770330450541122
655 0.383304 105.389599547293 2.005183 0.761895509858489
656 0.154363 121.67594034907 2.262835 0.844297106747394
657 0.344262 125.529324156213 2.097784 0.789211189603897
658 0.425865 107.245996936705 1.946386 0.769597440199844
659 0.41382 110.69711808636 1.978748 0.782278459514711
660 0.478439 114.480596474471 1.835985 0.737618742761654
661 0.257264 118.773269817386 2.176202 0.831477255084517
662 0.169183 125.551418985088 2.256965 0.803759948343887
663 0.401794 120.377259598472 1.992517 0.813770786056515
664 0.672655 104.619420882701 1.422111 0.735590175992675
665 0.496508 110.56178604741 1.829311 0.7340303904154
666 0.503919 122.74059724874 1.842935 0.738944747400915
667 0.343791 119.952532625026 2.063678 0.804422460129255
668 0.583105 104.107403930239 1.692259 0.757419723817103
669 0.462012 117.435277384773 1.936431 0.801098008542107
670 0.446179 114.066521777826 1.918463 0.815312725606614
671 0.45483 115.460330217379 1.930398 0.712445808492498
672 0.601313 97.4768911493513 1.6393 0.728235074740646
673 0.160924 127.370808974552 2.253177 0.859693809253917
674 0.336096 122.105602562572 2.115765 0.803863999494753
675 0.494916 115.324532528253 1.848293 0.763181995440202
676 0.47461 116.179718092142 1.834287 0.755728891473638
677 0.377822 109.322844280219 2.019831 0.770400101891563
678 0.449419 117.837402824449 1.943414 0.794617730882776
679 0.503791 115.468115491447 1.86639 0.804458429519396
680 0.321017 116.731201979645 2.120205 0.789010522824088
681 0.400864 112.071354793833 1.999596 0.761331348523696
682 0.378535 116.676743043326 2.008618 0.786541696052185
683 0.614309 110.732495825107 1.624224 0.714627694479555
684 0.405054 110.721766517172 2.011009 0.766245144305301
685 0.444486 118.42590533942 1.960428 0.775350321968229
686 0.272614 128.017565861424 2.173115 0.84682614160632
687 0.335308 111.987774502429 2.077116 0.793685484409823
688 0.40853 110.776223577648 1.994866 0.779224803127359
689 0.425354 115.999448598275 1.955708 0.811471680081189
690 0.479386 99.9103784141085 1.844288 0.749692110135003
691 0.34784 117.025111215094 2.041647 0.805248687233604
692 0.377184 119.096861928189 1.991227 0.764133056613634
693 0.263126 123.173816231597 2.184414 0.780382675631943
694 0.332748 127.491378538256 2.121591 0.840286109453045
695 0.238811 126.748649282799 2.192908 0.839564611932855
696 0.547119 121.672313673456 1.762597 0.783750551946702
697 0.321098 123.859903865346 2.095822 0.810509567096366
698 0.428044 118.844152169309 1.951373 0.788095899291226
699 0.482687 108.109106556618 1.845086 0.78170867282878
700 0.544764 112.678691495189 1.789084 0.648034859977478
701 0.343478 111.832082998822 2.093704 0.808029631888016
702 0.596734 108.378704072617 1.671762 0.735482467146463
703 0.49095 114.938151251095 1.891634 0.795454035780763
704 0.298593 122.73820460293 2.155042 0.763613589862786
705 0.441768 111.03713972206 1.940522 0.767825668117925
706 0.449543 116.410950491699 1.947983 0.792706083462868
707 0.471805 111.941048436991 1.895039 0.778721648203894
708 0.376078 122.390257350179 2.072901 0.82522689259804
709 0.441277 113.252102721262 1.96707 0.756312139610393
710 0.327596 109.06647750352 2.100595 0.779312243615898
711 0.379153 112.798117462092 2.030023 0.81924550056895
712 0.346307 120.740245987137 2.070016 0.801030234022174
713 0.296679 114.716856191772 2.12122 0.832173550797314
714 0.372339 125.504096815877 2.037572 0.825650495206605
715 0.382013 126.039154331645 2.047371 0.797579149250438
716 0.148285 123.253616696112 2.251914 0.83174460054556
717 0.375371 113.761252673074 2.010848 0.810787208986591
718 0.425231 108.688235285455 1.963362 0.777396847407046
719 0.311886 119.826584301108 2.10344 0.814110451533469
720 0.53986 116.130726292122 1.794862 0.745718269893743
721 0.419929 116.07398800451 1.953708 0.777165710794732
722 0.437119 113.866273060447 1.974221 0.792445715108402
723 0.361323 119.139303875078 2.053686 0.790135063689464
724 0.401493 114.625027392122 2.02677 0.773589125184882
725 0.474869 107.8576692146 1.881146 0.769450706243977
726 0.499285 108.48314564641 1.827842 0.789009505087318
727 0.381981 107.499136091675 2.044166 0.750662462764088
728 0.37403 121.758023152714 2.000292 0.809282633686318
729 0.39928 105.915269535745 1.99051 0.773451275517729
730 0.374601 120.736285503821 2.054413 0.81170742547923
731 0.172315 123.126459641282 2.252842 0.844728546069086
732 0.210186 126.484108180748 2.223694 0.850495678626677
733 0.312239 121.252062416426 2.135985 0.824850807716824
734 0.455309 122.558272591095 1.944332 0.801875894659859
735 0.366501 121.710034447515 2.038941 0.82685488671538
736 0.58442 106.77452913879 1.68201 0.736053923178449
737 0.336273 119.000251066423 2.101147 0.816827995143962
738 0.668183 109.336847294142 1.429136 0.665552253819753
739 0.436978 119.170334704172 1.957407 0.780566031625079
740 0.172198 130.237815122369 2.253025 0.852205588840493
741 0.40647 125.825001453443 1.982679 0.795854671389284
742 0.510577 109.349685240487 1.808518 0.757696467710566
743 0.547445 107.897237112367 1.757271 0.778661413272358
744 0.510282 111.964262626522 1.838543 0.770963757008146
745 0.274513 127.027581016823 2.123985 0.784707705700267
746 0.405085 113.590387988328 2.012153 0.788917536160727
747 0.425036 117.68273828962 1.958657 0.767430249958691
748 0.433061 109.561209881672 1.92601 0.804694151148918
749 0.420659 121.542810136491 1.955603 0.769324237182267
750 0.542086 127.392493418614 1.735157 0.828945211488606
751 0.359064 114.377337261828 2.012323 0.803544379591513
752 0.562365 112.500607158775 1.741256 0.740779638240072
753 0.293243 130.388698002905 2.155824 0.827780150102844
754 0.440417 104.325108142197 1.972575 0.73693181708013
755 0.340503 113.008825573723 2.105889 0.815903980541915
756 0.534928 99.0010863341097 1.725426 0.725439996104876
757 0.436462 115.552702032283 1.937462 0.760336616662854
758 0.472986 110.941940405726 1.877673 0.7508509717518
759 0.645591 100.095683947163 1.480601 0.695476982732968
760 0.327464 119.130471291103 2.063696 0.811646702631431
761 0.429092 117.380979319093 1.981826 0.784656356285541
762 0.451991 113.093777123036 1.953402 0.811681534709864
763 0.291147 126.778788510633 2.158771 0.81263040560627
764 0.507714 103.588134262566 1.8187 0.733611991120333
765 0.234843 127.385947339214 2.213878 0.826130616205122
766 0.501342 112.070566061503 1.83603 0.737354171991375
767 0.426665 114.731556645853 1.923725 0.776235242641801
768 0.513573 112.527608826437 1.834175 0.731654349413095
769 0.445026 116.289402540399 1.96219 0.814997765733317
770 0.186736 124.128166778753 2.2361 0.828252955832267
771 0.526887 112.752735880324 1.815033 0.748190677336288
772 0.100524 133.983475169916 2.284037 0.842226559771766
773 0.43332 106.535008951132 1.948723 0.751733459409733
774 0.298537 123.400651040354 2.145574 0.788120968136464
775 0.395669 124.310420518922 1.987036 0.805552311835119
776 0.380087 124.652506765122 2.03033 0.788018885906936
777 0.631382 112.636446493635 1.565647 0.749113924274863
778 0.489763 111.972460947892 1.844252 0.729905355131107
779 0.380367 113.388132863531 2.002173 0.781224491906537
780 0.239295 120.692304741331 2.168792 0.833712882409125
781 0.528112 113.719794872381 1.795509 0.734301141428005
782 0.523415 115.963333245225 1.785224 0.778561958837687
783 0.372556 125.529111792885 2.071005 0.790802119937697
784 0.405819 105.169394915299 1.978521 0.79206806550082
785 0.351661 118.540284974167 2.101544 0.794639958243988
786 0.547901 112.488372270347 1.721498 0.749295746386264
787 0.464092 109.280059643382 1.893576 0.771440597532455
788 0.544128 107.341365786739 1.77919 0.732712738828681
789 0.582687 112.986121927175 1.713626 0.720912867851893
790 0.450906 113.918393185568 1.929372 0.778605719064553
791 0.484639 110.822574044861 1.88406 0.711694220370611
792 0.394936 119.3511797987 2.035021 0.798630162398343
793 0.294709 117.466391464017 2.14384 0.789701031912444
794 0.354375 115.691352065781 2.056893 0.823372139076012
795 0.562527 106.603496439484 1.725582 0.695615055899652
796 0.315806 120.244755556405 2.110187 0.809752850695115
797 0.552801 103.963322749262 1.730812 0.728829523327165
798 0.581547 114.721704687377 1.683633 0.728176115865316
799 0.656006 112.765470772959 1.48975 0.766964169361541
800 0.557358 109.932431646418 1.750247 0.74733674741756
801 0.433192 121.991576194249 1.987799 0.81128806533185
802 0.489472 116.157976499119 1.845878 0.783720549513034
803 0.506792 110.912659136833 1.838076 0.740411907812177
804 0.357698 114.641555318606 2.056857 0.762725439596601
805 0.352906 116.929732814168 2.039826 0.780074826202634
806 0.385078 115.68057526407 2.014136 0.786905278409682
807 0.325376 124.985544303141 2.099672 0.809356903439506
808 0.578298 104.945589568854 1.658773 0.768773700299337
809 0.474579 112.827850229677 1.888392 0.753865206679856
810 0.47909 110.50956625638 1.888347 0.766794913367635
811 0.317976 115.227964449735 2.097479 0.787915902894515
812 0.457556 114.091856610428 1.925022 0.808339744951059
813 0.451896 110.687100167416 1.913829 0.777545037740398
814 0.476633 113.650481018754 1.857065 0.786079794897819
815 0.502578 119.167625992514 1.865356 0.743800288670018
816 0.381552 113.875182621972 2.027657 0.790081744566536
817 0.391915 111.972020481031 2.043737 0.766256337896362
818 0.335988 121.332222457277 2.081949 0.832273217345366
819 0.572193 112.121299375387 1.690172 0.768657357818796
820 0.441228 104.516750875143 1.933332 0.753353296549294
821 0.525316 114.070461288975 1.776334 0.789615606751103
822 0.209276 127.68768359509 2.214936 0.84151649662923
823 0.524638 109.803106229235 1.801098 0.746994603247329
824 0.331506 118.567502969644 2.098513 0.802353050794051
825 0.401156 121.044730099754 1.986491 0.780004733851027
826 0.344559 112.370222794351 2.106122 0.774582984504934
827 0.352627 106.867041671851 2.053324 0.802884317730345
828 0.291043 117.223953744744 2.138078 0.772206314511245
829 0.462914 120.008032466883 1.939577 0.8048262790825
830 0.2089 121.315985667584 2.206767 0.8243356322902
831 0.369378 116.803239590897 2.023282 0.791048973096149
832 0.415013 110.271718334616 1.995113 0.793607286193491
833 0.533512 114.940824381793 1.810331 0.793768850516042
834 0.338077 124.150789833776 2.097367 0.818078291008347
835 0.456497 109.098039595421 1.893503 0.772394416941929
836 0.407748 110.673621038162 1.970332 0.780037117798907
837 0.403157 116.65585061918 2.034481 0.775516777693499
838 0.210392 121.729191545299 2.231018 0.84496038617719
839 0.267032 124.282716492295 2.188755 0.805370051972404
840 0.640177 110.167265267843 1.540298 0.780803376525096
841 0.456997 119.07072370635 1.947613 0.782743769001263
842 0.200816 123.939592371752 2.224305 0.821400207284344
843 0.399648 119.224197821205 1.990855 0.787426127406433
844 0.461084 121.220624535321 1.884408 0.789649251812345
845 0.484756 115.149569631077 1.858981 0.796829261449378
846 0.50034 102.80160324517 1.835356 0.754673354685821
847 0.489944 113.429029827152 1.851564 0.771381087359822
848 0.615256 91.8459860022796 1.602048 0.673266548028328
849 0.454708 106.852766245648 1.938914 0.747871063964818
850 0.46901 118.821115724645 1.864843 0.790411017325284
851 0.405131 119.386554139062 1.968039 0.785912652468918
852 0.39574 120.336412677686 2.024636 0.796793471779862
853 0.503799 118.347694190829 1.837384 0.788072884732052
854 0.377016 123.896774314378 2.046096 0.77197154164894
855 0.230845 127.231236908624 2.217733 0.851369685001905
856 0.481991 111.201562051398 1.888619 0.741430440647551
857 0.354491 119.310403423444 2.020755 0.822465682839021
858 0.29708 117.504315894818 2.1247 0.805277006412528
859 0.285899 122.149206771152 2.168894 0.819834899864675
860 0.329259 114.343997285223 2.102644 0.780922794541324
861 0.509213 112.408109833184 1.822165 0.772332698044895
862 0.337816 119.155942171731 2.082511 0.743063667168229
863 0.472944 105.919936871386 1.838012 0.77102835902339
864 0.52361 98.3514585669899 1.787073 0.758330139395131
865 0.413286 118.266521773563 2.016963 0.789802718425291
866 0.50543 114.541074023545 1.815702 0.789549968049033
867 0.359745 118.882027261199 2.079011 0.799986436839048
868 0.434233 114.871624315317 1.985622 0.765191507526739
869 0.578174 114.185010074829 1.654143 0.649445602579612
870 0.522127 109.951404693713 1.786248 0.762454079899222
871 0.505618 115.142426442964 1.843762 0.788619670487979
872 0.610159 112.026605342397 1.61628 0.77820217514568
873 0.300529 118.829724172596 2.132432 0.808990845487657
874 0.497282 115.764783109238 1.837198 0.769316220318753
875 0.373773 119.713595307251 2.041052 0.803646367472072
876 0.60576 116.716387344855 1.648766 0.724071771397182
877 0.491516 110.219009511256 1.816904 0.781027538619463
878 0.352346 121.998193334745 2.084439 0.821909271626613
879 0.324365 114.152548366631 2.124862 0.809863578042735
880 0.438662 117.47537837626 1.927392 0.814070195849696
881 0.411114 119.868674870572 2.018685 0.783706642166867
882 0.438224 118.023605721475 1.954649 0.796170622966685
883 0.361868 119.847388930042 2.077304 0.805927134710959
884 0.323025 114.592146434465 2.101715 0.788254618836422
885 0.432458 116.560256885229 1.968091 0.797197009199376
886 0.532034 93.7191864167778 1.766287 0.704211451767576
887 0.499416 96.8145481100677 1.848838 0.709451243430141
888 0.376524 125.23648546588 2.042065 0.810375236249451
889 0.423093 117.104807387919 2.004387 0.759036647486073
890 0.35373 122.951216467031 2.09232 0.811793667322817
891 0.519289 117.627798272792 1.803593 0.71176515527251
892 0.375864 116.726907365281 1.981269 0.802806514474223
893 0.414056 118.068613467148 1.942619 0.784449873141516
894 0.304033 116.878806741924 2.111706 0.819080231398557
895 0.477567 94.9329262254344 1.865667 0.729699196704724
896 0.297941 115.411614605154 2.121907 0.795323591492863
897 0.617128 105.489615016608 1.591505 0.763785782686361
898 0.530061 112.043673894739 1.801816 0.771853530785414
899 0.356409 111.384584585409 2.066733 0.776202208205145
900 0.450852 114.044257847164 1.887199 0.782815261114711
901 0.499928 121.519715690957 1.835822 0.778363091712784
902 0.527532 113.507152774271 1.786473 0.740261573205049
903 0.379483 111.932057551485 2.032898 0.757943647868006
904 0.298181 119.62217031421 2.124367 0.82060286671712
905 0.487248 107.788071279761 1.834788 0.767843483857229
906 0.462488 102.772535363458 1.907926 0.769281348937847
907 0.332074 121.044720903728 2.061416 0.803480069231351
908 0.391162 114.638183072687 2.008175 0.800853212022892
909 0.491531 112.45960241819 1.860382 0.720669637406131
910 0.509457 106.333424202259 1.840677 0.73927866183112
911 0.465786 115.421942170573 1.901437 0.772543964992201
912 0.385289 123.997082621582 2.050857 0.824847632146608
913 0.477253 108.286094015684 1.898241 0.739383292744439
914 0.449389 110.414284397009 1.929322 0.776341294056472
915 0.371619 112.85906319317 2.039007 0.760977896530949
916 0.400664 109.619569962694 1.972249 0.787909669770758
917 0.315667 125.884150616744 2.13991 0.811560785571703
918 0.492241 112.59151701213 1.830783 0.754023680606553
919 0.46236 125.363324426761 1.940269 0.752561357673259
920 0.387113 114.855142288765 2.017782 0.778842202436615
921 0.514417 110.513883360311 1.846677 0.683890947553693
922 0.322185 116.365001322455 2.088453 0.792669018768361
923 0.412978 117.995173270872 1.971043 0.788867062562081
924 0.440123 104.908123120976 1.964768 0.758689515484566
925 0.322977 113.161967326142 2.079356 0.780553935258703
926 0.54585 108.823549868308 1.741427 0.774972383660661
927 0.470128 112.276929434983 1.913422 0.793170286582674
928 0.443345 124.974171551573 1.948862 0.793095427392212
929 0.317866 118.615853477397 2.1117 0.790882819415798
930 0.467539 108.869125089107 1.849633 0.703965062824174
931 0.35041 124.931128502035 2.087114 0.824579953908656
932 0.477591 114.214809614853 1.895451 0.773703128972355
933 0.382457 127.05288420634 2.036728 0.817945937381614
934 0.266939 128.382956095568 2.152412 0.80835803418922
935 0.41946 105.801331951798 1.949096 0.782785025047875
936 0.351936 115.674493033888 2.063591 0.793487595763552
937 0.40018 115.007243537358 2.020255 0.756687282946955
938 0.28526 124.014206228759 2.141378 0.817927086609769
939 0.332546 116.446813553401 2.11032 0.807970096305635
940 0.584635 104.531745713485 1.669355 0.727484265035951
941 0.351751 118.303680759362 2.102394 0.788570629621272
942 0.532058 118.50988247477 1.817899 0.739148695808291
943 0.538831 111.529867234074 1.739306 0.766638891222078
944 0.469174 112.614126203912 1.908379 0.773365187711256
945 0.570192 119.132797629394 1.715662 0.748850672454222
946 0.445757 119.715702922414 1.938645 0.767575996038558
947 0.404978 123.961598244143 2.00508 0.807736474341254
948 0.389363 116.62435418181 2.032423 0.793747635197353
949 0.509598 111.254469622015 1.79902 0.740150930218711
950 0.482049 117.949577023137 1.875377 0.769430657395459
951 0.361934 123.201814454771 2.034773 0.821035845956872
952 0.614023 108.951779531943 1.619887 0.752304413438203
953 0.585021 108.080994303209 1.670512 0.750590727201844
954 0.563596 106.628293545342 1.72151 0.734446981923122
955 0.546561 107.47680263961 1.767089 0.75901762524648
956 0.334084 122.286909558877 2.095853 0.783495872894934
957 0.484899 111.437671576423 1.896921 0.772325712302112
958 0.502301 106.628870887206 1.802565 0.74580734895789
959 0.442874 119.070300756549 1.935919 0.792191157374826
960 0.389389 118.6163037 2.021435 0.820338318233212
961 0.378898 119.781178140627 1.999858 0.776749867306631
962 0.416726 117.370382092864 1.981321 0.791977465725279
963 0.339777 120.148432071746 2.107632 0.820798640205466
964 0.459927 114.083283128308 1.918188 0.746477393883773
965 0.430972 116.710081475147 1.989384 0.781311184716818
966 0.483811 109.850766895864 1.868725 0.773965695692281
967 0.331093 115.276086604396 2.061719 0.812577843265993
968 0.328298 122.044207142429 2.079557 0.832730249678385
969 0.299869 119.839017727957 2.111106 0.818549355060669
970 0.556895 119.410323389984 1.765074 0.732421717157563
971 0.424903 129.738538579843 1.974261 0.782364102128
972 0.306274 123.978741597604 2.152702 0.813682200888786
973 0.516843 117.19847130038 1.837686 0.751344027988677
974 0.404339 112.00197505384 1.999248 0.79940871370389
975 0.450068 108.671287086697 1.942279 0.743388955178865
976 0.45723 119.036974971356 1.909455 0.770653612165678
977 0.504828 113.619899782907 1.863543 0.776839967398897
978 0.29436 124.125492264473 2.162813 0.77446525206535
979 0.548728 113.287826405779 1.759278 0.766680513732011
980 0.453289 108.718948940991 1.906104 0.767898893360548
981 0.356004 113.95944345383 2.050806 0.774978768142664
982 0.44881 116.523310812854 1.910621 0.763160484255011
983 0.441685 114.557887459018 1.933874 0.796043013640034
984 0.515828 110.726931825937 1.838852 0.758059102973999
985 0.346024 125.090222029548 2.092669 0.791226632696764
986 0.493817 109.031384723813 1.848876 0.722872675154569
987 0.52205 113.064229406637 1.782978 0.729356017623458
988 0.390078 111.437090340228 2.003761 0.73498788577385
989 0.451936 123.924432204126 1.937145 0.829189503944039
990 0.723273 100.940936950146 1.27744 0.674209105586911
991 0.457605 110.948266086357 1.884494 0.763715562811772
992 0.392903 119.142306823637 2.044948 0.786009607854204
993 0.274912 125.353723010643 2.133777 0.823874690946785
994 0.256655 122.524734160835 2.196528 0.814174558143531
995 0.429968 121.282105466079 1.969304 0.772231013910334
996 0.41017 111.328626414362 1.960798 0.771001091703766
997 0.625438 111.163608780931 1.580161 0.765152484321131
998 0.264778 124.274527323065 2.181338 0.800457699311559
999 0.513679 112.463372071745 1.806008 0.785198008485044
1000 0.31825 119.689240033741 2.132611 0.81604859597025
