rep	aei_left	left_area	adi_left	H
1	0.423553	102.711432	1.985577	0.74475874
2	0.271523	114.4032482	2.152959	0.780188874
3	0.309316	122.775587	2.120193	0.790892857
4	0.459196	123.4405805	1.904934	0.787588231
5	0.329898	116.0992322	2.084189	0.812579938
6	0.463455	107.5857703	1.882008	0.759429031
7	0.238937	129.8200577	2.208235	0.811175587
8	0.403058	110.4024876	2.0013	0.784372193
9	0.258127	127.8718953	2.188846	0.831659728
10	0.395598	124.7755516	2.00896	0.795203439
11	0.424976	115.9756782	1.956623	0.683368681
12	0.3682	113.6176081	2.048	0.780596939
13	0.394192	116.0850962	2.01441	0.775980277
14	0.412397	112.3851618	1.995741	0.780155281
15	0.506106	116.8834171	1.840664	0.774259814
16	0.607558	119.3152858	1.576325	0.666109966
17	0.413289	114.1667525	2.00765	0.76991099
18	0.326803	118.5489012	2.100889	0.814761517
19	0.411889	120.2771789	1.980122	0.776851066
20	0.467279	114.0077063	1.887139	0.784125743
21	0.440362	115.2374083	1.897611	0.793607035
22	0.453957	118.0222195	1.864473	0.809266814
23	0.512025	108.5635793	1.75578	0.757514521
24	0.451781	119.4847062	1.904633	0.765214113
25	0.445659	113.3876271	1.944267	0.79084673
26	0.549566	108.0358131	1.733252	0.768896898
27	0.479784	119.7412393	1.89168	0.774800596
28	0.336439	122.3432513	2.094895	0.804677265
29	0.377626	117.8873363	2.035468	0.780953304
30	0.352387	116.8997113	2.061837	0.804950013
31	0.241005	127.3999349	2.192826	0.796739783
32	0.529003	111.8606496	1.790879	0.754492612
33	0.43084	109.3056307	1.949753	0.777078581
34	0.299917	122.3503969	2.131066	0.827633878
35	0.291039	118.6498654	2.127695	0.815064507
36	0.285034	123.1267706	2.133548	0.816819795
37	0.480395	121.0080327	1.888953	0.775210611
38	0.417877	119.5670028	1.954887	0.809995743
39	0.527706	109.0488264	1.755523	0.752436986
40	0.477747	118.573645	1.903458	0.797375876
41	0.301894	117.7029605	2.137065	0.799477507
42	0.52997	114.2530956	1.787904	0.747535838
43	0.409256	118.7775724	2.010519	0.783240163
44	0.38386	116.1484969	2.014573	0.806472229
45	0.372972	116.8650794	2.047249	0.779761638
46	0.276624	126.5776828	2.175388	0.817990797
47	0.464712	117.3556083	1.910048	0.763005386
48	0.432075	116.9162961	1.955899	0.767050312
49	0.407504	111.6278282	2.004846	0.756064365
50	0.342534	118.774664	2.059662	0.758026155
51	0.292311	126.1074696	2.163993	0.823529723
52	0.405351	118.893826	2.027125	0.786104046
53	0.320127	117.9932728	2.088804	0.776406174
54	0.403055	117.5801352	1.951273	0.790694122
55	0.360028	107.9218723	2.036394	0.775050107
56	0.310412	126.5077374	2.126895	0.804463314
57	0.354554	113.8533405	2.050049	0.79181718
58	0.383752	100.5133601	2.012048	0.766158779
59	0.379208	121.9109416	2.028429	0.798982184
60	0.338524	128.8089052	2.10077	0.826762317
61	0.324493	120.9570868	2.111474	0.783131496
62	0.461204	117.4602687	1.900325	0.815018826
63	0.433055	114.4460369	1.950967	0.782036524
64	0.56025	114.0022667	1.733932	0.768107416
65	0.358697	120.3027385	2.07482	0.810430364
66	0.416672	115.7212725	1.992963	0.767179931
67	0.357163	115.6247327	2.061136	0.789694103
68	0.278034	117.7810425	2.159439	0.782331997
69	0.490288	115.6259271	1.870198	0.741177383
70	0.373692	115.8419612	2.054805	0.736870668
71	0.414267	120.5841359	1.975788	0.802339957
72	0.504675	108.5212593	1.818546	0.731748395
73	0.425947	116.3484977	1.960526	0.711740165
74	0.360058	119.8861997	2.090693	0.797682275
75	0.374498	117.3450926	2.006586	0.791082473
76	0.376413	115.8509726	2.032904	0.781798534
77	0.510038	113.0238689	1.852323	0.745568487
78	0.419623	116.7695488	1.993245	0.794013669
79	0.53167	110.5880526	1.805097	0.737763678
80	0.357289	110.9869199	2.034383	0.776164392
81	0.396701	122.5810254	2.029214	0.777226857
82	0.491382	112.4884021	1.85711	0.771152846
83	0.399466	122.0835458	2.014403	0.7890262
84	0.269469	127.4027122	2.171723	0.811189321
85	0.509259	114.4554105	1.811538	0.776130931
86	0.245291	123.966702	2.173098	0.81163258
87	0.559388	106.6953342	1.74262	0.729785062
88	0.408179	116.7055995	1.980758	0.779317655
89	0.278261	131.1682697	2.152966	0.828112495
90	0.285024	120.6777931	2.137226	0.819051915
91	0.405684	121.0622698	2.00482	0.789842907
92	0.319324	111.3829396	2.110049	0.778392761
93	0.413303	112.3656274	1.995368	0.819480629
94	0.262526	128.9167896	2.162767	0.803522931
95	0.555901	119.0922141	1.741862	0.718260088
96	0.247052	124.8851643	2.154052	0.78745005
97	0.396883	112.0470488	1.997551	0.770033111
98	0.400669	117.1583702	2.033349	0.788044499
99	0.351255	126.8937582	2.066743	0.826739752
100	0.513873	117.7883322	1.838313	0.770625036
101	0.331014	123.3145822	2.1015	0.802112868
102	0.500587	112.7714092	1.856949	0.769107135
103	0.398325	113.4498292	2.012005	0.771779273
104	0.418208	114.7473495	1.932216	0.761746365
105	0.189438	130.8255409	2.239668	0.846172
106	0.328581	113.08188	2.048853	0.789816437
107	0.377328	115.5374614	2.049155	0.785140452
108	0.330443	122.2147116	2.103178	0.822282097
109	0.297291	118.8015824	2.118152	0.79235802
110	0.238759	123.9644554	2.197314	0.825858461
111	0.390829	118.5361858	2.013785	0.775560157
112	0.317704	123.7852651	2.127901	0.820894896
113	0.315679	124.2003379	2.141862	0.823388227
114	0.381468	117.391111	2.012124	0.766110547
115	0.401682	119.8815991	1.994557	0.818707921
116	0.285192	127.0425842	2.155674	0.817408984
117	0.491954	116.1236272	1.858876	0.784806882
118	0.238401	125.6299794	2.185825	0.777543457
119	0.296406	122.3855654	2.155743	0.796276704
120	0.241985	123.8516814	2.204033	0.819584272
121	0.39818	117.6355044	2.007748	0.779567748
122	0.430504	107.0447204	1.947257	0.704822142
123	0.426864	119.3932471	1.950978	0.761056905
124	0.423183	116.9398452	1.964702	0.78683004
125	0.346993	124.451385	2.109606	0.790397567
126	0.474815	112.5137418	1.88279	0.756498498
127	0.543203	109.0033013	1.767593	0.742374786
128	0.213021	124.7036485	2.21188	0.808741039
129	0.408085	119.255363	1.962897	0.780603941
130	0.384958	119.2221443	2.039431	0.780488886
131	0.426296	108.2631017	1.981082	0.755570473
132	0.432387	121.1308775	1.894945	0.795203204
133	0.280133	120.9166048	2.146007	0.816163469
134	0.32243	126.1847353	2.107156	0.795557812
135	0.329057	123.2305754	2.121142	0.811037119
136	0.390529	119.004221	2.004805	0.799703262
137	0.229766	127.9020312	2.206921	0.823776756
138	0.422656	111.4981043	1.9992	0.781119589
139	0.573354	107.3602693	1.689352	0.694186476
140	0.365473	114.4568539	2.037231	0.798987223
141	0.420385	116.4278557	1.991767	0.768862703
142	0.375578	113.0587825	1.999921	0.797108785
143	0.460702	118.054728	1.93548	0.793519781
144	0.511907	111.6242551	1.839259	0.76388131
145	0.509182	111.8599703	1.843899	0.783482566
146	0.45847	113.9260652	1.934308	0.771938543
147	0.341603	128.5591924	2.082064	0.79925876
148	0.402333	120.800909	2.006047	0.775313374
149	0.360901	115.7632871	2.053864	0.803688536
150	0.583506	109.4453951	1.680045	0.725060688
151	0.526017	114.2691076	1.802791	0.758516721
152	0.357222	120.5639957	2.073564	0.808910611
153	0.32361	120.0808432	2.07083	0.774643976
154	0.368256	120.7911655	2.055545	0.813256703
155	0.397397	116.850683	1.994219	0.758705938
156	0.430848	115.9667242	1.912038	0.780638984
157	0.270805	118.5616113	2.158277	0.815453987
158	0.412185	120.3154785	1.974065	0.779347373
159	0.332394	127.3173397	2.110703	0.82425942
160	0.527238	115.8002471	1.806467	0.782965467
161	0.413391	112.5653184	1.995032	0.794306355
162	0.413941	107.5971774	1.918396	0.754393944
163	0.508012	105.8850342	1.779917	0.745963603
164	0.392902	117.2545168	2.024373	0.761564512
165	0.418344	124.4708111	1.97518	0.817373215
166	0.404404	114.7152163	2.018129	0.781519879
167	0.411916	122.8684994	1.98426	0.790362393
168	0.407597	119.7118949	1.952054	0.780650404
169	0.414064	115.7821751	2.006126	0.758929692
170	0.418696	117.1136691	1.976589	0.775679049
171	0.436671	117.8168606	1.942192	0.798602699
172	0.540997	108.3396201	1.739577	0.750878637
173	0.26972	130.53116	2.157424	0.795894122
174	0.404035	117.6122609	2.009599	0.781741002
175	0.328848	125.0106795	2.128248	0.811324624
176	0.30259	119.9857229	2.11331	0.804128415
177	0.406317	113.7227165	1.963143	0.724424667
178	0.359243	121.8362644	1.99282	0.784468009
179	0.477206	106.9903198	1.901342	0.77043028
180	0.364846	120.7075207	2.061802	0.800164759
181	0.424667	110.4443126	1.948851	0.783665247
182	0.403035	112.580761	2.009096	0.778414266
183	0.518923	108.381391	1.807133	0.704401751
184	0.464225	112.3776889	1.897052	0.753601415
185	0.426934	115.8107824	1.967947	0.797008322
186	0.38026	119.4554823	2.05246	0.781024364
187	0.451775	120.5757374	1.924463	0.768907907
188	0.41337	120.6657779	1.982861	0.773822328
189	0.337184	112.9453919	2.060894	0.789040634
190	0.466338	111.7400942	1.905121	0.760957421
191	0.481001	110.3526259	1.863809	0.756529645
192	0.461194	114.3305119	1.887811	0.776726058
193	0.424475	121.1995212	2.000763	0.746759321
194	0.458968	116.2585637	1.893894	0.779566554
195	0.445177	118.4913874	1.901378	0.787860283
196	0.370736	112.9390796	2.028429	0.763657757
197	0.284851	131.419056	2.173904	0.831440558
198	0.340783	118.3752708	2.074692	0.812977668
199	0.393938	118.7057509	2.040646	0.777334375
200	0.414275	117.7956997	1.951767	0.78947431
201	0.498976	115.954268	1.833012	0.776609884
202	0.33539	115.7008893	2.083444	0.790974913
203	0.490032	120.8511436	1.846825	0.804655977
204	0.410334	109.0544324	2.002048	0.780297317
205	0.341624	119.4844575	2.089402	0.784671086
206	0.375574	116.2087796	1.999308	0.782852747
207	0.446687	114.0821176	1.926878	0.783990883
208	0.474631	114.1039755	1.862996	0.753871028
209	0.431999	120.5608625	1.961248	0.789553811
210	0.340672	119.8717609	2.106244	0.799928563
211	0.53204	112.1543905	1.813856	0.736862447
212	0.503803	106.9216765	1.852377	0.762663667
213	0.389944	126.0119979	2.017876	0.815293406
214	0.433412	118.1451072	1.982358	0.795526118
215	0.397268	121.5815279	2.016275	0.776970793
216	0.477526	118.9668716	1.846863	0.823413055
217	0.364274	122.9207965	2.077845	0.752067693
218	0.411097	108.9243206	1.955899	0.735638923
219	0.450962	118.9421475	1.950689	0.671282825
220	0.367617	121.6961757	2.076047	0.810099122
221	0.377954	123.1907558	2.062167	0.789829784
222	0.39096	112.1540625	1.998444	0.783414013
223	0.525514	114.1492804	1.778593	0.77962452
224	0.315502	127.4974096	2.133686	0.831156878
225	0.4172	118.2123346	1.991955	0.800160131
226	0.337293	124.7627166	2.096151	0.80175629
227	0.391033	111.6089476	1.976137	0.767510752
228	0.243217	116.8609881	2.189657	0.821500594
229	0.431781	113.7040964	1.964905	0.776453335
230	0.393951	110.8355722	2.021331	0.721091795
231	0.462585	117.3404162	1.893382	0.786352795
232	0.363302	122.6942283	2.065075	0.823786943
233	0.199274	126.0958804	2.238182	0.823859707
234	0.394227	116.7143009	2.031777	0.769040012
235	0.474508	117.7738858	1.870673	0.757455727
236	0.320097	114.647429	2.107064	0.801420486
237	0.457646	104.9953806	1.909565	0.755315116
238	0.358028	114.5520639	2.01935	0.771763586
239	0.306149	123.2077114	2.134525	0.800367067
240	0.4203	123.7801859	1.932828	0.758579994
241	0.448631	111.0430745	1.880022	0.777126689
242	0.265406	130.253174	2.191545	0.829804213
243	0.508228	118.9040503	1.846726	0.771968254
244	0.344698	123.3165519	2.093886	0.811520926
245	0.517545	118.0312274	1.810494	0.78936115
246	0.378303	110.9178348	2.024485	0.770768222
247	0.28468	119.3573392	2.121285	0.799966727
248	0.256878	116.1343227	2.135391	0.762419727
249	0.327355	128.1011819	2.121696	0.798287187
250	0.428401	122.0145494	1.984991	0.799632692
251	0.320653	124.4552632	2.128111	0.804764308
252	0.367842	117.3427995	2.040614	0.769186879
253	0.426201	113.6501332	1.930256	0.763889745
254	0.461568	121.1957692	1.92318	0.822946206
255	0.409423	113.4058148	1.985428	0.748180118
256	0.452728	116.7320368	1.929671	0.79754606
257	0.441284	116.9283374	1.928744	0.781899869
258	0.381178	117.3915533	2.048105	0.803070555
259	0.396104	119.6248742	2.032748	0.7844582
260	0.292025	127.6122686	2.157263	0.822106588
261	0.389222	114.9948401	1.967116	0.760931318
262	0.4884	115.8341555	1.861793	0.780093142
263	0.417972	117.4601158	1.95697	0.795112456
264	0.450577	115.5372584	1.936889	0.75572086
265	0.404891	115.841729	2.008074	0.818225295
266	0.475779	117.013895	1.906951	0.779039865
267	0.483684	114.9781447	1.889457	0.787756861
268	0.400794	119.6188412	2.007085	0.79451302
269	0.367861	111.5438301	2.015253	0.746760869
270	0.280736	128.8185188	2.167706	0.807489363
271	0.422674	113.8750822	1.949756	0.783742653
272	0.405666	115.8119691	1.968714	0.781720524
273	0.259347	127.5677151	2.190783	0.779527481
274	0.310041	124.0064066	2.132456	0.815919584
275	0.427633	107.5455614	1.934976	0.766405606
276	0.491863	115.0456427	1.87714	0.768927469
277	0.372816	118.4791635	2.020919	0.796502688
278	0.459095	114.4053943	1.898214	0.798438067
279	0.447602	114.1394743	1.920184	0.762077163
280	0.526118	108.0995631	1.792174	0.756947399
281	0.38405	122.0195047	2.042709	0.818717012
282	0.422751	123.2828233	1.993949	0.799196696
283	0.393698	117.2772498	2.014659	0.800155887
284	0.43293	117.5094777	1.987559	0.780319223
285	0.4366	110.7362379	1.919662	0.760803179
286	0.364	117.1157115	2.051023	0.80780769
287	0.376741	123.6198208	2.038245	0.794402253
288	0.443356	115.4751717	1.949054	0.771894799
289	0.420595	109.7979518	1.934608	0.780055159
290	0.539181	114.3929712	1.787251	0.765194554
291	0.379787	120.6210995	2.033181	0.76009325
292	0.434645	127.2948894	1.909371	0.789869252
293	0.32902	121.5845418	2.118984	0.781809108
294	0.429131	111.0320663	1.966628	0.767934542
295	0.370669	116.9347146	2.018244	0.789335326
296	0.457034	114.7333719	1.92422	0.763185491
297	0.163111	129.3575961	2.25819	0.773282118
298	0.445667	124.3034932	1.930045	0.80699935
299	0.305478	121.7813565	2.123402	0.799584581
300	0.48912	110.380005	1.859176	0.776293627
301	0.378859	114.6781501	2.054689	0.786853474
302	0.330457	121.372228	2.099844	0.778523858
303	0.43493	103.4812119	1.910331	0.756784749
304	0.373935	114.2569365	2.003181	0.764011949
305	0.515757	110.146609	1.791855	0.75494263
306	0.354274	118.6794491	2.06657	0.762051908
307	0.517353	126.8688558	1.830859	0.783158761
308	0.385834	110.3808897	2.047631	0.781598846
309	0.450269	111.5594055	1.916591	0.761554184
310	0.416981	112.837863	1.921125	0.766927961
311	0.291189	112.566312	2.112383	0.793395745
312	0.280303	123.4638174	2.152907	0.804188074
313	0.34013	119.0667492	2.08499	0.778368266
314	0.368502	123.821466	2.030184	0.779337566
315	0.233767	128.147134	2.185181	0.818382086
316	0.427608	119.0795429	1.951465	0.783119645
317	0.440601	118.9921267	1.944227	0.787796658
318	0.279635	124.4469941	2.150125	0.805331951
319	0.498339	114.7526364	1.830943	0.804098997
320	0.418827	119.2623565	2.006904	0.799529556
321	0.469529	121.6488737	1.878065	0.770237754
322	0.370681	125.6681275	2.050344	0.796204157
323	0.348814	119.0488461	2.084371	0.810350918
324	0.431331	114.8505321	1.916005	0.783891436
325	0.302404	121.6711522	2.12761	0.790360711
326	0.458601	110.7364612	1.868828	0.736808828
327	0.374631	115.5930709	2.052824	0.787203688
328	0.25275	126.8120216	2.193168	0.822678847
329	0.382838	115.8086277	2.038144	0.776964589
330	0.402431	122.7067448	2.013131	0.801687961
331	0.273275	123.6536024	2.155426	0.82324648
332	0.514968	115.4746824	1.792213	0.794060887
333	0.465348	108.0649858	1.877996	0.766777111
334	0.377654	113.9495966	2.017439	0.765250023
335	0.433891	123.2538476	1.968096	0.787866637
336	0.382957	115.1967635	1.977614	0.790204784
337	0.416563	124.4362867	1.978828	0.800136443
338	0.509425	110.4190388	1.820169	0.740204949
339	0.319398	119.000829	2.130073	0.779751135
340	0.22319	132.2450382	2.224218	0.814331485
341	0.431678	117.2303722	1.929834	0.779641846
342	0.34829	113.3937377	2.090691	0.774086506
343	0.349441	119.1547152	2.065735	0.789469764
344	0.525042	114.6377072	1.791161	0.757886744
345	0.354734	116.139152	2.024676	0.776781266
346	0.518176	121.3309557	1.838495	0.798948604
347	0.351931	122.1325554	2.091906	0.789186814
348	0.461302	123.8603317	1.903424	0.804917963
349	0.431053	109.7057367	1.929377	0.74216716
350	0.447554	111.1816517	1.906606	0.713134008
351	0.306398	123.8389415	2.121607	0.801664013
352	0.383709	124.333894	2.040824	0.82389856
353	0.447206	112.694293	1.927652	0.771100492
354	0.448692	117.0670095	1.944296	0.769974433
355	0.471002	121.9892723	1.887464	0.805251887
356	0.432806	112.4005687	1.962314	0.777988758
357	0.383169	117.584362	2.010446	0.794797125
358	0.388311	112.9987706	2.03894	0.796612936
359	0.203827	127.2393183	2.234423	0.821705507
360	0.397879	116.3631278	2.023978	0.785469984
361	0.329868	127.7815165	2.075797	0.821514662
362	0.305441	120.0790471	2.149884	0.8009805
363	0.459544	118.3974175	1.941481	0.805389036
364	0.304771	123.7797384	2.143335	0.82640429
365	0.362428	116.8579003	2.041616	0.780742813
366	0.499473	110.8895712	1.848787	0.745771576
367	0.428641	120.9344054	1.96267	0.810909299
368	0.272693	115.9830025	2.163327	0.792317898
369	0.450797	111.7138431	1.910634	0.789195214
370	0.361996	122.5437845	2.037791	0.785565458
371	0.500322	120.5597699	1.845559	0.792556191
372	0.48235	113.0607891	1.818039	0.770139059
373	0.277547	134.7587672	2.178363	0.830649741
374	0.473892	110.3989845	1.855435	0.767730739
375	0.428051	126.1389245	1.972809	0.792817618
376	0.490931	108.8213984	1.852653	0.720666395
377	0.279883	122.1281634	2.152682	0.794324027
378	0.419341	113.3811525	1.942435	0.774060366
379	0.479899	110.5100776	1.869126	0.764417318
380	0.501761	114.9346961	1.812594	0.768504629
381	0.400766	116.9520425	1.995364	0.78739149
382	0.510526	108.4669467	1.826391	0.752074085
383	0.400023	116.1271576	1.986463	0.788010202
384	0.450637	114.0473492	1.947241	0.781627232
385	0.492633	120.9577952	1.861428	0.792259548
386	0.278446	126.6945137	2.174863	0.80135377
387	0.337851	124.174137	2.091537	0.814960737
388	0.441913	116.8641611	1.976285	0.782576369
389	0.377414	114.7686606	2.037711	0.792641172
390	0.379342	123.8579932	2.069596	0.794848877
391	0.552603	111.600494	1.73582	0.709995744
392	0.354778	116.8734908	2.072356	0.804861053
393	0.4104	119.1359967	1.998693	0.79137271
394	0.303091	117.2691138	2.112077	0.779426102
395	0.47569	109.2225082	1.86683	0.7383698
396	0.434194	109.670943	1.940351	0.771967225
397	0.394619	115.5012367	1.956284	0.805988897
398	0.438661	108.6367059	1.894599	0.771050682
399	0.518704	115.3627335	1.810263	0.791705845
400	0.340477	127.8696668	2.112827	0.778681713
401	0.33092	119.3817679	2.110743	0.786917699
402	0.517958	110.0705806	1.800108	0.75081614
403	0.270984	116.9352911	2.150761	0.795708601
404	0.452153	122.04546	1.947532	0.770845675
405	0.242564	125.9051227	2.167193	0.802480971
406	0.537631	113.3477139	1.775761	0.752478608
407	0.342211	118.3528801	2.089961	0.773499361
408	0.47759	113.0672504	1.903094	0.754016552
409	0.321651	122.7198844	2.136083	0.805601138
410	0.522384	123.0755825	1.806274	0.772552332
411	0.445944	122.4961167	1.95893	0.798646951
412	0.361834	119.4750931	2.067218	0.787432776
413	0.454519	114.1111573	1.90122	0.771719489
414	0.358858	110.8453635	2.021364	0.787064994
415	0.246123	132.414395	2.179431	0.844969853
416	0.370312	120.2348478	2.061876	0.805222406
417	0.355754	122.3377499	2.031561	0.805480571
418	0.415189	119.6781544	1.969626	0.78528672
419	0.366526	117.1951445	2.052847	0.795370755
420	0.327643	120.3062636	2.066683	0.814845685
421	0.264863	112.7752593	2.154866	0.798672929
422	0.404508	118.7584147	2.001882	0.797480447
423	0.398093	116.0426598	2.036444	0.763569866
424	0.419717	112.3920691	1.990843	0.760537891
425	0.394395	120.3484314	1.999682	0.783519921
426	0.377452	113.9390625	2.049098	0.770791445
427	0.362472	122.3054722	2.037156	0.831175132
428	0.545214	116.1944468	1.785294	0.757823602
429	0.380923	116.2430982	2.027959	0.789904639
430	0.475874	114.7049482	1.891266	0.730096561
431	0.532779	104.2630411	1.790958	0.719783929
432	0.459208	114.8552531	1.912425	0.778644565
433	0.365562	108.8204162	2.067561	0.735826868
434	0.420412	115.2365649	1.993475	0.798200504
435	0.515277	121.221884	1.821511	0.825336591
436	0.45645	114.6302199	1.878158	0.780469069
437	0.391224	125.2696221	2.03293	0.819839966
438	0.416992	123.0677957	1.982804	0.789038818
439	0.17759	132.7720694	2.239629	0.837302334
440	0.459309	115.3776978	1.912254	0.756429179
441	0.281284	127.3050282	2.164564	0.82488498
442	0.326689	114.8855588	2.112878	0.783785359
443	0.347647	115.0995448	2.080138	0.781094958
444	0.387022	113.1476523	2.025287	0.78201353
445	0.302873	121.3847474	2.138716	0.811791419
446	0.33738	119.0501914	2.092908	0.812489437
447	0.416167	120.1664448	1.985405	0.819566672
448	0.377515	115.6962179	2.020335	0.778546993
449	0.454054	114.0253597	1.896184	0.789321986
450	0.345903	122.0495517	2.103263	0.7742545
451	0.408722	115.6072638	1.969085	0.684712929
452	0.494179	116.3394111	1.845061	0.747102946
453	0.407706	113.1426099	1.990706	0.767192157
454	0.417688	122.8669325	1.952486	0.810445846
455	0.383652	127.0867867	2.03588	0.802472202
456	0.270021	127.7431943	2.167411	0.842510875
457	0.399251	117.0398028	2.014762	0.788023449
458	0.36682	120.0569429	2.037206	0.798568904
459	0.316688	124.8663085	2.118549	0.822468156
460	0.344794	128.5699742	2.109838	0.791318984
461	0.460255	120.6195819	1.909122	0.76817176
462	0.305447	126.2319778	2.152508	0.80867761
463	0.423932	114.2438899	1.988879	0.772090093
464	0.489702	115.5418086	1.846876	0.763239227
465	0.487278	109.8621504	1.83661	0.731312088
466	0.354368	121.0021424	2.065746	0.761590813
467	0.335187	123.6203036	2.110836	0.798900452
468	0.545571	109.7629161	1.775031	0.739264143
469	0.445222	117.0259282	1.964013	0.774004152
470	0.458431	118.2490141	1.903704	0.757366604
471	0.503141	113.1195965	1.850546	0.738276952
472	0.42024	118.3001622	1.974611	0.819033218
473	0.273585	128.6829793	2.181175	0.82134643
474	0.381947	119.369124	1.974395	0.805154038
475	0.409531	112.6318069	2.021206	0.772475397
476	0.355502	112.9144447	2.046265	0.777533478
477	0.428339	121.2662065	1.957215	0.815353954
478	0.389961	115.6531628	2.016517	0.782332086
479	0.283255	120.5797994	2.149467	0.814851268
480	0.401468	119.0464937	2.023616	0.793819876
481	0.460385	113.9399107	1.912373	0.775429481
482	0.423416	119.2278052	1.968038	0.73244163
483	0.45859	106.1915315	1.911274	0.768168752
484	0.429781	114.6267854	1.971696	0.778878253
485	0.376529	121.7039586	2.029003	0.803410279
486	0.359364	114.393305	2.051313	0.792639894
487	0.33315	120.7335614	2.076717	0.797200907
488	0.317169	124.8589381	2.137526	0.805529166
489	0.233623	123.33359	2.209025	0.812082029
490	0.396615	109.6919622	1.948279	0.780289269
491	0.530782	112.9911827	1.770813	0.756161612
492	0.29567	125.3962037	2.136899	0.794283982
493	0.303104	123.2593584	2.069768	0.8092931
494	0.455612	115.784909	1.932632	0.76458038
495	0.411649	115.0978819	1.945352	0.765677161
496	0.257994	126.9927982	2.187815	0.84596428
497	0.444749	119.4047963	1.952443	0.801662879
498	0.371814	122.7615107	2.034441	0.803474738
499	0.408642	114.8614554	1.979086	0.801829145
500	0.441043	118.1847775	1.95275	0.791282173
501	0.450231	124.2929385	1.959894	0.786021139
502	0.479653	111.5601156	1.83968	0.753437764
503	0.496187	111.6540799	1.864352	0.770165338
504	0.261883	121.7718669	2.163208	0.788335617
505	0.381991	113.6567812	2.016079	0.766917326
506	0.372168	123.4224574	2.040998	0.789186382
507	0.418283	115.0721962	1.938791	0.770330819
508	0.425411	116.0539667	1.938	0.784348432
509	0.39998	119.3882232	2.036197	0.799734161
510	0.43766	118.1822236	1.965736	0.775955607
511	0.369771	129.0767109	2.079503	0.804551821
512	0.37729	117.6889319	2.000702	0.767881205
513	0.455616	110.6591587	1.931452	0.789152634
514	0.460703	113.3658884	1.933058	0.746576942
515	0.32741	119.5872318	2.119519	0.78594734
516	0.302635	118.6346829	2.1136	0.802092925
517	0.406338	123.5340644	1.999778	0.801761104
518	0.293189	119.6220978	2.123295	0.738627325
519	0.451198	111.4816685	1.936861	0.799434379
520	0.528276	113.8363744	1.799278	0.763946953
521	0.353183	112.2462725	2.089183	0.809944661
522	0.495839	113.5032296	1.85701	0.770276053
523	0.309259	119.1441943	2.127127	0.808676686
524	0.315086	119.2847077	2.121438	0.805253945
525	0.561985	117.7854351	1.746649	0.758998175
526	0.482265	111.5222577	1.893059	0.766453011
527	0.390939	120.3018009	2.006807	0.760057407
528	0.398612	114.7603059	1.966934	0.7798169
529	0.354447	118.3760625	2.099089	0.782167377
530	0.444185	120.4288353	1.961364	0.778066971
531	0.501976	111.0620171	1.816774	0.75965468
532	0.307735	119.9076972	2.093765	0.79935339
533	0.318506	118.7178567	2.095432	0.764258328
534	0.356656	120.9620783	2.097908	0.788851856
535	0.473703	110.6015317	1.899767	0.753964335
536	0.468084	116.7482856	1.925153	0.779230235
537	0.349612	116.2886318	2.041472	0.787777144
538	0.456168	109.9693817	1.941046	0.765205792
539	0.405798	123.0711203	1.959174	0.76610706
540	0.400609	114.8160283	2.005403	0.796127322
541	0.463176	116.6363586	1.918515	0.771490389
542	0.517021	101.6982333	1.76887	0.715315479
543	0.48755	116.8380396	1.869957	0.808704767
544	0.314829	120.5491127	2.135043	0.814434721
545	0.404412	120.7421942	1.984125	0.784948766
546	0.451452	117.3562509	1.952135	0.790830885
547	0.312294	118.5495643	2.123286	0.802909516
548	0.471192	114.5861603	1.918028	0.779616339
549	0.377129	113.1676601	2.052059	0.792428077
550	0.226901	128.7270344	2.214005	0.824721252
551	0.195221	125.0761101	2.23287	0.808331545
552	0.395618	118.9550643	2.004251	0.764037734
553	0.393759	120.8756911	1.982235	0.811580477
554	0.225489	121.7201985	2.204991	0.79987241
555	0.470092	119.6572175	1.923283	0.791742131
556	0.328576	115.6350743	2.08355	0.787760592
557	0.386053	123.9094986	2.034433	0.794122997
558	0.429806	110.7887694	1.945636	0.772657213
559	0.236202	117.7150997	2.189226	0.809184808
560	0.447697	116.012596	1.909727	0.776554597
561	0.34728	116.7147375	2.074616	0.805000825
562	0.341743	120.4445728	2.063414	0.805261217
563	0.373059	128.3995438	2.039195	0.806366704
564	0.41219	115.7349702	1.9777	0.788976841
565	0.412627	118.2030447	2.013446	0.801197504
566	0.413896	117.3648528	2.00206	0.802614776
567	0.403781	107.6071473	1.965821	0.767108352
568	0.553636	107.9360225	1.755028	0.740374369
569	0.492455	116.8152997	1.856585	0.787300674
570	0.507264	110.2896448	1.846935	0.735556587
571	0.515057	111.8672148	1.823369	0.741593912
572	0.358971	118.8823638	2.037735	0.767510856
573	0.4312	120.0767391	1.928196	0.771145787
574	0.393112	115.3521571	1.978591	0.779143036
575	0.443454	111.400457	1.922234	0.772012125
576	0.405529	115.8368738	1.999841	0.770494679
577	0.328188	117.1797671	2.100028	0.79534915
578	0.409392	118.0124321	2.022513	0.691329305
579	0.406285	119.9124403	2.013281	0.755711242
580	0.434322	114.5656609	1.932371	0.787234103
581	0.415898	117.346305	2.003735	0.785853356
582	0.464937	114.8656874	1.884359	0.79118451
583	0.312048	120.1853928	2.133076	0.823917826
584	0.515783	112.4901938	1.798941	0.722909532
585	0.408316	114.6521797	1.939748	0.775828777
586	0.479611	117.201383	1.897777	0.750416997
587	0.338079	121.7463442	2.071607	0.775737484
588	0.496325	110.1122075	1.871939	0.752304913
589	0.321197	123.592305	2.120036	0.811890981
590	0.496486	109.9622173	1.807344	0.776082885
591	0.339319	118.1483154	2.049219	0.793789944
592	0.352558	115.1113305	2.073143	0.787460075
593	0.283368	118.7533983	2.125565	0.814868776
594	0.345551	121.2247534	2.095354	0.786148932
595	0.33252	123.9515218	2.087086	0.82155113
596	0.51024	126.9941939	1.846965	0.812361726
597	0.42041	117.8309217	1.964664	0.767728069
598	0.347786	116.9816287	2.087258	0.793553611
599	0.360546	124.8124867	2.056963	0.807328812
600	0.406108	123.5939063	1.972888	0.808404933
601	0.365833	121.9396988	2.044279	0.803862762
602	0.598341	118.388941	1.65272	0.750232981
603	0.485768	116.3538399	1.879586	0.769394561
604	0.388414	113.7997022	2.003432	0.782025782
605	0.377742	115.836824	2.041653	0.798065686
606	0.439217	112.7387363	1.927852	0.762060555
607	0.347923	117.1395712	2.065489	0.772178668
608	0.442812	109.1188349	1.95697	0.770803938
609	0.571989	114.3368483	1.693097	0.738562474
610	0.475552	111.8832634	1.872071	0.767645602
611	0.425177	115.6820524	1.927895	0.79532498
612	0.447909	120.3350312	1.916936	0.778289516
613	0.518585	114.5580067	1.814293	0.793497697
614	0.437853	107.578649	1.92057	0.786035923
615	0.519486	110.2233807	1.770005	0.757067881
616	0.312935	123.8249632	2.116168	0.814590258
617	0.3653	111.4550693	2.042969	0.768609609
618	0.375851	118.3551531	2.043498	0.771002414
619	0.394066	120.6688384	2.048793	0.781083928
620	0.431333	106.6284745	1.916747	0.775142261
621	0.468614	120.4889356	1.927903	0.766036343
622	0.387252	115.2715276	2.03538	0.766214696
623	0.477982	118.344245	1.903524	0.783345739
624	0.391717	116.9675805	2.010492	0.803932824
625	0.390134	114.7193936	1.985125	0.792806094
626	0.570518	100.3905136	1.670945	0.732111362
627	0.337316	120.9176131	2.104984	0.751061531
628	0.400645	112.3842359	1.99147	0.770849154
629	0.342801	121.5265156	2.076062	0.794655237
630	0.37748	112.2098778	2.003809	0.787902994
631	0.311393	118.1479172	2.037911	0.783726269
632	0.467545	116.6754889	1.895364	0.781940976
633	0.348601	112.7972086	2.036006	0.767572695
634	0.493042	111.0525155	1.87749	0.732981318
635	0.417952	118.4300333	1.995894	0.802145102
636	0.415482	126.1193015	1.98674	0.782915841
637	0.428401	114.6496685	1.989227	0.734290263
638	0.334762	117.8546045	2.092702	0.808562221
639	0.381505	110.0053345	2.060177	0.771866473
640	0.266069	121.0992846	2.175341	0.781487687
641	0.424274	121.1840682	1.961322	0.775806471
642	0.428058	118.6892895	1.983916	0.799471696
643	0.324176	124.6161446	2.119715	0.796039197
644	0.394593	120.5497898	2.041329	0.791419955
645	0.361301	116.7011604	2.049967	0.790587464
646	0.418781	115.2724588	1.929609	0.787991254
647	0.401988	115.9005712	1.991719	0.7784244
648	0.259831	115.4107164	2.193892	0.796639678
649	0.489756	120.3127634	1.873064	0.789571968
650	0.393007	119.1117881	2.032801	0.789674732
651	0.398366	122.9272072	1.998845	0.802708865
652	0.38313	117.465474	2.008736	0.781296192
653	0.376127	120.4502443	2.061348	0.778304854
654	0.424697	109.4281424	1.980733	0.763185579
655	0.21441	128.3484128	2.222706	0.834206767
656	0.287855	122.2029634	2.106992	0.789222299
657	0.430359	120.44729	1.97084	0.77549508
658	0.446002	111.8726204	1.907006	0.755142379
659	0.437255	105.0968377	1.937556	0.775249322
660	0.408084	120.2786044	1.956305	0.76905519
661	0.427663	112.6013673	1.928099	0.781449616
662	0.490451	118.3030286	1.884976	0.802009573
663	0.348831	118.6326758	2.081288	0.799700795
664	0.252009	128.3803644	2.201782	0.820742006
665	0.503273	111.1113692	1.825225	0.769272557
666	0.488237	119.2086193	1.897306	0.786979666
667	0.43916	119.7020313	1.929083	0.76062703
668	0.318249	125.9682457	2.13899	0.829643649
669	0.422306	113.3270432	1.953471	0.740207173
670	0.398503	119.0980024	2.035633	0.804490445
671	0.430783	113.2585111	1.953893	0.764777695
672	0.33536	115.7605923	2.066028	0.79116256
673	0.372623	118.6637581	2.010344	0.807105914
674	0.449675	118.6960945	1.961841	0.79983119
675	0.452718	118.2364132	1.903127	0.742570651
676	0.429138	109.939301	1.952466	0.782957986
677	0.40638	114.4860511	1.987566	0.77675145
678	0.661394	104.2541592	1.502044	0.674894813
679	0.426154	116.9730335	1.966517	0.780577067
680	0.378516	116.201784	2.032129	0.786694018
681	0.324218	125.791559	2.10917	0.809360009
682	0.291557	123.4618674	2.149362	0.809649717
683	0.376846	118.3074725	2.046724	0.793929985
684	0.592699	116.9924426	1.677405	0.778064773
685	0.407245	119.6492623	1.98298	0.797117202
686	0.427997	115.7790956	1.958636	0.780964479
687	0.327583	125.2454033	2.093824	0.802694127
688	0.352044	124.3875876	2.099159	0.822311196
689	0.326641	122.8446637	2.121872	0.794103484
690	0.358673	113.3305549	2.06856	0.772626627
691	0.334717	119.6295687	2.100702	0.753888146
692	0.43203	119.2078141	1.966015	0.78065826
693	0.462659	112.33226	1.92806	0.770973332
694	0.482895	111.1942548	1.897651	0.773288048
695	0.251799	126.6450363	2.196584	0.828619349
696	0.31247	125.4233437	2.129922	0.795102584
697	0.519589	109.546742	1.770171	0.764299409
698	0.404867	120.4810368	2.030056	0.757894558
699	0.380351	124.8231141	2.033196	0.801436127
700	0.57084	114.0834503	1.693552	0.752246344
701	0.214148	128.3058428	2.226872	0.809557823
702	0.377992	120.1945707	2.047956	0.819056971
703	0.450236	110.2957752	1.930659	0.74506452
704	0.420566	116.9656368	1.98892	0.711190808
705	0.347982	112.2847962	2.084603	0.780156473
706	0.573167	108.0382798	1.723202	0.750890589
707	0.516872	105.2097705	1.798595	0.756803927
708	0.444506	119.6541414	1.934707	0.809078545
709	0.441402	114.5035474	1.919416	0.779722172
710	0.34927	120.2415564	2.105918	0.785689466
711	0.331662	113.6444095	2.076079	0.784632112
712	0.519716	111.3894659	1.795185	0.764167224
713	0.292365	120.2391917	2.135767	0.799654544
714	0.412845	112.4766799	1.981728	0.793367484
715	0.524865	117.5116798	1.810063	0.779905169
716	0.435433	119.4372461	1.94432	0.783938625
717	0.313976	114.5901917	2.076369	0.763922582
718	0.468501	113.9891733	1.882849	0.76784425
719	0.375065	118.4643949	2.028074	0.790004172
720	0.407	112.8991148	1.972282	0.752949587
721	0.349852	114.0306359	2.069336	0.78554511
722	0.229545	123.3142609	2.191811	0.823126118
723	0.448888	114.9208849	1.943583	0.758997686
724	0.441466	112.2525597	1.926643	0.763989776
725	0.529671	108.9472048	1.80737	0.758833619
726	0.524752	119.4746588	1.837163	0.794975614
727	0.342448	115.8108354	2.061991	0.790268016
728	0.267819	122.7904275	2.179884	0.815681827
729	0.55286	114.1485046	1.746933	0.733862935
730	0.324376	135.5368429	2.102368	0.854478872
731	0.328113	124.4923174	2.090913	0.814288192
732	0.503812	109.0705293	1.825531	0.754445357
733	0.436478	116.7492759	1.953777	0.78124101
734	0.412992	115.8055259	1.973117	0.770506958
735	0.498649	119.1177651	1.847316	0.790830733
736	0.527882	105.3808282	1.757689	0.739663873
737	0.330279	119.5792652	2.09489	0.805442174
738	0.528667	110.0458799	1.783444	0.733927589
739	0.447465	120.6782289	1.955478	0.801878908
740	0.341174	118.567734	2.094028	0.805260153
741	0.412845	124.9371831	2.017979	0.803903244
742	0.347473	116.6459689	2.077539	0.800892914
743	0.35967	120.0450978	2.054803	0.827070202
744	0.542206	113.9257574	1.773383	0.745069782
745	0.517354	104.5847591	1.803479	0.745851601
746	0.437693	128.8287148	1.943393	0.811501602
747	0.452119	110.3495384	1.894442	0.780728193
748	0.565516	107.4661525	1.716738	0.743721016
749	0.459907	113.784477	1.913663	0.785045354
750	0.468215	115.7851575	1.887549	0.776658862
751	0.474001	121.1690615	1.927324	0.783838003
752	0.410759	121.8042027	1.969792	0.811648047
753	0.401247	100.8956002	1.993953	0.770292688
754	0.33273	125.9831033	2.116363	0.791842599
755	0.358099	117.9599977	2.067825	0.783697792
756	0.373493	120.4745575	2.049729	0.810041522
757	0.485906	114.3515431	1.888009	0.779284879
758	0.593707	122.3452745	1.657914	0.786571531
759	0.520651	118.7206588	1.79175	0.780559337
760	0.360894	129.1224816	2.079872	0.810554944
761	0.322902	119.753419	2.093553	0.811080009
762	0.423388	116.7292661	1.975347	0.762835662
763	0.473092	109.0219895	1.89534	0.758081638
764	0.262498	122.9437487	2.173573	0.801942091
765	0.426137	120.03413	1.980958	0.756482019
766	0.454083	112.1831488	1.923999	0.772833035
767	0.462091	112.795195	1.877383	0.787166857
768	0.378308	117.4662866	2.033162	0.761862148
769	0.453026	106.8021062	1.909616	0.774548079
770	0.318428	120.0979225	2.117461	0.785981405
771	0.493096	110.9587373	1.861468	0.777141691
772	0.517978	113.1168583	1.810266	0.731400269
773	0.393609	118.8569782	2.041901	0.787959101
774	0.365791	111.5742607	2.006364	0.771212692
775	0.342928	116.4472932	2.063578	0.774780001
776	0.246762	123.7259702	2.193472	0.80939342
777	0.406217	107.2218733	1.957624	0.76603987
778	0.550075	110.4623451	1.779597	0.728742538
779	0.499335	113.967997	1.868619	0.80301509
780	0.35616	121.722911	2.072221	0.795372206
781	0.262452	120.939606	2.153339	0.806122787
782	0.269987	127.5285164	2.162558	0.825763732
783	0.410347	121.3236274	1.998285	0.791702355
784	0.316127	119.9161707	2.130509	0.793880235
785	0.228322	132.379408	2.214182	0.833638246
786	0.310643	123.8493441	2.120396	0.820082997
787	0.452622	113.9464316	1.906412	0.769085722
788	0.436583	114.1084204	1.9592	0.765607599
789	0.510163	118.9928926	1.847869	0.765334882
790	0.346094	115.7916747	2.028238	0.772727817
791	0.438513	115.1003101	1.943685	0.764641869
792	0.295081	116.3210173	2.146245	0.758608281
793	0.420725	118.5530642	1.970299	0.770637142
794	0.244878	131.8133906	2.205971	0.824025863
795	0.350569	126.0861831	2.079917	0.789284192
796	0.485054	109.4493798	1.822351	0.746251251
797	0.246521	124.1799075	2.190076	0.819799233
798	0.404751	120.8270393	1.995505	0.786331293
799	0.243371	126.9654188	2.202226	0.808441292
800	0.338965	118.8134849	2.061856	0.788021396
801	0.280062	118.610802	2.169812	0.81540204
802	0.413022	116.5976911	2.00393	0.777219433
803	0.304654	121.9948654	2.125821	0.819006839
804	0.32354	112.9981912	2.118368	0.764253495
805	0.519803	113.1603208	1.775419	0.746055287
806	0.528086	114.401628	1.754816	0.753462333
807	0.480936	117.2409873	1.892324	0.793532147
808	0.482044	110.0609033	1.879684	0.752766365
809	0.516844	113.6364555	1.804363	0.758225881
810	0.593991	112.2512517	1.683189	0.696200056
811	0.290887	127.9762787	2.140553	0.812234668
812	0.426184	109.0575073	1.931807	0.76407718
813	0.430234	113.6789836	1.970289	0.778977217
814	0.365566	108.8898434	2.013409	0.769010821
815	0.509512	116.6053774	1.8342	0.748420099
816	0.518167	115.7039031	1.826034	0.764543681
817	0.416002	110.4186729	1.973998	0.769601821
818	0.373514	120.4243762	2.03123	0.786370677
819	0.327651	121.5173494	2.117743	0.811174857
820	0.496918	112.4913494	1.864682	0.740671662
821	0.313738	116.9374768	2.124391	0.787870046
822	0.506067	116.0443781	1.812916	0.747229684
823	0.426452	107.6036319	1.922013	0.768830933
824	0.42443	116.6894541	1.940625	0.784241948
825	0.433183	114.4095563	1.964781	0.789807725
826	0.516328	114.5018921	1.794982	0.78460985
827	0.40286	108.4454528	1.983728	0.782263764
828	0.35827	120.1057872	2.050306	0.787873433
829	0.42088	114.2186748	1.987506	0.758184955
830	0.248763	120.3519647	2.122201	0.787934686
831	0.475538	113.5652995	1.917292	0.761936616
832	0.409435	113.9612737	1.936524	0.762402125
833	0.412316	112.5921324	1.994219	0.778411826
834	0.27306	121.2295017	2.153544	0.80536609
835	0.32029	121.0769861	2.096842	0.799306343
836	0.446688	118.3345612	1.950955	0.78232364
837	0.439109	112.7641487	1.943842	0.766937151
838	0.480198	107.1734134	1.882029	0.759198456
839	0.327393	112.9627494	2.100558	0.769748907
840	0.440922	115.0527977	1.926421	0.771557757
841	0.498738	115.1518805	1.864249	0.752339983
842	0.468824	116.8108385	1.894242	0.777161383
843	0.389913	118.5759935	2.010522	0.796131638
844	0.403591	116.1520159	2.003029	0.799981316
845	0.263058	117.6312486	2.142003	0.767542126
846	0.422948	124.7583567	1.983973	0.780942902
847	0.42185	112.7152463	1.957737	0.773872315
848	0.434314	113.2402931	1.966038	0.774562988
849	0.270948	127.7047721	2.177641	0.810209663
850	0.462696	109.1088571	1.889378	0.777166006
851	0.383634	116.5539525	2.044404	0.788667111
852	0.44469	109.6353237	1.940496	0.761182768
853	0.461866	108.7241811	1.909495	0.735592672
854	0.485956	111.3134174	1.893935	0.771164252
855	0.405819	113.5735208	1.997998	0.785462404
856	0.35273	123.4990112	2.067242	0.801082826
857	0.393384	116.1380216	2.002011	0.788568451
858	0.456546	107.337257	1.907296	0.756749952
859	0.411911	123.1756439	1.972035	0.771165368
860	0.494076	109.2215616	1.820296	0.763968849
861	0.421051	112.8204916	1.971316	0.771441638
862	0.387218	119.2840333	1.95976	0.787275758
863	0.47229	119.2634272	1.889316	0.808558423
864	0.433984	115.005363	1.95215	0.783694744
865	0.392196	117.9386477	2.007372	0.796036512
866	0.346771	108.4878596	2.036106	0.742958416
867	0.51252	111.278349	1.823318	0.761258286
868	0.286137	123.0509956	2.163674	0.822068079
869	0.482636	110.9157449	1.853212	0.771204452
870	0.248489	124.5181084	2.19412	0.830782584
871	0.376535	117.4382181	2.023317	0.779849691
872	0.355841	115.4970643	2.064327	0.809577629
873	0.553302	115.4207779	1.77761	0.731643556
874	0.210091	120.3074346	2.228321	0.822117667
875	0.338677	120.935866	2.065482	0.796490958
876	0.312742	120.4818295	2.114447	0.806656618
877	0.344965	126.0901025	2.061676	0.832084118
878	0.499488	115.7137188	1.852057	0.776147483
879	0.486355	120.4114582	1.849527	0.77827864
880	0.412281	114.8635165	2.002599	0.818195026
881	0.181265	132.6195515	2.24143	0.836672719
882	0.51651	114.0435312	1.770701	0.669923395
883	0.328688	129.1094063	2.126555	0.802500503
884	0.279505	127.6807398	2.172964	0.812505894
885	0.342567	117.0706732	2.078914	0.782909657
886	0.438497	117.3957761	1.965619	0.781996021
887	0.376297	121.5428688	2.021309	0.749451613
888	0.304036	117.9998419	2.128726	0.799566636
889	0.384445	120.0538362	2.005759	0.797853306
890	0.49035	103.3652053	1.819752	0.749646096
891	0.297145	121.1993265	2.124844	0.796782052
892	0.352032	119.0106287	2.010399	0.819264183
893	0.519808	120.9500735	1.845393	0.80360248
894	0.378405	116.7861065	2.04257	0.787382466
895	0.449906	116.8896039	1.955992	0.792416188
896	0.456505	113.1650255	1.944773	0.763956624
897	0.425784	117.2193278	1.95643	0.780391578
898	0.333728	118.76048	2.087505	0.797361873
899	0.457709	115.6524612	1.880605	0.756883337
900	0.367952	117.0384971	2.052118	0.799460803
901	0.428847	115.761473	1.962585	0.765550316
902	0.429913	114.1493872	1.96508	0.771300575
903	0.422831	108.1535227	1.949824	0.775383854
904	0.327461	122.5771359	2.111922	0.797445325
905	0.366093	126.0732269	2.076333	0.814857156
906	0.352607	117.9564366	2.054106	0.786731822
907	0.462366	115.7195856	1.847861	0.780509979
908	0.396084	120.1511713	1.98473	0.790739669
909	0.328371	123.6522224	2.084761	0.815349825
910	0.533199	113.2164609	1.777292	0.76775407
911	0.464846	120.1862585	1.880103	0.806998451
912	0.373502	122.0689895	2.040811	0.800368122
913	0.317598	125.9421816	2.118451	0.829882921
914	0.510808	123.5212014	1.84273	0.780817351
915	0.538024	110.6077047	1.740064	0.74561083
916	0.309721	113.763956	2.121645	0.77394085
917	0.347811	118.2407744	2.083813	0.797543788
918	0.328949	121.8253363	2.087439	0.821355501
919	0.353426	116.7921164	2.089288	0.789412271
920	0.456487	117.2429531	1.936017	0.792058264
921	0.433751	123.6326935	1.942539	0.776207027
922	0.424618	113.1170304	1.978268	0.777194657
923	0.335831	112.0703774	2.051024	0.772998551
924	0.60142	121.7764382	1.65862	0.790079221
925	0.327945	117.2727639	2.115578	0.807529603
926	0.244637	116.5646071	2.18564	0.806902082
927	0.444339	116.0750678	1.913688	0.775602671
928	0.478002	111.0792544	1.898071	0.759915501
929	0.576434	105.3015836	1.707271	0.739156128
930	0.420006	125.6858027	2.005355	0.806519746
931	0.339349	120.6280706	2.093949	0.803463349
932	0.351069	118.372076	2.0758	0.764323727
933	0.409224	112.1051804	1.969975	0.774386478
934	0.582647	121.2029166	1.684707	0.794428866
935	0.280387	120.7144367	2.162327	0.799090145
936	0.361197	113.324936	2.064973	0.771412534
937	0.443565	118.9303081	1.910964	0.763494394
938	0.449906	109.862325	1.92141	0.786991336
939	0.547558	114.5530061	1.781197	0.724218019
940	0.328757	116.4917418	2.102569	0.793270312
941	0.409864	115.9501567	1.993442	0.782776147
942	0.28244	120.997743	2.161482	0.798204552
943	0.419612	123.0606406	1.957832	0.818087745
944	0.496671	118.3530876	1.854498	0.740220982
945	0.495318	115.090333	1.833942	0.772792393
946	0.3968	109.3612332	2.015581	0.761511096
947	0.318735	115.5951851	2.110126	0.79483446
948	0.451575	110.110955	1.918079	0.770208103
949	0.432021	111.0549358	1.966522	0.765016946
950	0.338109	121.0405	2.064416	0.799583989
951	0.242984	119.9797149	2.198024	0.815987318
952	0.324971	127.8540637	2.133656	0.821212232
953	0.39125	109.9206805	1.980462	0.773310146
954	0.335858	122.7282586	2.098377	0.8033631
955	0.36768	118.3774578	2.022329	0.752552857
956	0.296415	120.3171188	2.11305	0.785169833
957	0.389645	111.2860623	2.025458	0.789507521
958	0.446104	118.4429786	1.936493	0.770731705
959	0.259274	121.0177763	2.146979	0.802762336
960	0.323387	119.9375024	2.050673	0.814813129
961	0.471051	114.9345016	1.8584	0.775923713
962	0.371295	122.3166326	2.040345	0.808399352
963	0.386801	116.0632227	1.98975	0.785160552
964	0.283144	122.9840651	2.140572	0.808348013
965	0.501669	107.6965292	1.860779	0.684022809
966	0.422988	114.1383918	1.950495	0.77306192
967	0.41771	117.6470327	1.995871	0.795965286
968	0.306867	122.4662268	2.143935	0.824931109
969	0.394615	124.1328371	2.043974	0.816350099
970	0.433572	109.6469313	1.958961	0.770159617
971	0.641022	113.0464982	1.563954	0.730996606
972	0.452472	114.867201	1.892285	0.732117873
973	0.328306	114.7081684	2.084872	0.789629917
974	0.40089	117.205253	2.017973	0.769592004
975	0.47068	117.7415454	1.904458	0.774309123
976	0.364013	119.4376062	2.069911	0.759370014
977	0.449179	119.7808219	1.930268	0.788080839
978	0.322224	115.4764038	2.081007	0.76631441
979	0.437315	115.6659415	1.936631	0.787792082
980	0.330128	117.6684244	2.098503	0.81452172
981	0.436196	119.368388	1.957717	0.768732502
982	0.435528	115.8501347	1.935116	0.772532974
983	0.329288	111.2548335	2.062092	0.778702756
984	0.49778	116.3474784	1.856108	0.783670322
985	0.455226	112.6931233	1.926168	0.793074283
986	0.486083	105.9061357	1.837963	0.783601944
987	0.490817	117.699002	1.838588	0.717220465
988	0.392774	112.4630114	1.976872	0.771739798
989	0.506588	115.9124389	1.84691	0.767111297
990	0.38867	122.3056254	1.988397	0.797207754
991	0.385931	121.8679733	2.055113	0.783495446
992	0.472357	121.6918119	1.908914	0.782539247
993	0.409192	116.5162249	2.024667	0.777548688
994	0.48884	110.8115949	1.820268	0.744163367
995	0.470692	115.5445577	1.861765	0.764206854
996	0.430886	118.6713962	1.980428	0.787673764
997	0.641074	114.3504023	1.550139	0.745856657
998	0.465856	114.3752321	1.873456	0.73663495
999	0.246405	126.5633342	2.192373	0.817013228
1000	0.491743	107.4790078	1.87791	0.749514721