rep	aei_left	left_area	adi_left	H
1	0.353067	119.119689	2.05294	0.819297755
2	0.350491	117.1300956	2.076448	0.828544389
3	0.208795	127.1635469	2.218856	0.85203168
4	0.40798	119.6689143	2.015489	0.807144545
5	0.285433	118.5278719	2.13869	0.822937713
6	0.3655	112.1813323	1.996456	0.80604058
7	0.356851	122.8379614	2.068315	0.832367266
8	0.306124	125.1902301	2.139239	0.825320286
9	0.399692	118.1658661	2.006296	0.815991695
10	0.29308	116.6506901	2.066875	0.819576282
11	0.342065	119.0062287	2.071101	0.827627745
12	0.34038	118.9683373	2.092589	0.801135787
13	0.320696	117.5191876	2.074232	0.823867923
14	0.342929	120.2712206	2.102386	0.822010219
15	0.421419	117.6551675	1.994619	0.799039706
16	0.416845	119.5118559	1.984434	0.829530102
17	0.327314	120.932062	2.06298	0.814804715
18	0.485684	118.9663893	1.882124	0.765743911
19	0.231855	126.8130295	2.19635	0.845475548
20	0.364333	117.7685549	2.034106	0.823970591
21	0.230378	121.7065375	2.185675	0.838075619
22	0.416886	122.0693377	1.986131	0.787396207
23	0.419137	119.8752082	1.973895	0.791049286
24	0.226824	121.5108722	2.18541	0.837791757
25	0.317392	119.4234042	2.11686	0.826119527
26	0.399225	116.9801289	2.009614	0.798501127
27	0.326431	122.661887	2.115033	0.808040667
28	0.46162	120.2119641	1.922979	0.815990985
29	0.391816	117.9607732	2.009988	0.811329794
30	0.489647	121.6745409	1.86946	0.833323805
31	0.448133	118.2009714	1.925088	0.797232732
32	0.329241	123.3315549	2.091263	0.819141239
33	0.331594	120.81498	2.078429	0.844122899
34	0.330606	119.0920503	2.098154	0.818733334
35	0.440239	111.857277	1.931507	0.78177806
36	0.44576	119.3284342	1.94208	0.814577159
37	0.408316	122.0993389	1.997044	0.823154921
38	0.406626	115.7819175	1.996392	0.811126927
39	0.42467	115.757416	1.946108	0.79721591
40	0.366529	117.3351297	2.014214	0.796870984
41	0.355829	121.1532945	2.071738	0.827703835
42	0.309312	122.7711208	2.128109	0.832799189
43	0.339933	117.7972298	2.076889	0.810233258
44	0.382592	113.4884782	2.01396	0.797762197
45	0.368775	118.5407535	2.052737	0.811755278
46	0.362227	125.9532824	2.066556	0.840238356
47	0.376031	114.6867992	1.987062	0.797976952
48	0.424795	120.5064	1.977521	0.782558242
49	0.360338	120.3173559	2.058371	0.80908031
50	0.163317	129.3253872	2.254546	0.858601933
51	0.380881	120.4689293	2.021333	0.810111801
52	0.469353	113.4609157	1.849417	0.794743209
53	0.422636	120.5850679	1.975023	0.796955656
54	0.31015	120.0484179	2.11287	0.826398811
55	0.38221	119.7534509	2.014418	0.824074069
56	0.340694	121.9019068	2.094078	0.815387162
57	0.287488	118.1650919	2.134457	0.824318516
58	0.374962	117.4249821	2.020468	0.813635299
59	0.390044	119.6604802	2.020631	0.795451653
60	0.293637	123.8598755	2.132246	0.82706998
61	0.364728	119.4494381	2.051778	0.816760499
62	0.402058	115.0798007	1.98802	0.797381057
63	0.375315	117.0737685	2.025052	0.822197036
64	0.200217	126.4250613	2.232727	0.84232309
65	0.45103	118.0225259	1.930096	0.803214354
66	0.341249	119.9528598	2.109362	0.819925083
67	0.292061	124.0559056	2.148419	0.805537036
68	0.464687	119.0600198	1.92241	0.831558385
69	0.352572	121.9280409	2.049836	0.815520742
70	0.316207	129.1110934	2.123477	0.839269369
71	0.3772	120.5988013	2.044677	0.819081452
72	0.417442	113.4928005	1.912511	0.79884281
73	0.269141	126.5994885	2.155675	0.841679845
74	0.355693	120.4432097	2.07953	0.809573485
75	0.344872	118.561632	2.041823	0.806581062
76	0.439027	113.6450383	1.96701	0.771793934
77	0.326478	125.4725774	2.103319	0.81764708
78	0.373166	116.4099521	2.02665	0.782483563
79	0.369917	120.8350233	2.037647	0.832754064
80	0.314003	119.8410693	2.110306	0.833750821
81	0.402251	118.6982594	1.981059	0.813948261
82	0.392752	119.0011136	2.010697	0.819096051
83	0.17585	131.0239941	2.246625	0.848700165
84	0.30642	121.1736289	2.096465	0.840856455
85	0.434749	118.2891428	1.935215	0.785450773
86	0.342279	123.095583	2.08435	0.839416115
87	0.408308	116.2255567	2.004827	0.800016128
88	0.31395	119.7175223	2.085643	0.813687766
89	0.364901	119.708829	2.022286	0.823165482
90	0.392552	122.6920487	2.030405	0.823624622
91	0.338797	116.5562635	2.053198	0.812095416
92	0.360451	120.5744991	2.010967	0.81912603
93	0.378493	114.1655826	2.006042	0.804936738
94	0.456548	113.6641618	1.921333	0.789817044
95	0.428069	122.8964601	1.945791	0.822507704
96	0.374065	115.2804209	2.003964	0.777296846
97	0.256813	123.9316453	2.184654	0.838659938
98	0.291617	119.8553076	2.10891	0.80845113
99	0.343999	123.3030966	2.075637	0.833403094
100	0.399342	115.3684644	2.021713	0.804255725
101	0.406791	116.9223199	1.995661	0.784053618
102	0.449316	116.9004339	1.914589	0.824256839
103	0.402757	120.5464513	1.993592	0.808350024
104	0.373488	115.1658681	1.998785	0.817972646
105	0.372763	118.6098467	2.034202	0.804317291
106	0.497056	115.3896733	1.813503	0.788582944
107	0.418244	119.8195115	1.960838	0.810578324
108	0.428393	122.561228	1.968786	0.828069275
109	0.42052	118.9068071	1.960604	0.814545724
110	0.479748	113.0806664	1.85258	0.803617252
111	0.40702	114.0335941	1.958452	0.793399938
112	0.259763	122.6752664	2.13807	0.852440392
113	0.336192	120.2345817	2.083394	0.825114881
114	0.392766	116.1466606	2.001282	0.801138475
115	0.469053	111.8712165	1.911035	0.765229025
116	0.385275	115.1282526	2.016899	0.793204301
117	0.268207	122.9948248	2.172055	0.852409193
118	0.332967	124.6848125	2.065538	0.831240504
119	0.353857	118.375308	2.058703	0.822826383
120	0.388786	117.2278942	1.998922	0.803052693
121	0.311138	124.2842656	2.122114	0.839557187
122	0.352396	122.4311144	2.073469	0.839656203
123	0.356472	121.3937028	2.053542	0.82901912
124	0.217555	129.1940395	2.216502	0.851831374
125	0.341367	121.9167834	2.053036	0.805506575
126	0.47437	125.4501333	1.855444	0.846163445
127	0.397093	120.66447	2.013868	0.835322523
128	0.451452	120.1192628	1.934162	0.802023901
129	0.327595	115.2553523	2.092192	0.810187989
130	0.324737	120.9949538	2.098856	0.813518085
131	0.364338	119.9671161	2.0779	0.814432601
132	0.367069	120.1718135	2.056293	0.812441287
133	0.305616	123.9183617	2.101466	0.823111941
134	0.418382	119.7599981	1.92977	0.817690559
135	0.429099	111.3025282	1.932358	0.785840671
136	0.394036	118.6767414	2.01323	0.799410499
137	0.352406	124.1874897	2.065099	0.82374848
138	0.355538	118.5549496	2.030211	0.807520221
139	0.368256	121.7093979	2.031326	0.846451025
140	0.29372	121.6195441	2.100048	0.83286377
141	0.359056	121.0507753	2.064049	0.813716044
142	0.437015	118.8528698	1.927942	0.816067591
143	0.474183	123.8908279	1.878341	0.841837882
144	0.301009	122.8549576	2.129624	0.840659033
145	0.502632	114.9430251	1.808549	0.773381826
146	0.384683	117.6523406	2.039509	0.82355405
147	0.270649	118.0813007	2.150227	0.823741941
148	0.263448	124.4046923	2.165699	0.843115446
149	0.435186	118.3007839	1.895941	0.807881939
150	0.389403	113.9383365	2.001596	0.801306479
151	0.306539	125.4523574	2.143604	0.838195253
152	0.475486	111.1977133	1.87165	0.767765906
153	0.329192	122.3696603	2.092855	0.839951139
154	0.375824	118.4655303	2.045812	0.818588716
155	0.308064	119.0802069	2.123648	0.830131017
156	0.370752	123.4454238	2.047223	0.825709182
157	0.417766	122.5776736	1.978468	0.82408904
158	0.292097	122.7336039	2.12877	0.837334779
159	0.338423	126.2949269	2.104885	0.822244191
160	0.390691	116.0619863	2.002036	0.803319848
161	0.314006	126.4349077	2.110162	0.837315357
162	0.274314	119.4724095	2.15436	0.833668818
163	0.407376	113.2957811	1.945032	0.784917871
164	0.349193	119.0127079	2.067645	0.815096283
165	0.440538	114.1068414	1.927306	0.785600553
166	0.320321	119.9664268	2.096043	0.815424634
167	0.412114	121.5024137	1.997552	0.823178682
168	0.261666	123.4832286	2.171052	0.827416417
169	0.317584	118.6266622	2.094744	0.811210494
170	0.413658	124.5514959	1.989301	0.82362819
171	0.427326	117.3631319	1.938094	0.808914857
172	0.392207	118.0622629	2.026947	0.82108385
173	0.337084	123.2876291	2.11194	0.831902897
174	0.319961	127.9611259	2.137777	0.852704336
175	0.51309	107.8551596	1.808512	0.76397595
176	0.362741	119.5758346	2.043706	0.823872146
177	0.404375	119.111126	2.007618	0.809089438
178	0.361409	116.1750093	2.03176	0.799958301
179	0.449948	115.0551089	1.917363	0.778695932
180	0.404063	122.5108621	1.963446	0.819438261
181	0.372141	121.249429	2.005469	0.807955647
182	0.471045	115.4655026	1.902344	0.788367872
183	0.521684	115.339553	1.785356	0.7982301
184	0.423629	116.3830255	1.938688	0.807199956
185	0.357121	124.5356939	2.082922	0.822008749
186	0.524838	116.527002	1.826241	0.7830565
187	0.546197	109.2794748	1.729516	0.751962447
188	0.301773	125.5447811	2.137149	0.837084243
189	0.458943	116.0692545	1.916164	0.80834929
190	0.322547	122.1078779	2.072071	0.829569788
191	0.267056	127.6716005	2.163311	0.856176018
192	0.472423	112.8052721	1.862632	0.797153455
193	0.393395	116.9856885	1.994664	0.77592795
194	0.377482	113.9119578	1.990534	0.805890122
195	0.389527	117.8198329	1.997068	0.80643605
196	0.366202	118.6774559	2.022609	0.813680571
197	0.369382	120.2819646	2.02453	0.828930005
198	0.302348	121.7420107	2.129082	0.84077793
199	0.402615	114.0171161	1.994621	0.806153972
200	0.322307	118.9483897	2.095301	0.82602078
201	0.451463	131.6679772	1.939157	0.836298048
202	0.389244	121.7700356	2.012247	0.824432111
203	0.353981	118.8426029	2.050114	0.800904777
204	0.426149	118.2776155	1.929128	0.786373013
205	0.35587	119.8942512	2.047827	0.814526444
206	0.35792	118.957086	2.063148	0.830790864
207	0.438965	120.565559	1.975202	0.808705074
208	0.443759	119.3611682	1.939738	0.803760323
209	0.353716	119.3772264	2.057422	0.804876263
210	0.354393	119.6495898	2.037803	0.81485961
211	0.435254	114.6459065	1.912762	0.80906145
212	0.383941	120.0651885	2.009811	0.816255014
213	0.431179	127.9777225	1.999747	0.825956491
214	0.438154	116.3015788	1.90073	0.782001736
215	0.332614	128.6220477	2.117388	0.840690784
216	0.386143	122.264235	1.977083	0.821648506
217	0.331128	115.9754464	2.072971	0.81009116
218	0.40014	118.6732735	1.968962	0.793336787
219	0.418474	115.3898142	1.966252	0.79653725
220	0.356787	122.8447237	2.068569	0.823056891
221	0.416044	112.148683	1.96424	0.781347036
222	0.454304	119.3610545	1.914741	0.790637507
223	0.424933	120.1798441	1.927127	0.833628087
224	0.437106	122.5404562	1.97787	0.800516027
225	0.410081	119.2518205	1.989183	0.7937994
226	0.357825	123.1870972	2.059953	0.805751078
227	0.367261	120.7357387	2.028214	0.800384668
228	0.419603	123.421857	1.971044	0.843847579
229	0.423555	115.8887405	1.966921	0.81499432
230	0.386184	120.0172704	2.017836	0.815429086
231	0.405787	122.0100182	1.950545	0.810155834
232	0.279333	121.0404639	2.159201	0.832666634
233	0.520056	117.494211	1.789486	0.823100709
234	0.390297	118.1446615	2.012971	0.807127719
235	0.402133	118.9834989	1.996611	0.823792348
236	0.516082	118.0333173	1.793836	0.780910125
237	0.451206	115.1538936	1.892061	0.81262324
238	0.308297	123.5651798	2.119	0.825223746
239	0.406796	117.7823334	1.967479	0.816797494
240	0.41618	116.5835282	1.951311	0.798579562
241	0.390341	121.0887747	1.992624	0.806536258
242	0.377216	120.2519819	2.014854	0.810894278
243	0.35668	120.2403778	2.044926	0.823078908
244	0.362194	118.2296913	2.065679	0.806925721
245	0.269392	125.246876	2.155355	0.832544314
246	0.413196	112.15115	2.005361	0.781672483
247	0.342536	116.9032675	2.077474	0.816502332
248	0.229426	133.5394432	2.21026	0.871683445
249	0.449254	111.342702	1.882188	0.785102154
250	0.355901	117.7376549	2.060671	0.810061716
251	0.384106	120.9580446	2.015751	0.800228047
252	0.38507	119.8424211	1.982558	0.81793522
253	0.370326	118.8450279	2.027066	0.826664952
254	0.413249	118.1034642	2.007108	0.790760679
255	0.360374	116.5659713	2.021566	0.789357859
256	0.306945	121.0312058	2.132586	0.803931616
257	0.315413	123.2707767	2.104963	0.837344531
258	0.452847	114.6782369	1.91358	0.798537505
259	0.427923	114.9534832	1.931117	0.806342843
260	0.333304	119.1779824	2.058547	0.823027809
261	0.417412	123.8456384	1.978275	0.816145227
262	0.411479	119.6642658	1.960444	0.820214944
263	0.378498	120.5723771	2.012853	0.808337324
264	0.391837	113.5572537	2.034507	0.803310098
265	0.350062	115.5550307	2.056119	0.823935122
266	0.280441	121.4826779	2.161049	0.83814812
267	0.346238	122.7338386	2.094885	0.832885842
268	0.364541	122.8030915	2.037019	0.802255312
269	0.360435	125.1748274	2.080214	0.83190094
270	0.32181	124.570149	2.089914	0.83031745
271	0.402555	119.5878719	1.979178	0.810335869
272	0.393437	111.5380233	1.997623	0.794938108
273	0.376194	115.3968852	2.060564	0.831510368
274	0.42681	123.0377942	1.949201	0.831028812
275	0.34488	116.4154509	2.048633	0.821544334
276	0.34104	128.4833584	2.076726	0.833323593
277	0.414574	123.8910302	1.97908	0.824884297
278	0.503327	111.7604077	1.8429	0.785151483
279	0.496635	114.639363	1.856241	0.769152288
280	0.188041	126.5202672	2.24477	0.856830073
281	0.325413	119.4873536	2.092051	0.840185377
282	0.281313	121.9235664	2.140558	0.838949869
283	0.317336	126.1194906	2.068023	0.80573362
284	0.335209	116.8688621	2.069013	0.830914794
285	0.371761	124.5461995	2.053431	0.835260939
286	0.443508	120.581917	1.938995	0.793961858
287	0.313302	129.3171832	2.116062	0.832543602
288	0.34921	121.4136295	2.029472	0.820933349
289	0.400191	112.9884175	1.972345	0.793508642
290	0.531169	117.574629	1.783668	0.821237642
291	0.354938	120.4034983	2.045531	0.807962354
292	0.368252	121.9833558	2.049582	0.81580832
293	0.490481	118.2008858	1.875477	0.782671786
294	0.328421	121.617085	2.102678	0.817862137
295	0.374279	121.5676341	2.030403	0.81661274
296	0.39837	114.1873755	1.983283	0.802927994
297	0.336699	120.6883562	2.034992	0.811509804
298	0.320918	117.9321452	2.111991	0.832146346
299	0.41643	120.0982472	1.968295	0.819144771
300	0.379163	118.0874399	1.991014	0.809226366
301	0.337939	130.8771238	2.107958	0.838026272
302	0.382183	114.4241536	2.004679	0.808708591
303	0.350984	116.0816653	2.087883	0.806420964
304	0.378752	117.1878715	2.021286	0.802308686
305	0.343725	122.9367311	2.051507	0.828224334
306	0.302812	118.2198621	2.11107	0.831524629
307	0.269682	122.1054014	2.164269	0.838217446
308	0.382891	116.348466	2.021643	0.785428644
309	0.543534	117.3269121	1.782763	0.77916897
310	0.433755	118.6647266	1.984902	0.793407024
311	0.333659	116.8995896	2.067462	0.817370356
312	0.411234	121.4316088	1.967653	0.8203884
313	0.367364	116.9019355	2.028684	0.818103411
314	0.252916	120.2671319	2.187235	0.820953708
315	0.417071	124.7685107	1.984253	0.83561928
316	0.377952	113.7884693	2.014296	0.803609819
317	0.449227	121.0186792	1.895869	0.825698161
318	0.356728	115.8152558	2.031636	0.828744414
319	0.421873	115.2910057	1.986241	0.802597685
320	0.486324	117.3176198	1.866818	0.813989427
321	0.313128	123.3049005	2.121655	0.820036362
322	0.243975	128.9181427	2.178104	0.847588072
323	0.311321	121.5914008	2.128239	0.831666089
324	0.301788	114.4858136	2.066204	0.800479844
325	0.394421	119.3197661	1.977535	0.800776399
326	0.237593	128.7498627	2.200806	0.860182741
327	0.409392	118.1385184	1.96955	0.808331559
328	0.429222	117.7453006	1.979848	0.816291533
329	0.308542	124.8054604	2.104225	0.795240871
330	0.282791	121.3324969	2.144442	0.811449986
331	0.309691	117.1563512	2.083404	0.829538151
332	0.272117	116.8831949	2.136436	0.828511901
333	0.341609	117.5371038	2.019204	0.813232997
334	0.24011	121.529666	2.154687	0.827885634
335	0.423802	125.2986152	1.964611	0.812909632
336	0.433393	114.3260356	1.921089	0.776074083
337	0.414679	122.0357654	2.001469	0.816267907
338	0.222532	122.8996969	2.177115	0.829450647
339	0.381259	113.618081	2.011386	0.782910176
340	0.449479	110.7039516	1.893001	0.774201635
341	0.442702	121.128002	1.951367	0.821650639
342	0.413049	121.7345326	1.997684	0.826900793
343	0.606813	111.1956163	1.599526	0.744723778
344	0.479437	117.9458076	1.86915	0.807083414
345	0.390192	121.5822874	2.043561	0.810017888
346	0.331374	120.0228006	2.077979	0.826339992
347	0.362674	123.4029951	2.0076	0.822933444
348	0.453981	119.2030149	1.948984	0.778687799
349	0.234765	126.2165416	2.201805	0.835278231
350	0.353934	116.3622833	2.052609	0.814079518
351	0.360194	117.5327649	2.035762	0.805432705
352	0.376244	117.03569	2.02066	0.826587724
353	0.327492	123.7985941	2.093373	0.809760642
354	0.350979	120.7807173	2.075963	0.819439163
355	0.339599	122.9078076	2.085433	0.817730404
356	0.353435	120.4633591	2.079083	0.817013615
357	0.433819	115.5948539	1.940225	0.790564472
358	0.421047	118.6350015	1.978314	0.806809672
359	0.357355	127.8629625	2.070961	0.831100829
360	0.44929	116.3127119	1.94308	0.791026681
361	0.440418	116.7982144	1.960329	0.772566765
362	0.124816	131.8136326	2.270535	0.879162199
363	0.32368	120.0124037	2.109799	0.828712958
364	0.337809	117.3081672	2.052733	0.819745687
365	0.413957	118.5309145	1.966341	0.810493607
366	0.383001	122.2277012	2.031396	0.823587486
367	0.194346	131.136246	2.236177	0.85431567
368	0.378062	115.452422	2.0324	0.821539819
369	0.344388	119.6586266	2.037478	0.820275011
370	0.381957	115.2039062	1.995319	0.810764059
371	0.443459	117.4371477	1.950388	0.787284171
372	0.408043	122.8318987	1.996548	0.765991832
373	0.493624	113.2521683	1.827235	0.799430792
374	0.374944	118.4829195	1.999412	0.828233327
375	0.532061	110.9209787	1.802215	0.773223426
376	0.30698	120.528479	2.1098	0.826115719
377	0.408084	114.5760425	1.938837	0.804619623
378	0.295325	126.9214783	2.146856	0.843819161
379	0.303461	120.7060424	2.108578	0.821091963
380	0.336633	120.3412532	2.085666	0.836603976
381	0.253095	122.6381418	2.170459	0.842663776
382	0.269624	124.3671072	2.075557	0.828557096
383	0.338794	123.6275803	2.073622	0.822613509
384	0.428151	120.6062981	1.961111	0.824778635
385	0.308651	121.0478301	2.079327	0.825655015
386	0.262493	123.4114248	2.177733	0.841171104
387	0.401851	118.0238307	2.000076	0.788871081
388	0.405581	114.7512665	1.98799	0.790473204
389	0.277189	129.7087861	2.165711	0.846561644
390	0.478436	119.6221268	1.88023	0.810310792
391	0.393005	115.9992868	1.989616	0.788160822
392	0.312243	120.3730449	2.11669	0.823119109
393	0.490672	113.6582732	1.844788	0.7912054
394	0.534618	114.8641534	1.745635	0.794618971
395	0.392805	117.8115374	1.994667	0.794897716
396	0.675158	104.3566056	1.426047	0.711828897
397	0.265183	119.8561309	2.138347	0.819845611
398	0.401871	124.708727	2.03562	0.824649604
399	0.390265	122.5725816	2.027706	0.80439742
400	0.369611	117.9751044	2.0308	0.827924661
401	0.368836	118.6030195	2.030068	0.819714
402	0.408753	119.165655	2.006505	0.810363881
403	0.46161	119.4469554	1.911143	0.815428908
404	0.327324	124.7728001	2.08872	0.803685872
405	0.471982	113.5438287	1.895555	0.787914192
406	0.354933	112.4931592	2.053156	0.807899418
407	0.543061	108.6454109	1.75221	0.795522694
408	0.30972	122.3608179	2.113636	0.829524215
409	0.325054	119.6639751	2.106179	0.823245548
410	0.306475	123.4333572	2.114106	0.812208822
411	0.36798	111.1444135	2.035616	0.80319091
412	0.271791	124.6459408	2.157702	0.847660215
413	0.356237	125.435191	2.064156	0.829509312
414	0.237372	122.5690483	2.167184	0.844273317
415	0.323049	125.1975721	2.100652	0.835636787
416	0.409004	120.3143412	1.994433	0.810920375
417	0.423016	120.24228	1.918744	0.810236665
418	0.421482	118.0226893	1.934659	0.814448437
419	0.415336	118.4739015	1.988143	0.802989636
420	0.301477	124.6905375	2.131489	0.83463761
421	0.444561	114.6079751	1.945045	0.804487502
422	0.379175	124.726619	2.002763	0.825641687
423	0.305709	119.6022984	2.116574	0.831217782
424	0.32802	121.7174401	2.114823	0.833538079
425	0.482186	123.0425266	1.887885	0.824427559
426	0.422612	114.0942012	1.958069	0.772360992
427	0.346667	120.1388683	2.048043	0.828622886
428	0.300386	118.1839042	2.130898	0.809848788
429	0.374073	114.3686573	2.022232	0.816177317
430	0.278695	119.2658412	2.145822	0.840177345
431	0.203135	127.6982235	2.223811	0.84902445
432	0.45497	113.9477951	1.905922	0.797139199
433	0.413913	121.5742157	2.000658	0.821428738
434	0.302334	121.4531731	2.098729	0.812467125
435	0.441129	118.0222238	1.934774	0.811163258
436	0.385219	122.786182	2.028537	0.814043274
437	0.332525	122.5347935	2.072017	0.827237881
438	0.246733	121.2134462	2.177092	0.830531233
439	0.394754	122.7291401	2.007359	0.82186135
440	0.470764	114.8889197	1.915136	0.802785649
441	0.391715	112.3487412	2.021368	0.814833696
442	0.332073	118.7526331	2.117898	0.815315892
443	0.286961	119.1541847	2.142264	0.816007853
444	0.465231	111.7645715	1.904643	0.791718866
445	0.37542	126.0400051	2.044612	0.828201266
446	0.407075	123.8512368	2.010413	0.82913435
447	0.358243	121.4611901	2.035438	0.837834151
448	0.420802	113.6584776	1.958873	0.808825077
449	0.475267	119.4460038	1.898425	0.781343947
450	0.248167	125.386385	2.164994	0.829773659
451	0.295024	122.5064455	2.133963	0.838715833
452	0.396946	120.3731872	2.032516	0.800437637
453	0.362061	121.8417107	2.05757	0.832291695
454	0.323855	125.2235789	2.081271	0.840590641
455	0.355971	121.2032121	2.079217	0.839399598
456	0.189309	121.3613006	2.196712	0.848134718
457	0.421389	119.7491637	1.987485	0.808229987
458	0.39281	117.18747	1.984626	0.807761923
459	0.438041	121.0288086	1.957189	0.818475696
460	0.366518	117.4636737	2.056221	0.818750833
461	0.406516	123.4842316	1.996229	0.845560346
462	0.330264	125.5099444	2.097278	0.841084439
463	0.337909	120.384948	2.088128	0.826809919
464	0.275993	122.4500796	2.14272	0.810192148
465	0.299248	123.2485413	2.137978	0.844591739
466	0.376573	126.8067538	2.013192	0.836925856
467	0.311531	123.8156322	2.145063	0.843149324
468	0.274547	126.014361	2.17191	0.840116532
469	0.301355	129.4416047	2.13591	0.832588021
470	0.392502	119.4948957	2.017389	0.800752019
471	0.415479	116.6649272	1.975688	0.819293284
472	0.336717	118.8905597	2.069154	0.807462309
473	0.471361	109.6954181	1.870189	0.765710071
474	0.289956	115.1068212	2.116842	0.816585542
475	0.387557	122.4024999	2.014986	0.83042559
476	0.429958	119.1801847	1.973953	0.811462268
477	0.383822	121.1678722	2.026336	0.828760062
478	0.290339	118.0825056	2.125359	0.823712959
479	0.405013	121.7691791	2.021494	0.821444897
480	0.301692	121.6533454	2.135734	0.823355381
481	0.396023	115.7457403	2.019449	0.804157769
482	0.468596	112.4233346	1.885033	0.791272754
483	0.282884	122.2346268	2.122756	0.852517393
484	0.275526	126.4558368	2.171822	0.855402364
485	0.324357	119.2663145	2.085447	0.822885202
486	0.295058	119.2405387	2.102084	0.814711374
487	0.235351	129.7717401	2.20308	0.862640814
488	0.444746	117.522128	1.956444	0.791488915
489	0.314567	122.0236455	2.107272	0.840816882
490	0.354236	116.5005585	2.029614	0.82529719
491	0.300639	115.6848579	2.126151	0.812748742
492	0.477813	113.9189221	1.85503	0.770307084
493	0.363713	117.9386554	2.02815	0.823987475
494	0.331262	115.8871391	2.092576	0.814181296
495	0.32908	121.2753636	2.045164	0.842045199
496	0.376258	119.5733702	2.008204	0.79442454
497	0.35811	116.9740427	2.045944	0.809658802
498	0.412717	110.7903428	1.980191	0.78185735
499	0.318567	121.7646869	2.106811	0.82776203
500	0.304173	118.2477024	2.072296	0.820823179
501	0.413244	118.3422048	1.960579	0.798673382
502	0.378678	119.3843034	2.026479	0.828344769
503	0.425603	117.4275904	1.962004	0.814540391
504	0.375887	117.5620654	2.034073	0.816657697
505	0.243715	121.9487359	2.183098	0.833455919
506	0.414534	119.574313	1.943627	0.824274209
507	0.328051	126.5912146	2.114744	0.847061899
508	0.419501	119.014286	1.963114	0.801109082
509	0.423605	113.6971489	1.973932	0.803056089
510	0.396548	122.3523928	1.996875	0.803185309
511	0.367265	114.2766167	2.004085	0.800033409
512	0.445616	119.3553188	1.905425	0.796463673
513	0.381506	117.5576962	2.027563	0.820897516
514	0.445478	112.3451724	1.924722	0.795998983
515	0.309031	123.0468404	2.083025	0.844133021
516	0.317996	120.6051921	2.11422	0.822173785
517	0.317546	121.7961471	2.106289	0.818256541
518	0.3952	117.673723	1.977359	0.809867823
519	0.314324	123.7738237	2.111789	0.837359264
520	0.411865	114.7122146	1.989565	0.792080005
521	0.237502	115.3982275	2.137104	0.833716145
522	0.337503	119.8280012	2.053097	0.812570726
523	0.356723	119.752521	2.024539	0.82410139
524	0.472839	116.2062534	1.903357	0.792935227
525	0.385	124.1141611	2.037854	0.846407556
526	0.625952	107.4273267	1.595724	0.721825572
527	0.379533	113.3433484	2.0265	0.797439645
528	0.354577	123.1666099	2.059945	0.814626298
529	0.378703	118.6477489	2.028783	0.816539013
530	0.219211	126.1122553	2.212316	0.84332613
531	0.320767	125.4194718	2.073243	0.847534894
532	0.428772	108.2599045	1.917045	0.787358373
533	0.265039	122.9673627	2.156289	0.836011458
534	0.530468	112.3342571	1.78255	0.789607274
535	0.512342	118.4156829	1.835027	0.786129951
536	0.371532	120.5299144	2.05408	0.808728259
537	0.4098	115.3068383	2.008178	0.810759861
538	0.457694	118.0676878	1.912319	0.804418291
539	0.372943	115.8099678	2.008904	0.813462742
540	0.289203	123.591616	2.131079	0.834935762
541	0.307328	122.8446246	2.124191	0.818107918
542	0.385724	114.8885708	2.021775	0.804442427
543	0.451772	120.227197	1.926952	0.808569341
544	0.382356	122.1935688	2.038195	0.81019307
545	0.46429	115.7989894	1.896056	0.812291577
546	0.499037	115.6292779	1.838931	0.764859769
547	0.312826	121.1712189	2.120972	0.82435818
548	0.504498	108.4911103	1.801291	0.771656326
549	0.421309	121.3044141	1.993503	0.824272513
550	0.286284	121.9139374	2.150051	0.843315127
551	0.438017	108.5646385	1.921842	0.771693738
552	0.230386	126.2799981	2.189989	0.835937274
553	0.32484	120.8566511	2.104344	0.812513522
554	0.445187	111.7905813	1.908759	0.794351993
555	0.309351	124.4419561	2.14273	0.829663905
556	0.415609	117.0500708	1.956855	0.801363048
557	0.299925	120.9002146	2.122798	0.835284245
558	0.477389	116.1528643	1.881098	0.77520886
559	0.36798	132.2732571	2.058532	0.860534872
560	0.449889	116.6316873	1.890565	0.787715188
561	0.348875	121.2494725	2.05026	0.833481246
562	0.431724	116.7347962	1.96419	0.797758034
563	0.462241	115.8839146	1.920289	0.813088685
564	0.432965	121.9513805	1.925792	0.811562534
565	0.464691	118.3121033	1.903691	0.785106895
566	0.265352	125.7670275	2.176836	0.828924265
567	0.407598	115.8644593	1.951552	0.795363092
568	0.308548	124.5987398	2.124844	0.840768047
569	0.349013	122.3840848	2.094645	0.829501161
570	0.371773	119.0025331	2.026663	0.812517884
571	0.344182	118.752104	2.084308	0.815816478
572	0.328974	120.7089302	2.095987	0.820969807
573	0.406253	112.1192956	1.952633	0.797233033
574	0.344916	124.1419894	2.057563	0.839809082
575	0.409383	116.9555117	1.978626	0.812608987
576	0.443892	112.49912	1.903275	0.773867028
577	0.455807	118.4561414	1.877078	0.799103252
578	0.381987	117.0534359	2.013011	0.796935151
579	0.427452	121.1131737	1.98403	0.82982534
580	0.438135	117.3530841	1.927051	0.808691384
581	0.322602	117.4547987	2.078792	0.81153833
582	0.459518	115.9855989	1.87046	0.810112188
583	0.374857	119.5310727	2.03942	0.808052064
584	0.444048	118.8474623	1.899261	0.804099836
585	0.31844	117.9027595	2.072611	0.81962517
586	0.462428	113.0093426	1.907674	0.783397446
587	0.372424	121.3446129	2.009661	0.832765318
588	0.36547	118.0912385	2.037991	0.801288132
589	0.347846	119.1583131	2.049541	0.820221968
590	0.401027	114.6342387	1.960982	0.782394027
591	0.277415	116.4916093	2.122073	0.821972042
592	0.465126	116.6506064	1.931577	0.776697446
593	0.332071	120.0515555	2.068084	0.808289228
594	0.406293	120.3171741	1.970634	0.804942294
595	0.379633	116.6846101	2.009967	0.811675155
596	0.318678	122.9480667	2.122038	0.825815218
597	0.326862	122.3825651	2.056449	0.830569878
598	0.370065	119.9344204	2.059567	0.818130687
599	0.269036	121.8889642	2.159894	0.833815718
600	0.246062	120.2195471	2.142895	0.836242836
601	0.312893	123.3122128	2.111845	0.826472739
602	0.490722	112.8807428	1.84164	0.788199826
603	0.435019	116.2533909	1.977337	0.765633499
604	0.457576	113.8600857	1.912545	0.797913132
605	0.314675	118.8454153	2.077618	0.828523029
606	0.37848	115.6660036	2.000132	0.813178797
607	0.288527	123.7563407	2.15856	0.831165555
608	0.353504	117.0301822	2.056905	0.810969148
609	0.356395	123.5949505	2.068206	0.823123219
610	0.261906	124.0517339	2.167021	0.837629955
611	0.419989	117.3560143	1.937149	0.770142274
612	0.398697	113.4262125	2.02556	0.820820599
613	0.4121	117.9555817	1.99088	0.812254988
614	0.480109	116.4578384	1.830392	0.775186427
615	0.37089	116.7815315	2.013963	0.811054233
616	0.389105	119.7939866	2.013513	0.792470487
617	0.397945	124.6128471	2.007778	0.817345611
618	0.36487	114.5108736	2.042728	0.794337031
619	0.496397	114.8344704	1.80727	0.796527413
620	0.324278	118.7527629	2.053255	0.8143624
621	0.338959	118.6565467	2.084122	0.802681683
622	0.335962	126.2145249	2.063505	0.841009915
623	0.363412	115.4964547	2.01328	0.806539808
624	0.264143	120.5297874	2.140883	0.833293978
625	0.397711	123.5715031	2.0022	0.811824926
626	0.356415	119.4470955	2.06474	0.822595951
627	0.400525	116.8185014	1.969084	0.82155065
628	0.28637	123.5487845	2.158102	0.845050785
629	0.432758	120.0526147	1.918489	0.804747955
630	0.403795	118.5427321	2.016395	0.803351237
631	0.414929	122.1733436	1.98189	0.822323652
632	0.357334	120.6155759	2.052418	0.798267033
633	0.418103	121.822533	1.975368	0.826407443
634	0.37077	110.0700981	2.051294	0.807359351
635	0.4173	123.4530565	1.975556	0.8169559
636	0.371955	115.5981338	2.01552	0.815589868
637	0.316483	124.3511738	2.126905	0.827939022
638	0.323363	120.4124641	2.10589	0.8198762
639	0.457464	115.5088304	1.917258	0.808758724
640	0.313464	122.7918501	2.135804	0.835629474
641	0.437509	116.3689596	1.951937	0.797877283
642	0.415572	120.7994614	1.985659	0.807459567
643	0.430165	120.5981688	1.976095	0.810795073
644	0.340103	122.6583811	2.058359	0.824686353
645	0.350292	118.4581092	2.05285	0.818662997
646	0.327149	120.0036481	2.079532	0.827983772
647	0.351107	116.7711727	2.071846	0.808065512
648	0.436503	115.2113826	1.935967	0.796814989
649	0.376193	125.0886515	2.038202	0.85035757
650	0.439842	117.2795968	1.923701	0.802996252
651	0.288849	119.9373404	2.078618	0.808673504
652	0.270651	122.9076178	2.163076	0.835914853
653	0.366102	115.7798106	2.01954	0.807693326
654	0.261448	124.8663376	2.146044	0.83460869
655	0.306168	120.671151	2.114624	0.835420134
656	0.459796	113.7121044	1.905347	0.798619593
657	0.341897	121.7556218	2.105777	0.822270816
658	0.345074	120.4459861	2.059372	0.81421817
659	0.455176	117.8575049	1.935638	0.799804358
660	0.326475	120.7063442	2.110716	0.84848095
661	0.336542	125.450731	2.092726	0.832850077
662	0.37481	118.7319773	2.049671	0.814132474
663	0.453238	112.6715644	1.904822	0.790727009
664	0.323867	123.3769224	2.119998	0.829125603
665	0.383376	119.4127328	1.996094	0.833289686
666	0.398078	116.4751743	1.979037	0.784054633
667	0.343179	115.2964437	2.05497	0.820327556
668	0.398684	113.2900669	1.956822	0.79867878
669	0.41219	117.5622245	1.98219	0.814823904
670	0.314197	120.000803	2.112735	0.818414822
671	0.272229	128.2199109	2.172153	0.81013737
672	0.380059	119.1021925	1.999077	0.814557997
673	0.460952	116.046654	1.912699	0.800279687
674	0.293013	122.1483711	2.142004	0.819294379
675	0.309756	119.5522725	2.063713	0.835586019
676	0.475905	117.2309921	1.846936	0.803225528
677	0.355736	122.3986382	2.046836	0.827595571
678	0.443258	118.244467	1.901175	0.806070872
679	0.473865	111.2342719	1.830806	0.771225639
680	0.283308	125.4086016	2.14837	0.831506931
681	0.441277	120.9087896	1.960913	0.811279659
682	0.470236	113.1548117	1.895437	0.790597049
683	0.417072	113.403148	1.952136	0.800461873
684	0.433516	114.4388415	1.938115	0.777122031
685	0.362484	117.0885649	2.056744	0.809609241
686	0.325938	118.5123622	2.098994	0.807956165
687	0.370596	120.5115697	2.068731	0.800438361
688	0.386645	119.696812	1.970046	0.842033776
689	0.397692	123.902777	2.007807	0.832570818
690	0.415175	114.570903	1.936778	0.785478573
691	0.252619	127.3395849	2.176014	0.825761978
692	0.327198	124.7667718	2.080392	0.832775232
693	0.256613	117.5577489	2.14648	0.82888258
694	0.434636	117.9490879	1.92528	0.824724014
695	0.374145	119.0661556	2.028493	0.830849854
696	0.432928	116.8347446	1.949026	0.799820362
697	0.419664	114.6113913	1.974774	0.802503845
698	0.395019	120.3699123	2.005443	0.810736087
699	0.486798	121.3101668	1.849961	0.8075881
700	0.427841	118.1663932	1.947053	0.804451781
701	0.362854	121.3872591	2.047659	0.839820243
702	0.416201	121.0917727	2.005112	0.825562724
703	0.332805	121.4077803	2.107204	0.805234846
704	0.313511	123.4478499	2.10599	0.844522002
705	0.358136	127.5133558	2.046322	0.819892689
706	0.351501	119.693881	2.053696	0.820051533
707	0.549934	117.9775585	1.75575	0.791165213
708	0.384709	116.4117041	1.998544	0.804802492
709	0.391429	115.3792641	2.014871	0.811152747
710	0.342206	118.2593379	2.05218	0.820291001
711	0.440851	111.3029187	1.919228	0.799508959
712	0.355317	120.9439438	2.038161	0.825378337
713	0.403065	119.0534389	1.990321	0.820239342
714	0.363135	113.7239646	2.04457	0.806898324
715	0.284626	115.6525377	2.066641	0.811645043
716	0.451044	109.7698979	1.91371	0.778125683
717	0.466825	119.7688597	1.897453	0.817376457
718	0.443625	126.595076	1.941341	0.814269173
719	0.29924	118.6744833	2.106772	0.825976926
720	0.434592	115.0682438	1.903715	0.796867684
721	0.302839	117.9737172	2.082274	0.816661708
722	0.333645	121.2024864	2.046005	0.827011315
723	0.345467	121.3066059	2.073928	0.814975836
724	0.289776	123.7468333	2.14837	0.826155543
725	0.378195	124.4881871	2.043963	0.818138709
726	0.402535	117.9360731	2.00216	0.791468169
727	0.47547	117.4590781	1.86039	0.81074921
728	0.355529	114.220617	2.026355	0.797764953
729	0.362442	119.6461013	2.044536	0.828699278
730	0.361154	120.6647258	2.050393	0.823304548
731	0.380211	114.6677828	1.998496	0.823569882
732	0.266299	126.8307152	2.159535	0.856069684
733	0.438257	117.2406654	1.975309	0.804743779
734	0.43801	121.9363408	1.900587	0.817014974
735	0.301452	119.8859737	2.124471	0.82116615
736	0.360196	117.2622194	2.042388	0.804281435
737	0.3325	124.2827042	2.080529	0.848736239
738	0.382003	119.2778746	2.03353	0.810221
739	0.470736	115.128632	1.86949	0.793981873
740	0.40277	122.6779011	1.996865	0.824456381
741	0.289589	122.2513646	2.161413	0.825148508
742	0.469176	116.2779279	1.898366	0.792919999
743	0.441729	111.3160796	1.92745	0.798598755
744	0.374895	116.6426366	2.059011	0.801631163
745	0.251168	130.8219905	2.193946	0.852751668
746	0.34721	118.8404137	2.032159	0.833678355
747	0.389048	114.7808002	2.000078	0.80619587
748	0.426452	114.4732886	1.927028	0.810850194
749	0.3305	123.8999895	2.091959	0.809698779
750	0.494013	114.8814277	1.860036	0.790861616
751	0.391876	121.6338316	2.024847	0.81888925
752	0.436054	118.9217258	1.965295	0.824616907
753	0.411922	115.5345789	1.956041	0.786784224
754	0.413605	111.8286072	1.975528	0.800235824
755	0.233269	129.0493588	2.195327	0.852774515
756	0.341195	118.6831828	2.02409	0.793810887
757	0.348932	124.0986602	2.075939	0.833576394
758	0.31462	122.5596637	2.100973	0.833380556
759	0.33301	122.1658461	2.070489	0.824136196
760	0.356685	114.7508777	2.030964	0.813843442
761	0.345745	118.0641509	2.079861	0.814227544
762	0.332047	115.3522027	2.106382	0.813118128
763	0.269907	123.1126301	2.15991	0.827844812
764	0.269217	125.5429036	2.158761	0.819179753
765	0.279957	120.6287482	2.147517	0.858937757
766	0.401652	117.312422	2.001171	0.823380864
767	0.484074	121.7505175	1.849428	0.830179933
768	0.196936	123.3251264	2.201828	0.830948039
769	0.451676	110.8585017	1.883267	0.764728776
770	0.378795	121.6422916	2.03275	0.817461372
771	0.293299	121.4083964	2.131513	0.825250471
772	0.401359	114.0483151	2.002323	0.805458549
773	0.360687	118.6275886	2.060324	0.836168242
774	0.366978	118.6290289	2.020505	0.816529445
775	0.386654	117.5255417	2.008005	0.815427673
776	0.32308	119.2078242	2.081315	0.827423361
777	0.329262	118.9780966	2.08186	0.81963272
778	0.335483	123.8524597	2.091808	0.853930945
779	0.428811	120.541176	1.983323	0.802554344
780	0.435289	116.4188096	1.917399	0.817951481
781	0.348109	123.0385425	2.055869	0.84690357
782	0.341573	119.6514695	2.090089	0.808445
783	0.333499	123.4631329	2.086623	0.812731311
784	0.388035	116.4947273	2.017174	0.825931236
785	0.359007	126.8371085	2.057416	0.844956866
786	0.267389	126.5831616	2.175906	0.846680772
787	0.421222	118.9603485	1.966129	0.781654952
788	0.422506	114.1679079	1.955016	0.797726106
789	0.335564	119.1423827	2.113312	0.817803221
790	0.277693	119.1104431	2.115829	0.831974519
791	0.24857	126.3852649	2.189522	0.842203958
792	0.259847	126.9297937	2.18069	0.838359741
793	0.362404	112.4886213	2.052399	0.815524977
794	0.287176	128.6378531	2.156596	0.855763741
795	0.395897	116.189404	1.998934	0.800421215
796	0.44359	121.9823237	1.946599	0.801201603
797	0.371556	117.2496932	2.024648	0.810550255
798	0.311645	121.6230964	2.129688	0.849783422
799	0.412221	118.891123	2.014931	0.80741
800	0.47352	120.0051643	1.928506	0.790192868
801	0.454053	117.730808	1.927104	0.798307446
802	0.396472	116.6288179	2.008106	0.807257411
803	0.399118	117.327311	1.979364	0.800628285
804	0.364643	116.6351408	2.048587	0.783373773
805	0.415408	119.5512127	1.989074	0.831252055
806	0.390237	120.2484172	1.979896	0.814518021
807	0.3799	117.1067653	2.004121	0.809753446
808	0.478901	111.9960316	1.848337	0.783062151
809	0.419941	122.6747109	1.990807	0.800499215
810	0.294915	120.2402114	2.09737	0.79984187
811	0.269339	122.8809169	2.117787	0.838843816
812	0.528423	112.4408548	1.768137	0.767697711
813	0.469258	114.2782129	1.919103	0.778977357
814	0.485192	118.3452868	1.842234	0.789048865
815	0.362813	118.9828035	2.012248	0.835797549
816	0.372	116.4916374	2.03828	0.808788937
817	0.418723	113.6273389	1.944519	0.788447844
818	0.245164	126.5137755	2.165226	0.847642719
819	0.412467	114.5046376	1.969208	0.79627976
820	0.477163	117.1174723	1.863927	0.790250578
821	0.419936	121.3197905	1.980852	0.818353402
822	0.35525	113.9785124	2.055036	0.807247321
823	0.413969	115.1419218	2.003702	0.782319007
824	0.401057	115.0678486	1.961295	0.797873015
825	0.457274	110.9940174	1.873088	0.780259492
826	0.332143	126.5598731	2.102025	0.841846868
827	0.352902	124.6042687	2.068184	0.827968281
828	0.310652	120.11433	2.114111	0.831057697
829	0.376509	116.7086331	2.00489	0.812308893
830	0.376191	117.165373	1.991437	0.783075055
831	0.254983	126.7911295	2.165441	0.841043769
832	0.372749	120.574356	2.03867	0.81995949
833	0.423586	113.719896	1.952479	0.818907536
834	0.440856	120.2470012	1.95849	0.794987185
835	0.274717	126.0124696	2.144202	0.850469986
836	0.349937	122.3387765	2.073929	0.837731538
837	0.366807	122.3018874	2.037066	0.82482055
838	0.417131	115.8433832	1.979283	0.799971458
839	0.384328	117.8838734	2.025598	0.805960737
840	0.445743	113.4002912	1.919479	0.797336074
841	0.273716	124.4027993	2.145671	0.839533921
842	0.339989	115.114895	2.087897	0.799361042
843	0.417435	119.1596414	1.978826	0.806765502
844	0.431956	112.0584149	1.955637	0.800835647
845	0.406578	116.2709676	1.965987	0.823553195
846	0.490712	117.0735538	1.800804	0.798674184
847	0.437776	115.3639265	1.940343	0.806936191
848	0.387048	118.285331	2.03691	0.796223845
849	0.335058	122.4636873	2.074932	0.838561201
850	0.34319	117.7373513	2.036684	0.825204179
851	0.3074	117.6845427	2.084491	0.824957472
852	0.399315	118.5721833	1.989754	0.813344822
853	0.42852	121.0672541	1.968625	0.81016629
854	0.36987	117.1195495	2.030029	0.799529941
855	0.422108	112.0962997	1.951459	0.788169794
856	0.264202	124.6924595	2.149346	0.843846985
857	0.253023	123.7490447	2.181636	0.854663834
858	0.436305	116.7832361	1.940266	0.805823231
859	0.474817	117.2668789	1.874628	0.787338457
860	0.31159	120.1583679	2.12561	0.809961521
861	0.279777	123.9495882	2.163788	0.836399406
862	0.389146	117.1194207	2.036707	0.805202031
863	0.376181	115.9816367	2.040403	0.80503694
864	0.427414	120.321414	1.975084	0.797862451
865	0.461649	118.8752693	1.901925	0.806380261
866	0.499191	119.5814631	1.852663	0.80144757
867	0.394373	112.5807318	2.00855	0.788858203
868	0.405678	121.38886	2.013841	0.828070049
869	0.433787	123.0467646	1.955615	0.813133092
870	0.493043	118.4239683	1.864696	0.795072286
871	0.360361	111.9709251	2.003785	0.805594029
872	0.402379	112.7567751	2.010281	0.797852139
873	0.426035	114.2532495	1.938329	0.791338265
874	0.39615	123.8842249	1.996913	0.823157063
875	0.43754	122.2959306	1.93483	0.82257683
876	0.278216	127.174976	2.144542	0.853500378
877	0.256971	114.063592	2.135925	0.813363331
878	0.413972	122.4874153	1.961077	0.831996258
879	0.37415	120.0540463	2.054093	0.806719928
880	0.286702	121.7148005	2.132013	0.838556812
881	0.419087	120.1942132	1.974667	0.775941033
882	0.401984	121.6219751	2.013061	0.81325458
883	0.342702	120.5064943	2.056002	0.819624888
884	0.385827	122.0296013	2.029553	0.803971992
885	0.33643	123.0024079	2.080722	0.824829018
886	0.311828	122.925765	2.120286	0.825219454
887	0.234942	121.1706897	2.20086	0.844833895
888	0.488223	116.9198519	1.856122	0.815097141
889	0.316652	128.3183766	2.117458	0.838878065
890	0.396471	119.0487965	1.998262	0.822211709
891	0.423923	115.5345844	1.931559	0.792455295
892	0.355287	125.4216502	2.058104	0.833279309
893	0.367123	124.2438432	2.057923	0.828755156
894	0.401642	113.0064841	1.971149	0.804120483
895	0.451163	115.8317226	1.867893	0.794614246
896	0.32109	121.8906332	2.111907	0.832099732
897	0.4271	122.7672084	1.968964	0.81728637
898	0.447517	110.6252973	1.91552	0.787283738
899	0.411974	121.0868852	1.990481	0.796914606
900	0.226624	119.9277131	2.204722	0.823418272
901	0.286499	124.7230945	2.133274	0.840246585
902	0.499061	114.3184654	1.837139	0.76597934
903	0.373834	119.7987697	2.015253	0.80879427
904	0.350697	117.5583588	2.048703	0.819132398
905	0.438548	115.2566702	1.937969	0.795976288
906	0.364697	122.4924375	2.045973	0.8256021
907	0.519074	115.9622976	1.798934	0.788489873
908	0.471718	120.5873542	1.901413	0.794366959
909	0.41594	117.3137498	1.99444	0.790664655
910	0.383832	119.5519546	2.029475	0.822122306
911	0.344957	124.0316385	2.06553	0.814440313
912	0.249151	124.0547057	2.137884	0.817413159
913	0.24961	120.0721639	2.155643	0.842722079
914	0.297856	120.2605189	2.107888	0.793998064
915	0.190507	127.9578264	2.240824	0.866601941
916	0.314914	118.7674403	2.077857	0.823188377
917	0.44106	109.8740697	1.936585	0.770260768
918	0.441716	114.2178544	1.892224	0.788635634
919	0.494133	115.5899338	1.860753	0.789813479
920	0.429735	115.6792913	1.938608	0.811096543
921	0.428523	116.5542501	1.918119	0.797590611
922	0.407215	119.0581206	1.998208	0.794575189
923	0.360543	122.6750518	2.079347	0.799610895
924	0.369408	118.4042679	2.023171	0.815093696
925	0.506867	108.7175953	1.794884	0.762728614
926	0.410815	118.9206687	1.993781	0.815324516
927	0.315261	117.143082	2.114796	0.807453814
928	0.443379	120.8462093	1.950299	0.801455071
929	0.251616	123.9906026	2.17604	0.83558508
930	0.314076	120.4236306	2.111983	0.821515003
931	0.398331	119.6727061	1.971293	0.836131016
932	0.406858	119.9063204	1.979482	0.776402777
933	0.409959	119.2673558	1.966298	0.811921563
934	0.400172	116.7696856	1.945728	0.794873524
935	0.362882	115.8860331	2.023523	0.816373941
936	0.284193	126.4735846	2.167367	0.817525365
937	0.371054	119.5861096	2.000025	0.813223678
938	0.411221	123.065755	1.977019	0.841822039
939	0.305967	125.8285149	2.072553	0.822922668
940	0.362198	114.3200919	2.046472	0.801479762
941	0.445565	115.0102278	1.88937	0.791560698
942	0.441477	123.6403069	1.940808	0.819779716
943	0.352851	118.0533368	2.044275	0.812094098
944	0.379431	117.9069631	2.03313	0.816563862
945	0.35771	112.4861166	2.053566	0.805613854
946	0.338474	119.6099466	2.078253	0.825134956
947	0.476094	115.1695116	1.881254	0.779883708
948	0.307468	126.0435119	2.119747	0.828270939
949	0.433628	118.1045975	1.940523	0.795698524
950	0.352276	118.0940008	2.042425	0.818623888
951	0.303937	122.2314127	2.120444	0.832500608
952	0.410897	123.158253	1.992006	0.80688468
953	0.411138	118.3319084	2.011395	0.811237341
954	0.449289	120.8520802	1.920872	0.796340916
955	0.354233	121.7600541	2.075816	0.836840627
956	0.496019	113.1706607	1.829631	0.798962767
957	0.314525	123.9716811	2.105493	0.844914823
958	0.429075	117.9676198	1.96046	0.804944915
959	0.443737	117.9941947	1.960736	0.79401878
960	0.3109	120.9528343	2.10915	0.8330592
961	0.240727	128.4772006	2.191822	0.835781973
962	0.399203	116.123293	2.002644	0.817468995
963	0.356397	122.0233177	2.047627	0.822416651
964	0.357704	117.8009185	2.050916	0.809695117
965	0.533583	116.2429294	1.771471	0.791452219
966	0.465725	115.9382496	1.882048	0.777052929
967	0.337373	122.7948781	2.089665	0.814424088
968	0.267321	123.4025122	2.156105	0.840527911
969	0.52534	115.2361823	1.803917	0.753581798
970	0.329204	121.7460521	2.118065	0.817151061
971	0.371532	122.9577487	2.032523	0.821961697
972	0.40663	120.0988051	1.970816	0.79992567
973	0.432766	117.8930689	1.924727	0.817859664
974	0.274192	123.8072448	2.156166	0.841574426
975	0.394992	119.8058956	1.983498	0.828957208
976	0.478654	118.2580045	1.859494	0.781331095
977	0.405573	118.7000027	1.982765	0.811101167
978	0.297993	109.1716082	2.067085	0.808572009
979	0.397574	116.9778646	1.999081	0.814838109
980	0.376747	121.5220905	2.055026	0.818420928
981	0.348119	119.324665	2.082845	0.786844647
982	0.493896	110.9579432	1.854257	0.782246069
983	0.352308	125.4532909	2.045863	0.855529629
984	0.419412	118.7545863	1.939796	0.808876966
985	0.374932	120.1262931	2.005288	0.810443723
986	0.432599	116.9872899	1.95144	0.810203363
987	0.282165	121.2515541	2.166128	0.821932751
988	0.418417	122.3036927	1.96083	0.822717686
989	0.310997	118.8954857	2.122343	0.818082803
990	0.409909	108.5792411	1.94689	0.776433385
991	0.31524	120.4969655	2.113491	0.816025975
992	0.319946	123.7827801	2.114723	0.811344515
993	0.356034	117.6957692	2.015445	0.818414157
994	0.247173	125.8756382	2.150592	0.84837863
995	0.280323	125.7285591	2.166992	0.840608617
996	0.293966	123.3313549	2.143331	0.83743504
997	0.327696	116.9121861	2.058226	0.818494906
998	0.509098	117.4382751	1.835709	0.798552296
999	0.377137	118.340969	1.98566	0.791966423
1000	0.370619	123.8213703	2.052152	0.817109572