rep aei_left left_area adi_left H
1 0.342737 124.704292900498 2.110556 0.748059955732416
2 0.251411 106.545591809246 2.171992 0.677207611739645
3 0.397842 111.114402438121 2.03862 0.730041672631417
4 0.642382 103.067667318427 1.529058 0.729497505724379
5 0.475427 108.91778363839 1.895063 0.70754871075429
6 0.482665 108.029742935075 1.862077 0.653917494180427
7 0.516661 104.41386059105 1.801732 0.700189994013617
8 0.424248 105.496197503687 1.941395 0.698145697857062
9 0.162653 137.73555802546 2.258938 0.78999113264943
10 0.736076 94.9292967649412 1.218011 0.62129915025156
11 0.367471 114.243089489563 2.067041 0.710099359595915
12 0.38954 104.505656200382 1.981884 0.729976340807215
13 0.580229 105.930652865613 1.691017 0.676361846373744
14 0.3017 125.407804432736 2.153008 0.725669587030951
15 0.656187 96.5608898514942 1.501378 0.715903594367336
16 0.36272 119.033598320918 2.07719 0.791465104565315
17 0.230611 120.167479724009 2.216423 0.727877530368409
18 0.647618 96.6445853148915 1.528607 0.649602479786658
19 0.667753 105.672678986339 1.461261 0.690314701275256
20 0.196426 125.107396415373 2.237763 0.759598881785101
21 0.22227 117.450300355713 2.213857 0.73886200896992
22 0.51854 95.5633014863205 1.837655 0.646124827469885
23 0.323032 117.938105082424 2.125336 0.682873212228605
24 0.265871 118.646689757975 2.175575 0.770963657300212
25 0.436449 106.57604120833 1.934361 0.614917184593896
26 0.382122 100.164864497576 1.988743 0.70678696851813
27 0.558554 103.607214408669 1.717667 0.674601871202443
28 0.459138 101.662909535793 1.934527 0.694696516279358
29 0.500903 101.57286993024 1.805336 0.694893411063678
30 0.322443 121.425922496767 2.094717 0.725674450257212
31 0.613558 103.063284938052 1.622807 0.695895845345791
32 0.62196 103.415387736192 1.576767 0.678817502649061
33 0.455994 111.79525201101 1.93832 0.683901406692046
34 0.516864 112.077871070486 1.818993 0.6789140936834
35 0.517267 91.2037466362775 1.820506 0.650234352835961
36 0.43777 105.574144001268 1.964742 0.759692097933237
37 0.365014 104.446387643005 2.072024 0.640473765022773
38 0.789109 91.3584725510597 0.999284 0.587729640340308
39 0.573571 90.0254251841038 1.705154 0.669955643192265
40 0.379945 112.944722281108 2.061433 0.71823137842721
41 0.485357 105.576100192613 1.909804 0.722614037901884
42 0.568721 118.475485837261 1.712444 0.731115141737525
43 0.165581 133.788434265149 2.25942 0.776774919636139
44 0.365175 113.240476667842 2.073007 0.724488357878299
45 0.63116 104.418989907515 1.546451 0.673232641364995
46 0.627579 105.849829865526 1.575975 0.693898427901626
47 0.187544 125.111632831711 2.245955 0.772787303485874
48 0.430772 96.8855720775945 1.934121 0.70876419434794
49 0.364504 112.470703737247 2.059696 0.747090891219153
50 0.491758 90.9834700804159 1.852548 0.668410071739158
51 0.511 99.5090440101651 1.818466 0.670694566530646
52 0.238586 114.271650971813 2.172221 0.724364143221618
53 0.506631 99.7996932283828 1.762483 0.705096254174382
54 0.330025 126.476243057908 2.115933 0.73591979209519
55 0.689935 94.3255605411588 1.314275 0.637204232750769
56 0.465288 114.805147220275 1.89993 0.663526865499403
57 0.480768 118.163862712358 1.908571 0.758358764784253
58 0.559736 117.989897378813 1.746553 0.720630027265094
59 0.461489 112.943693402239 1.882048 0.705327574607142
60 0.457993 116.712545951504 1.925954 0.704519486439283
61 0.347018 109.327589722992 2.103724 0.731684322883584
62 0.221529 129.870302304855 2.224431 0.737142479897831
63 0.443937 106.051992447491 1.918877 0.682999212263449
64 0.453285 104.683893359726 1.925242 0.659433148034259
65 0.407182 120.143916051348 2.020824 0.709981701674385
66 0.243148 116.543477030409 2.191146 0.774200377353692
67 0.387877 113.364254849202 1.989783 0.735917309154757
68 0.5352 104.886548620164 1.738059 0.692952469263032
69 0.64725 100.167364355644 1.517735 0.594631509256196
70 0.500424 113.132465881404 1.849529 0.704423308164809
71 0.588716 120.793818021261 1.66647 0.784727044287665
72 0.416333 116.372234816522 2.014945 0.702985894133708
73 0.412687 105.53164171409 1.980552 0.724572941508123
74 0.334868 119.279035888006 2.102743 0.782600611504456
75 0.427268 114.072642943136 1.978898 0.738324882081221
76 0.358949 114.596798960663 2.08954 0.770110476137821
77 0.258632 108.419057280504 2.180745 0.732104868051832
78 0.355389 119.42983856857 2.081988 0.694454270685986
79 0.222366 111.977019132861 2.196414 0.721342245268965
80 0.509326 120.853565208031 1.843972 0.733705813551998
81 0.689078 111.561967568056 1.399634 0.739057765523964
82 0.622718 111.857600312982 1.574745 0.711069570101831
83 0.751803 102.331773554741 1.167982 0.642874682378095
84 0.558981 107.096711080391 1.734656 0.640842981364204
85 0.424827 106.393795208343 1.996686 0.689202591295897
86 0.475182 105.3522746733 1.879336 0.710050843329581
87 0.606248 102.943961647464 1.621816 0.694916351593338
88 0.397303 122.30311952641 1.996694 0.749853548345759
89 0.295741 117.034239291908 2.13243 0.737830490503553
90 0.431082 99.1051426087224 1.939167 0.707592942149505
91 0.430034 106.900810336621 1.938222 0.725507748662298
92 0.463681 116.36120280918 1.909606 0.770158748996735
93 0.427502 114.5591455656 1.946148 0.667508178588804
94 0.432957 112.683977168948 1.98355 0.77976785285179
95 0.400251 100.587271628921 1.991331 0.64325087246783
96 0.524913 117.902162319903 1.817468 0.72448508756603
97 0.5199 111.007470804368 1.815772 0.679374720813109
98 0.432746 95.8759618333368 1.924471 0.637762760811705
99 0.637432 95.2681253953945 1.555703 0.685939952831128
100 0.303672 121.895290886856 2.145866 0.744181384032788
101 0.465774 103.290517646031 1.902891 0.697349397795848
102 0.282532 121.135470899071 2.170604 0.714140797931144
103 0.398772 106.795865196173 1.992183 0.712805811198971
104 0.766443 81.407874886887 0.995592 0.529522438361693
105 0.632832 117.172232561608 1.580193 0.714447511922809
106 0.593469 110.921416986576 1.664516 0.696256855737799
107 0.392462 103.48819138477 2.034644 0.672280709258245
108 0.584604 92.6907001935075 1.684902 0.551658921696445
109 0.340902 102.295571950742 2.085805 0.721145262622141
110 0.397356 118.551349159385 2.018735 0.695225462922565
111 0.797453 83.6321155136792 0.960035 0.572284629982627
112 0.354287 133.956865726888 2.060442 0.782610176817044
113 0.563498 102.897586554519 1.7193 0.688387285934234
114 0.562032 108.754814440386 1.750489 0.735895390922121
115 0.551252 116.027780754743 1.779045 0.730170166245775
116 0.438713 114.799672531582 1.909744 0.71659500245477
117 0.412783 107.936244072536 1.958727 0.69536027429126
118 0.573527 102.757430573446 1.692839 0.616795928334698
119 0.396396 118.028757464685 2.024415 0.711929457588224
120 0.256391 116.976942845542 2.178339 0.743294962195644
121 0.483756 95.8293083826109 1.795942 0.691736189148934
122 0.257319 120.99677502816 2.19633 0.673873964508556
123 0.722873 97.6769967988796 1.291641 0.650425340194777
124 0.529612 105.29978680367 1.815235 0.67664199569937
125 0.398077 113.085110299722 2.02553 0.765213178969958
126 0.447135 94.9003407042972 1.935625 0.706757397159318
127 0.299672 110.597607384206 2.140943 0.718454501231059
128 0.609142 111.937472132412 1.616241 0.717135573104756
129 0.478222 110.202508740631 1.847898 0.751350287957614
130 0.606313 114.247680326545 1.614795 0.644148217270255
131 0.465702 119.277458085208 1.941968 0.700067783763969
132 0.480759 115.475560945546 1.897119 0.713982068455743
133 0.261711 123.394804078065 2.188701 0.781394243081589
134 0.510348 113.037175094307 1.825572 0.737506441233465
135 0.117068 123.249490317304 2.281519 0.787386813466918
136 0.556328 117.31234267178 1.729381 0.687571346994037
137 0.508737 104.259556289551 1.834221 0.722604578662615
138 0.394287 119.7224020039 2.039471 0.756445652016176
139 0.426544 108.616947508331 1.956639 0.718251772594549
140 0.362442 119.813881015735 2.064891 0.716243758990136
141 0.602496 93.1010447950878 1.5918 0.678552702504377
142 0.19895 125.580984196369 2.236715 0.750995732530472
143 0.14314 128.860792262689 2.270081 0.779148485125177
144 0.597475 107.8314334058 1.654447 0.689840304415386
145 0.474112 121.818233124378 1.914115 0.744473327522861
146 0.689924 96.9365306683582 1.380899 0.613101906133496
147 0.383199 121.413682950846 2.015215 0.747745231389543
148 0.17625 118.529097464205 2.252959 0.741538178847773
149 0.526774 112.232478922077 1.788602 0.728878880618278
150 0.583411 91.2758390152411 1.680655 0.678915295307834
151 0.304764 117.640004826188 2.141695 0.733385849270408
152 0.411967 86.0940047316787 2.020112 0.631928581374561
153 0.265754 109.295003200231 2.150852 0.712733024598055
154 0.351433 104.18254982034 2.054816 0.704918884319117
155 0.574918 110.967845121252 1.7078 0.640046684057881
156 0.360531 106.572718208845 2.027602 0.73025249354033
157 0.414862 113.823533897982 1.967785 0.716346639678959
158 0.625337 100.284607563767 1.558679 0.638855137208226
159 0.46841 105.390583384833 1.886758 0.703626320039569
160 0.756092 102.880365219119 1.108721 0.652375573003873
161 0.441676 118.805415229525 1.955721 0.720178963325845
162 0.443564 118.667510913444 1.9411 0.735995016760438
163 0.40744 116.767632180517 2.030852 0.721648647884656
164 0.368264 113.607224441282 2.039349 0.760983864112703
165 0.523614 100.773729523945 1.821293 0.646496464764324
166 0.121609 111.033494606567 2.275535 0.749639117234184
167 0.420902 106.469591600421 1.974267 0.710638148983245
168 0.452683 114.170801421763 1.964558 0.758666083451176
169 0.568699 114.390295337673 1.725341 0.595082789360303
170 0.524948 114.913953678586 1.7741 0.719994710421922
171 0.28763 110.994592843551 2.165398 0.772377671071884
172 0.465268 118.876374786623 1.915285 0.758063299679368
173 0.669168 95.2767978764605 1.442291 0.671687227718383
174 0.371629 118.625790410403 2.01001 0.767935386287138
175 0.474113 108.899333903071 1.892503 0.707432093360444
176 0.353773 113.207183528556 2.096152 0.689035852514897
177 0.482917 121.275986012755 1.909566 0.714453222000036
178 0.311566 104.320333840072 2.080355 0.717336189352387
179 0.247644 108.891491217697 2.168792 0.697574630059714
180 0.285137 122.875543709889 2.170985 0.798822828081873
181 0.477413 103.690766785313 1.883338 0.665589076886198
182 0.357198 116.951888142768 2.073866 0.697615533363878
183 0.114564 132.976286689663 2.279182 0.783949225658323
184 0.525322 106.491896247235 1.795287 0.657084870258704
185 0.498555 110.72717575387 1.867005 0.697272830021157
186 0.610674 100.71461748133 1.640234 0.66095370373729
187 0.475389 98.0095796335358 1.924055 0.643695871085261
188 0.574222 106.646080198686 1.686188 0.714678991219348
189 0.558121 103.76889996134 1.681448 0.684349546468748
190 0.6025 102.029479173061 1.625785 0.687336539463496
191 0.44916 91.2030202977392 1.90707 0.670554242837032
192 0.255584 112.055973603732 2.190288 0.770354333349318
193 0.334414 111.360857463195 2.10873 0.743072705759404
194 0.527052 100.970325578159 1.777463 0.687240742702565
195 0.396806 103.49691718565 2.032614 0.752295574354393
196 0.74839 92.2432754545178 1.112456 0.607161479754885
197 0.510138 103.637081295865 1.840024 0.711017155559423
198 0.393269 108.0095513813 2.015851 0.717255899326364
199 0.231787 109.543338542122 2.180404 0.725313893683337
200 0.420861 110.642546011264 1.969943 0.647074403668871
201 0.212822 120.499625029645 2.215041 0.74865894602329
202 0.339908 111.016946573732 2.056823 0.645167077474169
203 0.534907 91.5240070041998 1.807832 0.694889524648302
204 0.322508 106.175299242681 2.124804 0.743679723368833
205 0.523614 84.5814876958706 1.788158 0.625252682723279
206 0.597295 79.5822300948396 1.645511 0.655916976904106
207 0.357152 118.127652299111 2.071042 0.677569321713496
208 0.435747 100.778847424493 1.925584 0.680291294904583
209 0.363157 110.130992378973 2.008716 0.703643018986192
210 0.468029 117.488648581711 1.903675 0.722399442269726
211 0.300366 113.441565702266 2.121313 0.732284728846188
212 0.402153 123.845485154015 1.969981 0.732338455547217
213 0.351866 117.856375535371 2.069251 0.753134147314712
214 0.349686 120.143072308769 2.066214 0.712257250210751
215 0.562817 101.160247610678 1.727228 0.678833278864265
216 0.610356 108.974999706282 1.606744 0.692186163696899
217 0.490732 102.676584418353 1.872003 0.706711669426062
218 0.585736 104.010020919587 1.659182 0.690866514409936
219 0.642156 90.8878847847692 1.493849 0.562258380575842
220 0.550364 99.9410012981935 1.750425 0.65045152956081
221 0.534643 106.943651485681 1.776742 0.68982232965074
222 0.371831 119.436226473403 2.048853 0.747838734452524
223 0.423065 95.2107183122011 1.972752 0.677147511415953
224 0.48272 107.495578525655 1.803776 0.668149156791308
225 0.390059 109.114237759861 1.997556 0.738273076051053
226 0.412382 100.941002824993 1.998533 0.710234967093223
227 0.381888 100.515803968695 1.990891 0.658895491889337
228 0.493787 90.4299684212404 1.872488 0.633360793113495
229 0.447774 122.409423119368 1.956541 0.767570097825911
230 0.554654 109.170200792138 1.755656 0.602707648313965
231 0.527236 108.909690948324 1.809591 0.686765011207485
232 0.399252 106.570618062638 2.017618 0.689345412912622
233 0.372364 125.830854707027 2.066822 0.709856207475975
234 0.543593 106.237375440334 1.717536 0.696970347251917
235 0.590704 97.3722849930841 1.663834 0.66470518717632
236 0.420201 104.841460700379 1.957671 0.583844176351164
237 0.314043 110.975892730465 2.129944 0.727219125135623
238 0.626433 102.793263983446 1.590191 0.707973165090302
239 0.540063 110.363369827106 1.802462 0.661022643715305
240 0.638424 91.6538768214153 1.546552 0.622449952581529
241 0.432613 117.54967212213 1.922385 0.751853878148634
242 0.379347 124.527162747964 2.059279 0.684742157625664
243 0.490352 106.573582234527 1.865152 0.69584128457253
244 0.267324 116.162780182509 2.161414 0.740949158186509
245 0.340482 116.473855936571 2.079615 0.675700821748689
246 0.329463 109.081381384348 2.097132 0.666811112491197
247 0.595781 102.707466326251 1.654056 0.609217115684648
248 0.33859 91.9770529792799 2.105942 0.696971080964561
249 0.319853 116.776435166266 2.103535 0.739355776619301
250 0.400923 98.9693261552939 1.97394 0.682589321399882
251 0.473231 96.35177075625 1.909482 0.712034265209927
252 0.634606 98.739465388917 1.551167 0.656573151841828
253 0.363376 111.766157208934 2.064173 0.681652839061222
254 0.559221 100.390064650899 1.72027 0.683608364508856
255 0.461334 105.145901418451 1.9227 0.677820512271149
256 0.348046 98.9713034532975 2.058742 0.664739315368407
257 0.369382 103.632713253208 2.049784 0.702411837773776
258 0.232113 111.913564976666 2.198698 0.688490848647564
259 0.394204 113.625891796519 1.992009 0.738746411566966
260 0.5186 113.358385097438 1.830174 0.676786318313213
261 0.470131 105.617793180433 1.868795 0.701052704256495
262 0.472079 106.114688575005 1.851515 0.612584040428844
263 0.572675 97.1235612058178 1.722119 0.708707606936229
264 0.513588 100.44168491528 1.83064 0.671364485958305
265 0.625638 116.65558274114 1.557996 0.718705433320126
266 0.457852 103.27540183252 1.874476 0.707524527669519
267 0.30141 125.450853846714 2.156228 0.743907990071584
268 0.379679 107.63384622596 2.046263 0.697838848913189
269 0.432215 110.677791118618 1.984234 0.762299009816013
270 0.552922 103.191926644541 1.750693 0.730650452203381
271 0.541798 103.761640668481 1.747739 0.673877881539746
272 0.623357 105.310087084352 1.521611 0.695153467905201
273 0.551393 106.297505490334 1.763775 0.640243977595169
274 0.389818 107.689689965642 2.031224 0.615879996151466
275 0.374729 108.760518337138 2.02244 0.702727859175031
276 0.638901 94.7117839269515 1.560766 0.698074002364135
277 0.615331 99.7204790646908 1.594186 0.612406964886804
278 0.260888 120.580542038928 2.188492 0.685834954388943
279 0.391128 112.663309784749 2.024707 0.720784707586331
280 0.4028 114.69230922948 2.004972 0.695207273732298
281 0.54064 109.622819105152 1.736454 0.703911132525878
282 0.358907 119.496570217995 2.061128 0.724761320359065
283 0.264572 116.62708787649 2.157252 0.732507144158007
284 0.597258 85.924394964482 1.670968 0.629159295202981
285 0.532944 113.692228506595 1.698337 0.666182890040987
286 0.519207 98.1864889644624 1.807786 0.670831667130173
287 0.479295 101.101867669078 1.822973 0.714286152640954
288 0.491353 96.7315291791835 1.88185 0.699922166679257
289 0.532823 88.5678280088446 1.733786 0.664165113916343
290 0.349199 109.680826577264 2.091236 0.678614140428869
291 0.233986 116.108253578389 2.207928 0.746751380723517
292 0.51893 115.018827928457 1.790026 0.696817265051201
293 0.585886 108.906238505936 1.676317 0.691926495646851
294 0.403454 101.159764247691 2.03222 0.685976170685385
295 0.470747 109.905548625923 1.890693 0.729261053695211
296 0.485126 103.548939319031 1.850315 0.70345387666782
297 0.482038 115.272868318329 1.832684 0.711325716549023
298 0.563809 104.085309018237 1.689247 0.602296688887353
299 0.493463 105.189681393699 1.837931 0.659530534261305
300 0.494782 100.987780200675 1.847767 0.679332174693102
301 0.501503 104.602990692519 1.850157 0.711426654659409
302 0.417406 112.510990264258 1.999507 0.721332581572846
303 0.617504 103.58523517487 1.590969 0.676250156751885
304 0.093584 128.266296616242 2.288373 0.715554517651589
305 0.524652 108.205568954052 1.819377 0.717992112776166
306 0.138649 106.363670769509 2.271879 0.740050258870187
307 0.263992 124.110343967606 2.193904 0.732467658346562
308 0.470754 115.765380700319 1.907679 0.724347121242425
309 0.501445 119.116296937703 1.811304 0.708406202415824
310 0.637153 99.8713745398143 1.563247 0.653256880001115
311 0.582149 108.192944210583 1.712085 0.705644079629437
312 0.469209 100.203569379972 1.865054 0.694341217133538
313 0.286016 104.832755471155 2.140845 0.73185265954491
314 0.475376 112.273150331752 1.884156 0.717348967759879
315 0.252831 114.722900642879 2.196363 0.702078067259134
316 0.545828 112.407811912276 1.77065 0.651888707420278
317 0.357647 105.18494704393 2.076347 0.690293095838079
318 0.313535 115.430799912309 2.137709 0.738640778962228
319 0.308457 119.24268588726 2.125705 0.744699914682857
320 0.483719 109.227477153946 1.868158 0.697871256005962
321 0.565588 89.0100661158542 1.71091 0.658036038055914
322 0.559575 114.039191631336 1.735362 0.7073187117933
323 0.438401 113.737825007872 1.95751 0.727958747969325
324 0.662624 113.632070091513 1.468787 0.716340996820061
325 0.542963 117.223600411656 1.789728 0.741227637681022
326 0.34422 117.227803957529 2.08979 0.754898229119258
327 0.311038 115.948640211271 2.142122 0.744796537733744
328 0.454637 118.269045454162 1.923436 0.748874694897805
329 0.271407 113.472777325781 2.184148 0.735201722253712
330 0.41649 117.237203936812 1.934928 0.678747103881469
331 0.331344 107.957892937955 2.083297 0.680062666698432
332 0.218704 129.072155065981 2.227472 0.772556605765159
333 0.390358 136.708262225185 2.048586 0.670792933135692
334 0.561841 112.583891027229 1.752183 0.67805315835215
335 0.513002 104.304464940694 1.835366 0.719926070782206
336 0.709899 97.499428262289 1.291652 0.533714201723166
337 0.793478 90.5666897144828 0.982582 0.593410157506341
338 0.196739 114.179253413146 2.239551 0.804763798581912
339 0.329774 98.6683660418258 2.123734 0.731775681687322
340 0.643455 98.0585861979707 1.551654 0.610593366473113
341 0.315121 113.783206988174 2.133535 0.736225652890804
342 0.283821 118.621924920561 2.158137 0.717918618512024
343 0.561764 103.734261483685 1.750434 0.679125903598197
344 0.587781 94.0601723164224 1.633646 0.673348365494776
345 0.294293 115.067527895206 2.157721 0.724354495721085
346 0.318096 104.776037303952 2.090958 0.752139380437983
347 0.525054 104.014502112801 1.81791 0.653646434705511
348 0.541482 92.8549847685899 1.788847 0.672557989789084
349 0.521893 102.761235380078 1.817606 0.62722623263472
350 0.322592 128.726322396849 2.133787 0.76193994237821
351 0.369048 114.626457521129 2.075043 0.752718904519577
352 0.702698 99.5413455864734 1.320275 0.667760978931877
353 0.447454 104.543126251971 1.935453 0.706295542934618
354 0.531009 106.977560251724 1.799224 0.636856083731533
355 0.2143 127.183278555107 2.224185 0.771292475562786
356 0.304834 126.729709212921 2.132984 0.735723523603982
357 0.232004 118.683461430829 2.204523 0.773595087191239
358 0.276662 111.50872891513 2.162563 0.660071959744988
359 0.381686 111.110224796161 2.046673 0.698584219355335
360 0.524578 100.885760947288 1.829102 0.671846186483577
361 0.400473 115.801373009395 1.992162 0.737235622878912
362 0.312635 125.930979161013 2.145906 0.742143742890033
363 0.602252 100.221417958874 1.645967 0.701599276180222
364 0.255709 107.770769341095 2.193576 0.692597230605156
365 0.341405 115.919830285898 2.104688 0.721774888000647
366 0.543182 116.38328961689 1.778889 0.726929659252482
367 0.26901 120.160032796593 2.172276 0.777962210774223
368 0.622739 94.39693290629 1.586296 0.505368020726273
369 0.398763 100.842323801727 2.009693 0.732196001750162
370 0.390409 110.824310752848 1.993302 0.711636058422191
371 0.533556 99.8302684840961 1.795628 0.622363317044647
372 0.518549 100.099644939876 1.822463 0.506637847273853
373 0.74067 102.420380693882 1.065786 0.610755696516548
374 0.472705 118.618158094411 1.873388 0.76767042951251
375 0.564912 111.727651563923 1.627746 0.669190981587553
376 0.676466 100.289153185811 1.349242 0.625460221567013
377 0.554495 96.3490767203365 1.717311 0.636658093676156
378 0.351991 109.567371833906 2.092569 0.711436240125279
379 0.212715 112.940739229763 2.230709 0.758023827864231
380 0.193837 120.053337301205 2.240297 0.729349181200162
381 0.596725 98.3787100661634 1.652028 0.674385679222509
382 0.340903 103.395074849555 2.087773 0.696218102394472
383 0.433531 106.218559636597 1.938649 0.6971232334316
384 0.454589 119.587754688556 1.884264 0.733691629291231
385 0.38229 106.987587370846 2.048742 0.735895452094763
386 0.654709 102.559772487321 1.462617 0.671831456503399
387 0.541402 100.690332179301 1.785996 0.653151424223102
388 0.443085 102.289116488845 1.903368 0.67421047629085
389 0.325878 125.943547122059 2.130911 0.756531847931561
390 0.581053 105.151150284512 1.695058 0.697261664487488
391 0.425895 106.648845113674 1.977221 0.693153653925229
392 0.41826 107.253089167529 2.007982 0.71174559056825
393 0.444307 91.3765431077623 1.951989 0.675775869823525
394 0.403959 112.529625906007 1.998206 0.698771256144551
395 0.692669 88.8434236180528 1.364209 0.619983537745246
396 0.228428 108.1774634633 2.211066 0.717979527328687
397 0.440611 121.589762647157 1.877038 0.763764035879059
398 0.159275 122.438822254806 2.25236 0.749255477300585
399 0.408239 116.109699053304 2.021234 0.767878755249585
400 0.531153 112.939140807915 1.752736 0.733788666215578
401 0.477654 116.471202546316 1.917151 0.752987704488006
402 0.427546 110.758253312357 1.956116 0.694174317019128
403 0.640192 93.9719457745215 1.490781 0.665102426777396
404 0.428927 103.978316935373 1.996286 0.669432964090243
405 0.695636 81.0510203236567 1.346736 0.609913641434761
406 0.191963 131.254022009702 2.239177 0.779643505025652
407 0.420999 114.60389152303 1.971978 0.708455437424773
408 0.367029 108.609790772527 2.02574 0.743209432698401
409 0.763295 93.4489211349687 1.118143 0.50243267170461
410 0.27415 123.126575206211 2.17767 0.77161267611612
411 0.456245 101.706729258505 1.90394 0.729848885711285
412 0.646959 103.634128348468 1.541886 0.684650509850115
413 0.450105 116.017738196851 1.910755 0.736645267729795
414 0.546332 100.02115069932 1.728725 0.690053704335784
415 0.46944 107.439814521209 1.908212 0.709955488750725
416 0.531838 92.1530479506586 1.796844 0.663333362194498
417 0.414887 120.906586530146 1.994409 0.755012181943873
418 0.503591 102.286632250338 1.85759 0.72737213823348
419 0.473491 108.270276003091 1.905341 0.701131499817656
420 0.456354 115.801502135626 1.939413 0.668493583910219
421 0.55008 109.051148622442 1.722168 0.702501076267192
422 0.465817 114.763258862191 1.898765 0.673020686549992
423 0.395338 102.55708690073 2.025124 0.695003972935965
424 0.409405 116.091591081522 1.993848 0.699142490937984
425 0.367538 110.762388716079 2.037602 0.693931241102186
426 0.380566 112.71217618485 2.06412 0.686775630910105
427 0.489848 114.646026181058 1.870884 0.692395177916022
428 0.403831 96.2249943916677 1.96805 0.696784303056647
429 0.427989 108.88598352311 1.942932 0.695933052173429
430 0.517759 103.74693214227 1.812973 0.694138432499751
431 0.306491 109.391900327 2.150859 0.742595079160428
432 0.427124 104.556538117596 1.966763 0.708678070425037
433 0.467732 112.23375705425 1.858154 0.69637752711837
434 0.528248 97.0636196554805 1.785764 0.683397482760691
435 0.554499 86.2212595034424 1.700478 0.371291734195817
436 0.636182 100.24815010589 1.514288 0.683995539928083
437 0.414424 119.860625139121 2.017907 0.775766559283547
438 0.351998 117.656054627336 2.096992 0.751826769272867
439 0.544804 111.542314666349 1.788824 0.682365968020023
440 0.436749 125.158192108509 1.970587 0.617901844758423
441 0.407148 117.254034861591 1.999487 0.724167849877845
442 0.555282 108.955540884197 1.722862 0.717937669240298
443 0.378208 111.06925479874 2.03714 0.69739277778052
444 0.394476 123.19381865374 2.032445 0.732998021602687
445 0.333371 102.532503030251 2.061894 0.719820573343558
446 0.242413 119.9340693209 2.203054 0.772660752588856
447 0.583383 76.7228911281752 1.638614 0.599727598507876
448 0.655977 90.9272377485676 1.458542 0.647311817249382
449 0.429019 103.169418789325 1.999455 0.693560779636761
450 0.229953 124.911351432487 2.218831 0.802559858554841
451 0.525759 101.21731689308 1.77675 0.696761641816235
452 0.436766 106.34033753052 1.969751 0.70674315993816
453 0.203547 131.287807057464 2.234762 0.778480971669549
454 0.556894 106.578608963136 1.745475 0.585325687991783
455 0.384964 107.893728249874 2.03663 0.713104253592785
456 0.466911 92.4753529648597 1.909608 0.710235385875043
457 0.392833 114.510558914496 2.053342 0.726514663444535
458 0.612695 98.359454553155 1.569879 0.666566400763761
459 0.542273 94.4069765961045 1.748021 0.693325408687059
460 0.471997 106.498851612206 1.852114 0.665331986680725
461 0.381539 125.553620604348 2.045141 0.773279136547877
462 0.499044 103.281671440801 1.862269 0.705468953109164
463 0.504027 113.0521986313 1.820135 0.70369205879668
464 0.379934 120.138587211044 2.056114 0.725104830887204
465 0.331137 113.375297802395 2.101618 0.752699657276009
466 0.280582 120.980467062923 2.154977 0.703088415017808
467 0.389435 106.655192872613 2.019851 0.744698907012029
468 0.422879 100.908474776284 1.974775 0.71051335863108
469 0.510624 112.288574786312 1.829238 0.667362329722619
470 0.79735 98.4831440242566 0.949641 0.562817255704972
471 0.445267 104.859395242184 1.937746 0.663313212142542
472 0.484951 121.518845786059 1.891715 0.723569797735766
473 0.498062 102.02135412993 1.874559 0.667774900216766
474 0.34322 112.269462437614 2.076636 0.674371759049491
475 0.146638 118.321763656397 2.265221 0.73961676112215
476 0.355188 106.838672903462 2.063396 0.756682787402932
477 0.104168 131.924036080265 2.285957 0.799956480814727
478 0.291481 121.144699986201 2.155257 0.779009937422101
479 0.432572 113.426119014634 1.963733 0.673382716966433
480 0.419002 108.8716331797 1.950203 0.686339882708802
481 0.26429 112.915188063752 2.166811 0.680127572555392
482 0.580843 92.6507267064737 1.685153 0.623579102697423
483 0.396691 113.920025041586 2.034934 0.700017213969062
484 0.467344 109.15403688638 1.934005 0.691179217503043
485 0.578026 100.954845887205 1.696992 0.678332481003534
486 0.813242 108.145240529361 0.862763 0.687707196235756
487 0.406832 105.333112391553 2.005781 0.733627210135527
488 0.293285 110.513483975039 2.161238 0.714365766342387
489 0.258215 118.766043508258 2.184946 0.71570721332598
490 0.113876 122.617970846451 2.275286 0.760519287356122
491 0.412057 113.291329867763 1.976986 0.708200487295644
492 0.694769 104.425060323326 1.34181 0.696639097981586
493 0.466925 112.829266190182 1.907413 0.726037316705657
494 0.716825 88.2337151937362 1.29204 0.461736450732298
495 0.278914 121.876395041762 2.173394 0.70825342611128
496 0.442241 118.175774970681 1.898136 0.68827374871433
497 0.337218 101.666757522103 2.075013 0.722773099926883
498 0.529856 98.6220636506749 1.794206 0.684692397681029
499 0.676938 97.3769562847206 1.4148 0.665011589850602
500 0.396572 94.8596101802762 2.042106 0.663144531501659
501 0.531563 82.6719562199499 1.785352 0.59721489731223
502 0.207987 105.852175464084 2.205839 0.660820770559078
503 0.495804 110.486673136071 1.85246 0.706380484266802
504 0.731335 86.7493743839975 1.250032 0.552797678957198
505 0.399213 87.2381461461621 1.971381 0.654621183787355
506 0.348639 110.456658660564 2.032461 0.662817130871089
507 0.476606 105.976643183594 1.86126 0.695309521961092
508 0.175063 112.700511977304 2.242915 0.739913548329476
509 0.557769 108.510835043358 1.736579 0.726140376810186
510 0.37001 110.250725697408 2.035257 0.734995658948468
511 0.503848 105.56871033534 1.833178 0.562632977182505
512 0.184538 120.261921852353 2.246693 0.731877773458992
513 0.40194 101.398471993641 1.94619 0.704739391492815
514 0.617169 111.723606064831 1.601865 0.691090872744606
515 0.601309 117.463061218486 1.559835 0.589384188270556
516 0.307615 122.746716104496 2.14569 0.765962795656273
517 0.422694 117.571996736527 1.924874 0.672873821488527
518 0.455321 104.541640925194 1.913439 0.683162988999989
519 0.494839 104.611515449586 1.836276 0.665458183316031
520 0.599682 98.7145977518607 1.650595 0.673939215831421
521 0.302717 116.958029710592 2.119375 0.737165690918588
522 0.24748 115.317445570941 2.200215 0.778841161047548
523 0.652895 86.1287203162781 1.50648 0.535581755519985
524 0.534199 110.972671799609 1.799042 0.691620698662377
525 0.714751 87.2825723336412 1.291858 0.576400760262798
526 0.505177 113.79495508045 1.854118 0.726181424063287
527 0.509465 102.923624391875 1.821585 0.692236154114004
528 0.732947 106.421670864314 1.17902 0.571373561546349
529 0.610719 103.380891888517 1.637642 0.665225058328202
530 0.406395 115.321974677502 2.031811 0.70445446083773
531 0.288204 126.204365640742 2.170214 0.760406375485305
532 0.381475 127.434406878613 2.037633 0.757804932522593
533 0.398208 113.633627540571 2.005406 0.702329932004669
534 0.411187 118.0498033448 1.988556 0.75242068123852
535 0.422479 108.999726943698 2.006115 0.779599768933374
536 0.424932 104.033081312313 1.907308 0.675697224871497
537 0.481331 106.156358144523 1.861786 0.643014063968537
538 0.310494 104.545340965543 2.118148 0.721746917521921
539 0.293194 107.732156144226 2.159935 0.721059068324886
540 0.462343 99.686713159595 1.881002 0.698426836079774
541 0.457382 121.94315583011 1.90702 0.76795704814485
542 0.571949 87.8068616664697 1.692646 0.662993174233407
543 0.306896 128.605834226838 2.146205 0.7919997312606
544 0.459844 111.413000814664 1.910629 0.703524999777598
545 0.698883 113.355513451152 1.291497 0.564542443422705
546 0.475707 116.076891720131 1.903673 0.661561428598512
547 0.409249 104.446795093072 2.027036 0.729580478224581
548 0.243192 119.647238896303 2.196523 0.759350253661909
549 0.6243 93.0365116786062 1.605725 0.692217915652511
550 0.564045 87.7482110534733 1.695915 0.668102097611768
551 0.517938 91.9561207060181 1.80809 0.657263765315174
552 0.327811 105.174765120958 2.111281 0.676010294830908
553 0.438175 109.495026535787 1.975637 0.747741655335778
554 0.391671 114.467106925388 1.996293 0.678004489151935
555 0.581692 112.900846428895 1.609158 0.725068482033511
556 0.303141 117.469928264645 2.150542 0.741365022161176
557 0.231931 120.636530710291 2.206736 0.684566370302873
558 0.503261 110.951017670385 1.870444 0.715758906983832
559 0.560865 109.647898469713 1.716511 0.672797918520664
560 0.529117 102.615504961542 1.759418 0.675537230936926
561 0.445649 110.060358585847 1.940997 0.740130412184713
562 0.614101 89.6808654453742 1.542659 0.605154287901277
563 0.264809 124.790905451417 2.188722 0.755446748606051
564 0.445459 111.984963955025 1.92981 0.751313322776181
565 0.29514 119.419609600018 2.164011 0.768902185794118
566 0.542917 102.847716703814 1.782411 0.694748288947629
567 0.430965 116.858520497852 1.932817 0.680325389835942
568 0.397551 115.888846144501 1.999522 0.710714500555959
569 0.440685 122.093629063568 1.976381 0.683789510124047
570 0.650396 101.532206468791 1.523535 0.692609573344288
571 0.589349 92.8079499860148 1.683781 0.618982045403061
572 0.489655 102.918348265241 1.862321 0.696863183982283
573 0.406088 114.028964017719 2.008611 0.700618887234906
574 0.368936 116.306167990918 2.073814 0.657804771478814
575 0.458885 97.9582946485268 1.92888 0.640623793121955
576 0.47699 111.214464361508 1.869106 0.673340145341778
577 0.400077 122.232980437428 2.02663 0.741458651450308
578 0.562397 110.673630631393 1.719814 0.65767895202572
579 0.596724 104.105142779268 1.656116 0.651917905487423
580 0.085331 129.090719701525 2.290742 0.785658495422817
581 0.354406 111.626150784037 2.095864 0.746649849813949
582 0.388538 111.756354771184 2.047425 0.664427108645026
583 0.531913 105.40790369761 1.767916 0.658405600404995
584 0.596346 96.9286622201481 1.646773 0.646416133953147
585 0.398795 99.7633342576409 2.034718 0.508488442970722
586 0.314867 119.291743448495 2.122805 0.735561527392138
587 0.560221 114.679710471035 1.751027 0.681854274919457
588 0.516339 98.3839099331788 1.837019 0.654889529117627
589 0.390569 105.08396809838 2.024786 0.700670562533875
590 0.320901 116.009239172083 2.112828 0.743205073632502
591 0.346593 115.938189357889 2.077258 0.710144251865707
592 0.38388 111.62655119406 2.047869 0.707260897199379
593 0.253516 130.412273306621 2.189723 0.729385928261729
594 0.4127 126.01056227765 1.978952 0.777825594365403
595 0.383704 106.128620868728 2.030404 0.7090715044681
596 0.420007 95.0968068500154 1.947607 0.652770273081607
597 0.315219 112.651983562362 2.111208 0.7085579039269
598 0.358338 121.780775231215 2.092242 0.707727321313911
599 0.350854 107.823928871469 2.100836 0.612613386818087
600 0.575461 100.348177136452 1.650256 0.703881023058066
601 0.486716 109.790367993695 1.886886 0.68049371904374
602 0.276701 121.989588088456 2.164543 0.737752736922173
603 0.690848 96.4087818460705 1.386218 0.640336869617624
604 0.630229 113.670474165365 1.57428 0.668529180462532
605 0.539359 98.7666090737026 1.766385 0.647442746658694
606 0.46912 108.003896859577 1.89659 0.701143680105398
607 0.327863 123.230025541069 2.122758 0.765468075877723
608 0.424769 108.428182388879 1.944723 0.603851067424883
609 0.74155 105.155029624878 1.178205 0.646057048820759
610 0.442622 112.006294494032 1.922897 0.703211993281408
611 0.213595 118.811483412381 2.227853 0.661387339427559
612 0.289142 119.024588385231 2.148728 0.778761655335153
613 0.642148 96.82047424683 1.545377 0.644947324740914
614 0.398785 103.810794860266 2.027118 0.735556840340119
615 0.273026 116.22622000158 2.182512 0.748415774714095
616 0.651559 98.6103772783834 1.501416 0.61745394621496
617 0.565011 110.038606371977 1.752176 0.702662240358517
618 0.537395 101.71532433262 1.775885 0.694018468371424
619 0.541211 105.632172399447 1.779431 0.5013108954742
620 0.677955 101.854703837107 1.437159 0.613267587467532
621 0.419377 108.808929099356 1.970062 0.716185287955539
622 0.578698 92.6601947793338 1.688015 0.636404125551796
623 0.487566 99.8974909598697 1.890197 0.663243885053786
624 0.222504 112.996297446305 2.210566 0.730686856118642
625 0.495947 98.9156172688837 1.827805 0.713564898915699
626 0.57288 101.745640752928 1.704348 0.679859249012415
627 0.425495 119.876849497705 1.984912 0.766229260523503
628 0.522349 118.718839488155 1.762376 0.721033346228318
629 0.62027 83.274756757201 1.61291 0.658630541997763
630 0.527257 107.176062716447 1.769718 0.668362538618172
631 0.369789 99.9700734508248 2.043254 0.689875502298584
632 0.629305 82.7295311959745 1.578882 0.549021737214701
633 0.426425 106.914360234258 1.997019 0.675834219703374
634 0.450089 102.236771717464 1.907111 0.697161039586636
635 0.433966 106.207483196122 1.982493 0.727353906556795
636 0.488898 102.139047034486 1.858771 0.669194172480751
637 0.339207 101.483007853915 2.056917 0.725042121430526
638 0.165346 121.507189305314 2.243 0.741410261438265
639 0.450081 117.584227720898 1.963598 0.705086155664304
640 0.451014 110.341665660918 1.898747 0.707059525541803
641 0.494088 97.1021383850841 1.817465 0.690133253447038
642 0.429008 111.752850753555 1.943767 0.748879976490407
643 0.564995 116.854788065123 1.746677 0.714532247865946
644 0.471814 101.58798431864 1.914752 0.702810552054577
645 0.191216 119.136242866087 2.243312 0.765874509542596
646 0.325309 102.264782210138 2.107261 0.724750496335084
647 0.677336 102.298624093021 1.440215 0.702523855708451
648 0.531789 90.0050692086002 1.795742 0.670199462968185
649 0.522222 105.619481002707 1.811151 0.653222641586214
650 0.570432 103.999724840773 1.701902 0.635645656401901
651 0.645092 104.044131279967 1.51471 0.61675513187898
652 0.648566 100.268400343545 1.477626 0.606464319983184
653 0.423792 114.389266299841 1.972737 0.761627750191735
654 0.210962 134.299862556783 2.226773 0.754246216466506
655 0.356691 113.116271299095 2.060456 0.707133171315058
656 0.544879 109.960411096441 1.773847 0.717787507091003
657 0.408482 112.353114003731 2.015476 0.706212040156495
658 0.49432 105.225031150634 1.828314 0.775536683231728
659 0.303418 120.880340475764 2.149075 0.693353796799292
660 0.511891 107.75646521614 1.841388 0.657799705863984
661 0.474337 103.878172403015 1.91836 0.697597079808742
662 0.633045 122.081822188463 1.549951 0.745629911476957
663 0.305717 126.116502659454 2.151089 0.760752232841778
664 0.696243 87.0265998708977 1.390245 0.592748279066189
665 0.561369 109.985862946167 1.743806 0.628527683675335
666 0.584954 106.579199873248 1.661714 0.680770662984977
667 0.436861 107.519113610427 1.935315 0.733847348404927
668 0.599645 97.852801130153 1.659099 0.651685364886757
669 0.461477 125.942235581975 1.917144 0.638846925598664
670 0.452489 114.050627668301 1.932108 0.713820195311897
671 0.428102 105.678866599845 1.983224 0.684117507713013
672 0.424731 116.314784416085 2.000868 0.737775259295745
673 0.712502 95.7055297126199 1.313246 0.677761667733029
674 0.244973 117.078719269604 2.19297 0.790907530822413
675 0.478574 107.302945405485 1.889232 0.645389233426921
676 0.499962 108.534638148981 1.862082 0.654231596144953
677 0.218076 116.852101408319 2.226357 0.778473411220505
678 0.308039 114.065463600588 2.149733 0.733860922637119
679 0.628139 108.291050038615 1.543021 0.658750145629795
680 0.467803 102.444628602011 1.900715 0.68328981559977
681 0.57942 114.34024918305 1.716275 0.67877162717872
682 0.408869 119.223070807911 1.961008 0.703242994461755
683 0.516096 89.7783982637759 1.832155 0.714590110922606
684 0.620403 112.551402864645 1.524585 0.663744928123296
685 0.425781 109.258500957699 1.951509 0.698656034027627
686 0.318967 117.095530762764 2.117083 0.756152448978837
687 0.40421 103.918710362776 2.00239 0.717730660492384
688 0.208403 131.796615353779 2.228176 0.764611442208836
689 0.384147 107.769105647594 2.003269 0.761284779919339
690 0.743649 108.654775242841 1.171691 0.705176571487332
691 0.257782 111.985952482545 2.167157 0.706393504819001
692 0.38443 119.528915656625 2.058129 0.748667050448828
693 0.462181 89.2839405918814 1.84538 0.690414365274281
694 0.181491 123.49921601787 2.241691 0.748581930414867
695 0.38703 101.916249704618 2.014409 0.663555257564832
696 0.484888 111.964898740548 1.876458 0.665238547561616
697 0.506455 79.210056734406 1.804335 0.616624971338954
698 0.469607 109.83784684736 1.907058 0.676340220172238
699 0.468734 107.640005211694 1.875397 0.718477036434508
700 0.512033 104.830288042392 1.843888 0.67564579551313
701 0.095428 136.637574253519 2.288519 0.8190844086737
702 0.412797 112.304817262396 1.98129 0.701499771088885
703 0.343375 115.739789188876 2.105887 0.769231982480834
704 0.426416 109.499318737763 1.986921 0.70288721574042
705 0.472229 104.42573986609 1.903776 0.677340218374003
706 0.66725 107.298996060417 1.465722 0.700978516074884
707 0.571134 97.8768838849112 1.697124 0.707634910310095
708 0.657361 81.5821286352393 1.460507 0.583901801488169
709 0.629646 107.313277832233 1.57699 0.673729897645141
710 0.282721 117.822720166737 2.129565 0.670477209847571
711 0.148456 137.424491652866 2.266962 0.794208152636732
712 0.372513 107.39264380383 2.018888 0.684687316610865
713 0.297219 115.220786843921 2.162146 0.710509232391205
714 0.25253 119.561409337571 2.188171 0.747946281698162
715 0.373839 105.307709691412 2.059395 0.691810753884453
716 0.632297 102.339527193566 1.580712 0.692969198984609
717 0.275108 109.082857759083 2.178278 0.656655932523698
718 0.540191 117.785588557785 1.742299 0.703223120192217
719 0.496874 104.219562617069 1.881016 0.648617124361568
720 0.234273 128.920813143822 2.209254 0.778103868387585
721 0.423725 124.096073986272 2.01029 0.714991713823765
722 0.430187 97.0638409686487 1.976624 0.709386400456235
723 0.445464 96.4506998740676 1.972138 0.748584337672616
724 0.634256 105.016246710275 1.501761 0.601161960838402
725 0.30642 120.760020863725 2.134662 0.750570699967701
726 0.367986 108.998007050202 2.017968 0.711572078691122
727 0.529619 115.759309804055 1.785591 0.689500500790955
728 0.566596 106.047405102105 1.704586 0.620407642814664
729 0.453 104.542068512811 1.948435 0.635660936972156
730 0.485452 116.307559871682 1.859185 0.702398204913236
731 0.620937 110.630924665025 1.584039 0.724470991571345
732 0.396911 99.8563322163887 2.01057 0.737880390766666
733 0.447502 109.80526726422 1.928989 0.724219307027727
734 0.269077 112.110928964601 2.148834 0.743902040136527
735 0.492623 109.600777616309 1.893473 0.684877313183123
736 0.43963 107.555000024798 1.95025 0.681928100477066
737 0.412033 112.327979511151 2.02069 0.711009562221691
738 0.165106 130.309625184598 2.260165 0.783644730434289
739 0.40752 102.499135836643 1.97393 0.729432554833114
740 0.244043 128.325121104572 2.208261 0.747495701123543
741 0.511232 87.5433007110186 1.8385 0.718036599122937
742 0.549842 94.9382037350407 1.752378 0.657780129895051
743 0.361821 114.551695459513 2.059302 0.732005358019451
744 0.473129 113.541754955084 1.917363 0.776236744915284
745 0.428119 98.0782586566577 1.94212 0.705665731549912
746 0.406644 122.896927729863 2.014994 0.695875236392378
747 0.402455 105.749817692918 1.961999 0.692125805960075
748 0.515575 102.140841901102 1.773675 0.674685446485269
749 0.452017 107.715302404751 1.94928 0.670916031966919
750 0.478061 111.193012003821 1.904313 0.631381856105259
751 0.405441 105.398081322008 2.033822 0.759653359169252
752 0.569405 99.9212674440774 1.714216 0.684298194119316
753 0.359492 123.551949259733 2.024541 0.638503462109124
754 0.497636 109.729407419582 1.857829 0.623003132432605
755 0.533481 111.517238852567 1.791594 0.736994062222155
756 0.343547 124.340911380612 2.089062 0.785131643648869
757 0.44754 102.879398272629 1.922526 0.680905639960835
758 0.486557 112.203653202365 1.891786 0.783060737298828
759 0.445599 101.849149087201 1.939706 0.576317496045881
760 0.434781 112.950476637925 1.989182 0.704626870318892
761 0.43188 110.824510569907 1.984185 0.707402524633672
762 0.398145 113.642988863032 1.996423 0.725173470103942
763 0.133243 130.795354390585 2.274777 0.786191732079983
764 0.676521 104.700623857151 1.439568 0.681800342346939
765 0.545134 116.230302946593 1.765163 0.743370825582346
766 0.447883 106.75603562274 1.927815 0.676305926525567
767 0.218076 119.566758879813 2.204542 0.735160156797401
768 0.56506 106.418835410461 1.736432 0.713394783668197
769 0.270978 110.766891362901 2.177233 0.717258433379579
770 0.426965 118.873237418782 1.990434 0.702401634559255
771 0.560208 92.3557290174648 1.720908 0.647004324446673
772 0.454863 106.306589895857 1.905016 0.697859420377617
773 0.333632 119.074189280862 2.109921 0.715849607416727
774 0.48802 105.788897399863 1.87858 0.66022749099263
775 0.591957 99.1965184508906 1.636938 0.670530154447233
776 0.337172 113.291958586267 2.093165 0.744547807031046
777 0.447803 120.718698650171 1.939701 0.702295976221944
778 0.512729 110.469306068506 1.789221 0.711207823048586
779 0.400345 105.286285671282 2.018076 0.694594543521823
780 0.401014 125.393790505278 2.018385 0.761403025526489
781 0.472126 109.504056801821 1.897446 0.692930945649693
782 0.356342 108.042490968882 2.066664 0.696306951682342
783 0.631593 106.947368882473 1.499686 0.689772457981682
784 0.520786 96.6376971325461 1.763098 0.724284829350002
785 0.268538 135.939367322218 2.160944 0.734706172758715
786 0.60868 106.364578208144 1.617784 0.704785685152246
787 0.63851 100.296759348881 1.460457 0.642844988324454
788 0.418868 116.933956109531 1.996165 0.689855077075413
789 0.621024 100.939740419871 1.601357 0.680590830765712
790 0.392941 122.008379592772 1.976263 0.764258577476361
791 0.499592 101.0008353412 1.829257 0.717638536687729
792 0.563396 105.189775288761 1.710201 0.679875594758081
793 0.416533 126.772268849922 1.985955 0.739538245665292
794 0.560582 113.052918173749 1.738462 0.69152795627752
795 0.629811 100.476917179013 1.566509 0.640845747674826
796 0.272038 100.401649041008 2.153277 0.710949907042436
797 0.540258 118.271136226554 1.751303 0.713301395105226
798 0.536514 104.417732656016 1.779194 0.688600928637942
799 0.526365 108.774793360069 1.824233 0.657209401682044
800 0.230198 118.163280273599 2.200293 0.743423215212924
801 0.65259 99.953516826607 1.497423 0.62207459469792
802 0.812606 95.578277717882 0.85317 0.61688421995677
803 0.395473 118.263852784844 2.013342 0.775669490932587
804 0.397623 117.674111110092 1.999254 0.766390609318633
805 0.47649 120.205780855259 1.910808 0.767174642945806
806 0.52455 105.225224928846 1.807617 0.68945933403997
807 0.637653 96.7144539570384 1.498153 0.635597785030096
808 0.266824 128.946111414374 2.187951 0.772381770855466
809 0.625713 98.6699496289035 1.587162 0.665745551613338
810 0.510946 112.78997303137 1.854647 0.737628043359026
811 0.465712 105.136492564723 1.906668 0.671485163632224
812 0.544189 110.705916699306 1.787556 0.67793328318966
813 0.362086 115.125991121644 2.06775 0.713870279395265
814 0.317051 116.406335647137 2.132116 0.688147598012961
815 0.463875 109.733022228602 1.921639 0.73072072211635
816 0.322591 115.011419397508 2.086374 0.741959511939511
817 0.066583 128.194832948935 2.295483 0.782002039249012
818 0.226529 115.468804388436 2.219035 0.772878828418216
819 0.514572 106.924221454696 1.844946 0.69443672957668
820 0.464973 103.055029153851 1.922281 0.7091305516992
821 0.338832 126.382896956007 2.114881 0.729963204664185
822 0.68082 101.050008287664 1.345052 0.65394419379102
823 0.323761 123.490198294409 2.134946 0.772539066351459
824 0.327686 100.128240648624 2.116198 0.678449746177217
825 0.564863 99.2381657348359 1.732726 0.715649644562037
826 0.432364 108.916617030701 1.981061 0.692966649685694
827 0.528553 110.298509238066 1.803681 0.714510002167108
828 0.488638 108.069671433564 1.84409 0.689859975233554
829 0.372188 100.278893554861 2.020875 0.716682925301442
830 0.606235 97.7335100445096 1.568427 0.669352610440017
831 0.668654 110.374612349707 1.433963 0.753106751528451
832 0.435743 98.9758453487465 1.970427 0.715908628156078
833 0.40452 104.074131624579 1.966878 0.677187461058595
834 0.633849 105.210575443455 1.568747 0.585243363242324
835 0.633643 91.3223923103945 1.525976 0.561656790883006
836 0.678976 96.8996977390696 1.428624 0.563542688609651
837 0.591549 82.5184167157775 1.618392 0.648589156848427
838 0.575491 116.548946171659 1.698771 0.706239338120822
839 0.188547 121.740008543973 2.246235 0.711614332194089
840 0.641749 102.742894305508 1.525359 0.627403922155141
841 0.189316 128.352872877991 2.209991 0.762022856203541
842 0.449526 108.98138161586 1.932033 0.746536030216598
843 0.600256 75.9040380702859 1.656288 0.644034523315617
844 0.324136 112.44357815613 2.103751 0.735454357459447
845 0.410829 105.893203989827 2.011674 0.710409472914536
846 0.601118 103.573973482634 1.616651 0.617880358686725
847 0.647337 111.555877458386 1.514496 0.702317418249796
848 0.352694 110.521102017053 2.074977 0.682503386103254
849 0.423105 120.755839666309 1.991907 0.729356742629339
850 0.372016 112.162833195254 2.06635 0.708231604592858
851 0.456453 115.633891451497 1.932776 0.73657628988464
852 0.598864 106.037546969319 1.616529 0.634077865373914
853 0.463145 106.962310366237 1.925575 0.715906853093669
854 0.664665 99.965317870185 1.466345 0.6420506234416
855 0.567253 108.726531954744 1.743528 0.697910551607022
856 0.327173 108.643982827734 2.105763 0.706447441612357
857 0.481021 113.005143480144 1.899919 0.703799974891848
858 0.501601 113.512568772039 1.867922 0.744314412357311
859 0.236031 121.789205412061 2.212225 0.764719163982854
860 0.245423 112.923534766978 2.208467 0.773879095464172
861 0.466651 110.799262275549 1.905903 0.731317815231964
862 0.613161 87.6483576750653 1.628692 0.644641852315203
863 0.49601 97.6821117285771 1.8373 0.6773863694071
864 0.302059 111.171852095271 2.138812 0.740540722447989
865 0.343207 109.497010010366 2.107203 0.754440670956095
866 0.510915 102.746116892676 1.841204 0.608128707763722
867 0.431667 111.653890694278 1.928019 0.733489478617372
868 0.533255 114.663718853879 1.767014 0.66982088660353
869 0.469858 126.536975018701 1.934832 0.64558739542541
870 0.278856 119.951953733636 2.169522 0.739941281786722
871 0.424567 110.848376187446 1.946004 0.739551501195756
872 0.534557 107.569805047932 1.762768 0.720655675266418
873 0.552403 101.540633518457 1.738188 0.662417941376042
874 0.575598 92.7325336701003 1.677877 0.613467255220353
875 0.595896 105.848369034672 1.64319 0.643345820317159
876 0.277705 125.119341784549 2.17435 0.755784901016712
877 0.481602 117.747272664944 1.863098 0.741357300503192
878 0.540838 117.093828550082 1.796157 0.717388102110003
879 0.505814 114.011026697619 1.864535 0.75177389423007
880 0.538616 98.8540821298948 1.809425 0.669953032061142
881 0.573018 104.648856003263 1.709873 0.73648232464148
882 0.118487 129.145950169224 2.279374 0.763224448678895
883 0.543103 113.138678340109 1.79772 0.661172363404029
884 0.513404 120.938383271257 1.828645 0.707965957158027
885 0.617096 104.178273654909 1.612165 0.606424696046084
886 0.179335 125.720188924059 2.251226 0.773229443617822
887 0.530944 109.295540120129 1.78143 0.707096440281769
888 0.480834 105.112953880311 1.886562 0.670824696677026
889 0.27482 122.064198781281 2.184247 0.791479857354416
890 0.322107 118.023492904637 2.121972 0.688330744582256
891 0.447509 99.6167930950533 1.944098 0.716939873512849
892 0.499737 101.163209434659 1.836733 0.683734053615978
893 0.452823 98.4721989783927 1.893306 0.681271939368194
894 0.383375 117.468130369812 1.992451 0.720223837328911
895 0.365126 120.195479548361 2.046199 0.760011115528934
896 0.669418 114.866185120705 1.465776 0.730732268799923
897 0.070489 123.187784761247 2.294198 0.770942104283402
898 0.338288 116.888531849168 2.095548 0.705207863942754
899 0.641682 112.038365313326 1.430721 0.655951565573031
900 0.363433 119.500204754692 2.081168 0.786681964463611
901 0.067641 138.247963585641 2.293566 0.785072789816929
902 0.53652 105.621569523545 1.805233 0.693327105530511
903 0.392932 107.625845637597 1.995803 0.707937864307779
904 0.352277 97.9978836041939 2.054432 0.732534189235852
905 0.288309 120.714532121594 2.153843 0.778879865321665
906 0.472001 112.669502702722 1.902544 0.671404690618917
907 0.455653 112.191032610255 1.915485 0.726646090999262
908 0.528862 108.893587616833 1.820711 0.670412895112495
909 0.503869 103.805484304884 1.836558 0.711891845201872
910 0.433138 106.935542248172 1.951417 0.697555423536597
911 0.641465 97.0206407133767 1.50758 0.636320336518938
912 0.324689 106.795094388444 2.130821 0.755485205866051
913 0.316947 119.994256569764 2.100626 0.724593346280071
914 0.245181 112.640256200377 2.196624 0.742323239397623
915 0.30924 107.18077678871 2.103268 0.679131978486132
916 0.556023 98.9812002914797 1.72049 0.679592846876828
917 0.412072 100.392677375228 1.989245 0.704610551296072
918 0.643273 83.4049941370499 1.477766 0.653791669735611
919 0.137733 128.438066568467 2.265963 0.756143536039527
920 0.38357 116.261513367481 2.038065 0.639071428805228
921 0.536612 115.668835209472 1.800913 0.691061625311988
922 0.513521 110.344608626744 1.793592 0.734731604958016
923 0.556595 106.205540150337 1.717881 0.668551801902527
924 0.499522 99.6458706159003 1.863849 0.709428676397981
925 0.196441 128.329421576371 2.239822 0.722678751384892
926 0.673392 100.854359254259 1.418525 0.667877636026
927 0.501057 124.511261147283 1.879856 0.704436986633864
928 0.533211 102.526485376648 1.747497 0.681893320740015
929 0.607698 93.1801893215377 1.616216 0.550949900852188
930 0.370584 124.313417742001 2.039468 0.712405220155403
931 0.463411 121.35536702274 1.946454 0.677036843032243
932 0.443367 113.013522972089 1.970849 0.744488137891235
933 0.52196 121.983766944004 1.825348 0.694634394054292
934 0.474786 102.341513781463 1.85465 0.676699784332092
935 0.507319 101.937450700889 1.836211 0.645198449735733
936 0.690915 93.4776281964815 1.383694 0.683875833295406
937 0.373729 120.453889155699 2.065868 0.748168912344269
938 0.50468 111.015921098815 1.800788 0.728885829797099
939 0.2433 115.556216302363 2.170081 0.70937705273929
940 0.474952 109.407428591906 1.885889 0.601133460034672
941 0.536901 90.4463180179143 1.781483 0.644771211298327
942 0.485205 112.939082773309 1.904764 0.724516244968511
943 0.742063 107.453324258483 1.208554 0.73798630384808
944 0.433864 114.121207557932 1.96317 0.720633710041582
945 0.340374 98.3151504534171 2.09282 0.673944433123731
946 0.609569 103.548948071122 1.621964 0.63450956108565
947 0.350355 129.675239032786 2.08651 0.729089389151248
948 0.644041 104.990981645801 1.534009 0.676325550888237
949 0.421444 105.44706002997 1.968567 0.724880031076821
950 0.636344 94.4889146482031 1.568595 0.642607246743923
951 0.277766 123.7220113984 2.181415 0.708427318883154
952 0.630312 109.643033004689 1.562664 0.707434292788675
953 0.257057 109.503182221354 2.168193 0.737807252304448
954 0.399433 114.648407234453 2.03978 0.755556412155514
955 0.617051 88.7942815029811 1.556794 0.589743399272205
956 0.071194 127.441479881527 2.294552 0.784907235747959
957 0.402305 125.215032286164 2.035187 0.759749440792533
958 0.228538 109.169186766576 2.220794 0.727015836143058
959 0.437412 104.485359594461 1.928808 0.687686328302784
960 0.487468 99.6032308261041 1.853009 0.675088914817868
961 0.460239 117.084495559807 1.921697 0.728441181530828
962 0.726197 112.898312101093 1.231808 0.682436776238823
963 0.427898 107.346376517421 1.998071 0.666620053136814
964 0.177974 118.649397281825 2.232081 0.756128073933568
965 0.400718 100.687767183175 2.019211 0.723354564176313
966 0.491988 103.204117435257 1.829114 0.711579852190244
967 0.60199 110.035538208635 1.643355 0.718211445280453
968 0.508151 99.5224487124538 1.830889 0.700426161890491
969 0.506926 100.173181471812 1.765977 0.679709679255675
970 0.490818 125.950424533855 1.890454 0.734422209006402
971 0.546238 107.615426413336 1.754787 0.707906298382623
972 0.516922 115.958112922622 1.785186 0.777204163118015
973 0.362273 107.541469082421 2.056323 0.736199213980979
974 0.527879 106.092851056207 1.792674 0.72052722078561
975 0.376662 109.320922086 2.024229 0.714086370270268
976 0.624 107.212732225844 1.4281 0.658164791818907
977 0.312629 102.697869447227 2.085516 0.727631355824728
978 0.296365 124.451284240577 2.162731 0.759727212993089
979 0.55026 112.868430407744 1.759816 0.672632530935161
980 0.26847 117.372927437518 2.179278 0.748291814486152
981 0.292964 114.675271113262 2.164268 0.70533651059074
982 0.575064 111.254411958939 1.675578 0.61862133280403
983 0.284319 115.477252710434 2.153231 0.751504912790867
984 0.437752 115.742846103359 1.961328 0.699585271072921
985 0.309587 107.373388253223 2.09583 0.677474397635477
986 0.40075 113.465724341208 2.028526 0.736286332381229
987 0.382429 104.762790702887 2.037768 0.656082577713582
988 0.505692 101.078297313876 1.853824 0.684835988303716
989 0.499303 120.516935063646 1.882019 0.758703093159296
990 0.508717 95.5819272611215 1.8138 0.66744781569752
991 0.244267 126.176461796102 2.209098 0.736498320900762
992 0.371207 113.234454102264 2.029059 0.725295563469389
993 0.511517 103.491772132553 1.816592 0.64941248861538
994 0.305685 120.920123518427 2.153372 0.788605703673149
995 0.32974 112.36819137764 2.090588 0.735179214820347
996 0.50582 116.783146602001 1.861468 0.729913480857424
997 0.389293 100.095914894252 2.059541 0.705664126394284
998 0.197387 108.931689740461 2.241179 0.71533648817938
999 0.631379 95.7369261260141 1.561432 0.608619073120296
1000 0.598663 110.814099018451 1.652712 0.645522010726773
