rep aei_left left_area adi_left H
1 0.160456 134.232359433937 2.258061 0.831717061503671
2 0.384343 115.271097149764 2.029806 0.779639819698112
3 0.459486 115.173522562991 1.949613 0.789088643547817
4 0.352598 109.153239564621 2.039721 0.754229129428648
5 0.392095 113.366240415029 1.985324 0.790289672528334
6 0.375326 119.779734503687 2.075085 0.793464467739921
7 0.538699 106.963989890774 1.760722 0.729185325355556
8 0.469265 107.383305775792 1.890547 0.737973409891064
9 0.344155 124.818541969108 2.102642 0.802853463143423
10 0.458441 106.966418141689 1.881908 0.756317186324331
11 0.351623 119.47823560433 2.08032 0.787448761345769
12 0.521589 121.307595452333 1.813418 0.726840269652518
13 0.392128 108.229419066901 2.008005 0.778168812401318
14 0.419664 107.163113954624 1.962724 0.731006677597266
15 0.498784 113.728009744049 1.841202 0.762848652207187
16 0.474213 105.178816816081 1.900891 0.73654858045058
17 0.335156 121.350997162707 2.111338 0.79155832066333
18 0.304948 121.640019451604 2.088681 0.767944888212784
19 0.411696 110.418198158722 1.952945 0.779696037102926
20 0.461594 124.925519739991 1.840827 0.796690339227447
21 0.519561 115.491064283073 1.802208 0.780025894516946
22 0.398652 111.405783219665 2.024293 0.719241802866609
23 0.417953 102.150508289921 1.923858 0.736377742573827
24 0.471778 110.635206060611 1.881709 0.774961176364618
25 0.424236 116.563853883973 1.978585 0.770448323337354
26 0.250327 118.12462047533 2.168154 0.756793765200482
27 0.379334 111.717569379964 1.999895 0.77483417086767
28 0.404759 121.174834266266 1.988802 0.785660327425587
29 0.446446 108.637228605751 1.954417 0.7307649031204
30 0.416719 108.939922146034 1.965092 0.741500573689473
31 0.37037 121.763793849568 2.05182 0.790499332615791
32 0.428443 105.727944225894 1.955495 0.708944100608232
33 0.279762 120.628940014813 2.154806 0.80664803852649
34 0.336488 123.601901591303 2.096163 0.781282268304487
35 0.402299 118.530617829066 1.98462 0.798266513760753
36 0.560591 116.105951393385 1.733623 0.777401957344635
37 0.378863 119.183672858407 2.008803 0.777337586773225
38 0.489206 121.497719925927 1.851366 0.779890153900776
39 0.350091 123.502666995323 2.077357 0.807744258642402
40 0.445775 112.055625062295 1.964049 0.740334434596337
41 0.540469 111.364381915515 1.766937 0.7531097472635
42 0.538592 109.238961620493 1.780353 0.718302967985463
43 0.501276 113.370336537805 1.80041 0.744762719994688
44 0.414035 119.010438743231 1.987298 0.79695680429166
45 0.423683 115.152355849944 2.00655 0.766261600347368
46 0.408015 119.38977971683 1.985524 0.783173686982984
47 0.347791 123.129585632424 2.104317 0.783428924829591
48 0.337283 125.844904799912 2.117141 0.789963896511589
49 0.422171 113.892502665194 1.967182 0.755859420404571
50 0.325756 123.010355199696 2.112994 0.79416561257864
51 0.529931 113.422009795985 1.813295 0.756880877400868
52 0.379427 114.496021202255 2.013299 0.778223101225239
53 0.53275 127.848245588931 1.820329 0.821956269746049
54 0.241132 118.120698225851 2.209127 0.765239073416795
55 0.480765 115.209622870685 1.894561 0.749266365631719
56 0.282301 123.057767532035 2.161668 0.807054493516553
57 0.357382 117.65563773196 2.070038 0.759785783809277
58 0.386541 114.106251329687 2.003759 0.782809344951142
59 0.237638 128.863609032895 2.21366 0.820061894692179
60 0.426508 117.082031634998 1.970159 0.784321568957608
61 0.270925 128.966809716998 2.184555 0.798096656794068
62 0.481162 101.988178259894 1.814332 0.741828470608952
63 0.420198 112.486938060464 1.921305 0.696818573051812
64 0.200266 119.024434700434 2.224619 0.761044211475235
65 0.394504 106.917793720949 1.986938 0.755767982528974
66 0.442997 115.181971117099 1.927501 0.785581037239598
67 0.466264 103.294193551964 1.882317 0.765307707217817
68 0.466905 121.109780670921 1.90097 0.789021554786821
69 0.350591 108.009955723066 2.071212 0.777169756044929
70 0.521451 103.610370082517 1.815756 0.762541614478367
71 0.474766 112.446958545127 1.912275 0.733549766692118
72 0.43663 112.081649171914 1.938735 0.760508237247354
73 0.274419 117.306315075614 2.175459 0.798520006400617
74 0.219882 121.12990501652 2.224765 0.831042339012913
75 0.585723 123.387669308042 1.649012 0.768978302520074
76 0.33919 117.911109618146 2.095385 0.763444903401992
77 0.437504 116.327108026901 1.957681 0.752152006574191
78 0.530533 113.55936945421 1.794431 0.733821807931966
79 0.310567 122.23029488278 2.14856 0.785400869156775
80 0.523159 114.600403097417 1.801844 0.720255709316306
81 0.414383 107.500951618637 1.979537 0.767337607568423
82 0.468946 111.503630475437 1.845116 0.675921031917451
83 0.18972 123.054596944728 2.238113 0.808572728125707
84 0.445592 107.016968730453 1.959083 0.71680269278298
85 0.327987 118.713808128743 2.124032 0.811395939161092
86 0.446374 119.468229316796 1.965498 0.767452733542098
87 0.306072 116.589183281094 2.101568 0.778456364554552
88 0.40957 116.780088068895 1.991642 0.773420542286323
89 0.414565 99.2019066579318 1.958989 0.75644266289524
90 0.554241 115.652640750664 1.758564 0.738564237881648
91 0.404263 115.366787631895 1.993778 0.776263649923098
92 0.545212 116.202359911623 1.776219 0.735828286359349
93 0.357368 120.072601144572 2.084971 0.808379088443035
94 0.547111 109.128439596446 1.76983 0.72568671492498
95 0.383046 115.320345696406 2.008472 0.767168023709915
96 0.324386 121.73991150399 2.124934 0.788667730494777
97 0.461553 110.689678457991 1.941967 0.739481321374018
98 0.28981 119.620021569178 2.139327 0.764378719976008
99 0.433263 110.238046586392 1.954369 0.77331001884234
100 0.206051 127.599106037932 2.232527 0.825409828433274
101 0.381135 115.868779730521 2.026643 0.787909712665521
102 0.50649 101.116881831269 1.813016 0.736615001846545
103 0.230267 124.292872931383 2.192254 0.81694826892191
104 0.32463 116.388568026173 2.103425 0.770907081014744
105 0.258289 125.45087076617 2.19576 0.811840841500985
106 0.567619 114.142901847274 1.716478 0.765470155959176
107 0.396976 109.201349850486 2.033003 0.791274209596777
108 0.503878 113.232844551187 1.823981 0.768236871332054
109 0.426609 118.596948215347 1.976892 0.770179130114007
110 0.358914 111.03853506792 2.07587 0.744505191368452
111 0.402347 113.644767830134 2.002337 0.785179291257113
112 0.409247 111.404719412529 2.024895 0.766931777373672
113 0.294099 116.345688358876 2.097585 0.770465371956807
114 0.398562 112.410482639008 1.985636 0.765617789216212
115 0.381281 109.941207787682 2.000913 0.762505930333923
116 0.322234 125.798313859017 2.127276 0.809670166715356
117 0.29796 127.139318429225 2.1043 0.776703727866686
118 0.333004 119.40684150971 2.101061 0.784107326654767
119 0.340397 113.412671613385 2.048589 0.759892694175705
120 0.41643 109.578760842749 1.978421 0.778979064420107
121 0.560032 111.856140961921 1.753975 0.753326877498202
122 0.507856 124.915817402576 1.824831 0.802845581436014
123 0.366028 119.003157013728 2.055692 0.787247847498774
124 0.386693 107.432958338571 2.007637 0.736619294564294
125 0.374186 111.763508578972 2.005226 0.757997312194372
126 0.309742 117.395822364876 2.121065 0.78126514116457
127 0.275862 120.584421696698 2.153434 0.801302467327124
128 0.394275 117.893184766677 2.001747 0.779844786897621
129 0.551044 107.750152314756 1.753179 0.744516533362312
130 0.166002 133.359690312167 2.259372 0.844423702955284
131 0.411771 113.472144182305 2.002537 0.762029834116345
132 0.516004 110.819624524487 1.795508 0.717075273322283
133 0.490106 105.453774352236 1.867138 0.771739705749208
134 0.361839 118.467077418222 2.091212 0.792490370545561
135 0.326776 125.37263733337 2.133084 0.820959284651946
136 0.405422 113.685540562191 1.971547 0.773614112221095
137 0.560193 118.464198347078 1.752731 0.773297514552237
138 0.418902 112.489211221716 1.932307 0.747005821932141
139 0.39508 119.44379807449 2.036372 0.752015675774769
140 0.382747 117.168233679086 2.052304 0.792554455014146
141 0.331076 120.391411620981 2.054581 0.79660843972416
142 0.575773 107.154363897128 1.695879 0.735030042589529
143 0.393345 119.856017983757 2.015488 0.790411296940036
144 0.382969 117.084597799102 2.032608 0.75270500211363
145 0.451304 102.938040512644 1.863677 0.734833854261111
146 0.328609 112.141214384591 2.109027 0.77581363738237
147 0.373804 115.801783117963 2.017548 0.753684331738484
148 0.323594 120.84475240622 2.118249 0.808259030116601
149 0.393967 126.215457095772 2.021178 0.791760505634848
150 0.307867 121.826032085792 2.138417 0.778281693911769
151 0.388878 111.76913696955 2.018751 0.780936083210235
152 0.519798 107.106133034118 1.795728 0.768562774083019
153 0.443377 112.086054520957 1.944649 0.745336260407553
154 0.484579 115.940208095195 1.876112 0.77151116082492
155 0.355233 118.923085920888 2.088286 0.779588953946345
156 0.378442 112.918642916197 2.001001 0.774849746680041
157 0.237835 121.185218597726 2.212753 0.823712056166989
158 0.443392 115.190847153172 1.963214 0.799765879755444
159 0.531695 108.226064813761 1.787211 0.72687446929172
160 0.385416 112.747269695473 1.999553 0.792137376504187
161 0.474825 116.684373389273 1.87109 0.706451150511293
162 0.497899 112.129982702811 1.862056 0.758798511348506
163 0.470657 116.500816465257 1.924407 0.751288508338047
164 0.398299 112.15022429918 1.955224 0.715868697387201
165 0.523947 105.208128219498 1.797856 0.731383745551373
166 0.239147 124.723466313394 2.190513 0.817130226378001
167 0.360862 114.405583224629 2.043291 0.762052019265173
168 0.294975 112.883773675833 2.158963 0.764787174866329
169 0.455665 117.101040229155 1.957072 0.789764097747303
170 0.475014 112.338622177419 1.833332 0.761126930224556
171 0.42954 107.443803039057 1.942056 0.746759713569731
172 0.567169 110.580642020394 1.734659 0.73018674868213
173 0.415244 108.052119542917 1.932479 0.755519084495883
174 0.377224 121.407602140818 2.066544 0.80556276749655
175 0.387251 122.867165715068 2.054285 0.782754889865418
176 0.510901 121.230557854073 1.838698 0.754820783363214
177 0.375903 123.186376651487 2.074419 0.793619503464158
178 0.456418 116.15894504952 1.946119 0.801945523813506
179 0.349975 121.566208081663 2.056295 0.784747266866979
180 0.425553 111.017672170437 1.992178 0.737970973966698
181 0.440086 120.579237612206 1.961238 0.794438105159125
182 0.430152 110.213263858978 1.951475 0.744512941393993
183 0.356432 119.768325493316 2.085322 0.781303752213346
184 0.32203 119.540257351899 2.104075 0.82266400315207
185 0.56881 109.487604189229 1.70276 0.725226586967271
186 0.438016 118.339971407475 1.915743 0.758115115866328
187 0.312437 113.162643437033 2.117527 0.788574332546616
188 0.373721 109.793985011864 2.043054 0.76553952773151
189 0.31915 113.961744797465 2.116476 0.785321806698483
190 0.344577 115.347722802717 2.100077 0.78247232744251
191 0.42376 122.220967398197 1.936259 0.785787646220842
192 0.42549 123.874974059662 1.977628 0.805039486625476
193 0.44266 109.216586663221 1.945668 0.732204441049498
194 0.419374 114.973170244855 2.004848 0.710389553951444
195 0.517034 122.174342929177 1.818054 0.812677531465003
196 0.467257 110.438830148857 1.901421 0.751576698288423
197 0.490484 102.410792429605 1.857644 0.742816833898994
198 0.490672 111.821039728972 1.830583 0.764485083420021
199 0.527764 125.723222939937 1.818889 0.734486807023521
200 0.43588 111.563698817544 1.922566 0.762289665259286
201 0.442819 116.871484825059 1.961423 0.783652382567346
202 0.419381 117.107698011364 1.996386 0.778491721389556
203 0.427132 109.55392189676 1.966463 0.761124017967587
204 0.402822 113.255514249073 1.984314 0.798789847182416
205 0.259672 119.623554327692 2.184156 0.804407676225002
206 0.424489 119.214393199476 1.991263 0.779059799155025
207 0.467055 109.265257599327 1.926443 0.767815965161932
208 0.50188 121.2176983516 1.802567 0.740920324465117
209 0.447971 109.125264329701 1.898166 0.751719990469759
210 0.354979 123.941309042726 2.049542 0.741814673258845
211 0.396921 119.10611233296 1.955632 0.811660737228861
212 0.568401 113.366943891663 1.718368 0.754383162109427
213 0.40785 119.632440192776 1.998945 0.794146708528893
214 0.529605 115.998261668073 1.79557 0.74343763797956
215 0.381058 122.358632337916 2.043931 0.789281977990814
216 0.331107 123.112490662984 2.116188 0.820701369644695
217 0.689636 105.06819147757 1.390557 0.726327196828529
218 0.37188 114.311562517435 2.040412 0.759507716850605
219 0.41639 115.639401571224 2.00199 0.760442435683626
220 0.629988 106.061174195963 1.557386 0.714179173241865
221 0.40834 106.479780922352 1.991675 0.747814934113094
222 0.316448 120.837687656396 2.120754 0.796299641186419
223 0.487883 110.711212377754 1.85882 0.776552033741206
224 0.539344 103.780614715182 1.753139 0.709744480827115
225 0.351667 121.833334600201 2.079513 0.798433745216044
226 0.305369 118.130939303568 2.136672 0.802357861526276
227 0.376792 117.949108148065 2.064791 0.820797841363057
228 0.356162 115.725271096077 2.039331 0.775168955238676
229 0.405814 114.635721236171 1.948089 0.762594485125775
230 0.333144 124.703409999631 2.11743 0.790801220791305
231 0.444192 123.257332979581 1.975384 0.779292930917847
232 0.461364 99.901877109131 1.912343 0.730729997635274
233 0.379495 106.311326107977 2.037552 0.733653455639967
234 0.538642 116.291187710942 1.75763 0.763285331832496
235 0.403038 113.634391487893 1.946358 0.773661620426494
236 0.3831 119.39572709026 2.061738 0.74034602529464
237 0.585246 109.559366102882 1.681134 0.741830290963491
238 0.46037 122.341797803995 1.91993 0.792836548222725
239 0.47584 111.385071807405 1.90945 0.775462654689029
240 0.34454 125.902103200787 2.098597 0.814702710157232
241 0.320293 124.708077547743 2.120519 0.813978387476473
242 0.324007 122.945312076907 2.11948 0.78919508216743
243 0.272191 120.326530340095 2.171157 0.799902211283067
244 0.43413 118.304810803608 1.974962 0.785998722185649
245 0.304052 119.449787280294 2.11351 0.767667808683896
246 0.302493 124.786456443698 2.149451 0.785169228894069
247 0.466202 117.267079178654 1.914799 0.777600711477142
248 0.492166 111.351686858855 1.874673 0.655427879665058
249 0.285851 129.959314426486 2.132313 0.788946291694633
250 0.435421 114.345925405363 1.914315 0.749903847581476
251 0.387726 119.077094048553 2.02999 0.775933038603772
252 0.194317 132.991438524727 2.240656 0.814129352681372
253 0.350909 121.81987363723 2.083734 0.787618544151238
254 0.311589 105.505218240572 2.077519 0.720147895400966
255 0.434268 112.073337288254 1.982174 0.78190152535351
256 0.324251 121.121816373172 2.122441 0.782039309611057
257 0.258381 122.037382722124 2.175515 0.78157368056783
258 0.585351 111.187254392838 1.661143 0.744237671311439
259 0.415515 121.077573290916 1.990329 0.767600378754638
260 0.394967 113.045767326374 2.009443 0.76856010239403
261 0.417278 114.194408759478 1.993966 0.77533342321105
262 0.355169 117.794297770878 2.093764 0.788103449106001
263 0.525071 109.798403308817 1.782126 0.730996468709133
264 0.439766 116.340127583609 1.953087 0.765521382372099
265 0.550496 117.516989939075 1.761656 0.784299393267273
266 0.477975 115.4046805016 1.899094 0.763336342070077
267 0.479907 109.320557673461 1.874581 0.75203912982241
268 0.492957 110.755466392866 1.835755 0.74932877478462
269 0.409115 118.397145679804 1.990539 0.789887684346071
270 0.442606 112.793968351129 1.959652 0.794911893746913
271 0.577661 102.534710717938 1.688447 0.695206111361728
272 0.361414 117.131676098187 2.074915 0.797881122687786
273 0.387746 120.989357133304 2.028208 0.797220316954823
274 0.483306 108.646529003295 1.844264 0.753777064441832
275 0.384429 123.969082967231 2.036099 0.782730344406914
276 0.572714 113.378184951146 1.715385 0.712175387950659
277 0.466495 121.818347027764 1.916326 0.760472963704897
278 0.463447 113.899629739411 1.935695 0.758883691450841
279 0.345997 123.934836247962 2.068519 0.787117216761439
280 0.369499 122.900095681644 2.078732 0.798544423916667
281 0.480522 113.545411120453 1.889499 0.754760422580885
282 0.588653 106.871968193277 1.654287 0.722726263006569
283 0.436838 120.633900921537 1.945699 0.82044682756153
284 0.571486 114.970908553444 1.704639 0.730981670125411
285 0.392596 121.650967060013 2.028477 0.780993323190691
286 0.520839 114.248715872167 1.774721 0.754773660868923
287 0.296211 121.180821136172 2.15816 0.805132652539809
288 0.384236 117.644106990275 2.058359 0.790772539149943
289 0.363387 117.376336596367 2.08506 0.763116165732772
290 0.514055 110.036644784761 1.81703 0.768934380140732
291 0.519855 111.58372534894 1.797745 0.748803994408583
292 0.445049 117.91091546824 1.936468 0.780009507378001
293 0.430068 126.245189578931 1.959223 0.819647984184283
294 0.620593 112.242596593673 1.577721 0.743247882329816
295 0.254221 124.644188449283 2.192211 0.775278346825233
296 0.372684 118.224005791895 2.04019 0.689345565129848
297 0.462354 113.017084519592 1.941998 0.745893375213995
298 0.505388 110.020269730732 1.854298 0.754224339770894
299 0.555005 117.405097524594 1.737392 0.757284641751388
300 0.506627 114.036905630868 1.798609 0.746053803579873
301 0.407836 108.859975025738 2.006798 0.783236547402354
302 0.283524 125.063618349001 2.151886 0.81536354809933
303 0.426317 114.800207237018 1.939334 0.77199663473718
304 0.696946 95.0485057201426 1.36428 0.702704993400785
305 0.494245 122.201578769841 1.830319 0.77230458398851
306 0.513589 109.137932009377 1.775034 0.771570575442126
307 0.412988 110.78981501509 1.949881 0.759152269339403
308 0.490028 116.687859217132 1.890084 0.759990842244225
309 0.395757 112.951969099824 1.983652 0.788840662794776
310 0.404914 111.718828075807 1.933791 0.698194148117094
311 0.443382 109.02893831089 1.891689 0.743633453545426
312 0.397239 114.726809822231 1.995898 0.783285373469183
313 0.506726 117.345011098552 1.840151 0.772925695964649
314 0.465015 111.652276607997 1.944782 0.749992348467054
315 0.332993 126.964629205918 2.116905 0.801768352942406
316 0.376891 110.239957955778 2.032258 0.77430292614956
317 0.285074 126.746572103669 2.16348 0.813369641638816
318 0.461363 112.276925561836 1.930351 0.755927337715591
319 0.447489 121.46649981046 1.945897 0.776187898212992
320 0.490295 112.843665811391 1.862796 0.793906681721713
321 0.35134 119.703233950908 2.078887 0.804888690347023
322 0.337319 122.933618285425 2.100221 0.744191911888332
323 0.445503 116.152782983284 1.945041 0.727124566505277
324 0.409537 123.023361237822 1.989044 0.769605339708979
325 0.517357 121.58786422332 1.839083 0.758233610001559
326 0.269232 124.371795616106 2.186792 0.790134425913711
327 0.478802 116.88231523545 1.916464 0.756542128419256
328 0.440384 124.90677573119 1.939464 0.769520374734725
329 0.476759 119.500597679145 1.89939 0.758894633927478
330 0.212864 123.822236841456 2.218071 0.798316530579511
331 0.451419 102.674505354936 1.948292 0.739663434882584
332 0.544753 105.078001518367 1.725318 0.749443305236067
333 0.294265 122.292538424021 2.140311 0.773542454402625
334 0.41041 114.827475199461 1.985105 0.740295998919809
335 0.482903 111.495173192891 1.860959 0.751770010957184
336 0.571505 120.930591826107 1.702269 0.685657721092206
337 0.309705 118.65698350816 2.112451 0.802744136759793
338 0.419062 121.653021909127 2.001262 0.789941574447572
339 0.464629 113.759436281421 1.912514 0.728892185044337
340 0.406065 117.345715703002 1.971359 0.77606779641738
341 0.488717 126.472697162559 1.872512 0.818420190254275
342 0.522995 118.520660133641 1.829831 0.768528475187773
343 0.445994 113.855711830103 1.957219 0.737317901738691
344 0.488058 118.944747048408 1.868137 0.71145671670212
345 0.371208 117.795420629157 2.058368 0.800621554089698
346 0.413955 120.787895494046 2.015257 0.763133498229113
347 0.698588 100.741697425754 1.376584 0.66886646764195
348 0.341545 113.1004740406 2.082543 0.770081419126893
349 0.370187 113.851251546762 2.074689 0.781616559608092
350 0.215794 124.745323417117 2.228541 0.81900051213349
351 0.455879 118.586425925978 1.934107 0.771664539007515
352 0.601879 101.27560161134 1.642869 0.692549289905248
353 0.414754 126.337507515174 2.015931 0.791536603800527
354 0.234232 133.759821645569 2.214202 0.815639490349803
355 0.43624 113.076632432979 1.936553 0.744868302692199
356 0.388901 114.91387574319 2.00186 0.736871188672525
357 0.566237 106.211235490245 1.692197 0.750432122102261
358 0.344707 125.121476761449 2.096605 0.788952387226158
359 0.532607 113.368123276964 1.802552 0.756861214474556
360 0.438847 113.162488808561 1.947392 0.779674315418173
361 0.418525 113.78083294216 1.959836 0.79314677925932
362 0.444361 117.855012810286 1.970705 0.772728334149406
363 0.324126 119.142708191166 2.107151 0.79890702866183
364 0.233071 116.784510514601 2.208918 0.791008861281621
365 0.477392 105.849287552646 1.874155 0.69503172690443
366 0.464994 128.350471531201 1.940848 0.792560204366769
367 0.459531 110.536397223521 1.937291 0.766310234656632
368 0.406927 117.328235766042 1.984117 0.777937726063961
369 0.329995 120.257022429665 2.1181 0.768031320651032
370 0.31131 112.057041257172 2.125374 0.775959608568333
371 0.480666 115.494280637092 1.86874 0.739980982916717
372 0.365706 112.310994668621 2.043405 0.752165537005495
373 0.321124 116.201785170659 2.095453 0.812450947008636
374 0.558826 114.796049012005 1.754272 0.742338432411492
375 0.369553 121.164225969655 2.032168 0.788203629953385
376 0.40547 120.401230523011 2.011824 0.779111064744287
377 0.604894 98.9066163285025 1.635728 0.658202815589498
378 0.528914 114.401201257493 1.805004 0.764916065980744
379 0.424873 120.660581096409 1.918955 0.751038521363226
380 0.693013 110.599646905814 1.381193 0.748131244936661
381 0.413286 118.30625148573 2.002576 0.788841160363474
382 0.508832 113.953495907322 1.823464 0.771635054759234
383 0.401573 119.308533020529 1.990771 0.71881324182301
384 0.405219 115.763253692077 2.010322 0.788969256542413
385 0.456347 110.612868906612 1.896414 0.761854965276235
386 0.258273 119.789041981092 2.164709 0.794818166691066
387 0.325026 115.308394082374 2.088071 0.788646981840328
388 0.362484 124.216074131299 2.070353 0.806289020786575
389 0.385369 114.262437582544 2.033693 0.764825577191571
390 0.487959 112.663319115353 1.881807 0.747091989252814
391 0.471028 119.232798536205 1.913368 0.76309015887286
392 0.315172 117.274908964579 2.131568 0.810756945243991
393 0.449383 108.325666751791 1.877448 0.758763606412858
394 0.299033 121.827792953206 2.130638 0.788564406020452
395 0.229286 125.794432907406 2.215486 0.828880954009606
396 0.463372 93.9752622409974 1.895513 0.7537532604254
397 0.399022 113.493713845102 2.010285 0.773985763547933
398 0.31682 122.207500328189 2.072118 0.803782030811916
399 0.371353 105.402157543891 2.002066 0.761285725488474
400 0.243794 127.910647566438 2.208274 0.755304212833161
401 0.25065 117.443773218518 2.182109 0.789142046655264
402 0.505212 116.637817614316 1.846419 0.76067731611059
403 0.540223 111.823455422944 1.776404 0.730370774890627
404 0.423722 111.604568708528 1.954194 0.765992886657477
405 0.484333 103.218661627964 1.82781 0.719186715899558
406 0.514987 109.283226768606 1.838761 0.749060335742723
407 0.308617 124.360227700843 2.110486 0.787136664361529
408 0.252484 119.333098966502 2.189857 0.750782431026151
409 0.389718 119.531653505794 2.021363 0.812980571136989
410 0.389662 103.273922964096 1.988165 0.753034451302908
411 0.434925 116.4732478204 1.949019 0.764118249947038
412 0.435881 119.169778704079 1.947655 0.78227256434796
413 0.313071 118.302780268072 2.140226 0.744600475563961
414 0.533325 110.956550365752 1.767248 0.751929531107697
415 0.45834 110.721636398362 1.918177 0.761415048640769
416 0.462941 106.482219930184 1.85838 0.74854101813132
417 0.284302 125.843852883726 2.142667 0.81251902592316
418 0.387978 123.225400630411 2.006136 0.750223972768001
419 0.346818 120.840997020536 2.094967 0.776556028701591
420 0.387339 107.684492985458 1.978939 0.757518003147046
421 0.581813 117.007182969401 1.688363 0.755840420467463
422 0.499596 112.20153969041 1.863247 0.763206149006596
423 0.374305 119.713711655757 2.025345 0.795462261190526
424 0.371638 123.822305722028 2.072351 0.754727684316563
425 0.404713 125.425610266606 2.000006 0.766737669715097
426 0.33396 126.572175805638 2.110991 0.828867345444454
427 0.369811 112.298868424231 2.05947 0.762942232966814
428 0.412421 116.254509306774 1.934908 0.758239195231704
429 0.414032 125.169131266727 2.009769 0.795269529459601
430 0.390063 115.344396400874 1.991723 0.777367966583362
431 0.436395 114.23110055103 1.957617 0.762440642016224
432 0.5169 111.337234281742 1.8163 0.763882464467444
433 0.364725 124.14380129947 2.078196 0.780021007310777
434 0.393691 112.31628590209 2.032573 0.745893196098724
435 0.390299 113.844242629551 2.013883 0.726307341530221
436 0.403881 121.945350788536 2.027057 0.793399659661224
437 0.290239 120.203539775904 2.161503 0.75508097419123
438 0.227337 123.640381649509 2.209891 0.825875537044078
439 0.494055 116.519801699145 1.852217 0.778397913603918
440 0.449424 112.467943112933 1.937359 0.7915499731414
441 0.180425 130.61595232502 2.250889 0.814829259033376
442 0.441829 124.624429843128 1.984793 0.791324421237548
443 0.40362 115.360041526561 2.011654 0.789890297917087
444 0.444429 109.263183950154 1.923207 0.766264175591173
445 0.425612 110.272902314159 1.963123 0.765804674206748
446 0.449005 111.959140365399 1.930231 0.745116202928229
447 0.432518 108.394913545249 1.94822 0.752946294648484
448 0.254856 123.910326987396 2.1748 0.804371122517355
449 0.363776 117.69475233236 2.068974 0.779838290710362
450 0.378608 110.687994112953 1.982239 0.757032013318634
451 0.273783 134.674901272216 2.182423 0.823055842750283
452 0.391956 111.583063010296 1.998191 0.769993557517692
453 0.361524 116.555172955918 2.049351 0.764347537642273
454 0.251004 120.403862073078 2.199167 0.805093130055038
455 0.383468 116.038851631157 2.050842 0.775077642148016
456 0.47259 108.722697690601 1.860985 0.755845220619155
457 0.305233 126.321046796936 2.152907 0.797787306107362
458 0.446736 120.333481946166 1.951723 0.748352070156239
459 0.511301 117.680084451928 1.843883 0.754732564880923
460 0.494451 117.304785070378 1.849445 0.763232604102546
461 0.46348 106.734368630169 1.892012 0.742821297738053
462 0.346961 115.486978812945 2.043051 0.813603815451346
463 0.35978 116.79044916345 2.073943 0.763100459546861
464 0.382736 116.750366404243 2.037698 0.788047728356015
465 0.40547 122.747961622259 2.020279 0.780461447388546
466 0.508783 116.532605293685 1.841595 0.756038598860171
467 0.327778 123.607619916984 2.125636 0.787058604743709
468 0.305134 124.089176405724 2.149202 0.799381211518794
469 0.510833 116.09329595662 1.839954 0.695778295787074
470 0.376125 119.879610673773 2.072718 0.785838922115021
471 0.456017 107.308953147369 1.889674 0.744705413421938
472 0.374237 110.026961771513 2.00103 0.773578423514684
473 0.429795 118.7675350889 1.958727 0.787813903309364
474 0.392733 129.528696332371 2.023522 0.802451201750935
475 0.409667 109.511508888529 2.007844 0.749438151472439
476 0.421721 117.016004238634 1.991659 0.74900952213292
477 0.533362 123.929550525438 1.78053 0.790528880013595
478 0.479317 115.273330929746 1.906153 0.763342989281944
479 0.473749 111.521270290594 1.891787 0.72533994916328
480 0.468887 126.584898082418 1.931838 0.785349068009564
481 0.403013 117.277376229866 1.974762 0.790920469642523
482 0.53649 122.226133610305 1.764505 0.745555959577619
483 0.392519 124.421678691517 2.021705 0.760250770146729
484 0.402934 108.109443581077 1.948415 0.775435524484467
485 0.436582 115.631330863896 1.938056 0.751055760957491
486 0.438443 103.156645878248 1.914568 0.753859476225197
487 0.321702 103.444293587176 2.090887 0.692367889622901
488 0.41907 117.75097348506 1.974575 0.782688628523556
489 0.48562 114.166895572461 1.899766 0.718322340062722
490 0.379543 118.859695456541 2.029405 0.798327974288271
491 0.324386 124.24942057487 2.122923 0.786097183972556
492 0.477068 114.506395182392 1.876092 0.76170297437889
493 0.438489 114.074477026456 1.946596 0.763474384684235
494 0.390594 103.364648197791 2.013301 0.753303062540212
495 0.664922 110.226143168254 1.484734 0.739984225734472
496 0.351323 115.195866377109 2.084208 0.780587246181074
497 0.429228 107.261102708996 1.9774 0.747791129285311
498 0.399076 121.394553174264 2.00223 0.77949938063832
499 0.415733 116.441061070318 1.939828 0.738718935531923
500 0.256703 114.804824403898 2.167795 0.798635146055399
501 0.421592 124.941677698475 1.962884 0.786961274537381
502 0.262045 127.555841140232 2.190333 0.803845019624585
503 0.587099 105.010977871466 1.658424 0.719156929769723
504 0.326658 120.267918563256 2.089048 0.801385249547035
505 0.378031 113.051682139674 2.015402 0.781936445675387
506 0.504332 119.276203544578 1.856087 0.779156148765561
507 0.295444 121.86655994452 2.143244 0.799485778649795
508 0.531186 111.974702857518 1.795207 0.714497196946127
509 0.397575 123.46525940033 2.003026 0.789969864808473
510 0.43609 118.064046313523 1.940987 0.773302681045209
511 0.214014 124.411824933798 2.205673 0.826482339945444
512 0.291216 114.363961677378 2.157252 0.792740839004683
513 0.399102 106.701376301067 1.950145 0.767574596971001
514 0.316383 116.864418505798 2.114164 0.791971781046606
515 0.382335 110.88157393305 2.0306 0.785040225321269
516 0.532146 111.134595083631 1.810279 0.79822169209028
517 0.368015 116.426439553232 2.078479 0.812104258641827
518 0.231624 115.670948992941 2.210432 0.806099123750904
519 0.483287 114.904309403764 1.871726 0.756012865317713
520 0.46593 122.641780944315 1.849075 0.783624604221189
521 0.312757 112.196066774597 2.139754 0.735614077663643
522 0.376604 116.366131033114 2.031429 0.790232308157956
523 0.402089 115.650403157403 1.981241 0.75130347230619
524 0.273359 114.889864730432 2.124646 0.78780166855076
525 0.375053 122.635443214569 2.049803 0.780817680421928
526 0.467844 108.135577202214 1.92012 0.785624730657568
527 0.460221 107.564930356326 1.871844 0.659736364887965
528 0.278546 129.367051396789 2.171429 0.829522915349096
529 0.395896 116.005659199674 2.007876 0.744422347753833
530 0.296354 125.479863524457 2.158613 0.809244887871685
531 0.399871 110.99610668788 2.013591 0.763163194714793
532 0.372368 115.969733297294 2.036639 0.754208334591167
533 0.489594 116.091864092471 1.858973 0.704752435055987
534 0.360393 119.038809414209 2.075775 0.785513188348509
535 0.461253 118.471635321123 1.920622 0.74728829360618
536 0.35546 119.984234840617 2.085714 0.790095003383552
537 0.387807 117.481549989779 2.048477 0.736484585504645
538 0.483075 117.763626307858 1.912634 0.779657139909325
539 0.294483 122.182216886806 2.138015 0.810347964663857
540 0.373782 114.33803566177 2.016993 0.782442617213105
541 0.545148 109.833069514881 1.76079 0.726502297461966
542 0.323634 117.576884715603 2.100394 0.786799706095731
543 0.352038 108.374910181447 2.005642 0.785263138640562
544 0.412915 116.389687450354 1.963118 0.765340617625372
545 0.406359 126.133626860755 2.027067 0.797618814076141
546 0.441606 114.232414575847 1.966072 0.790144781587789
547 0.276406 120.5789089196 2.181744 0.787317273190947
548 0.395906 111.231427483335 2.025911 0.724919770990807
549 0.480176 116.486802992975 1.915489 0.741306068756229
550 0.407631 115.06807797137 1.983465 0.766321872014352
551 0.479302 109.627473814061 1.852163 0.739422307644911
552 0.355788 127.381524159028 2.096375 0.782250168990481
553 0.15247 131.895625124227 2.262705 0.830880930169365
554 0.462687 105.506052207199 1.914936 0.729183467993591
555 0.427628 111.174614231447 1.939304 0.728596706453171
556 0.49291 111.334704716521 1.856655 0.710404859985335
557 0.495623 109.046231267808 1.826265 0.713465536172468
558 0.43112 108.249595960498 1.940422 0.741788343432915
559 0.563014 111.163429341212 1.734249 0.768637686995601
560 0.365054 114.424018784151 2.071985 0.779400090872827
561 0.535212 103.994126935883 1.744036 0.704056490807289
562 0.459885 108.296036572578 1.928353 0.7458940656441
563 0.380595 118.157861335788 2.040189 0.809274076844907
564 0.445904 111.232342847535 1.960316 0.784592075745063
565 0.387794 117.432431452149 2.050765 0.738147800168149
566 0.346973 108.43867258314 2.076632 0.758480790399812
567 0.465752 114.154309590389 1.86909 0.783846656995094
568 0.446371 117.045107678986 1.884891 0.742332592773376
569 0.455799 111.864722794642 1.905402 0.737085523069495
570 0.47733 109.89080391543 1.881785 0.758508468860414
571 0.329599 119.124792939293 2.108234 0.755981983458169
572 0.470511 116.695788823482 1.898801 0.747438676103123
573 0.464658 103.360908154771 1.871609 0.747139148463008
574 0.488888 116.900254509679 1.866906 0.733763793381814
575 0.418397 117.98624562039 1.94211 0.761202204947348
576 0.431132 113.253682974066 1.975081 0.777421670162767
577 0.450112 124.631978527165 1.938829 0.833866004851641
578 0.641786 92.6927208062917 1.514501 0.668630340883426
579 0.381621 110.984280167264 2.036216 0.76710145831792
580 0.447074 115.825415821709 1.930458 0.768051686131102
581 0.518702 108.866800804156 1.779197 0.770252828843454
582 0.558276 112.092572080405 1.726735 0.76371947253005
583 0.444996 116.995952718776 1.930269 0.742668348721233
584 0.441822 119.887834427935 1.899344 0.803514485930426
585 0.461155 122.031975245577 1.932697 0.782122359425698
586 0.517899 113.106875125549 1.799122 0.754988868669037
587 0.443121 111.444763477741 1.945492 0.764024308022052
588 0.324811 119.520426311979 2.109896 0.784063358644151
589 0.374409 115.720665213289 2.040244 0.773070751207725
590 0.572413 106.866766696137 1.718371 0.683569815318842
591 0.431603 127.753945619133 1.948463 0.815214529947599
592 0.511076 120.019587307008 1.852657 0.756037113682941
593 0.449233 123.924626585648 1.935299 0.77880132233098
594 0.477138 103.504352382879 1.825801 0.7580919660132
595 0.380513 116.033385834954 2.051204 0.788436125722187
596 0.445239 113.488081586804 1.924985 0.764398973146305
597 0.508324 110.664118167533 1.831249 0.744613631520587
598 0.546552 102.68236076102 1.748588 0.725381534479155
599 0.356043 112.478014314448 2.06762 0.765951546796142
600 0.461444 114.06816333454 1.916693 0.705915802282149
601 0.501578 110.258159506755 1.826213 0.751777025993254
602 0.412963 109.408194719403 1.987805 0.735027664440996
603 0.295983 116.656450655664 2.157742 0.788759101745909
604 0.543396 108.270143033352 1.770606 0.720802581867627
605 0.390682 114.830408942571 1.992882 0.76377943777424
606 0.316754 117.064201032374 2.131406 0.777556657918583
607 0.41809 113.4972137295 1.980749 0.770145877009166
608 0.609788 107.777378835186 1.624138 0.709422345386004
609 0.329112 114.66243445823 2.079477 0.785941727586895
610 0.358177 107.638376293431 2.036305 0.737503919403151
611 0.379778 113.387153852062 2.028491 0.758995405012019
612 0.371178 110.456191080713 2.046196 0.790137689474453
613 0.507286 115.059300386147 1.824636 0.771252726145205
614 0.340356 110.258333671507 2.077648 0.755828859602265
615 0.499449 105.209857235798 1.800399 0.656413566732335
616 0.633585 104.050596555363 1.546673 0.717332914717239
617 0.272143 116.803697316425 2.13723 0.77261513045798
618 0.587644 108.629296073244 1.683906 0.745353218386875
619 0.490701 118.569004759383 1.879598 0.696279763891063
620 0.49037 110.864659827049 1.84181 0.743828881393419
621 0.321452 112.082274579497 2.07153 0.784883571603348
622 0.312464 116.326810502106 2.115158 0.801033072818014
623 0.428689 109.067101097591 1.963832 0.739533257820283
624 0.459549 109.915297233986 1.900005 0.745409516789189
625 0.451254 120.901498663801 1.961277 0.746010455240296
626 0.205869 125.918259903713 2.228561 0.826108217149924
627 0.502091 109.445628515265 1.847976 0.765799505202592
628 0.332534 119.281016194138 2.063466 0.787850620431235
629 0.50182 111.664296633085 1.860536 0.761082620046795
630 0.523564 111.913350304631 1.767281 0.755550867201258
631 0.389924 118.799428034195 2.032119 0.785487621505994
632 0.336184 116.328601692776 2.080166 0.794397090470553
633 0.33231 123.002342454297 2.091692 0.795742432038125
634 0.511732 120.339288230975 1.849706 0.756834015468065
635 0.415903 108.658782018812 1.966849 0.770863048243491
636 0.588283 109.369577119852 1.667924 0.678104589460925
637 0.39201 113.022845748266 2.010751 0.743871191788901
638 0.452852 109.277095151805 1.941477 0.771590058317026
639 0.474665 114.662459770602 1.900752 0.739779212717931
640 0.351703 123.750869246583 2.086453 0.796702210926491
641 0.451805 119.354857527381 1.929866 0.73909865681047
642 0.366956 117.364360584461 2.075633 0.771719310063031
643 0.344202 123.455170105911 2.09682 0.774045010997128
644 0.482305 110.489130584931 1.89476 0.759540286079806
645 0.588301 107.504867527702 1.684165 0.672351697748542
646 0.35621 117.103525745465 2.037168 0.778097947764518
647 0.376199 117.31492273929 2.045971 0.77016474671713
648 0.424884 115.218718751757 1.972233 0.749574682237704
649 0.412635 122.33813059101 2.003188 0.814558629022002
650 0.410266 113.752867289611 2.002903 0.755648544480027
651 0.302956 126.512351577383 2.086296 0.786103204205568
652 0.260742 122.730972287306 2.183796 0.81734925985125
653 0.437777 113.516781764832 1.924212 0.747241657706959
654 0.495345 110.718783333095 1.842543 0.765354529780357
655 0.455589 107.495510527453 1.886913 0.753291614568428
656 0.459025 117.69572656095 1.93373 0.758227733451318
657 0.337415 121.799307231237 2.075255 0.792967266293326
658 0.242463 125.032407697696 2.191541 0.795880113911724
659 0.321537 123.929241315636 2.113472 0.801509853203526
660 0.44481 107.047244080399 1.918038 0.67923325909918
661 0.441434 117.568773881654 1.959251 0.760350635569351
662 0.539892 115.661945196325 1.800053 0.779439639844079
663 0.491364 117.464985044255 1.888349 0.79382214556422
664 0.309039 113.691951090812 2.094727 0.805667448130879
665 0.199917 135.590810421197 2.240226 0.833774679740227
666 0.426644 127.516356362611 1.99616 0.785415558444427
667 0.415548 121.538809834919 2.003078 0.783552543924346
668 0.420821 115.760163599084 2.007855 0.74267270427345
669 0.492468 107.567791779428 1.881385 0.777132806320651
670 0.377417 120.141075907207 2.056527 0.785588610703024
671 0.435965 121.706228361624 1.954851 0.806004270263091
672 0.312216 112.973290142053 2.125316 0.800587844083481
673 0.362545 122.231434150061 2.088213 0.799733611710262
674 0.452046 116.135914130471 1.901737 0.786922375741512
675 0.355529 110.133415573279 2.076714 0.781412365631016
676 0.344727 120.040172034923 2.082771 0.786635114118166
677 0.327212 114.390807994974 2.057459 0.78296832068283
678 0.400861 120.203924453989 1.966474 0.742003291917372
679 0.310801 119.832157928812 2.142667 0.811566778058743
680 0.473747 104.706621222303 1.879416 0.751948064752028
681 0.294985 105.020381695682 2.06676 0.728314271154126
682 0.498483 108.538903623493 1.784387 0.753345286430762
683 0.474999 113.383612301786 1.865964 0.757821316661072
684 0.604603 108.035380260356 1.62134 0.761915445057624
685 0.360213 110.664645266594 2.085151 0.791925364307415
686 0.309973 107.755081407658 2.080831 0.772379210911982
687 0.393257 123.787293908896 2.017156 0.761751738032321
688 0.391914 115.370740492753 2.036028 0.764548465007398
689 0.418811 115.729973670092 1.979821 0.760872938331232
690 0.314947 114.07540234403 2.113907 0.78764226612889
691 0.446487 118.909241494495 1.953574 0.758517015002196
692 0.307731 110.748510447042 2.118045 0.794792592621658
693 0.258697 121.325276302224 2.162651 0.76168626218093
694 0.466585 121.377540184877 1.91745 0.75988103338243
695 0.471532 111.605351427709 1.837019 0.75364688583399
696 0.192608 132.042940094051 2.236217 0.846685570503907
697 0.468285 114.197667411328 1.926982 0.755976056984165
698 0.507024 103.792892991087 1.842508 0.719843130040583
699 0.438619 105.795388971736 1.977806 0.780753501385707
700 0.464281 110.304063307417 1.901843 0.758939368142311
701 0.482707 116.540011935337 1.858779 0.78243087834677
702 0.361978 109.823772133111 2.050118 0.757265028849929
703 0.468686 121.657909990467 1.869619 0.794722849736567
704 0.580207 108.995706531842 1.674931 0.758041381997033
705 0.383882 120.620112979858 2.029043 0.781258578482579
706 0.205595 131.73496946343 2.236565 0.81786745945731
707 0.364525 109.546049926046 2.06879 0.747684468225527
708 0.387832 110.496677610926 2.03647 0.765723248968684
709 0.448972 107.082222960507 1.913672 0.757089431894794
710 0.170304 129.640847646896 2.239614 0.811078105515396
711 0.354096 114.549491845194 2.055022 0.767248756122684
712 0.402627 119.035049661211 2.029921 0.747814992340053
713 0.39118 111.448541540314 1.985054 0.760681162701567
714 0.316636 127.326024809581 2.116654 0.801742180000863
715 0.507662 115.008643927292 1.816918 0.733746811806273
716 0.372686 124.745414600362 2.03986 0.781439912667907
717 0.400476 114.575633707894 2.040623 0.760069382446569
718 0.439753 118.84304299771 1.980777 0.750125020301552
719 0.586759 118.594229090538 1.696136 0.717083619541629
720 0.423782 117.124119172737 1.967879 0.794702504753554
721 0.383197 118.236110461121 2.030258 0.768555139182223
722 0.50291 110.807152626174 1.864968 0.753846241249696
723 0.479964 114.747642682745 1.889793 0.742208994732591
724 0.418973 104.847968750054 1.908223 0.724696872005827
725 0.538892 100.962695677634 1.791437 0.71951795440802
726 0.429814 109.936440315593 1.935263 0.762216091736432
727 0.558211 109.712288271873 1.71618 0.720520727131223
728 0.387462 111.619136110042 2.051144 0.793937022792222
729 0.476229 109.975139508598 1.855664 0.721836156425259
730 0.447402 116.177887954322 1.928505 0.76499137990553
731 0.330081 125.161462208253 2.124726 0.779653253804848
732 0.321908 114.399145665213 2.121106 0.799784869896412
733 0.284992 121.868941424593 2.165675 0.751497249506093
734 0.490404 107.300220476285 1.877666 0.76928411459826
735 0.383132 104.552144162687 2.002845 0.74317980552593
736 0.379181 125.770249331439 2.028206 0.789995838451668
737 0.277244 123.470069603263 2.15498 0.797364277926987
738 0.633948 101.771142907202 1.527334 0.707049912250497
739 0.492977 113.721649941314 1.868194 0.792310096163052
740 0.353179 124.9951298506 2.097586 0.780250256805386
741 0.413242 111.440562832391 1.943784 0.741136217773038
742 0.475413 110.331360396582 1.838805 0.765531398427816
743 0.521763 114.109027503989 1.827723 0.747693408846915
744 0.379396 112.263231199261 2.025681 0.784502515085446
745 0.459013 107.159344669797 1.935602 0.76659958865841
746 0.379015 106.7072104082 1.965112 0.779159350194948
747 0.437867 113.55009619555 1.951246 0.800386851644718
748 0.561339 104.308433702804 1.732476 0.67060483417156
749 0.433651 113.302124126317 1.971555 0.769076263944307
750 0.518336 116.706942012258 1.843855 0.728467215785364
751 0.314167 112.169883919836 2.102144 0.787278165162238
752 0.382133 118.947333641407 2.0291 0.80134136608951
753 0.409807 124.698931554893 1.979852 0.778229388938091
754 0.272287 117.225475303825 2.166427 0.772734692255947
755 0.344907 117.507978327919 2.080574 0.799840283024215
756 0.402638 114.238215126793 2.024616 0.777801224964143
757 0.310285 112.501930364815 2.122405 0.791669283666439
758 0.552725 104.627389758857 1.762857 0.758658162115859
759 0.428663 109.455754896991 1.96697 0.762834296550362
760 0.54343 123.947246580053 1.793722 0.839442969296695
761 0.524129 117.435857674457 1.81049 0.771565187572918
762 0.410141 116.681583351077 2.000451 0.802313467180383
763 0.383149 119.709867540449 2.062629 0.760433816866438
764 0.355725 119.786539352562 2.068171 0.765966889413233
765 0.604578 99.1654327334283 1.637939 0.691202817462001
766 0.387716 120.116028396325 2.034228 0.772552733369886
767 0.452328 116.28884480209 1.946641 0.721635783135483
768 0.24532 127.845059101562 2.201065 0.79926177337752
769 0.307418 128.469219531018 2.145618 0.776807807907794
770 0.290903 122.650660629646 2.13614 0.814153045983348
771 0.467696 114.749099166236 1.923235 0.761076351272868
772 0.224898 118.044989512587 2.189888 0.820251227354494
773 0.506786 106.764894781719 1.814257 0.76357558758155
774 0.443053 123.389165734842 1.95044 0.785818474712189
775 0.240044 123.261619832582 2.181502 0.792615832550792
776 0.391963 113.96557333143 1.945977 0.762522156509915
777 0.278078 125.768559785238 2.142054 0.798890235067448
778 0.471609 115.885487629104 1.86531 0.780540487752791
779 0.430489 110.898312582109 1.960872 0.733727062658947
780 0.555358 115.513851733824 1.733908 0.76878491816137
781 0.55241 110.868198852306 1.731299 0.739441730518953
782 0.367343 111.429108696975 2.008051 0.751248397706253
783 0.420892 116.35872900229 1.987089 0.793904210333168
784 0.614892 103.493627682667 1.600434 0.701339637272017
785 0.387038 110.749966498227 2.020288 0.777026914842292
786 0.408785 111.445767883091 1.960452 0.772511409890159
787 0.533809 110.669438968434 1.775903 0.772150931864848
788 0.581451 112.206416777571 1.700318 0.79277668970665
789 0.34138 113.428267019826 2.068756 0.779804622245466
790 0.502381 122.480790863272 1.833516 0.77646891751671
791 0.456124 107.298001846354 1.916337 0.764446887349048
792 0.323837 112.16029267287 2.101331 0.763098296804142
793 0.245111 124.116082531661 2.202216 0.776023729115027
794 0.491734 114.26222989865 1.864692 0.774125959244748
795 0.542496 115.249319480657 1.71636 0.761409479313913
796 0.369581 106.976487574487 2.036238 0.75418898867358
797 0.326334 123.501885993021 2.123379 0.816133323297377
798 0.494587 114.437070287719 1.860312 0.737140684964986
799 0.346608 114.638249356806 2.014528 0.747201391124422
800 0.519184 116.955012034963 1.788737 0.735448655671623
801 0.608163 106.648492371923 1.616775 0.76082973793978
802 0.468988 108.869060213169 1.891297 0.774163152890289
803 0.443172 110.369247374682 1.916857 0.744155997818457
804 0.308324 122.848196036924 2.13918 0.815147846944775
805 0.452335 118.463627752719 1.932847 0.771384392444668
806 0.317132 114.880640297819 2.131118 0.811909813510389
807 0.464564 123.487817280285 1.890254 0.775670794782479
808 0.38733 111.582608602585 2.017457 0.765143767558897
809 0.433764 119.58000314768 1.947519 0.784250062018529
810 0.579633 110.164012810497 1.690391 0.760767621798185
811 0.427452 118.22557267842 2.000511 0.790092912954329
812 0.500667 118.673456614389 1.834577 0.751500907685022
813 0.303215 122.485680235377 2.147309 0.800203459808915
814 0.478349 115.239545715156 1.906632 0.766703957648493
815 0.32303 123.68737435623 2.118087 0.798476554677383
816 0.486173 110.287438727522 1.84116 0.755074351317675
817 0.448354 111.287696553432 1.907399 0.760495151027336
818 0.393886 115.962703655213 2.038931 0.770072574789402
819 0.414977 122.595106672294 1.997636 0.779918042336433
820 0.424953 117.277739975316 1.99116 0.786387335338198
821 0.329812 120.464034881647 2.095758 0.787677965507078
822 0.395504 121.374129332121 2.008357 0.782104482852139
823 0.503342 101.020029999325 1.871624 0.710192423136524
824 0.484811 106.990832786716 1.863209 0.749554323975955
825 0.54193 114.332259747836 1.781914 0.723674798368907
826 0.438984 115.172165409093 1.909356 0.726153842624897
827 0.424578 119.814503105662 1.970102 0.754808606172679
828 0.565383 113.217064809497 1.736477 0.730492732681903
829 0.442547 119.922639786097 1.96798 0.776531149461704
830 0.213426 129.327291547933 2.212279 0.802560850283805
831 0.431664 111.2530416996 1.969343 0.745258356154183
832 0.596799 110.567775477196 1.636662 0.739617138006773
833 0.510719 105.454788291048 1.835781 0.674156022976466
834 0.479221 115.198799512179 1.868847 0.78800756372749
835 0.404517 109.328360886701 1.984705 0.772275106205269
836 0.435629 111.000953321535 1.94044 0.756409929557702
837 0.353297 115.199454458119 2.077804 0.776690511755736
838 0.268025 126.929704228105 2.175336 0.822969039898194
839 0.439014 109.659716205448 1.949035 0.751646437846248
840 0.388494 103.983477900156 1.986497 0.721121815343341
841 0.423765 114.508327365289 1.977425 0.752871330338679
842 0.484506 105.752636464694 1.839384 0.744227866341332
843 0.451173 125.901266754826 1.937646 0.777320523022926
844 0.500872 110.554060032948 1.855106 0.743752302055119
845 0.44028 118.941666811887 1.98464 0.7401380506743
846 0.575292 118.783653141214 1.701022 0.719040358099516
847 0.46865 115.076403487906 1.921172 0.750425988968819
848 0.496122 119.406721994984 1.848044 0.724949143618183
849 0.399077 106.825545259602 1.987184 0.791938395978417
850 0.403826 126.227051695697 2.002082 0.841512289728187
851 0.338444 122.507836500336 2.099381 0.796489115176107
852 0.423773 116.674860799144 1.967418 0.740245410936891
853 0.400445 117.857453507251 2.022588 0.757118091155864
854 0.459774 113.105909364621 1.927531 0.71450967576388
855 0.424333 116.192466960387 1.949477 0.765899712764643
856 0.437013 117.342000165432 1.972184 0.815841557912341
857 0.452571 114.085439004597 1.967222 0.748673859301212
858 0.457947 108.897350437222 1.905698 0.746350387977706
859 0.400588 116.375846189559 1.981672 0.776035021304144
860 0.399065 119.54526522148 2.005009 0.754664126466282
861 0.561784 116.41052210673 1.709441 0.771710847644438
862 0.431823 105.84132924137 1.966628 0.76500690276931
863 0.343825 110.69155258677 2.082247 0.767025702695318
864 0.346494 115.373518644983 2.094982 0.77583911144311
865 0.506472 124.71790075004 1.860938 0.812239564893846
866 0.388137 111.974838974596 2.028531 0.757224055898682
867 0.477009 114.55363368129 1.897872 0.791859303224302
868 0.430737 118.670064892855 1.956305 0.715333516964113
869 0.60124 101.034849847815 1.626388 0.70900999614227
870 0.529735 105.613487985696 1.742983 0.760703173717872
871 0.41273 117.228869968589 1.991697 0.801608576764444
872 0.510962 118.036381982965 1.831563 0.746946121194761
873 0.421429 124.953076922831 1.999071 0.824260028875008
874 0.54275 101.89635388994 1.776566 0.723179275180157
875 0.510872 110.324269658827 1.845392 0.763158151236589
876 0.411062 119.502408658942 2.001248 0.789211429368029
877 0.507869 106.119929324945 1.833495 0.766690122891812
878 0.43294 109.145181695117 1.973099 0.753278767533119
879 0.43408 119.084362181045 1.986017 0.738898448709822
880 0.413878 114.557780295013 1.972299 0.778107108585114
881 0.452716 120.650451967701 1.961695 0.788788647445186
882 0.3489 119.535014665852 2.046279 0.802280837135698
883 0.412421 114.957732211316 1.999768 0.788635531170852
884 0.339142 113.587760143088 2.092685 0.786285452707299
885 0.29251 115.793846808466 2.144948 0.785404984571087
886 0.231468 122.485082361235 2.208261 0.804912866878802
887 0.292985 130.293723956637 2.157195 0.835868029634972
888 0.353274 123.811124766335 2.086613 0.791029536685364
889 0.486474 119.604628748045 1.882289 0.786607947212898
890 0.434738 115.225605328147 1.951219 0.748979708898374
891 0.522551 107.727188942831 1.777239 0.736923088773505
892 0.409437 116.265361923649 1.946283 0.776644990618551
893 0.319436 116.853894875115 2.125758 0.815267899103255
894 0.408622 111.486975318896 1.966146 0.748342486895144
895 0.394116 121.752548756491 2.042876 0.761386321351766
896 0.419945 110.931814681585 1.966349 0.788743705238337
897 0.450523 120.957854247646 1.889395 0.791941449985007
898 0.466286 105.335835275045 1.86772 0.749680174557394
899 0.47203 107.634975714645 1.8744 0.738586465212046
900 0.384537 118.332499584013 2.006737 0.785746039968625
901 0.478985 112.811577263078 1.883241 0.748952202899703
902 0.429005 113.757259352204 1.92496 0.76014704827227
903 0.55605 115.885788827056 1.762916 0.759152190445211
904 0.322168 120.498524560632 2.108575 0.786777074417869
905 0.283777 123.766768185557 2.163631 0.803899172244789
906 0.421229 118.365471363459 1.983996 0.773143325690544
907 0.420247 127.556841109423 2.002934 0.786025642462143
908 0.548657 114.411006245618 1.767623 0.727497463012061
909 0.552532 104.311390923241 1.757499 0.729132552226111
910 0.383836 126.098880619455 2.062653 0.818991073247086
911 0.386065 116.433528786525 2.034637 0.778281576662927
912 0.403607 108.259558768481 2.006997 0.761655561857083
913 0.524943 107.948271534929 1.78522 0.757120806557462
914 0.473975 112.928761650896 1.884376 0.770104316710245
915 0.62948 99.0956765404246 1.539478 0.704029812575956
916 0.575093 112.552780652145 1.694035 0.749012898891745
917 0.426766 111.71906138001 1.932279 0.758462270097482
918 0.45354 124.768433915872 1.952797 0.798601005190314
919 0.439203 106.763749435237 1.937006 0.7579454502144
920 0.37944 115.274966415693 2.016605 0.762440147220941
921 0.423899 118.152858931596 1.997117 0.785248815033816
922 0.384299 111.149438524646 2.051661 0.787368936874988
923 0.566917 117.640159091214 1.729792 0.778393327924409
924 0.346956 117.810358742632 2.067663 0.793847828950292
925 0.296378 128.595118870045 2.137083 0.803791914020025
926 0.525311 116.671384592379 1.758127 0.772396719351777
927 0.572891 106.858734773427 1.693067 0.742241278972191
928 0.566208 118.91364811273 1.680005 0.78890317782095
929 0.426901 120.65514525532 1.965144 0.822746729490356
930 0.434986 115.48039089567 1.957218 0.777022125904434
931 0.5192 110.202933263625 1.754774 0.741944880461668
932 0.527875 109.731738895357 1.791922 0.754780056193013
933 0.436134 117.605852320111 1.952337 0.763789374453748
934 0.491512 109.951094447153 1.857757 0.735342772742966
935 0.474551 106.591982606304 1.862581 0.724318583592415
936 0.523887 108.579523171762 1.817165 0.756284018587969
937 0.557793 111.009704820782 1.726642 0.739717554317098
938 0.354396 118.12036558389 2.040429 0.800545764210979
939 0.469935 120.637689786542 1.915207 0.783972930051833
940 0.435563 108.827576687312 1.937283 0.767364680783185
941 0.344014 117.328494070252 2.093605 0.759347972302201
942 0.602232 101.645940789058 1.636382 0.696420854628195
943 0.489592 112.686046564184 1.853341 0.750528992915002
944 0.329636 121.51261706875 2.088136 0.804621161443044
945 0.44153 119.397914789858 1.922556 0.778304832838319
946 0.432643 119.437859946106 1.971972 0.802024996592376
947 0.350486 117.609554118906 2.070679 0.75727202101636
948 0.293404 121.841437450243 2.15832 0.796739857569174
949 0.49619 104.044602665741 1.803538 0.732100354005871
950 0.452568 109.031062579978 1.883527 0.758697821094661
951 0.443188 111.363962149936 1.948098 0.742150091307365
952 0.453216 107.796570999195 1.938179 0.748049680943598
953 0.528936 107.348732753078 1.791146 0.752436619828555
954 0.412102 107.315015200976 2.004498 0.782454366574913
955 0.354561 114.769736660748 2.060441 0.774986321078577
956 0.606859 115.109260051864 1.622159 0.792260673797222
957 0.305329 125.446616886896 2.151135 0.803672465132236
958 0.453628 122.734810430606 1.939204 0.774403351759558
959 0.398462 115.977394981395 2.017338 0.813165675558338
960 0.378193 112.27409754391 2.047087 0.783116793962037
961 0.336591 123.828955876941 2.088506 0.820842915255354
962 0.281429 119.490587350885 2.165157 0.788104500235583
963 0.356189 115.005533646157 2.062268 0.783521684521109
964 0.479006 99.8680220989962 1.864303 0.752164747763316
965 0.328385 119.376312822289 2.089126 0.784898519790831
966 0.346735 117.616373455998 2.006671 0.787199777705456
967 0.357084 122.829431482905 2.086793 0.811937236998163
968 0.369373 122.218927247863 2.017988 0.763741535413284
969 0.303798 128.782809215162 2.148799 0.814857948095955
970 0.483746 111.24665291961 1.894377 0.76881977498969
971 0.313401 120.206811845319 2.110878 0.783965013637973
972 0.359191 117.518428195643 2.091648 0.812754123068192
973 0.460726 107.355461088518 1.903918 0.763707913851267
974 0.375577 108.856970388846 2.02896 0.756951841536406
975 0.422337 114.340849320684 1.990125 0.737541829235342
976 0.384279 114.90011566649 2.058111 0.793818595384814
977 0.455725 113.427107948825 1.91181 0.782669160782077
978 0.406227 106.942960530597 1.994552 0.746166158059544
979 0.370841 114.454000263942 2.045439 0.758456982436224
980 0.4993 117.637953149347 1.848231 0.767866674943099
981 0.166751 132.408342157541 2.242204 0.822494192753292
982 0.403239 121.716723586565 1.991243 0.788966852846264
983 0.396494 115.947235791714 1.991018 0.756291891471511
984 0.504264 104.545994789006 1.854999 0.718860855997086
985 0.473486 111.183320248752 1.891845 0.731904173331584
986 0.339414 115.37828649662 2.083714 0.772857796477025
987 0.434576 104.397988488071 1.940712 0.748844834147973
988 0.464479 111.071528173498 1.899253 0.768203359349496
989 0.447799 119.594476747737 1.954127 0.741746612845621
990 0.346214 119.127265062841 2.079566 0.775718781295128
991 0.350774 113.175724482487 2.072655 0.77107437621643
992 0.458577 119.362985772895 1.948454 0.754468149861083
993 0.42334 110.009466598214 1.961327 0.764653262314579
994 0.629658 109.351133957214 1.495457 0.712606736574725
995 0.575135 109.233711963567 1.6743 0.738403465693793
996 0.518958 111.011965742824 1.816322 0.740335768206082
997 0.40937 115.893207208852 2.003456 0.751255689047464
998 0.319199 121.276614717762 2.103497 0.788484251080467
999 0.253038 118.497051447895 2.175899 0.797135840672849
1000 0.394242 111.114112453862 2.008281 0.767077277823677
