rep aei_left left_area adi_left H
1 0.645117 109.110566256951 1.50228 0.701216479254224
2 0.504825 121.284620327216 1.814239 0.728006477694721
3 0.401587 128.062395274314 2.038844 0.765110903958438
4 0.368477 126.619188179958 2.085145 0.763767131823229
5 0.275852 113.697488151711 2.148341 0.734929647935296
6 0.491572 122.946101345066 1.896384 0.776820758503387
7 0.387979 111.788038372348 2.034622 0.696738682562748
8 0.388359 117.723431450969 2.028829 0.758677381536961
9 0.457417 117.21544401258 1.875445 0.69041409885909
10 0.453044 110.054362247199 1.914595 0.680238045325169
11 0.38254 108.36025891535 1.972277 0.726013632768737
12 0.47177 104.217888402175 1.914832 0.702598172186306
13 0.364033 116.656064070591 2.042501 0.730661292173804
14 0.301735 100.452647806584 2.145965 0.713883644093249
15 0.538927 111.681085493717 1.75115 0.771913124250009
16 0.312813 116.42069341984 2.115149 0.757168132841612
17 0.551176 112.908861944491 1.744051 0.705245035063045
18 0.524948 118.281155426075 1.818442 0.74880257628114
19 0.376414 109.221108196554 2.042488 0.757326217476598
20 0.426018 116.252836964053 1.940463 0.748114739574685
21 0.282041 115.759260619109 2.154173 0.776395143206175
22 0.417548 106.666596673157 1.973674 0.767248324458224
23 0.480166 125.735842358798 1.910412 0.663041911554066
24 0.468606 110.787177055826 1.922807 0.773392041523193
25 0.541292 116.010110538962 1.716416 0.753894834853286
26 0.442117 119.171845009926 1.961311 0.682164843069727
27 0.499167 109.433458774655 1.821754 0.74335919651626
28 0.510338 120.50196848205 1.836978 0.727975178541037
29 0.458008 99.4213915021983 1.924103 0.677843565378023
30 0.54032 121.750190389535 1.801427 0.741330503813188
31 0.509951 109.655387636803 1.82915 0.72295341192032
32 0.426289 115.901233954649 1.989481 0.784092027932053
33 0.509578 104.866848112873 1.847413 0.699063057430432
34 0.435662 114.409691152268 1.950546 0.736604227009289
35 0.509019 109.455569492874 1.825533 0.679046307744333
36 0.467219 113.54741917215 1.938213 0.738269309617075
37 0.205496 121.767497926846 2.231198 0.809746625645447
38 0.383323 121.525787681693 2.018373 0.726594981381715
39 0.29093 119.170953449198 2.134227 0.772375675472395
40 0.564221 93.9626159223246 1.634001 0.696926539605696
41 0.580835 98.9029218678882 1.594834 0.686700377098747
42 0.554411 102.671039187069 1.744347 0.709018205954709
43 0.579522 109.314320271741 1.694018 0.697130112481287
44 0.380739 120.315622558568 2.059374 0.787211319154007
45 0.441636 112.835882278666 1.957625 0.739325646003164
46 0.340552 114.798786614369 2.101348 0.734141784378414
47 0.663368 110.737767591751 1.479118 0.649263470084976
48 0.533821 120.005018760699 1.759142 0.753194608203917
49 0.305433 122.806500535447 2.132063 0.7527528810849
50 0.173067 129.286245572266 2.253254 0.797378237228251
51 0.491777 122.358548050306 1.858963 0.768014985104281
52 0.604579 99.8822603828338 1.651812 0.671788462879918
53 0.350966 108.581952423421 2.101271 0.785706508796245
54 0.33107 114.395362346115 2.112842 0.741890290172471
55 0.391384 129.047350349714 2.044025 0.737041556152526
56 0.461195 112.813847799772 1.928309 0.737226388326576
57 0.386552 119.418094772093 2.045853 0.745774621772887
58 0.385082 105.035362617007 2.031753 0.754718254758813
59 0.376429 115.970049127604 2.013275 0.754813313504214
60 0.688994 101.949987729093 1.398162 0.598319264315539
61 0.205273 124.531348485405 2.235963 0.799665642192096
62 0.474494 115.584729707717 1.900349 0.697020286748528
63 0.255141 120.367849896468 2.198122 0.831483594629657
64 0.418828 107.59046004777 1.993065 0.728898283698258
65 0.490771 119.55685559768 1.819317 0.800759310091419
66 0.344379 119.824167309116 2.07738 0.762074644779839
67 0.493998 95.9549639503865 1.849079 0.726774403439032
68 0.143602 115.682110679241 2.25171 0.800843324172255
69 0.446287 116.398075012353 1.968593 0.750036048829916
70 0.426873 117.150877968898 1.990525 0.703221489587742
71 0.526145 105.991564224299 1.82581 0.672538510015909
72 0.336421 111.915724665199 2.111312 0.748952120744245
73 0.433204 107.967120086909 1.979972 0.722987913280144
74 0.375057 122.500819318362 2.067559 0.805168074057443
75 0.523383 113.029704906515 1.839173 0.718657538057575
76 0.339147 119.539405618229 2.098214 0.760626482319798
77 0.427992 121.38907741562 1.996872 0.683708558843021
78 0.324554 117.492745194009 2.093251 0.750155766287651
79 0.366519 125.371580642409 2.079347 0.799396970369754
80 0.397273 110.946750285612 2.031256 0.749510933043486
81 0.214614 130.472462940592 2.223654 0.794173039736952
82 0.494917 122.021228881222 1.846341 0.771763704753413
83 0.363618 108.140082254786 2.007926 0.740385582495616
84 0.240278 125.380740712482 2.200171 0.78675639448822
85 0.440771 116.783051001788 1.954396 0.746817691088046
86 0.297812 118.436747457201 2.151455 0.820627978444622
87 0.520069 104.750196655718 1.827754 0.668085560737669
88 0.553529 89.2230624188976 1.738595 0.590926439043703
89 0.255855 128.623062427374 2.188625 0.784481579788836
90 0.364752 107.671923062609 2.072768 0.727568240065894
91 0.390964 121.752984634014 2.056605 0.778605023874467
92 0.501919 99.5178694865941 1.803913 0.650631206436625
93 0.44407 111.436241234438 1.901855 0.708558071626923
94 0.396167 109.762087465097 2.034414 0.736159397286239
95 0.501093 106.941722776014 1.823808 0.682296617235413
96 0.504786 119.35434260664 1.84899 0.721518274941789
97 0.383243 115.15394105647 2.032002 0.750584373469545
98 0.354823 122.800828152584 2.097845 0.776041625556876
99 0.40463 100.354374606588 1.957552 0.710589670861193
100 0.376901 115.248549780099 2.016629 0.789776583552846
101 0.394438 103.388939683831 1.992675 0.700691551744054
102 0.289199 116.680022916627 2.152417 0.783102029187788
103 0.43059 122.108581993679 1.993851 0.689054643884211
104 0.2704 114.622330208165 2.179085 0.773389536859849
105 0.477135 116.748523507106 1.848729 0.708017297290874
106 0.275137 111.900521702212 2.169697 0.774034553458978
107 0.428949 114.313935869501 1.946322 0.76138871695414
108 0.48488 119.65236904316 1.872235 0.728743157962515
109 0.465467 115.273535421993 1.929368 0.752662969611483
110 0.512944 113.201496683646 1.84851 0.716146855391632
111 0.516899 108.556589273754 1.84072 0.678694253858716
112 0.383726 110.427427031479 2.000166 0.767800861776276
113 0.335293 122.869805455919 2.12117 0.753054953365045
114 0.320373 125.964123919271 2.12522 0.802559056158943
115 0.467377 114.085851893163 1.853691 0.695555487573839
116 0.534355 94.0696188825843 1.771957 0.695449193565727
117 0.303203 120.797874536175 2.155202 0.787345662044793
118 0.363207 106.231940896295 2.02945 0.726504752657222
119 0.661315 109.334205084109 1.473377 0.689496342626722
120 0.420607 100.307962879873 1.940484 0.755233550377254
121 0.570909 108.285336787813 1.72924 0.715512844685167
122 0.335035 112.732535888411 2.099186 0.725264757153991
123 0.486743 103.962316929906 1.896463 0.74383376175642
124 0.331388 110.356829267922 2.069097 0.742262111529069
125 0.39599 119.841915978649 2.044984 0.728521313865803
126 0.41692 111.39927817759 1.944084 0.765378555494604
127 0.398799 115.96670881201 2.027213 0.765763513213915
128 0.359275 118.719785040299 2.075362 0.784447236651627
129 0.458879 119.751699363432 1.936543 0.755532403369199
130 0.560744 111.27957499774 1.741163 0.69285167170136
131 0.380662 124.015748359179 2.068994 0.782584281851079
132 0.117336 131.516120556963 2.280921 0.819667496522894
133 0.691669 110.394619603332 1.368162 0.665267803111502
134 0.239008 124.396448578276 2.211108 0.804181359844432
135 0.535553 117.059357770143 1.777625 0.6840697316116
136 0.490057 116.461512847747 1.880102 0.754061040443649
137 0.209439 117.862263494078 2.221966 0.757400607915726
138 0.400539 110.792061255542 1.996803 0.714003090638471
139 0.550044 110.19490666268 1.763211 0.716245824846733
140 0.352414 110.577658298231 2.066353 0.767801738681923
141 0.440366 103.563855383579 1.846938 0.634678763038115
142 0.449714 122.340490518615 1.945804 0.771509473964064
143 0.442654 103.996208344478 1.931189 0.711542102649966
144 0.544779 106.484957983752 1.759996 0.735516521536888
145 0.331606 109.806995020653 2.118788 0.703747807474209
146 0.368131 122.432112862002 2.079816 0.764126249306762
147 0.518648 104.710328152826 1.797946 0.694910901068577
148 0.420845 114.54838329737 1.962712 0.733765496441973
149 0.570879 97.5189356538125 1.681208 0.635248124931242
150 0.498794 102.023985168833 1.857426 0.716552670494893
151 0.340963 118.791938059725 2.06968 0.762118779531776
152 0.284853 116.61457672948 2.161339 0.754123110316346
153 0.53479 115.267687689537 1.801623 0.757425370185445
154 0.411247 118.043681251158 1.985298 0.772384821403466
155 0.427723 115.139262904152 1.972667 0.765845599242815
156 0.492971 98.3892007867545 1.827386 0.686640906415386
157 0.444417 98.2761216485395 1.917954 0.724952433860546
158 0.541946 113.469367594987 1.788891 0.78753000724875
159 0.42306 101.509061145858 1.963728 0.685377788253557
160 0.357892 114.976116252264 2.082444 0.790044648103509
161 0.484268 103.488066979042 1.88716 0.634634524623569
162 0.461128 108.310900096 1.912946 0.724811683487011
163 0.561174 115.13760592277 1.750261 0.710131177464685
164 0.609384 117.808734005231 1.611878 0.739655715814587
165 0.502354 116.476026971932 1.872649 0.74935823607035
166 0.391859 109.906320667037 1.993822 0.780682050495374
167 0.406378 120.957592243465 2.014673 0.757245037269792
168 0.357826 110.530579464435 2.075558 0.729906549484791
169 0.561764 102.13782765327 1.722406 0.659723742854277
170 0.432045 105.547317550783 1.989965 0.695222293462597
171 0.48028 117.118004824628 1.912512 0.718061732579776
172 0.428742 117.491251231373 1.978962 0.791892194169137
173 0.638409 97.6158704650109 1.465353 0.613530562685511
174 0.419646 117.476062804394 1.968093 0.719598571290002
175 0.322935 110.967696060787 2.116571 0.739206680082145
176 0.539519 112.796402121551 1.784029 0.776140233927
177 0.61076 108.237845021706 1.6163 0.615597684642537
178 0.456755 98.2825052628142 1.905219 0.734448296972737
179 0.403201 111.270209038224 2.010854 0.757524301947869
180 0.526523 111.280767219386 1.79946 0.705876662747853
181 0.380812 114.949268296766 2.047053 0.744190868917311
182 0.261792 107.871956859627 2.166257 0.762773392661866
183 0.553444 93.177173056334 1.691562 0.70938101633945
184 0.34959 117.16949692436 2.081951 0.767887794422262
185 0.455634 109.791122655192 1.944447 0.725668425864909
186 0.631846 96.4247692829023 1.559037 0.584563481028581
187 0.371166 122.500729963837 2.080715 0.779286438894088
188 0.278929 102.498022170097 2.177682 0.788933900194126
189 0.457091 117.338883697058 1.930138 0.735842161930763
190 0.409415 114.437932303135 1.974644 0.711528436597314
191 0.38337 118.875096798486 2.061364 0.742747541741251
192 0.641539 101.031265258231 1.541526 0.669943469798879
193 0.328182 120.160835753398 2.113713 0.76542155397426
194 0.476126 110.568678569122 1.893856 0.736971763443057
195 0.423659 113.692484090562 1.978335 0.725145520584996
196 0.101626 120.432324588543 2.285744 0.825744354139131
197 0.535376 96.6813043249576 1.766738 0.670353447673732
198 0.408892 114.114013980487 1.992159 0.710944837588819
199 0.451005 105.128883353138 1.916423 0.726557294680122
200 0.399678 114.186676693709 1.993201 0.772125668600921
201 0.501472 96.7285872436002 1.82229 0.724325422620076
202 0.428326 113.498571303539 1.965853 0.742301416980973
203 0.358496 108.428375595246 2.042128 0.735690054301835
204 0.468956 114.510052342988 1.91946 0.731375166892661
205 0.558533 90.8144462588295 1.695333 0.566201962316749
206 0.205924 132.022753177593 2.234878 0.806066442078684
207 0.511194 114.137102159298 1.837421 0.68897167812824
208 0.475614 103.054044947739 1.906748 0.745226850599959
209 0.402957 112.314246735839 2.013881 0.703149829346895
210 0.540003 107.996231855624 1.79751 0.669023991666838
211 0.260513 120.7764236996 2.146262 0.806618702117976
212 0.572998 100.70281159583 1.693855 0.704277564796819
213 0.427704 101.974897124201 1.949272 0.666691957991735
214 0.418587 117.948922720563 2.000425 0.767021319123546
215 0.506331 124.422037908698 1.827986 0.737591829368256
216 0.571421 111.042081374467 1.662476 0.689802196189843
217 0.526752 107.016280984876 1.79291 0.729567945956727
218 0.3615 118.803393254139 2.079213 0.712451207084405
219 0.353416 124.592459397826 2.097963 0.771518427709893
220 0.28378 124.631501667835 2.156963 0.780999368108448
221 0.514537 110.395533728775 1.831322 0.717272989762464
222 0.645569 104.846479803798 1.481864 0.695839095165298
223 0.57935 105.909508486228 1.710239 0.668008403215254
224 0.494288 108.17839134129 1.864135 0.673935449245188
225 0.463476 113.139843623951 1.905576 0.75698292663592
226 0.517084 109.627411790934 1.839735 0.71848957785268
227 0.45635 120.572325882898 1.89146 0.741995939999503
228 0.234645 115.651719267519 2.208867 0.749262709317761
229 0.446923 110.95380284415 1.905785 0.727982085770356
230 0.567585 95.4638146413431 1.733289 0.686423446836778
231 0.68983 103.896824284729 1.377591 0.686728882519452
232 0.32912 114.543088829934 2.083316 0.719251817311979
233 0.522735 105.819524404966 1.813949 0.715995541562662
234 0.584754 102.437019477913 1.664656 0.685087659878858
235 0.628413 93.778147990465 1.56223 0.682584203024106
236 0.483111 108.314737306461 1.883219 0.740930885260948
237 0.581696 125.407083834416 1.695087 0.728905550214323
238 0.485131 102.775027423714 1.899135 0.675619273659674
239 0.22825 130.58435788383 2.217513 0.82781525843134
240 0.243662 116.709906961087 2.201445 0.815535315787605
241 0.42682 106.00019173548 1.984866 0.631564094151099
242 0.350774 126.356834539889 2.098143 0.804778066121868
243 0.548787 103.921534291433 1.761075 0.692430760703074
244 0.286793 120.871825295393 2.134631 0.793176042156655
245 0.518357 100.69165109278 1.827177 0.69136511745909
246 0.444974 116.443659133893 1.950711 0.736220943964406
247 0.484575 106.690507411765 1.832871 0.721885407012679
248 0.607155 95.938861024076 1.595515 0.632548768273981
249 0.520729 104.904566280747 1.813185 0.736352425041784
250 0.594371 106.469508267219 1.652715 0.734130514971127
251 0.168206 128.738486420211 2.258599 0.801509764767218
252 0.393048 112.607489319094 1.996683 0.754529781518707
253 0.318996 99.1159325678752 2.05789 0.727913477780453
254 0.551437 107.216100372006 1.73867 0.685390578996224
255 0.381289 102.732654994878 2.024554 0.721354497946539
256 0.463086 115.030551127837 1.910412 0.746275815783128
257 0.444132 120.473371727578 1.952189 0.760161111139533
258 0.528499 101.638888775414 1.798609 0.661405238001379
259 0.26706 126.172511420678 2.184302 0.727932823231241
260 0.405076 100.426387920937 1.981394 0.739449114406205
261 0.429903 106.109835010111 1.975894 0.760027232460947
262 0.449936 119.800186128801 1.964896 0.807881946599846
263 0.423079 121.340123804876 2.006818 0.77023094537165
264 0.505165 115.21739330157 1.842706 0.766109608690855
265 0.365197 115.126089120357 2.035703 0.721150136576676
266 0.582299 89.801656352403 1.695604 0.716990421777247
267 0.407354 110.364297249914 1.988195 0.77751250485633
268 0.4176 110.931802319239 2.001509 0.699899868337586
269 0.494734 108.227430756669 1.876196 0.767313263294903
270 0.511276 108.301595788209 1.848319 0.72725922569694
271 0.243207 117.872797084927 2.207939 0.768431854964819
272 0.429631 111.98887000895 1.967728 0.720665150896368
273 0.346567 111.395056990906 2.094273 0.765667730989032
274 0.312217 116.546247795527 2.127546 0.794542587884116
275 0.216277 124.502187680507 2.22602 0.767743702726957
276 0.522761 121.959899470005 1.79203 0.745314668475602
277 0.404172 108.857748512825 1.973016 0.55423758834685
278 0.49025 99.5416823013001 1.842633 0.724704427717993
279 0.541204 107.949128920026 1.772483 0.70493005136143
280 0.337388 116.594618970576 2.106341 0.745360947024999
281 0.472163 112.313309044979 1.89593 0.805430937563341
282 0.474553 124.08043447652 1.894305 0.748804933716324
283 0.261002 121.414887377887 2.16198 0.790068454893958
284 0.536225 104.409791629217 1.787923 0.694309072834519
285 0.433426 105.416579358156 1.976983 0.744122322549361
286 0.442296 115.181570584689 1.978581 0.737339542302741
287 0.616262 116.675903585673 1.595211 0.590752310352903
288 0.418606 106.357203985515 1.966809 0.73921809373722
289 0.36233 112.349764974006 2.04724 0.766642713420766
290 0.37978 120.510251282265 2.056938 0.766393858521228
291 0.418243 111.707991046313 1.968861 0.771012147534062
292 0.424697 109.743926934017 1.976894 0.745365758186601
293 0.477564 87.0609960858235 1.849691 0.685032770016954
294 0.430092 121.726712055755 1.966496 0.73650219133395
295 0.439992 95.1622694618614 1.924657 0.701059849833208
296 0.604126 91.2648364541356 1.631446 0.64920185787114
297 0.327673 124.466637314916 2.129126 0.759001068106238
298 0.442361 121.321734034311 1.955898 0.727279133824803
299 0.429727 103.420353328391 1.960701 0.711624668616745
300 0.25611 122.663056362144 2.188228 0.790826174966323
301 0.387251 121.27160865378 1.99225 0.770561837608482
302 0.354609 113.702485872557 2.085861 0.718796620877717
303 0.453052 111.207765230894 1.876563 0.733046140506799
304 0.375329 108.885914651133 2.011509 0.742975197022242
305 0.526662 119.715577770504 1.794999 0.723043119118325
306 0.556182 104.803958618595 1.739667 0.643436183183821
307 0.534611 102.623417088883 1.771274 0.724165399721189
308 0.376873 109.531344489509 2.015766 0.770466704884375
309 0.333828 109.707696221275 2.061009 0.771696744176458
310 0.667284 100.576520183241 1.445685 0.704370096086121
311 0.416955 100.212261596129 1.962212 0.72571755238557
312 0.614364 117.410108083238 1.520228 0.733267938809378
313 0.654599 94.980184890848 1.416764 0.577649617192208
314 0.54663 108.940115466798 1.786965 0.690037153339169
315 0.573307 109.992803512351 1.720377 0.729598870647598
316 0.755382 99.3582832290263 1.154329 0.678126936362027
317 0.39257 113.159762471019 2.030126 0.719169327784045
318 0.266955 118.571895252226 2.180626 0.788713163874878
319 0.495416 108.497698468059 1.841423 0.680061187991653
320 0.140897 124.977093404141 2.271472 0.745519703733727
321 0.355037 118.66546660188 2.092692 0.779770628839406
322 0.485491 104.925067490257 1.858805 0.717002176651011
323 0.473052 105.287618877844 1.857126 0.654702749636127
324 0.326233 114.182641285384 2.098071 0.763482749769859
325 0.293583 120.426942415142 2.145653 0.718961193005113
326 0.449952 99.4317766367332 1.931941 0.716852224225662
327 0.576403 107.050507311068 1.690176 0.721108590775094
328 0.393977 116.833825219395 2.006723 0.778116626286684
329 0.507051 111.489551420203 1.811068 0.741907883260103
330 0.408759 105.56967366614 2.020563 0.756121243190388
331 0.43901 112.240965694231 1.903663 0.721454460280374
332 0.416988 122.218354238285 1.995508 0.775118052877603
333 0.33388 114.319489981117 2.112439 0.756070224327877
334 0.449449 105.462845353382 1.947397 0.720992486517681
335 0.534699 122.293189708223 1.801315 0.731150425300019
336 0.29951 122.988317633213 2.147911 0.771628393197346
337 0.199225 130.22529092034 2.236102 0.801097328633194
338 0.374676 101.954604063531 2.060285 0.753296644942112
339 0.353242 116.743882289196 2.059718 0.754136881372082
340 0.452432 105.854443331011 1.937275 0.720102270361635
341 0.299116 112.000652900129 2.141916 0.756385350349354
342 0.555939 107.421027850121 1.750078 0.725890322253937
343 0.375633 112.32247354941 2.07645 0.776399393502993
344 0.477282 102.673896036973 1.884938 0.685890473222136
345 0.357511 113.896199343132 2.090877 0.779941874155236
346 0.405121 111.00056835187 1.970355 0.709209815104684
347 0.430718 108.283637746271 1.954993 0.70834504557493
348 0.572154 105.815174764043 1.725464 0.709404162686329
349 0.530787 106.726478062748 1.777992 0.691300588817371
350 0.371954 118.018841303583 2.034013 0.766282223730127
351 0.34525 120.952296499082 2.089658 0.751674465613158
352 0.645442 107.605058485748 1.50945 0.653315857097569
353 0.555035 113.501332901383 1.747748 0.717353012650522
354 0.500036 101.448946542444 1.790573 0.586628437389516
355 0.58065 105.545152454333 1.657321 0.693532663684283
356 0.554071 113.302868005497 1.764498 0.742957365366716
357 0.281214 116.895606174454 2.152366 0.805477513043656
358 0.663704 103.260224318996 1.480689 0.727365345649026
359 0.580989 114.387561304733 1.706349 0.687938534544156
360 0.440755 111.932210553818 1.943009 0.707685761162952
361 0.198163 127.651672764369 2.230393 0.798149989645384
362 0.628077 97.5664267644911 1.5695 0.679253535744071
363 0.619617 102.542962189743 1.617031 0.67642669099283
364 0.468635 105.219454079084 1.91838 0.719650223988522
365 0.590494 107.422830313356 1.667505 0.689243243437739
366 0.338091 100.865108573664 2.092411 0.737839664802524
367 0.608037 113.747015697184 1.603852 0.759699803351454
368 0.462075 111.371168115508 1.896133 0.733876776669331
369 0.348066 109.922578714726 2.040228 0.709324075003513
370 0.36217 108.962587092117 2.051472 0.715665851550483
371 0.13649 127.752102373769 2.272446 0.785518624125623
372 0.503495 115.721674437101 1.875985 0.768576888903821
373 0.295428 117.081802238657 2.159381 0.743114633177375
374 0.320824 117.095345381299 2.130246 0.784195071184351
375 0.456575 103.281708853626 1.923822 0.741330409105874
376 0.257739 118.666300808948 2.192462 0.775252122406005
377 0.343217 109.196120135906 2.044711 0.769818624767381
378 0.453229 110.583711463448 1.957507 0.716570315676087
379 0.588089 101.471005094506 1.648304 0.691375269828721
380 0.570129 108.791614682611 1.728899 0.692369412044267
381 0.496868 112.616986333998 1.859085 0.754975835205819
382 0.399201 109.489184254039 1.969074 0.743905633987051
383 0.590913 102.176230385371 1.671434 0.687873000225635
384 0.560995 105.337493012357 1.740523 0.762557284271089
385 0.419265 108.160207368978 1.955234 0.739990755739826
386 0.50645 102.400768723664 1.800822 0.697080753387537
387 0.299444 121.155123176388 2.149209 0.771422645471114
388 0.471881 96.6238846229835 1.934233 0.723630443787004
389 0.363328 110.752170941241 2.054 0.72307412832162
390 0.315123 127.147141817832 2.108476 0.764058407226204
391 0.550879 112.783822561655 1.760396 0.682498103002895
392 0.379763 128.95188018516 2.052237 0.745408015771598
393 0.306071 117.542577616568 2.133357 0.770621212783305
394 0.593299 113.993093127364 1.649673 0.660358514068769
395 0.345007 101.784174121374 2.058224 0.721597136421378
396 0.43378 100.424445403572 1.92239 0.698260041674446
397 0.588178 98.5279105160925 1.641747 0.699532806709069
398 0.473769 114.414436398462 1.911216 0.740117563322094
399 0.466645 117.416960024461 1.925599 0.747196142293193
400 0.522494 116.953687789071 1.837582 0.787679334487835
401 0.23292 121.280245395948 2.21074 0.80420722863499
402 0.626065 106.846589933281 1.559619 0.683922766335841
403 0.435361 105.804578689829 1.984586 0.655847835593603
404 0.446019 117.7577957237 1.966676 0.753681823781624
405 0.412064 109.801128406103 2.003268 0.701256120460526
406 0.552996 109.402708532813 1.760821 0.687650930969474
407 0.36159 100.981183543346 2.068766 0.733546408632297
408 0.633359 95.5463043551561 1.568713 0.731104505223884
409 0.477224 106.704038136213 1.917478 0.711155820875801
410 0.504318 109.724367422946 1.870253 0.721979717115896
411 0.373575 120.25678547912 2.052751 0.757561633262935
412 0.533515 102.520613639149 1.812723 0.728264909439676
413 0.578673 115.025039465489 1.708636 0.647444489225589
414 0.458894 112.806124899057 1.936094 0.708581485167853
415 0.591253 107.623401317596 1.662626 0.699288350965901
416 0.317051 114.277218535703 2.127525 0.750876740624031
417 0.750744 91.5958654114049 1.169961 0.600678097001535
418 0.221567 129.841748161389 2.222247 0.801109950093076
419 0.31252 121.615196622256 2.133362 0.806886931811673
420 0.613572 103.810972007814 1.629445 0.725760172689663
421 0.508542 108.724503912675 1.849573 0.709305049636531
422 0.459959 111.992938299098 1.94957 0.750020607410186
423 0.334187 114.776538225229 2.100506 0.747195707992181
424 0.616548 108.727309061279 1.600889 0.674517990113798
425 0.297717 113.823864367967 2.078249 0.770028908854796
426 0.41906 105.782963951076 1.974833 0.709827533784573
427 0.520883 91.2793069808259 1.751639 0.69232430983791
428 0.573827 105.810293587873 1.711089 0.700490139272025
429 0.295223 122.813400816967 2.159958 0.81511670425455
430 0.544981 112.73609476398 1.769625 0.708768587128182
431 0.32352 111.080993883089 2.098693 0.762219410451083
432 0.490442 105.20771791939 1.863957 0.694688267824671
433 0.488489 94.0761274224217 1.882607 0.704280963274242
434 0.458115 105.402307801541 1.945692 0.731698460345166
435 0.465809 122.412973808568 1.937946 0.760882184475163
436 0.407392 114.332177019776 1.994396 0.721368569953423
437 0.459217 119.960321155139 1.950742 0.776006617593121
438 0.473146 113.937267533392 1.893197 0.751792788274238
439 0.404762 119.502974170229 2.009574 0.750728662203239
440 0.47602 112.716040048546 1.894109 0.697448598417745
441 0.468349 106.161255274893 1.875275 0.730702863409378
442 0.416033 103.613036068859 1.961125 0.73815858844065
443 0.73977 103.157824759069 1.213867 0.734616815936306
444 0.373846 114.906616140254 2.070529 0.779217843622003
445 0.593684 101.541461974052 1.604045 0.704925460800847
446 0.350832 111.672049840552 2.090802 0.732493342595436
447 0.572708 107.843502945832 1.726362 0.717278237516101
448 0.439698 118.761737349013 1.956349 0.6823595132387
449 0.524787 106.078849289537 1.732256 0.741964187639038
450 0.448194 113.063323754519 1.956133 0.710345810723187
451 0.631465 108.617454794586 1.530294 0.711828327078222
452 0.653475 97.3357754497279 1.50552 0.658627524269556
453 0.458433 102.710629952818 1.872468 0.72394961574953
454 0.562289 112.809893358101 1.723586 0.77210039594083
455 0.607903 102.719171272137 1.587084 0.619665689486986
456 0.49965 101.551592933682 1.826749 0.707096349863282
457 0.592006 100.463425351392 1.651088 0.692466838466663
458 0.460259 101.583387811526 1.925266 0.682619526199768
459 0.373987 111.462131313335 2.036145 0.729303238085997
460 0.536489 98.4880564980776 1.790622 0.701815996911334
461 0.371221 124.733388873264 2.039737 0.743371066814066
462 0.457448 124.821974075766 1.949379 0.749152328641923
463 0.586041 102.15543947231 1.674832 0.691812533090204
464 0.45176 105.759184268481 1.946647 0.715369479342629
465 0.407189 123.740673792104 1.9811 0.755881108029084
466 0.462713 117.431010167685 1.945731 0.801830893550228
467 0.420357 107.224607247311 2.002798 0.714925564346277
468 0.338495 114.234998994559 2.097865 0.767673116684869
469 0.362832 118.390050367215 2.078189 0.754061976211352
470 0.446624 108.072835102268 1.890117 0.721390338980111
471 0.426858 105.094285191897 1.993527 0.73486630083904
472 0.38664 128.399002718598 2.032965 0.791015329475316
473 0.351612 115.272415040701 2.071267 0.749040020130033
474 0.331509 112.427896082832 2.054189 0.763790852671894
475 0.518272 119.649803513976 1.83324 0.714371166233958
476 0.297224 110.585706697666 2.139273 0.751124249382086
477 0.381402 119.388365082903 2.063997 0.762359112644672
478 0.416807 118.749955982667 1.977041 0.752742370015673
479 0.407832 106.363692577161 2.0268 0.699835462393494
480 0.579551 108.360307844417 1.660715 0.604616726195579
481 0.421927 109.333374729068 1.967649 0.751088337496795
482 0.57435 113.341664794066 1.723435 0.734721972327782
483 0.482822 104.793783079347 1.892297 0.728629457383057
484 0.545121 116.984880655342 1.785283 0.749355018465282
485 0.335692 115.257372180627 2.061944 0.666279346039173
486 0.372603 115.015188166188 2.045415 0.705288974658551
487 0.251661 115.836528897737 2.189764 0.760873969229167
488 0.38764 110.239854652927 2.025129 0.721072766208071
489 0.387663 114.335425038582 2.053391 0.733506879993228
490 0.38035 110.940151505711 1.990892 0.758005815747398
491 0.34831 121.574324698013 2.098411 0.726984879155235
492 0.668526 101.721777346462 1.414307 0.671539547546287
493 0.612915 100.055962562249 1.620096 0.529017868445486
494 0.466022 113.296409484621 1.902909 0.678592238793078
495 0.470998 111.067144687191 1.922878 0.707555978804631
496 0.449373 113.210839499099 1.949197 0.751380249156872
497 0.27597 121.098536425615 2.140956 0.752094893381521
498 0.458127 122.930826293836 1.923715 0.787503523551732
499 0.414459 119.051653578451 1.992208 0.747883009829756
500 0.269299 115.56321779473 2.179851 0.787793315935326
501 0.452691 117.754617743008 1.964977 0.733363123407169
502 0.342073 102.256773112905 2.103858 0.700123329340535
503 0.589415 111.953148958374 1.661517 0.720651502893759
504 0.496172 106.105511189954 1.861627 0.723938543287165
505 0.288663 128.284586844666 2.158601 0.784798999796644
506 0.454747 109.042845418554 1.874873 0.704408611584797
507 0.503086 107.583166213972 1.822389 0.725928315770393
508 0.388604 118.080609385106 1.980857 0.74238125723922
509 0.589578 102.347682364987 1.646888 0.66074243795788
510 0.583579 102.553225233182 1.691157 0.710434698547659
511 0.331434 100.431577265371 2.103035 0.693199593142804
512 0.494362 119.840496209654 1.878362 0.730326792256579
513 0.347274 109.697439852425 2.046068 0.77185926758869
514 0.327448 115.668571159809 2.109749 0.749467767983878
515 0.37664 111.309162733832 2.02624 0.731303600709291
516 0.566115 113.618943741213 1.740322 0.74426220508165
517 0.386204 127.035960367019 2.054313 0.802519394842992
518 0.41823 115.660627896309 1.949554 0.765773094500716
519 0.433133 122.659163777302 1.929099 0.705482171891988
520 0.207244 129.786618619159 2.224931 0.769026006403068
521 0.479187 111.730339027922 1.896592 0.709299283883941
522 0.469883 101.953614622172 1.874404 0.706501072835778
523 0.440937 111.946241553584 1.921518 0.662336459319639
524 0.137666 128.110598493718 2.266396 0.789449725425077
525 0.278924 117.643139403602 2.149356 0.760329301895796
526 0.354822 121.358005355946 2.073901 0.756044159327341
527 0.50689 101.050709773007 1.845376 0.688018472976114
528 0.549717 103.587077160782 1.760211 0.678329604444128
529 0.556465 100.662049208324 1.738836 0.694721795858191
530 0.30157 114.312756786493 2.145406 0.783871336968249
531 0.420759 116.385234238288 1.981517 0.766787266148232
532 0.488275 97.7040778432025 1.835214 0.718157775255398
533 0.355669 111.272948759261 2.059159 0.770300402173467
534 0.450313 97.6016298120961 1.90154 0.697046765687577
535 0.317675 114.345084050316 2.124827 0.759312405264389
536 0.368044 125.701427547268 2.06346 0.802993277088862
537 0.500203 100.26505686151 1.832639 0.692106158685066
538 0.451827 111.96342985017 1.928051 0.786818335511271
539 0.605236 99.0270745760843 1.613614 0.650189949753052
540 0.538528 103.223069540468 1.76855 0.687682496610204
541 0.389538 104.959859585584 1.99654 0.629190051850317
542 0.550295 101.587980955624 1.720943 0.697554780045065
543 0.441296 112.171375290516 1.973715 0.739850427047331
544 0.676392 101.52688039349 1.401777 0.672340148232936
545 0.482068 115.098087133585 1.875141 0.723269233395847
546 0.517367 107.561662575124 1.817805 0.71440322197555
547 0.511437 96.3607842753815 1.855296 0.642160527774971
548 0.22703 123.864572729726 2.219548 0.795819498873961
549 0.143745 131.033003624836 2.266605 0.804508337640118
550 0.354643 121.110559838099 2.078859 0.76978539644496
551 0.080126 133.148150119814 2.292527 0.826420946402101
552 0.480399 125.097905307446 1.874056 0.776046853328685
553 0.448767 118.990627016951 1.933957 0.763648690462186
554 0.544629 96.3512427284967 1.789099 0.664967221015892
555 0.415522 115.604609306637 2.004669 0.746033976844783
556 0.42033 118.830172371605 1.995332 0.704728035996364
557 0.598744 102.809800111985 1.640005 0.682931117868822
558 0.59209 114.513853569226 1.687477 0.71520427767752
559 0.279402 112.88793397161 2.178134 0.74653180433977
560 0.272206 109.489787711169 2.179875 0.779033821070086
561 0.554768 107.966393355322 1.696009 0.747649542280551
562 0.507613 110.845826234034 1.8363 0.712324675588207
563 0.402092 117.955911652617 2.023637 0.763881445766302
564 0.674202 106.553237352323 1.423764 0.656680431728961
565 0.391696 117.080632950425 2.020411 0.730478396197285
566 0.297054 119.190894609815 2.161842 0.792122577036128
567 0.625831 106.708454394497 1.584797 0.724472960286234
568 0.39234 110.744754593259 2.006005 0.775645893732871
569 0.475514 105.14121418995 1.888986 0.709747683454687
570 0.497261 102.032519900126 1.849898 0.735625987345766
571 0.57158 94.1466738658311 1.660424 0.691936177738667
572 0.304098 122.287480715824 2.138767 0.726047629414021
573 0.606929 117.072544608595 1.632951 0.687546694812331
574 0.557603 101.582408649979 1.763561 0.685644549114607
575 0.64359 95.8094649692507 1.519693 0.665465418693847
576 0.421811 125.224145315273 2.00529 0.795526558073216
577 0.597382 104.375852438277 1.657727 0.673565159743311
578 0.346137 118.363582960666 2.078111 0.784670048529047
579 0.298391 114.449134105259 2.147658 0.767434938424905
580 0.250276 109.102862018977 2.197029 0.708211698319938
581 0.211522 125.452254976163 2.223549 0.7808252865717
582 0.520635 112.101114774441 1.815432 0.659461379777984
583 0.598494 101.748607769123 1.648323 0.587152258712251
584 0.30881 117.002311804308 2.137064 0.736019161174965
585 0.34208 128.291275855638 2.112985 0.752597223533155
586 0.726557 89.583979394082 1.221146 0.638881924477647
587 0.399977 101.626667321719 2.036993 0.75688776399609
588 0.4671 111.643786605968 1.89031 0.753514021393115
589 0.383484 118.101682904187 2.056459 0.776751084165081
590 0.379903 113.592552553528 2.041988 0.732808556339241
591 0.498038 100.890370727963 1.847304 0.733703429831079
592 0.4356 120.464365672381 1.96872 0.764958808934686
593 0.633994 110.771571340761 1.530686 0.736696884744074
594 0.502063 106.127911263295 1.823755 0.767035076894263
595 0.578559 105.643959993942 1.668512 0.731490599888354
596 0.331391 116.506603944306 2.097654 0.730197276813023
597 0.415059 117.581203894471 1.987704 0.71945071866664
598 0.198381 121.429686121959 2.205419 0.770521337855047
599 0.420229 109.171732465961 1.980748 0.746152232659554
600 0.151309 129.462884824114 2.265128 0.809029751978716
601 0.460979 116.0753440286 1.871566 0.782899841153527
602 0.324308 105.047938550893 2.131307 0.75223724014432
603 0.358861 110.003396191318 2.060381 0.768665392469165
604 0.509485 91.8859856634118 1.853517 0.721399273277402
605 0.273727 118.283277271377 2.167749 0.782080765746218
606 0.659624 88.9632078050333 1.453582 0.65065173213432
607 0.432835 119.565222465179 1.992083 0.805349592433673
608 0.454775 119.821084877682 1.947733 0.750659506601409
609 0.618108 104.330644499038 1.54549 0.622477640991992
610 0.366779 111.841877413935 2.059609 0.75920087935674
611 0.4952 104.167102773926 1.842835 0.698677412158648
612 0.23651 124.197818741855 2.213433 0.80531135953855
613 0.379923 122.556057576722 2.050926 0.804360956208768
614 0.528403 88.8782388315122 1.757802 0.639781023622041
615 0.716579 94.4662308766272 1.323061 0.584785366708542
616 0.414239 116.942683108066 1.982704 0.752424545155644
617 0.462054 101.544706493364 1.915838 0.712987373108301
618 0.683157 102.472941666742 1.418911 0.697686380862335
619 0.368449 116.631581925188 2.066795 0.766333173042262
620 0.431126 112.378705207179 1.888363 0.681979543200266
621 0.236108 116.658391116668 2.18282 0.734609652270564
622 0.338701 119.744181210018 2.060345 0.766609216552174
623 0.578933 111.431030897636 1.649252 0.740682409691226
624 0.249494 116.077919119424 2.179964 0.751789777659887
625 0.433935 127.133167440043 1.976147 0.795258110183228
626 0.662071 108.116335519515 1.487168 0.735786668700457
627 0.496253 110.45270258636 1.855083 0.727591824536616
628 0.395931 106.273025801632 2.023185 0.748220619052927
629 0.36199 119.523428474808 2.046361 0.773514352724614
630 0.445025 113.098830616612 1.970224 0.710603707716473
631 0.491197 107.304547624776 1.854914 0.714646836090687
632 0.158143 132.066504320806 2.262711 0.836559420328791
633 0.332762 122.329471621002 2.124308 0.812200342036397
634 0.486242 96.6820206970882 1.821977 0.700954581468245
635 0.590236 107.918209061828 1.640991 0.726187785779531
636 0.292132 110.252454356567 2.151148 0.762063652954442
637 0.401505 109.951080906255 2.017483 0.762929138777632
638 0.410726 115.577254614577 1.99422 0.750665947845854
639 0.399707 110.297195673961 2.017105 0.764339698541049
640 0.348506 109.924629474447 2.072728 0.734778441748663
641 0.385561 102.660817888614 2.059218 0.711244594784495
642 0.406046 120.440751606614 2.009424 0.755167965115793
643 0.597318 97.0593004503767 1.633277 0.644183517679231
644 0.222736 124.324604887714 2.222118 0.80144326315219
645 0.327829 117.258573935368 2.096186 0.763583525929816
646 0.392611 117.053531199129 2.038621 0.784880411170033
647 0.491564 119.00998768141 1.86026 0.761677586757025
648 0.530678 100.349706868907 1.770616 0.736660721326397
649 0.398838 99.1276818119048 2.004085 0.728827821602853
650 0.470092 107.802000619011 1.899415 0.725512318275917
651 0.33391 110.084111442344 2.117621 0.770121952376958
652 0.409249 118.59225893333 1.990983 0.762923550875216
653 0.453347 107.220134452062 1.93354 0.738433922360714
654 0.56965 109.097315816361 1.734144 0.705764488134197
655 0.292107 130.645421259257 2.14652 0.773556825691764
656 0.678956 101.521695917423 1.41128 0.619346285272202
657 0.721419 101.836554163175 1.298179 0.667983367052471
658 0.41675 93.9359926802125 1.984651 0.727605282838998
659 0.55446 109.766381809386 1.706882 0.716318762026037
660 0.4612 111.956198190538 1.949397 0.765722137258948
661 0.27058 119.58958228593 2.186261 0.796449134996804
662 0.367688 117.424647180413 2.085864 0.743829254809272
663 0.449523 108.427088459602 1.890663 0.697023562998019
664 0.412765 105.47781411736 2.01099 0.74058489038329
665 0.097034 128.865572010647 2.28627 0.810860448539632
666 0.568779 111.008055203388 1.713378 0.74809047184885
667 0.37827 113.124837366255 1.997878 0.727602367373126
668 0.497947 106.935259943148 1.858271 0.678301574654336
669 0.332668 109.75093070784 2.081917 0.733751353945394
670 0.402192 107.55146619084 2.037211 0.762823590333161
671 0.273582 113.418667034608 2.162286 0.771474598319433
672 0.543205 94.4714076455298 1.784108 0.656691926399593
673 0.483129 104.744476706622 1.811437 0.706191262030998
674 0.366769 125.221130084547 2.081981 0.751715695470766
675 0.439965 110.745297155671 1.91668 0.68878759682723
676 0.560469 106.230859385838 1.710374 0.715602999020458
677 0.392299 118.07628595083 1.997857 0.788727532560574
678 0.352065 121.522283578064 2.106523 0.690290315403211
679 0.288244 117.75802816038 2.167183 0.79337211951374
680 0.265105 123.47868259301 2.184701 0.785919918908726
681 0.332781 116.991129414531 2.087937 0.760024650620645
682 0.469822 117.09181695965 1.913413 0.744668801666881
683 0.520826 106.33151359763 1.831883 0.735396859975804
684 0.526739 103.766541743946 1.826062 0.699413600100517
685 0.213042 118.471365932699 2.228455 0.755140611623692
686 0.43365 110.988353619498 1.97126 0.718552609719462
687 0.417629 113.528608787094 1.951485 0.725295822588085
688 0.481426 106.700701318946 1.829368 0.730810101657906
689 0.554643 115.539352541733 1.741378 0.770154855857031
690 0.610891 95.0285732632847 1.630261 0.724376331318363
691 0.337528 108.867406155428 2.068026 0.731224193111851
692 0.348994 102.47125323152 2.040466 0.713612423439279
693 0.446281 119.903041924669 1.947611 0.720464299586572
694 0.482676 113.639542721726 1.881069 0.767049022347564
695 0.447964 110.494456785616 1.945771 0.751341144266527
696 0.387616 107.128321485213 2.050194 0.717297893865608
697 0.45021 111.789657552245 1.947531 0.721988125575223
698 0.462882 103.549882773812 1.916432 0.735246667752594
699 0.392129 106.182553465887 1.988163 0.697492905922816
700 0.303632 120.32723930006 2.142852 0.782726253810763
701 0.6461 102.095031269717 1.496219 0.630852784596869
702 0.63114 100.994340047877 1.575347 0.652007285849043
703 0.432623 111.44064377648 1.970569 0.742801216958646
704 0.166277 124.990775111943 2.25594 0.820532363194161
705 0.385097 112.42440281667 1.98203 0.742353396826652
706 0.496834 107.342446485484 1.866382 0.738529028558222
707 0.242523 131.693398627589 2.205317 0.802041047388696
708 0.329066 110.267668457258 2.091681 0.765572624716467
709 0.692869 91.629929826098 1.365993 0.643266292457922
710 0.552472 109.791719343435 1.742386 0.740400673526772
711 0.436918 121.574636021719 1.982201 0.764160937723903
712 0.50062 98.8072563551205 1.840266 0.701013258363707
713 0.490579 105.855571505549 1.807916 0.652014747270117
714 0.369438 124.304763574856 2.059809 0.788344277837374
715 0.424234 118.713526884096 1.954316 0.758321748648781
716 0.385357 106.977943440677 1.997182 0.754117859239327
717 0.447746 109.093116360781 1.93444 0.744551529361498
718 0.438862 118.177146611876 1.985244 0.659401124985768
719 0.45675 107.907684768014 1.933276 0.775059583148592
720 0.509115 110.18837040117 1.849302 0.707671170601377
721 0.275229 105.49476369067 2.10007 0.690737230396213
722 0.607706 108.219571790883 1.579718 0.686089297943492
723 0.585007 104.746934878458 1.645899 0.698352281282004
724 0.682413 110.652323018 1.419173 0.679534271400071
725 0.449243 118.721051622447 1.955755 0.775998022394468
726 0.406045 115.346094520165 2.006811 0.771225906484911
727 0.423614 99.9005437784268 1.984077 0.695675062539754
728 0.440322 111.661359835337 1.914789 0.73750673966879
729 0.618085 102.601905508273 1.56117 0.704327364230582
730 0.575547 99.3481717234895 1.686579 0.672543876322768
731 0.317953 112.001566993536 2.088971 0.757311255858786
732 0.332172 125.435146316818 2.120982 0.76845767386037
733 0.458179 112.553100582327 1.885232 0.707234511063913
734 0.516295 99.439679453959 1.795746 0.711935892021568
735 0.3514 117.013996563122 2.077561 0.794346023058691
736 0.333321 113.116866782975 2.057151 0.757000547079477
737 0.537671 111.759963121885 1.799936 0.72288681361924
738 0.601093 102.762485138169 1.647306 0.641490400560016
739 0.439968 104.308960652314 1.916332 0.702629165738537
740 0.390864 104.364318595271 2.013023 0.738990389878718
741 0.540431 102.549201167482 1.774667 0.703367964470417
742 0.177419 123.565107307928 2.251093 0.814393005630531
743 0.394607 117.715422701803 1.99342 0.728654896704328
744 0.437389 119.149530520889 1.929516 0.772176043398236
745 0.194101 121.095809668669 2.241021 0.811190466645742
746 0.351068 124.069665856798 2.103315 0.777513438494436
747 0.509864 117.779251695006 1.84246 0.755369809149321
748 0.531323 100.495175548801 1.775303 0.6816627236268
749 0.543981 116.655061931461 1.729012 0.738632843054928
750 0.335239 101.586284770021 2.078818 0.766072676029185
751 0.512502 105.038447977225 1.767048 0.607770856664662
752 0.184699 124.784839606177 2.223532 0.794777853274786
753 0.236006 126.866190600989 2.202051 0.805661363570266
754 0.265861 121.091905805881 2.181222 0.775095840234619
755 0.597408 111.968413455337 1.639433 0.620275689552106
756 0.274038 107.799869253691 2.06651 0.694703290147442
757 0.461439 100.675680409376 1.906376 0.70136197634835
758 0.638814 95.9360033269935 1.518749 0.688317069665276
759 0.63051 110.634156822442 1.564959 0.589184585191447
760 0.302226 122.357972932761 2.111054 0.752434866231013
761 0.422605 98.8724836099532 1.960625 0.71545709192173
762 0.448596 103.300753870456 1.905873 0.701858715617299
763 0.353314 110.687324029022 2.0413 0.747205122651751
764 0.499465 115.331220173396 1.831936 0.748231846848991
765 0.491618 112.910245379226 1.865325 0.665896345970023
766 0.625285 99.9818990349916 1.599624 0.67738797940822
767 0.358928 120.659320488599 2.058119 0.75395514262635
768 0.453656 106.483208839681 1.903153 0.734351726231961
769 0.494367 100.351688727792 1.872607 0.69058348460594
770 0.312023 116.062741556479 2.107529 0.684044827170129
771 0.460911 103.171383092488 1.909986 0.731196969808779
772 0.426207 123.438930527125 1.982349 0.709769937846313
773 0.203515 133.581703759706 2.232224 0.831376742641603
774 0.475031 114.618525823023 1.886494 0.763748508579027
775 0.436765 100.386506320462 1.893075 0.71061159271192
776 0.529652 106.620919140514 1.80109 0.714174795977195
777 0.426412 108.825647461131 1.928905 0.725225457314593
778 0.453392 109.476999554529 1.937153 0.736051577683612
779 0.41896 110.675811395252 1.962144 0.736146121113209
780 0.366308 101.907431766044 2.0028 0.755158562145563
781 0.435913 116.328484451414 1.976583 0.693100635861054
782 0.397449 119.493757827186 1.982882 0.791371797879948
783 0.419424 133.257898305281 1.969045 0.749707044539978
784 0.442945 112.554248190947 1.939041 0.801155166899775
785 0.504026 121.587121379718 1.875526 0.769683582696376
786 0.560703 96.8810434866948 1.729646 0.702504044303328
787 0.698652 93.7653735244758 1.384535 0.583184407240935
788 0.39741 116.386800913287 2.011635 0.739626772837037
789 0.448617 115.977701762739 1.921099 0.739531942131635
790 0.383101 106.081569771446 2.02058 0.695565546279828
791 0.164822 130.588495478265 2.250707 0.831381630607878
792 0.382868 125.517378492942 2.048124 0.768514288560657
793 0.582625 106.746686299889 1.581445 0.696099926629448
794 0.411594 114.171745423224 2.012117 0.702701153249442
795 0.280067 108.786610656047 2.147928 0.775758639238503
796 0.397018 105.937881132346 1.985121 0.756051245840512
797 0.442174 95.204441260612 1.907319 0.711071334286884
798 0.49308 114.223409943032 1.869271 0.71931116985771
799 0.393443 118.147536746098 2.027928 0.730944269314442
800 0.348622 111.247725564334 2.037877 0.736497932915577
801 0.51428 106.904534464317 1.825838 0.718619654716406
802 0.475903 106.282375101888 1.871702 0.751515626943205
803 0.454115 110.817041901892 1.954697 0.704949032230239
804 0.450503 105.346775189972 1.89937 0.734544418188359
805 0.368272 120.64404042856 2.067924 0.765273522091936
806 0.557249 101.202691754933 1.732647 0.70311075614845
807 0.415074 120.092710547057 2.008243 0.766601224388435
808 0.470943 100.517486223685 1.864037 0.719444389051372
809 0.340014 118.169034030764 2.07319 0.754251534788731
810 0.49805 104.483489377705 1.838552 0.732703078459977
811 0.33215 112.502281831924 2.125177 0.710365763359197
812 0.323742 123.883297433718 2.132267 0.768732671688569
813 0.553106 91.9333990674666 1.765608 0.620646514813562
814 0.366318 123.255761517285 1.990984 0.756440695961758
815 0.44989 119.50300378378 1.919371 0.749580959047339
816 0.541937 114.561406032518 1.7788 0.7238310078719
817 0.436687 110.316152277759 1.972026 0.769618057963512
818 0.312579 114.654586717667 2.104091 0.749292993103727
819 0.413629 117.674095654414 2.005322 0.71557955486675
820 0.345061 120.414073832756 2.107366 0.788731168021527
821 0.48738 102.412064299684 1.872277 0.684039021136849
822 0.596221 116.82856708451 1.659579 0.745059110767738
823 0.496552 111.662955613292 1.84329 0.681611283007802
824 0.399456 121.168838315817 2.019512 0.761732381094024
825 0.524161 101.205367784604 1.805817 0.698420485769313
826 0.342813 119.663398916504 2.090714 0.784279286251634
827 0.510111 102.995411401156 1.849212 0.620059754752446
828 0.423144 110.208753702745 1.962734 0.697689131514061
829 0.376623 118.879658165384 2.041511 0.743565436029732
830 0.455707 119.172295578653 1.952713 0.684607167357144
831 0.395509 116.173557895202 2.012483 0.749884704544462
832 0.38721 124.093873257058 2.046841 0.720529575795194
833 0.500904 105.517924063032 1.828912 0.725258563917006
834 0.673792 91.0509704364073 1.454137 0.610913582677488
835 0.598294 96.5596663749757 1.667557 0.714982013936662
836 0.396017 123.986728127686 2.048935 0.751711836759935
837 0.524897 108.551579288592 1.799749 0.738167555068983
838 0.535544 101.91986984037 1.78583 0.679563986401508
839 0.609722 82.7527716671695 1.619212 0.666907221874551
840 0.402113 120.091025217511 2.010416 0.73269189096118
841 0.300059 117.189295299342 2.156217 0.785163635449884
842 0.55833 102.009330102506 1.715612 0.67803553682369
843 0.484174 107.733242911184 1.837125 0.721054222472267
844 0.382743 108.819448196255 2.000881 0.740287492525588
845 0.333098 113.149678902297 2.065548 0.747165541686229
846 0.236545 126.978828861949 2.214248 0.812939660683453
847 0.438246 115.471068109571 1.892553 0.7122844213056
848 0.357331 116.151242930248 2.089138 0.783847814505958
849 0.269243 112.612833870619 2.18181 0.763480095029799
850 0.523014 96.0778439518052 1.820399 0.706618813404545
851 0.353998 108.268953030248 2.043598 0.761247095640268
852 0.534158 97.6953706451524 1.77436 0.692455812371772
853 0.51091 110.816839250465 1.840052 0.713875185700538
854 0.415976 106.536119407119 1.986932 0.726150547097498
855 0.408374 111.447028242717 2.003604 0.739633309945724
856 0.33607 112.183795428299 2.119782 0.754790288964189
857 0.684618 102.213509951717 1.411445 0.731303531043634
858 0.545597 98.9828880297467 1.753026 0.709759857702045
859 0.345219 114.936680438922 2.078003 0.730965325452453
860 0.29998 127.309720387975 2.138958 0.758882064734063
861 0.471052 122.305244129916 1.909025 0.731206657421249
862 0.449191 114.558026535423 1.911913 0.707936595696227
863 0.64709 113.855769501498 1.471526 0.701143523790486
864 0.343262 121.093736449854 2.100987 0.766400522754196
865 0.788071 84.6459629497607 0.963859 0.39028658903347
866 0.584473 115.311147909192 1.703514 0.774587531053901
867 0.732571 112.428337289656 1.239322 0.702784375630705
868 0.290076 113.046706875527 2.142863 0.737549704374644
869 0.384232 103.359598196415 2.034037 0.737730401399047
870 0.275166 117.356254596909 2.168199 0.767930587847711
871 0.421009 109.974868683904 1.992894 0.761693293191162
872 0.219582 128.757870341676 2.221832 0.808201622034906
873 0.359872 114.504414806263 2.064078 0.582207515782778
874 0.511495 95.4764268515925 1.79638 0.696160099500276
875 0.360959 112.401042305194 2.068919 0.742637069677453
876 0.619163 109.812866038392 1.600591 0.77710936063746
877 0.357983 109.897008865929 2.054416 0.746159997815863
878 0.51751 103.613464934467 1.81598 0.673643943051757
879 0.504752 119.275733537871 1.862015 0.72604626802528
880 0.518486 109.952506927064 1.795371 0.727135113378121
881 0.305673 109.632694485243 2.101755 0.72682947855733
882 0.556079 94.5864062911842 1.744526 0.693332888179945
883 0.556766 103.965336185333 1.735749 0.72217952789846
884 0.495787 96.4846709968546 1.869297 0.658263361246156
885 0.56714 113.033350090405 1.715176 0.707973476961452
886 0.429207 106.886114958057 1.968578 0.703418703629339
887 0.477074 108.666510757282 1.915562 0.686500836693347
888 0.268359 118.59566214469 2.172584 0.759547244102701
889 0.096559 129.240147495551 2.287938 0.797154732667123
890 0.409417 102.74077890905 1.965231 0.731551265850286
891 0.344638 111.863863452261 2.076699 0.791210199902292
892 0.764982 86.7633470681146 1.096511 0.582728660292895
893 0.663456 105.175981459978 1.388807 0.419087565616818
894 0.550157 122.291624933747 1.77353 0.730255430218601
895 0.486715 110.698181694769 1.897657 0.764171545259472
896 0.411772 105.78664161636 1.94004 0.717072887471554
897 0.311913 108.507864471819 2.118524 0.736288389821348
898 0.406952 122.266559574896 2.032171 0.752475121167943
899 0.380565 120.141880129857 2.059652 0.787722197935214
900 0.486343 95.9610976733737 1.79211 0.701292504026897
901 0.335672 114.668860772492 2.084305 0.772717210877078
902 0.52271 106.210919462294 1.802936 0.701925533271937
903 0.490897 120.37297133466 1.840519 0.770274282218274
904 0.478146 109.970412293334 1.887041 0.745289036392839
905 0.211261 122.616816914318 2.231468 0.785270107580334
906 0.488963 112.692807942262 1.829552 0.702266966499603
907 0.735911 95.6474251291128 1.225975 0.613669518687504
908 0.502736 99.1767464565994 1.799924 0.697102368603784
909 0.412636 118.889815695517 2.01171 0.799546851768695
910 0.323575 115.267341141966 2.128717 0.721678911004722
911 0.396043 120.901989009575 2.016353 0.778557746112505
912 0.394921 113.207842574365 1.98288 0.747555145813494
913 0.465621 99.3797623657652 1.930813 0.77173293862509
914 0.462032 113.518370328732 1.874702 0.703938372113117
915 0.418696 117.810424974616 1.953728 0.716553165472594
916 0.542299 91.5416564975091 1.761613 0.693847681902701
917 0.560874 99.0265368978937 1.673809 0.658089620121647
918 0.293652 118.131349323516 2.147933 0.770165371869693
919 0.459116 101.72225791079 1.861129 0.723894243739855
920 0.383442 115.456548600159 2.063106 0.743772184454373
921 0.452442 112.949613344403 1.912815 0.63027494341374
922 0.361377 116.404981181538 2.090796 0.758091004946749
923 0.543265 100.55314267979 1.755919 0.688676434739562
924 0.383385 112.779728259276 2.028073 0.746650347043833
925 0.282619 109.289867520349 2.146595 0.714560363672777
926 0.491262 114.5289887891 1.834539 0.740032145322567
927 0.458657 120.74400277423 1.94283 0.733388544340098
928 0.436327 112.190516895419 1.928588 0.759580223177183
929 0.734681 85.5147728095804 1.24324 0.64338002008179
930 0.426152 100.632164880605 1.994689 0.70659957777682
931 0.298001 119.515709784988 2.146199 0.778320301959226
932 0.469025 109.542327211617 1.914895 0.723683549323697
933 0.608931 107.969185719578 1.638762 0.73926677296985
934 0.426993 120.189719878633 1.996132 0.787784721044121
935 0.492379 108.836620775452 1.882967 0.732706210501703
936 0.357086 100.184678060374 2.039448 0.736772600901926
937 0.225603 126.480425750828 2.221281 0.806975488987901
938 0.363691 109.442508480801 2.074065 0.777073424011287
939 0.384894 120.596333165777 2.050627 0.725698534950494
940 0.520832 110.471002293575 1.83956 0.751212502577373
941 0.434933 119.814696647901 1.962106 0.736140363606776
942 0.326375 110.1304976889 2.123614 0.748605328390876
943 0.499876 106.848444928614 1.852613 0.762564322589082
944 0.208194 119.989945175739 2.230214 0.771844990905447
945 0.387686 113.303079645541 1.988059 0.770425248636426
946 0.607475 103.576659233398 1.642752 0.732198956657876
947 0.463999 104.493760171688 1.924242 0.72948179367231
948 0.428775 103.320659290732 1.969316 0.692316397452987
949 0.367649 121.533408312397 2.080949 0.77764388046996
950 0.413379 114.673883303681 1.988064 0.709904596760991
951 0.586314 88.4660363933723 1.688163 0.655537019935842
952 0.712584 94.0226001406503 1.324195 0.580479357029946
953 0.543646 119.766738980219 1.747973 0.734657256938134
954 0.463294 103.159231490758 1.891858 0.741339332513331
955 0.396461 122.831381413865 2.038542 0.805109583258565
956 0.326534 115.988120485396 2.107814 0.818276693089159
957 0.333136 126.635985229811 2.085413 0.776350107759909
958 0.352694 104.524335088822 2.045664 0.726162041033843
959 0.579705 98.7637183571761 1.661668 0.683386045664671
960 0.475533 121.46871579132 1.929015 0.784047581432722
961 0.412642 122.403245118172 1.991501 0.791123484342843
962 0.29842 120.902963910393 2.137642 0.804934112499775
963 0.299931 120.037402103883 2.140461 0.719888700531007
964 0.656797 92.969638016403 1.470359 0.644864284428803
965 0.304309 116.614596022756 2.114663 0.762827409717302
966 0.436364 118.946070974273 1.961543 0.688808329273679
967 0.485943 101.57281040424 1.861593 0.750339582059577
968 0.369919 113.43923135947 2.031237 0.756761764924588
969 0.523199 112.477544179107 1.8093 0.737050108917562
970 0.437458 118.85838875848 1.945969 0.74601789825865
971 0.748935 111.215944404507 1.066919 0.692988443576494
972 0.449408 114.897298203567 1.881295 0.714620900318367
973 0.336258 116.900064593779 2.070948 0.767372269149632
974 0.578002 96.0368860345482 1.706566 0.682433686686358
975 0.391039 116.709854389424 2.038034 0.745968935889347
976 0.640447 107.01468096414 1.517151 0.685058173160896
977 0.446986 113.402016891839 1.953663 0.73492693712677
978 0.549222 116.282043616125 1.778508 0.74050549485068
979 0.152988 121.981177961817 2.265829 0.795394280550253
980 0.373839 104.162630000672 1.954356 0.716227341954506
981 0.507078 97.2806119113549 1.86373 0.690800401274464
982 0.520554 115.903519951243 1.814894 0.749658649564272
983 0.532486 100.550390528595 1.773319 0.697976550358276
984 0.49182 115.666222324681 1.865106 0.71541702125541
985 0.279651 114.625723367678 2.16661 0.762069139285346
986 0.558228 102.686055494202 1.686573 0.674883200525499
987 0.55942 114.576215679097 1.716917 0.692541116147722
988 0.445997 111.671091647472 1.976417 0.718354363362631
989 0.644347 96.0272989893876 1.533382 0.614774681127662
990 0.142191 128.702704518297 2.266773 0.813189008311696
991 0.663557 103.183828968074 1.443363 0.597580851420643
992 0.415117 122.275058971279 2.005751 0.784233050635501
993 0.597651 104.289882247786 1.641782 0.709414945344958
994 0.544487 100.45379109149 1.732739 0.685352974530336
995 0.597895 96.2366258282505 1.648774 0.683659179437201
996 0.389908 118.332120771993 2.044711 0.743301307399621
997 0.452814 101.543622422034 1.916358 0.768730486649042
998 0.486125 112.357721909992 1.864047 0.706947387635648
999 0.407702 118.077731150052 1.974977 0.752487245586506
1000 0.489996 98.3787454518041 1.88259 0.688092125960025
