rep	aei_left	left_area	adi_left	H
1	0.334686	117.8517887	2.050968	0.835494945
2	0.307184	121.477222	2.076072	0.821719339
3	0.3582	120.5254942	2.045413	0.813934036
4	0.271738	123.37625	2.173225	0.844732152
5	0.332578	121.2550183	2.082122	0.832603819
6	0.363511	115.6268465	2.043887	0.810256689
7	0.352973	124.8927631	2.065608	0.856544282
8	0.22764	123.0839575	2.179356	0.834335197
9	0.366078	119.2391703	2.03503	0.816225967
10	0.348433	122.818371	2.082878	0.810651087
11	0.45028	111.4886136	1.912102	0.811905397
12	0.296643	122.9575271	2.131276	0.839821404
13	0.37352	115.4211528	2.031581	0.808981851
14	0.394461	120.6231395	2.001402	0.821759193
15	0.389037	115.4288991	2.008024	0.794216813
16	0.424483	119.0194479	1.955394	0.811479994
17	0.450309	105.919545	1.870924	0.785864192
18	0.371282	118.7091515	2.025929	0.817736519
19	0.355106	116.2794376	2.047635	0.820061894
20	0.313301	118.9141732	2.103439	0.826398806
21	0.245862	115.4710597	2.155683	0.822726046
22	0.375863	121.02429	2.029752	0.814873213
23	0.367881	118.9589815	2.029085	0.822855999
24	0.366095	121.4503759	2.036836	0.813793586
25	0.318781	122.9917605	2.110237	0.832998873
26	0.349174	120.0537217	2.07882	0.813749425
27	0.335329	120.7796359	2.058653	0.829703952
28	0.304943	121.7628173	2.11228	0.83723281
29	0.3642	119.5080376	2.02315	0.81845162
30	0.387951	123.7067788	2.037182	0.836742924
31	0.340921	118.6866818	2.046057	0.806589113
32	0.296939	124.567431	2.135551	0.833031656
33	0.451003	122.7359951	1.92474	0.784342343
34	0.275539	124.5837882	2.131072	0.843789489
35	0.375402	118.7830408	2.036185	0.819798814
36	0.390021	118.2615876	2.015357	0.820446769
37	0.303491	125.8488179	2.119445	0.845876517
38	0.266402	119.3308602	2.122851	0.829468739
39	0.40357	118.4812731	2.002446	0.810122192
40	0.259406	126.6855402	2.161204	0.840595597
41	0.316616	121.3934877	2.074142	0.842904556
42	0.454008	117.0449916	1.919699	0.798202881
43	0.280398	121.1427526	2.138472	0.841306697
44	0.36828	117.6690527	2.005883	0.802761114
45	0.378178	120.3129022	2.024602	0.826094075
46	0.340383	115.9639909	2.0622	0.810725346
47	0.383167	123.5249963	2.026491	0.824732637
48	0.312349	120.201518	2.099729	0.817768227
49	0.36726	121.6464882	2.028122	0.831455009
50	0.399763	118.5024182	1.971789	0.811023989
51	0.323355	117.3838996	2.080821	0.818544275
52	0.228036	126.1795921	2.195842	0.849399558
53	0.411358	118.3275535	1.994151	0.817347518
54	0.354088	120.0906455	2.054329	0.822698663
55	0.376852	119.4093333	2.029819	0.821505308
56	0.401682	110.7913998	1.992594	0.812098809
57	0.336143	121.6043211	2.083248	0.817945313
58	0.31206	122.3822893	2.096074	0.841036927
59	0.460212	116.6178929	1.928046	0.787515508
60	0.300658	125.1110751	2.128737	0.84196938
61	0.377146	121.6343179	2.02543	0.802294584
62	0.345437	132.299886	2.074444	0.85011187
63	0.283589	114.7772344	2.100946	0.821288525
64	0.364727	118.5658155	2.028862	0.822615897
65	0.353541	118.7742466	2.047531	0.8322643
66	0.289717	123.4021884	2.101894	0.838486882
67	0.320482	123.6479593	2.115119	0.824834078
68	0.296167	118.0935727	2.096891	0.823104223
69	0.37506	121.3492418	2.000407	0.816581304
70	0.410441	115.4395152	1.959861	0.800741305
71	0.379451	119.8388439	2.013881	0.817278151
72	0.395374	121.2586293	1.985783	0.828159219
73	0.429463	121.2088725	1.95869	0.799737609
74	0.42918	115.3862391	1.962174	0.782163526
75	0.455468	116.321442	1.895649	0.784939597
76	0.446202	117.3443068	1.895194	0.801476211
77	0.382504	122.8753987	2.051069	0.818723652
78	0.367293	121.5656942	2.035397	0.82395023
79	0.408262	120.0923142	1.986718	0.812271255
80	0.315876	121.7915798	2.113748	0.837682359
81	0.417523	121.8370582	1.971661	0.799537179
82	0.289742	119.6677571	2.120001	0.825421559
83	0.292395	120.500575	2.125563	0.829671203
84	0.451804	117.955443	1.910183	0.818564175
85	0.333673	125.2741454	2.091567	0.833138296
86	0.381877	121.8546393	2.001455	0.83805366
87	0.526199	113.7423169	1.766958	0.756047492
88	0.305984	120.7950714	2.069414	0.8244576
89	0.247346	120.7052334	2.189146	0.838771811
90	0.375863	118.7046135	2.008006	0.82577985
91	0.473838	115.4731619	1.871018	0.780713113
92	0.368211	115.0457069	2.012152	0.813519916
93	0.334775	118.7928163	2.071065	0.829047507
94	0.309122	118.8771608	2.109589	0.830729785
95	0.483716	111.2178895	1.847023	0.767742846
96	0.38927	113.8500014	1.972077	0.811511968
97	0.406774	118.6931682	1.987212	0.829546529
98	0.515997	112.6823773	1.836144	0.761791983
99	0.322407	117.9977456	2.070501	0.818764795
100	0.438296	124.7146623	1.966772	0.817307549
101	0.36587	116.1150314	2.010859	0.822754997
102	0.329873	125.6069714	2.08425	0.84684106
103	0.439445	122.6834801	1.946572	0.837301947
104	0.215646	125.0775868	2.21717	0.858817657
105	0.375365	118.4421772	2.010342	0.830797433
106	0.385631	116.9526191	1.995235	0.810877496
107	0.496525	120.1291411	1.842029	0.796274273
108	0.343806	119.4789143	2.079174	0.816830745
109	0.390148	118.1621723	1.981167	0.805243485
110	0.359373	118.0930902	2.037126	0.811331961
111	0.318216	126.9714042	2.110009	0.827738317
112	0.423891	114.5310059	1.970389	0.808614432
113	0.487649	116.4324128	1.857033	0.796243118
114	0.280251	120.7306237	2.134566	0.843489987
115	0.428783	116.3675158	1.940314	0.811407079
116	0.312903	118.4627748	2.080991	0.823491554
117	0.330265	121.1913251	2.089538	0.826730689
118	0.403878	121.8092245	1.978411	0.802649639
119	0.415462	117.8870007	1.957645	0.82861638
120	0.352942	122.5142797	2.072634	0.833174263
121	0.245371	124.2757484	2.16357	0.847800395
122	0.403562	117.2583475	1.975251	0.794853378
123	0.421141	118.5313766	1.965139	0.807198313
124	0.322502	115.3629918	2.079075	0.816377749
125	0.300965	118.2046797	2.105898	0.829857269
126	0.39815	120.4313098	1.979015	0.825300732
127	0.373826	121.2762075	2.021369	0.834782234
128	0.292957	127.7727503	2.147484	0.839746991
129	0.372318	130.7587378	2.048763	0.844365542
130	0.272955	121.1159193	2.131941	0.8282863
131	0.356119	117.9643519	2.060719	0.806345691
132	0.314677	122.5550476	2.09797	0.838631992
133	0.27536	125.2442204	2.126067	0.815019161
134	0.282001	127.2675776	2.132283	0.834348793
135	0.301278	122.8423179	2.136747	0.814421022
136	0.374701	118.1717764	1.999913	0.805076677
137	0.386537	118.8386264	2.023739	0.810834977
138	0.413207	118.5177852	1.96959	0.821124515
139	0.337541	117.4952292	2.049652	0.830492743
140	0.424911	116.6101253	1.949866	0.820483968
141	0.372745	121.347298	2.039445	0.824739476
142	0.411208	114.7113004	1.985378	0.796661725
143	0.373829	117.8876236	2.007578	0.820657159
144	0.352609	123.6658784	2.049368	0.838210117
145	0.372184	120.3284101	2.013459	0.831549774
146	0.373733	121.6785579	2.05107	0.827865279
147	0.230985	120.6898926	2.186122	0.842963715
148	0.331327	120.570399	2.030525	0.792014401
149	0.330102	119.132727	2.090109	0.825473084
150	0.354381	122.3655094	2.065427	0.837737773
151	0.320965	125.0993563	2.108904	0.840524006
152	0.319827	123.2619977	2.086089	0.843965239
153	0.485135	114.0564323	1.860207	0.795771246
154	0.280753	120.0333511	2.112387	0.828134088
155	0.301078	122.9171295	2.10302	0.835132764
156	0.36839	121.2487092	2.044362	0.825155503
157	0.38007	115.4190692	2.002514	0.803059582
158	0.382078	122.6126451	2.012545	0.826518749
159	0.310959	126.9555301	2.112401	0.849702503
160	0.172709	127.0951989	2.248945	0.851458578
161	0.399045	115.6095062	1.965213	0.812456816
162	0.345115	121.3153191	2.05944	0.815911661
163	0.324205	118.5701957	2.064667	0.828462673
164	0.240377	128.174735	2.190526	0.862889221
165	0.347742	115.5484791	2.059031	0.81829364
166	0.330636	117.5257924	2.076466	0.81078279
167	0.37393	118.6489253	2.015637	0.819427882
168	0.324259	123.0797676	2.101397	0.835299592
169	0.366509	113.6157294	2.019547	0.796240376
170	0.286949	122.7978881	2.123526	0.844794365
171	0.484056	114.607154	1.836454	0.808635025
172	0.353157	118.1501678	2.057377	0.824419605
173	0.431566	121.4075612	1.949836	0.818863252
174	0.343695	121.940098	2.069971	0.837963179
175	0.339701	121.4530224	2.081588	0.830738927
176	0.334474	118.8011782	2.072488	0.821781535
177	0.383472	117.0628015	2.025387	0.817756595
178	0.298222	128.9832003	2.137711	0.837600973
179	0.417077	113.5480388	1.984341	0.791930286
180	0.330512	121.7219971	2.079573	0.812943772
181	0.280009	127.0856349	2.153793	0.851006506
182	0.390938	121.2646726	2.006546	0.823930948
183	0.409064	116.7837777	1.948252	0.812042236
184	0.366583	129.6375991	2.049104	0.855079814
185	0.306086	120.432704	2.117897	0.831527017
186	0.402638	121.2291852	2.012353	0.826125803
187	0.328234	121.4560418	2.061615	0.827903834
188	0.224943	125.6153128	2.204623	0.855061066
189	0.356097	118.6480528	2.047592	0.833022907
190	0.376194	114.7065166	2.014396	0.79428013
191	0.357275	119.1212878	2.021005	0.836621081
192	0.269936	125.6287355	2.163183	0.834429545
193	0.340564	119.0195361	2.04876	0.823442807
194	0.335508	125.6573094	2.108318	0.822974614
195	0.336696	116.0563937	2.055477	0.806052406
196	0.371327	121.4059279	2.048146	0.835002092
197	0.430783	117.7417833	1.923513	0.804922552
198	0.271356	123.5217747	2.153577	0.841888462
199	0.450183	116.67884	1.897325	0.805200691
200	0.386349	119.8962323	1.975282	0.830813351
201	0.309722	127.5182785	2.143485	0.84219148
202	0.376324	118.8591	2.018668	0.815993367
203	0.360324	121.0581236	2.048969	0.824277638
204	0.283977	121.7886155	2.125355	0.829317538
205	0.540893	116.9336235	1.784883	0.77157886
206	0.375217	116.1686925	2.01846	0.817392769
207	0.333267	120.8013278	2.071244	0.827584689
208	0.325806	120.7358295	2.07322	0.815714455
209	0.433267	117.2599081	1.901078	0.810939694
210	0.33029	121.7752448	2.095951	0.842738965
211	0.238184	125.5424818	2.158145	0.831261455
212	0.276362	127.8268658	2.159985	0.844750017
213	0.466481	117.1531821	1.892867	0.805339058
214	0.358038	119.7304724	2.059636	0.823191548
215	0.311108	123.9433424	2.094893	0.83514743
216	0.345467	123.4953077	2.065814	0.825298566
217	0.304393	120.2417366	2.080408	0.833714509
218	0.407336	117.8257291	1.97489	0.808959836
219	0.409896	122.6176301	1.954226	0.820359172
220	0.473979	111.938552	1.851022	0.795551049
221	0.318299	121.4556027	2.077399	0.834206693
222	0.328656	118.8763339	2.071814	0.826383786
223	0.350213	122.0416776	2.075667	0.827344261
224	0.29165	125.4115213	2.139942	0.832070677
225	0.374655	123.4815822	2.031448	0.802058774
226	0.398243	120.7563659	1.961463	0.805412941
227	0.305453	126.9543989	2.082854	0.807955414
228	0.386536	117.9180476	1.996134	0.815003043
229	0.253316	123.2055818	2.175756	0.83646228
230	0.364509	120.5307836	2.024469	0.825134592
231	0.407936	120.0247774	1.99105	0.824074529
232	0.453571	117.5630427	1.899095	0.794550506
233	0.366575	122.2672043	2.064386	0.807368262
234	0.358145	129.8269341	2.057327	0.843014302
235	0.503393	110.9973001	1.805123	0.792843647
236	0.368003	124.8871871	2.060886	0.835323526
237	0.39576	118.4649057	1.954948	0.812402747
238	0.348793	119.5466235	2.050209	0.80627833
239	0.359676	123.2081543	2.032829	0.823694039
240	0.337697	124.6483775	2.070437	0.826206818
241	0.329932	120.6376163	2.078258	0.824864475
242	0.345958	126.2259298	2.101925	0.831309986
243	0.401583	119.173905	2.025432	0.806794993
244	0.397608	120.0184276	2.001216	0.804172988
245	0.442547	123.1122841	1.911784	0.803277581
246	0.342184	123.4980347	2.092186	0.829058111
247	0.356652	118.1739385	2.043465	0.809937442
248	0.373365	122.9257889	2.027279	0.841247646
249	0.340431	121.1545159	2.079482	0.826731481
250	0.31458	119.0075995	2.070009	0.829813752
251	0.369704	113.5795589	2.004152	0.810083498
252	0.371617	115.5476264	2.003485	0.814676746
253	0.324634	118.9224489	2.06422	0.815321261
254	0.309253	129.5690601	2.134048	0.836722225
255	0.431994	117.1025071	1.917979	0.810335751
256	0.36766	117.7827635	2.039301	0.816860708
257	0.316687	119.2576708	2.091683	0.822976114
258	0.383997	120.0783103	2.021517	0.812930204
259	0.382143	117.7770857	1.989739	0.813669657
260	0.414754	115.4800248	1.979509	0.784482925
261	0.303826	122.437552	2.129233	0.831459656
262	0.315498	121.2915762	2.082502	0.82395619
263	0.212575	130.1154429	2.221932	0.847172873
264	0.448046	118.440146	1.914137	0.786761574
265	0.352974	122.4200251	2.057828	0.828888811
266	0.262755	127.4102582	2.156108	0.852280325
267	0.416046	119.7984915	1.945722	0.814161439
268	0.276507	123.2281624	2.145743	0.853901218
269	0.34454	116.9968581	2.054762	0.815729974
270	0.418505	121.6735267	1.983221	0.828988599
271	0.388361	120.2301221	2.002103	0.820604841
272	0.395384	114.412539	1.989095	0.800649535
273	0.354778	123.662466	2.088326	0.815299187
274	0.364652	117.1318465	2.011295	0.808625125
275	0.349585	120.9330736	2.081293	0.820943828
276	0.33864	119.7544345	2.072666	0.825733486
277	0.381926	123.8380893	2.010694	0.841118978
278	0.304888	127.2948266	2.122794	0.858861971
279	0.38164	117.0222647	1.995524	0.825847781
280	0.329707	120.5234361	2.085903	0.810438889
281	0.382501	120.9002963	2.022776	0.816202775
282	0.247769	122.4163674	2.174094	0.833067486
283	0.323625	121.818758	2.089105	0.831221594
284	0.392804	119.8651264	1.988817	0.81537155
285	0.36621	115.3826562	2.014155	0.819644135
286	0.275569	112.7740225	2.156608	0.82333649
287	0.397854	116.6129651	2.001317	0.79779011
288	0.315356	123.286939	2.076714	0.821825077
289	0.409519	120.177131	1.983694	0.815674589
290	0.419348	122.25392	1.955718	0.815678208
291	0.283133	126.1404518	2.105453	0.839195789
292	0.370555	119.1580781	1.996596	0.812990795
293	0.249927	121.4538868	2.123309	0.816455903
294	0.326104	121.9945988	2.092434	0.836736924
295	0.345746	119.2993945	2.062588	0.821484107
296	0.386097	117.5841914	1.987203	0.816862815
297	0.388486	120.5236054	1.99775	0.82080759
298	0.276242	122.9676358	2.170542	0.83324501
299	0.356789	122.5214934	2.07152	0.846055073
300	0.293661	125.9823184	2.138422	0.840681513
301	0.458302	123.0161585	1.909527	0.835729336
302	0.264209	128.3689148	2.141102	0.847626244
303	0.379092	119.5808697	2.034358	0.81903129
304	0.373935	119.9313714	2.033072	0.814177957
305	0.396637	123.1880704	2.014059	0.812513403
306	0.315949	120.5851128	2.076685	0.836991519
307	0.294265	124.7719283	2.135204	0.841382941
308	0.364236	122.7565002	2.023077	0.846514143
309	0.193652	127.703202	2.225251	0.853153646
310	0.355672	123.0399103	2.044731	0.844737965
311	0.35993	114.5518551	2.031536	0.81840745
312	0.44924	117.7500373	1.922883	0.780252198
313	0.345466	122.4624013	2.06628	0.821514867
314	0.378124	120.1687981	2.002339	0.825281888
315	0.315147	123.3603659	2.107125	0.826452355
316	0.365539	119.9859935	2.021419	0.828188232
317	0.314742	122.6427839	2.093815	0.834464013
318	0.384009	125.642243	1.994606	0.839275351
319	0.406866	121.1396825	2.008562	0.808222704
320	0.38759	117.3539983	1.992828	0.799050372
321	0.267207	121.4189349	2.164482	0.844379259
322	0.363832	122.7391542	2.05928	0.828781879
323	0.42126	119.6917325	1.952565	0.805686327
324	0.412871	118.5532428	1.969927	0.793867827
325	0.265492	122.8404565	2.16415	0.83628064
326	0.373514	121.2165402	2.065343	0.817777984
327	0.358639	119.7452918	2.044586	0.814762482
328	0.368217	121.1370684	2.039604	0.818292026
329	0.386541	118.8523562	2.023852	0.817823516
330	0.42682	123.6658388	1.9852	0.812215113
331	0.376818	119.1880981	2.011867	0.818885438
332	0.358338	115.1018947	2.039914	0.810252716
333	0.374878	117.210773	2.012553	0.815880968
334	0.345509	123.0185001	2.031385	0.843795583
335	0.389888	119.1851747	2.00766	0.808555521
336	0.299631	117.7803548	2.057686	0.827120523
337	0.301695	118.5559874	2.123515	0.82001974
338	0.428865	114.0362195	1.926721	0.8074605
339	0.265311	122.9342995	2.139035	0.845427099
340	0.375648	117.9215813	2.018162	0.813232598
341	0.422056	119.2354097	1.943767	0.804253351
342	0.358253	112.8231191	2.039354	0.806857573
343	0.359594	119.0588298	2.029429	0.822644586
344	0.291596	129.7446605	2.157575	0.847048591
345	0.310457	120.1400659	2.066347	0.818813332
346	0.388924	116.2061293	1.946509	0.80439279
347	0.317038	127.0802563	2.110912	0.841461113
348	0.386323	122.9675947	1.973808	0.819565814
349	0.344176	121.1001761	2.050359	0.829437355
350	0.386575	123.8281023	2.025548	0.833080226
351	0.298175	124.6478467	2.123454	0.852496714
352	0.416011	125.5279247	1.963353	0.812705612
353	0.385334	117.0917589	2.004549	0.805888028
354	0.399864	115.3965926	1.966964	0.795935645
355	0.360547	121.5216597	2.061073	0.823174653
356	0.293364	119.9101715	2.11699	0.838301451
357	0.299564	121.8329272	2.113076	0.8267493
358	0.343622	123.4867697	2.080675	0.835823949
359	0.395761	118.7585745	1.995928	0.81583496
360	0.339235	122.2705456	2.084619	0.833912149
361	0.370827	122.1889202	2.026303	0.834733102
362	0.409607	117.4713238	1.951455	0.822483168
363	0.387565	119.6623416	1.990793	0.817987173
364	0.362494	117.9378014	2.016025	0.783951838
365	0.395096	113.9579836	1.958846	0.804421874
366	0.365195	123.0848911	2.051194	0.82285273
367	0.402776	113.1137761	1.975908	0.810654981
368	0.381794	115.7154342	2.003779	0.82281454
369	0.385775	117.2697357	1.997391	0.811092264
370	0.403127	117.4414557	1.980341	0.800004107
371	0.354744	117.1066305	2.038951	0.813340069
372	0.451692	115.1482899	1.916484	0.798313354
373	0.464348	117.8477057	1.867897	0.801063184
374	0.431945	122.3669115	1.983722	0.820940313
375	0.293742	123.7183995	2.15019	0.82617629
376	0.213973	125.1073945	2.207257	0.843517237
377	0.237731	122.086177	2.126191	0.832903855
378	0.33377	123.1051018	2.088436	0.828676608
379	0.414591	118.892871	1.980535	0.808325835
380	0.399068	118.760533	2.012899	0.808288971
381	0.395212	110.7483321	1.981418	0.822378964
382	0.31114	123.2889876	2.126743	0.836010764
383	0.180465	122.8384518	2.22636	0.852067305
384	0.345236	116.7043111	2.059144	0.822413797
385	0.380475	118.9719193	1.992911	0.813875096
386	0.420797	118.5526428	1.931345	0.791489192
387	0.329554	119.75337	2.073824	0.823812778
388	0.508234	119.0488742	1.808918	0.786017789
389	0.346588	122.3725606	2.038895	0.838869553
390	0.330923	119.0600539	2.059696	0.815727609
391	0.374299	114.9957601	1.994542	0.811360876
392	0.264616	124.3328599	2.164584	0.840383688
393	0.471413	115.7031244	1.866378	0.793150499
394	0.230963	127.5449443	2.165748	0.838215199
395	0.367896	113.7611864	2.012953	0.795210007
396	0.429549	117.73527	1.940796	0.800390072
397	0.276108	122.201063	2.153114	0.842824107
398	0.440098	118.5537697	1.904111	0.818883616
399	0.442637	118.7449731	1.888142	0.811583452
400	0.299244	119.6904491	2.117511	0.829810225
401	0.365059	124.7384937	2.05382	0.841903569
402	0.337402	118.1948705	2.071583	0.822917275
403	0.361398	128.8694141	2.081123	0.832854969
404	0.33929	123.4926763	2.079622	0.820326246
405	0.446277	119.4146397	1.927346	0.809627863
406	0.359978	123.2646031	2.040279	0.830342253
407	0.341782	122.2490084	2.078535	0.815013646
408	0.318726	116.9126459	2.091363	0.815443802
409	0.316806	121.3529607	2.098416	0.83094135
410	0.380079	117.6744462	2.026965	0.816167313
411	0.406139	120.3541086	1.976027	0.816946124
412	0.329154	122.2671447	2.083959	0.827543383
413	0.438006	115.8263147	1.895962	0.817623193
414	0.425706	114.6768065	1.941688	0.819197706
415	0.359606	119.0852613	2.038671	0.812240239
416	0.379233	118.6941144	2.000924	0.824345028
417	0.358557	120.9247616	2.040606	0.831407553
418	0.415425	119.4373377	1.970879	0.82005773
419	0.413329	115.3412142	1.985942	0.815189588
420	0.338549	117.5358891	2.061695	0.800172591
421	0.352937	125.5362469	2.064507	0.829317051
422	0.495348	115.6093258	1.863315	0.798294932
423	0.469882	122.8763326	1.892546	0.828452381
424	0.365166	118.0519425	2.030595	0.816012637
425	0.44138	120.3940748	1.922095	0.807935973
426	0.319475	120.8448185	2.084151	0.8259691
427	0.383903	118.6391144	1.990839	0.796486314
428	0.337942	119.4558284	2.069566	0.819936924
429	0.358515	120.0784328	2.032394	0.831610537
430	0.43384	115.1491721	1.930745	0.821820072
431	0.467534	118.8899507	1.884481	0.816631244
432	0.373868	117.2762645	2.004666	0.821718923
433	0.513373	116.2006927	1.809917	0.783123325
434	0.533615	113.0301682	1.791548	0.753401217
435	0.328067	120.3113879	2.082335	0.834662987
436	0.317451	121.23017	2.087135	0.816295376
437	0.33359	123.2069919	2.063216	0.832502594
438	0.380599	120.1508496	1.99294	0.80614736
439	0.358738	116.8164924	2.037225	0.812435191
440	0.314006	120.8366978	2.099477	0.833914035
441	0.353479	124.0680835	2.069548	0.834308533
442	0.328499	118.3496779	2.07394	0.818746687
443	0.416329	124.5265686	1.95751	0.812562014
444	0.312195	123.4597776	2.108832	0.838781776
445	0.34044	114.8753057	2.051692	0.810736713
446	0.478777	112.0588772	1.84488	0.79827663
447	0.450844	118.3224495	1.926532	0.794489365
448	0.27077	124.6347098	2.168856	0.845342714
449	0.409507	122.7465503	1.992156	0.807653761
450	0.440927	120.1658742	1.942195	0.827327188
451	0.303955	119.5756688	2.113454	0.818558251
452	0.342535	121.1731717	2.075801	0.828222401
453	0.396843	120.9924872	1.988506	0.796694464
454	0.402888	119.0141653	1.952837	0.815679012
455	0.398139	114.6263513	1.991638	0.813399598
456	0.414163	123.2194068	1.957771	0.813956166
457	0.30804	119.517067	2.090047	0.824907448
458	0.320653	122.6858836	2.087812	0.838442595
459	0.297995	126.5433097	2.136566	0.847005003
460	0.311513	116.5258576	2.072952	0.811769927
461	0.420414	120.0114345	1.963322	0.824305168
462	0.328702	118.2639344	2.077413	0.824459249
463	0.405234	118.7074471	1.981067	0.805381927
464	0.394563	121.1189062	1.978843	0.827943687
465	0.259618	125.6859008	2.175722	0.840450935
466	0.371676	122.7934053	2.04743	0.816863689
467	0.34899	121.686384	2.064679	0.836727558
468	0.398826	115.7686889	1.986825	0.801587839
469	0.414762	119.468544	1.948465	0.817272631
470	0.306175	122.4659342	2.148178	0.826566061
471	0.380534	116.0494556	2.010926	0.80458294
472	0.297821	118.0983663	2.12368	0.831477883
473	0.328253	124.5968783	2.107356	0.850293404
474	0.43254	118.2592077	1.958327	0.805819714
475	0.245391	120.1247641	2.120003	0.840603292
476	0.358345	122.9129151	2.034453	0.851502494
477	0.263799	124.9359282	2.169205	0.843208084
478	0.388038	110.480755	1.973856	0.797692963
479	0.307751	119.2827414	2.088424	0.831543624
480	0.341585	118.2504301	2.055208	0.826350086
481	0.396665	116.8923844	1.983943	0.820841093
482	0.221842	120.3445875	2.176017	0.852980738
483	0.28554	128.6811262	2.147241	0.831325823
484	0.345411	116.6688402	2.030168	0.815709943
485	0.363147	119.7041542	2.026067	0.821452213
486	0.301544	120.7583825	2.088844	0.827472628
487	0.342736	120.5273113	2.065242	0.825147052
488	0.275969	119.4537936	2.14796	0.822710714
489	0.365595	120.9921377	2.053497	0.813934269
490	0.31352	124.0660051	2.111628	0.841358298
491	0.322426	125.4515915	2.104467	0.849652227
492	0.381618	117.5078571	2.011493	0.818780666
493	0.362241	120.0264157	2.034989	0.82011208
494	0.324231	117.716946	2.062715	0.820669685
495	0.323896	122.3085125	2.092731	0.836194062
496	0.323349	119.4335403	2.099339	0.814421156
497	0.332152	122.7963664	2.080614	0.829437357
498	0.318207	119.4523123	2.091956	0.8315752
499	0.387326	122.3433081	2.025778	0.814915319
500	0.375477	117.1496781	2.006155	0.811107212
501	0.401277	107.2372061	1.936224	0.778793322
502	0.364434	116.3518356	2.039676	0.812826493
503	0.426274	116.5756573	1.967002	0.808482479
504	0.259745	119.1610334	2.137984	0.826390212
505	0.421514	115.9625733	1.924241	0.803282236
506	0.42499	122.9749386	1.936878	0.818169247
507	0.34159	118.9271741	2.059787	0.822376207
508	0.334027	121.4057091	2.089461	0.825999262
509	0.388226	116.4330136	1.983187	0.810905731
510	0.316001	122.5463105	2.110596	0.818904345
511	0.396193	113.7962368	2.002681	0.801585441
512	0.369769	121.0521251	2.038044	0.830766074
513	0.335296	114.8722262	2.064968	0.823890231
514	0.200772	126.1484005	2.203878	0.849771645
515	0.356981	123.9417473	2.060631	0.842322689
516	0.368577	130.8390447	2.036466	0.826273877
517	0.373619	115.6949986	2.04248	0.794119927
518	0.387171	115.1699945	1.98118	0.805827544
519	0.398806	120.5220231	1.994781	0.812409911
520	0.31576	121.3332458	2.100763	0.82800478
521	0.434409	119.3086633	1.944026	0.809001146
522	0.262985	119.9816383	2.138965	0.834744681
523	0.372581	117.9125246	2.021327	0.808882713
524	0.285642	123.1759468	2.130232	0.835319705
525	0.456794	115.7647799	1.888046	0.796058121
526	0.384292	120.4316475	1.999294	0.834495601
527	0.38336	116.7082721	1.994079	0.803211685
528	0.358572	115.3702288	2.049282	0.817722829
529	0.342305	119.7249639	2.071748	0.81912766
530	0.482397	115.9825465	1.891597	0.771006158
531	0.235488	128.2068818	2.197245	0.859156434
532	0.400069	120.2911662	1.996027	0.822836351
533	0.360194	122.2906797	2.048558	0.823598787
534	0.238905	122.9289002	2.189796	0.840703179
535	0.356245	122.2704502	2.056702	0.822593633
536	0.396829	120.8583676	2.007645	0.815393937
537	0.300083	124.3081369	2.133237	0.833740001
538	0.353082	116.8418622	2.034157	0.823818553
539	0.367588	120.1641081	2.051133	0.818674787
540	0.386058	113.9162261	1.992587	0.798603779
541	0.341628	122.5727957	2.078792	0.82075674
542	0.301326	123.9414273	2.137287	0.84850239
543	0.47689	113.2296157	1.846023	0.765918549
544	0.341843	117.8439544	2.042242	0.822272656
545	0.209536	125.8423982	2.193258	0.850043141
546	0.554324	110.5653643	1.706678	0.785449218
547	0.372161	120.5741766	2.031129	0.825651901
548	0.344041	118.2335368	2.074081	0.824342351
549	0.34875	122.0143558	2.062409	0.827238494
550	0.39293	114.933413	1.986285	0.799260616
551	0.3606	119.6623833	2.032237	0.82064109
552	0.435774	117.5138968	1.927824	0.813292066
553	0.39829	114.5599179	1.963725	0.804751413
554	0.331284	123.9025603	2.077177	0.804673132
555	0.37178	120.3248172	2.044376	0.81435539
556	0.43593	114.1671525	1.941634	0.802575514
557	0.331218	120.495949	2.075584	0.831796449
558	0.369835	121.1642325	2.071405	0.820373453
559	0.268434	123.5208894	2.154791	0.835768857
560	0.436516	115.8175815	1.941872	0.790994049
561	0.439589	114.7477131	1.920305	0.789338623
562	0.382936	122.0059351	1.99819	0.803864081
563	0.279484	127.0147716	2.111583	0.842680503
564	0.394315	119.6689322	2.008411	0.796821114
565	0.298663	131.8084726	2.155518	0.852367496
566	0.275108	118.5749787	2.157696	0.827752958
567	0.358668	120.7849653	2.056127	0.818223989
568	0.371145	119.9127182	2.048796	0.811772552
569	0.418234	122.2429361	1.97944	0.803934302
570	0.398166	116.8097864	1.996585	0.797189587
571	0.437534	121.2145568	1.9256	0.821691284
572	0.434111	124.4620018	1.918167	0.826433925
573	0.327701	126.4664607	2.088996	0.839848856
574	0.360865	121.8871455	2.056284	0.828867931
575	0.303866	122.7424836	2.113228	0.836720924
576	0.438786	118.5610241	1.971364	0.797471878
577	0.318648	119.9708685	2.090598	0.831203602
578	0.464891	116.3895029	1.894809	0.800167795
579	0.371305	119.5518043	2.037679	0.823598244
580	0.43608	117.9724208	1.926103	0.796300419
581	0.339184	124.3442957	2.075778	0.843837402
582	0.342224	121.1956291	2.066677	0.822466458
583	0.346924	125.7397022	2.064565	0.827228414
584	0.305209	121.3474921	2.106664	0.827534047
585	0.432099	119.0443238	1.951545	0.813841273
586	0.391105	123.5407051	1.991639	0.840433447
587	0.42345	123.2919371	1.951893	0.828329576
588	0.407282	126.4151403	2.025406	0.835541778
589	0.411014	120.9378207	1.952017	0.80784807
590	0.41125	115.4003335	1.956658	0.807176185
591	0.419016	118.9173077	1.973534	0.827696189
592	0.386713	113.2116973	1.990745	0.789540515
593	0.408945	120.3825075	1.961956	0.795168266
594	0.279713	128.476632	2.153355	0.847128198
595	0.383779	119.7563162	2.003254	0.814485106
596	0.367659	119.3811897	2.00531	0.814867676
597	0.304215	123.9099708	2.140052	0.842746477
598	0.333783	124.0233608	2.089228	0.82009188
599	0.279791	122.9860664	2.142292	0.842827352
600	0.291259	116.4720729	2.1301	0.82657714
601	0.326471	123.0714934	2.098235	0.82999466
602	0.323858	116.6718341	2.048214	0.822977615
603	0.352216	119.0508118	2.050195	0.821344794
604	0.379572	118.6835774	2.029547	0.806738878
605	0.346596	117.1543325	2.038305	0.827589132
606	0.230108	122.1703232	2.20021	0.839548024
607	0.382373	120.6060274	2.02802	0.829016293
608	0.391782	117.3104397	2.007117	0.830088944
609	0.295252	113.8750842	2.080553	0.823666652
610	0.319846	120.9094726	2.09584	0.828491849
611	0.337234	117.685549	2.065478	0.804228497
612	0.29292	117.6412879	2.113974	0.837019618
613	0.476674	109.3523208	1.868374	0.768167969
614	0.35782	116.5710611	2.065546	0.822109546
615	0.296683	126.3138538	2.103107	0.846190218
616	0.357779	123.6423382	2.045022	0.833014163
617	0.272532	122.7563204	2.142881	0.836461675
618	0.413993	114.4714374	1.956323	0.810614987
619	0.375149	116.8566385	2.034189	0.794890296
620	0.343609	120.8696066	2.05182	0.830551824
621	0.277284	125.5411531	2.161576	0.821385759
622	0.397223	118.8137875	1.969746	0.807319057
623	0.308238	123.5044926	2.096194	0.838929037
624	0.386213	122.3135402	2.011696	0.821034417
625	0.309786	121.1838779	2.109377	0.830332646
626	0.438028	121.6289701	1.921324	0.822553082
627	0.423677	119.8192027	1.956088	0.799075968
628	0.309059	124.7296135	2.116699	0.8379846
629	0.256705	119.5131932	2.125483	0.82247316
630	0.219726	124.2896298	2.213711	0.851376527
631	0.323096	120.5239304	2.088115	0.822469095
632	0.248926	119.7786699	2.186441	0.843528036
633	0.433817	117.2551299	1.941828	0.805840048
634	0.309211	121.833195	2.096785	0.834188078
635	0.314311	118.4314918	2.054767	0.826581752
636	0.390738	123.131685	2.005604	0.824622678
637	0.354152	119.8779398	2.049143	0.824699095
638	0.367536	113.6613044	2.013938	0.814200026
639	0.397813	116.2918804	1.986327	0.812377566
640	0.27481	119.5927502	2.115901	0.835805697
641	0.340339	118.2050735	2.088418	0.81330436
642	0.445321	121.7304503	1.938057	0.825510452
643	0.385149	120.3292575	2.003148	0.829540954
644	0.44221	116.3047248	1.915809	0.793484863
645	0.465702	119.811202	1.88793	0.80448023
646	0.375772	118.0469085	2.008133	0.811638304
647	0.336641	121.3431755	2.056379	0.826730562
648	0.271064	124.8793488	2.158275	0.844947109
649	0.387752	115.9875716	1.983566	0.814749138
650	0.475968	116.9633493	1.866627	0.796111293
651	0.43641	118.5473046	1.922149	0.813763392
652	0.425238	117.7744515	1.950546	0.816206068
653	0.404564	117.213366	1.972131	0.804259247
654	0.350982	126.9786457	2.067403	0.839061355
655	0.348076	118.9516479	2.040263	0.815539848
656	0.392982	116.7573665	2.009293	0.810025335
657	0.37852	118.6807314	2.016841	0.818139935
658	0.364846	118.5767507	2.05498	0.819870451
659	0.345174	118.2344586	2.057208	0.809367483
660	0.407682	121.2690932	1.988771	0.823614804
661	0.366246	117.6212153	2.022736	0.82804536
662	0.356812	115.8975902	2.041744	0.804026824
663	0.37572	119.0463328	2.015169	0.824962428
664	0.328259	123.1883276	2.08737	0.838888799
665	0.358512	119.9556049	2.024005	0.821011469
666	0.339192	120.2817174	2.078104	0.842104912
667	0.377613	116.3124808	1.992944	0.827147014
668	0.343211	120.5496216	2.063853	0.830905507
669	0.276646	122.888697	2.146412	0.836185371
670	0.232618	125.8914032	2.195324	0.846626999
671	0.378364	123.9355234	2.023893	0.804359152
672	0.372471	124.6409363	2.01763	0.840209243
673	0.400317	122.3163578	1.992027	0.82584013
674	0.338648	117.7643362	2.066268	0.821160328
675	0.316328	122.548907	2.088071	0.842780942
676	0.338933	118.3754899	2.051035	0.822492806
677	0.341708	119.5237525	2.041928	0.828978388
678	0.399813	114.5789253	1.947046	0.811273477
679	0.385609	113.0789882	2.018246	0.799941611
680	0.362442	115.8853848	2.03226	0.797876581
681	0.229929	126.0596545	2.187502	0.839029662
682	0.399556	120.2300152	2.006291	0.822796758
683	0.532493	117.3334124	1.778311	0.763715508
684	0.333387	124.5368484	2.105877	0.840932011
685	0.358704	118.3546756	2.036957	0.827466097
686	0.367966	116.3717039	2.012876	0.81031908
687	0.387527	121.2854203	1.989917	0.840721121
688	0.300643	122.1325784	2.132146	0.823421429
689	0.488892	120.247599	1.849705	0.798395207
690	0.41005	117.3015965	2.006308	0.80370772
691	0.363777	123.4383533	2.012577	0.840343849
692	0.304941	119.2538433	2.079403	0.81751029
693	0.324781	124.1763664	2.102122	0.824680312
694	0.42508	114.7006621	1.907615	0.804925271
695	0.333015	103.6065863	2.055596	0.80678476
696	0.270546	124.2959488	2.140974	0.841392109
697	0.413831	121.853656	2.005382	0.82216599
698	0.282709	126.4907819	2.163863	0.840149303
699	0.486351	116.1608101	1.838031	0.79162855
700	0.424132	118.8659873	1.961114	0.824688134
701	0.28183	123.2302398	2.09715	0.824379655
702	0.442242	119.1644245	1.913332	0.809060786
703	0.353227	123.0237496	2.037093	0.841642952
704	0.317726	124.4003224	2.095548	0.831697943
705	0.343705	121.333748	2.063565	0.832560856
706	0.302361	121.746711	2.1176	0.835164114
707	0.377615	123.2875821	2.039902	0.827537034
708	0.340102	117.768582	2.061138	0.81233693
709	0.377492	120.5720696	2.046656	0.806128651
710	0.426574	114.551987	1.923663	0.813056254
711	0.39998	115.8638489	1.976438	0.809064362
712	0.295889	121.3107681	2.052843	0.832468002
713	0.415049	115.2252559	1.944344	0.807480187
714	0.217086	126.08795	2.221729	0.842969129
715	0.392661	119.8578221	1.984242	0.811307927
716	0.343511	124.9571864	2.098111	0.828277642
717	0.419212	116.9482135	1.933973	0.797473495
718	0.42903	115.2546485	1.91128	0.804898305
719	0.356316	120.6010624	2.047749	0.841334142
720	0.278201	125.8300724	2.148948	0.845081528
721	0.350311	116.9981336	2.036861	0.819647882
722	0.262022	120.4511682	2.156251	0.829701403
723	0.328044	118.7227702	2.074779	0.837837103
724	0.393485	115.2245928	1.984853	0.812723106
725	0.348884	120.5122295	2.068979	0.817645396
726	0.454624	115.892086	1.928646	0.814016778
727	0.418898	117.3964551	1.952938	0.794186968
728	0.347352	119.7469174	2.055968	0.814152103
729	0.348253	122.1950528	2.055781	0.807084536
730	0.33911	124.053708	2.086218	0.825942058
731	0.454504	120.4147705	1.866447	0.807720538
732	0.41514	116.8635355	1.950804	0.804007243
733	0.353541	122.425449	2.075156	0.835723463
734	0.309977	121.2480979	2.112665	0.825520425
735	0.29225	124.6724503	2.146664	0.844596725
736	0.341343	120.1964913	2.044282	0.811200108
737	0.382757	117.6264473	2.024494	0.820587571
738	0.236175	122.8042209	2.159901	0.838380128
739	0.461182	115.9350425	1.893038	0.799345676
740	0.379482	119.1879779	2.035991	0.815459371
741	0.480712	116.2517623	1.840691	0.760140555
742	0.473417	117.9172796	1.905184	0.810351907
743	0.343422	115.7808189	2.066579	0.807715652
744	0.338213	123.463029	2.099074	0.816558659
745	0.357205	120.0505966	2.038467	0.828250966
746	0.394311	120.9481202	2.013171	0.818179876
747	0.374345	117.2939271	2.028838	0.797156851
748	0.391196	120.2647224	2.008263	0.814738615
749	0.381744	119.8852684	1.998244	0.813167738
750	0.358815	122.3665235	2.047151	0.835545951
751	0.409232	116.8010438	1.959247	0.809581442
752	0.289919	123.5940208	2.139834	0.830755455
753	0.301457	124.6902694	2.143816	0.842744463
754	0.36095	122.4241935	2.044338	0.825980179
755	0.415191	115.4799226	1.965002	0.804496297
756	0.328609	118.6263438	2.101018	0.826945122
757	0.37065	114.9776393	2.01288	0.817856355
758	0.289941	125.2458452	2.137723	0.830179163
759	0.471861	112.2918255	1.871249	0.779100705
760	0.402871	118.1151615	1.973185	0.819739936
761	0.375525	119.4861119	2.022619	0.81971088
762	0.407038	121.4917191	1.964271	0.817684136
763	0.377955	117.0515062	2.020877	0.809308068
764	0.372169	122.6832428	2.005606	0.818819731
765	0.455255	113.9149578	1.931996	0.80605389
766	0.396648	119.7281594	2.032257	0.815311843
767	0.363619	118.7360549	2.046513	0.786948724
768	0.299044	120.5582068	2.115755	0.829948241
769	0.26643	125.3579924	2.155996	0.837999027
770	0.367655	120.5388582	2.036511	0.817060522
771	0.42595	117.6238437	1.948011	0.801370535
772	0.400483	122.0095058	2.000088	0.816272313
773	0.307649	124.1706593	2.13169	0.817230851
774	0.253851	119.6842821	2.15995	0.828346906
775	0.384283	114.6156901	2.04132	0.810550586
776	0.425521	118.8979542	1.930641	0.813053883
777	0.370796	118.5175699	2.031742	0.822019773
778	0.361987	119.9394417	2.016632	0.813097096
779	0.345995	120.0508405	2.062746	0.834996046
780	0.361451	118.4734965	2.034674	0.815821663
781	0.309188	115.6558958	2.069912	0.806481801
782	0.335408	122.9599919	2.070227	0.829014171
783	0.258933	121.4332889	2.1668	0.83628734
784	0.391455	115.6961108	2.01273	0.808570725
785	0.397428	119.730589	1.963198	0.822849701
786	0.425009	115.3657903	1.963261	0.793526354
787	0.341672	118.1053445	2.048569	0.791213735
788	0.404276	120.4216891	2.012474	0.821649549
789	0.3257	122.7051234	2.108681	0.831586711
790	0.315429	120.7629637	2.095886	0.832312772
791	0.329816	120.7141016	2.054264	0.827724948
792	0.387113	121.756644	1.991204	0.815500444
793	0.262012	126.2600622	2.157644	0.848151424
794	0.340296	120.4690091	2.038431	0.811258363
795	0.430572	115.8131047	1.959096	0.812052448
796	0.404915	118.8033975	1.988373	0.812500094
797	0.322988	119.5062037	2.093098	0.820645431
798	0.354438	119.9832671	2.046559	0.825881498
799	0.36003	118.6328397	2.036457	0.787386754
800	0.357412	121.1623281	2.048474	0.812489746
801	0.416821	119.0882521	1.978252	0.808409281
802	0.378543	116.8934648	2.013032	0.822284822
803	0.406823	115.351371	1.974947	0.807216536
804	0.296319	119.4572282	2.122299	0.82714475
805	0.404135	114.3165258	1.999665	0.811424364
806	0.394428	118.4380926	1.998994	0.782546063
807	0.305055	122.6608322	2.128661	0.823834204
808	0.390833	116.8254323	1.997711	0.803763017
809	0.405828	120.2760235	1.97171	0.819121372
810	0.352146	124.0296872	2.084488	0.839287662
811	0.370568	124.5287117	2.056544	0.838994035
812	0.31563	122.4748294	2.100548	0.839905464
813	0.414661	112.58126	1.971375	0.789873171
814	0.339937	121.8120845	2.042569	0.825065081
815	0.35953	118.6707038	2.02546	0.817669848
816	0.357532	118.7913181	2.071125	0.815550038
817	0.290405	123.8195984	2.143669	0.839515196
818	0.38755	116.452148	2.021304	0.816938943
819	0.315711	117.0782531	2.102567	0.824730359
820	0.39588	122.8109371	2.028739	0.828721827
821	0.394923	120.8337996	1.959526	0.818019195
822	0.336959	124.5856108	2.099978	0.811696292
823	0.451645	118.6712983	1.920371	0.810172958
824	0.216017	124.0100398	2.209337	0.849472951
825	0.330833	121.4798477	2.10795	0.825124822
826	0.295403	124.1684344	2.115369	0.84502228
827	0.340957	123.1801507	2.086328	0.831299219
828	0.383052	123.6437841	2.036666	0.819476494
829	0.274901	124.532371	2.159407	0.833701292
830	0.334137	117.3425453	2.081611	0.813124359
831	0.350933	123.8073875	2.054172	0.830108658
832	0.306831	117.1132934	2.089758	0.827112772
833	0.358501	123.9648545	2.058528	0.825167945
834	0.319068	122.0818757	2.101565	0.823490226
835	0.31162	118.8086724	2.10331	0.838198712
836	0.285674	123.2467286	2.131893	0.84077486
837	0.373319	119.3449855	2.027002	0.821956253
838	0.385293	119.0174219	1.999547	0.808525709
839	0.451006	120.1454942	1.918248	0.808073361
840	0.371031	123.2917335	2.05427	0.827793564
841	0.350673	121.4238292	2.03606	0.826144289
842	0.41548	112.0014485	1.965109	0.784368632
843	0.346629	124.1535567	2.072323	0.837358382
844	0.363485	120.61912	2.03274	0.830908474
845	0.350763	119.4101533	2.05203	0.817098083
846	0.325769	117.039522	2.07564	0.828004483
847	0.29665	127.3792177	2.137914	0.842844059
848	0.397424	123.3113093	2.021616	0.816745825
849	0.27079	122.8103164	2.1597	0.833390858
850	0.239851	118.759069	2.163915	0.822118679
851	0.383303	117.920055	1.998553	0.807897649
852	0.394608	117.2095976	1.98579	0.816368833
853	0.340639	121.0750576	2.07617	0.822339528
854	0.327895	117.6596889	2.081893	0.808616266
855	0.371423	122.7434774	2.035275	0.830919985
856	0.318987	119.2757891	2.07599	0.820450469
857	0.407242	112.8411604	1.957166	0.815577967
858	0.363166	120.3332653	2.043581	0.824679911
859	0.415871	118.9317973	1.949168	0.814819904
860	0.364325	118.994851	2.025576	0.835480358
861	0.384039	119.8416087	1.994388	0.821911975
862	0.411561	114.4798836	1.960865	0.808615737
863	0.342217	118.6614148	2.044361	0.820324972
864	0.270773	119.2286858	2.163804	0.841805287
865	0.369425	117.3701923	2.039399	0.819497762
866	0.31796	121.0584169	2.066734	0.816178996
867	0.358734	121.4470087	2.050187	0.800049913
868	0.314664	120.2838213	2.084875	0.834838572
869	0.384963	120.3224345	1.983648	0.824362418
870	0.275749	118.1136417	2.136234	0.822454597
871	0.431228	120.2445053	1.960995	0.840336134
872	0.231726	119.2155376	2.190445	0.833858626
873	0.493622	116.2119402	1.86074	0.79864254
874	0.338738	116.2050225	2.044571	0.812372519
875	0.308538	118.0938519	2.112829	0.83044395
876	0.369907	123.6335243	2.034937	0.81007668
877	0.428112	112.4615694	1.95544	0.801231856
878	0.308712	121.8857449	2.105327	0.828389186
879	0.277794	123.0599151	2.136411	0.828063259
880	0.337282	116.4399444	2.070242	0.813778773
881	0.442405	109.7026714	1.917813	0.796607402
882	0.324732	116.6632375	2.090596	0.813654114
883	0.373236	121.225045	1.997136	0.833234739
884	0.326935	117.0192859	2.069606	0.7898743
885	0.305724	116.1405382	2.11684	0.811255785
886	0.365837	119.3016682	2.039606	0.809753394
887	0.383782	120.6704503	2.023602	0.799482069
888	0.38044	119.4350018	2.014177	0.811131671
889	0.410211	116.4979243	1.981044	0.789060754
890	0.259532	121.9050282	2.133578	0.832174735
891	0.479141	111.9215311	1.845013	0.788142905
892	0.422664	119.1354387	1.970093	0.807313165
893	0.441146	117.0151489	1.93227	0.794832769
894	0.47804	120.0029318	1.858997	0.803741107
895	0.280044	126.4516147	2.159244	0.829270912
896	0.400748	112.6312227	1.991569	0.798644138
897	0.257635	120.8122784	2.161365	0.839284678
898	0.364593	119.9250754	2.05313	0.841730608
899	0.378602	123.1281626	2.02567	0.829188853
900	0.287801	115.4525149	2.114533	0.82610448
901	0.308322	123.7966095	2.119236	0.834077075
902	0.335986	115.2778776	2.090291	0.815879892
903	0.353696	118.5373843	2.050263	0.830352528
904	0.437419	114.7519178	1.938983	0.783808476
905	0.241016	122.6174311	2.146179	0.843655217
906	0.38182	114.5829678	1.987353	0.812432776
907	0.286177	123.6843158	2.067481	0.846436028
908	0.322412	119.8148117	2.095359	0.822570169
909	0.419881	119.3371303	1.964976	0.81139176
910	0.32484	122.649515	2.089483	0.817873054
911	0.364025	126.0753705	2.038824	0.833154208
912	0.28486	118.5655364	2.116391	0.836244583
913	0.298889	121.8757402	2.114056	0.831389143
914	0.39153	120.3040814	1.989478	0.826418485
915	0.33362	123.1696766	2.073223	0.832677724
916	0.355797	121.8912353	2.038996	0.822691792
917	0.385853	118.9587412	1.977639	0.817868928
918	0.236517	122.9972948	2.148411	0.833115167
919	0.423975	123.8488225	1.985698	0.840449823
920	0.382652	120.6312944	2.013479	0.810870973
921	0.379598	120.2648791	2.004237	0.831100506
922	0.394251	125.6337134	2.02086	0.846186665
923	0.270264	122.4431308	2.156551	0.839385512
924	0.305944	119.3716559	2.11452	0.831595676
925	0.427269	119.4516721	1.951543	0.814158909
926	0.308663	123.3073835	2.082318	0.828183571
927	0.415113	116.5740852	1.952563	0.810747378
928	0.385226	116.1831173	2.01142	0.824269897
929	0.339376	125.6977613	2.077317	0.828718522
930	0.319613	125.1278958	2.096525	0.839242048
931	0.31375	129.7342718	2.12783	0.837341027
932	0.268892	127.7104096	2.155262	0.84244665
933	0.362653	125.7249321	2.065119	0.829394516
934	0.397034	119.1108748	1.968297	0.817902996
935	0.373064	113.7000353	2.043354	0.804042187
936	0.38549	116.327203	1.997205	0.791152739
937	0.263269	117.7812137	2.152111	0.837779122
938	0.303811	121.263584	2.105086	0.826062353
939	0.30171	120.056847	2.122971	0.84121889
940	0.336353	121.7323926	2.076545	0.832234115
941	0.317556	119.3098377	2.029152	0.818688094
942	0.370816	117.5145426	2.014483	0.819624441
943	0.32498	124.0367451	2.087007	0.823066494
944	0.295322	122.5197671	2.137556	0.825799246
945	0.377831	121.8791125	2.010227	0.807644169
946	0.332215	117.7261653	2.077096	0.825460961
947	0.410157	117.0896294	1.962246	0.822903126
948	0.402568	117.3559315	2.00007	0.810859431
949	0.32908	122.9791155	2.077988	0.841117631
950	0.401343	123.2239241	2.028587	0.817638008
951	0.382841	122.2386511	2.000479	0.812024578
952	0.215333	121.8248592	2.21207	0.850349563
953	0.422848	118.7398746	1.968666	0.802502963
954	0.351426	115.8861803	2.027351	0.82139924
955	0.368044	118.4549406	2.005786	0.832100661
956	0.263717	122.3341007	2.184157	0.836434598
957	0.352899	120.6982608	2.031693	0.80358506
958	0.385464	117.6831689	1.999647	0.811703823
959	0.398616	119.3642612	1.99414	0.828288998
960	0.323841	125.0744083	2.098675	0.832139146
961	0.41659	119.7866774	1.981155	0.806566701
962	0.285414	121.2029479	2.129548	0.821725409
963	0.293422	123.4766598	2.142513	0.831345453
964	0.323949	125.3761569	2.100105	0.841427782
965	0.273731	128.3455586	2.165212	0.852211916
966	0.37411	124.2121901	2.01274	0.828476919
967	0.343139	119.1189706	2.072415	0.816368839
968	0.383749	118.0150984	1.995995	0.822634294
969	0.281934	122.894899	2.142377	0.846420238
970	0.463971	117.316087	1.906781	0.807944606
971	0.276515	129.0687578	2.167885	0.847580025
972	0.317446	122.2083703	2.10567	0.821430696
973	0.352585	120.6016629	2.049486	0.822611669
974	0.409492	117.3495265	1.967232	0.796411448
975	0.326613	120.6153562	2.087259	0.829610212
976	0.427465	116.1842927	1.921623	0.81467489
977	0.442692	120.4576989	1.908315	0.801625539
978	0.341907	118.7427853	2.033867	0.818973125
979	0.352852	114.2209409	2.031281	0.805482206
980	0.295341	118.1865242	2.123322	0.829539799
981	0.224526	124.5190545	2.187637	0.852012943
982	0.369659	121.5964884	2.026428	0.834941924
983	0.351638	122.4719388	2.070988	0.825309999
984	0.401484	117.4295663	1.964294	0.79824163
985	0.338728	120.4561521	2.073779	0.833498484
986	0.380062	120.0973159	2.010574	0.828770225
987	0.427225	111.1769362	1.944886	0.791773896
988	0.344497	124.3416689	2.036366	0.833133811
989	0.252884	123.2846579	2.189866	0.827403723
990	0.393228	117.6985885	1.997994	0.817752828
991	0.38981	121.3413228	1.985354	0.825165237
992	0.448248	118.8990803	1.899567	0.800623772
993	0.296788	120.9416128	2.136051	0.830501466
994	0.39714	122.3680957	1.987116	0.822149569
995	0.412365	119.6396947	1.967415	0.81588077
996	0.350499	116.9393424	2.073169	0.823331213
997	0.369685	115.7977832	2.011873	0.817239873
998	0.476008	119.634349	1.892857	0.812001913
999	0.416028	121.0778522	1.956683	0.82925397
1000	0.294871	114.2494736	2.123356	0.82633764