rep aei_left left_area adi_left H
1 0.828239 88.6992119641577 0.716057 0.541684567162942
2 0.309075 116.593115693396 2.119035 0.691020805223755
3 0.037254 132.298608360978 2.30027 0.793966022769891
4 0.203045 122.675825470428 2.234795 0.717422757684763
5 0.666822 91.6224863909847 1.461211 0.598001528165992
6 0.34858 108.067216015658 2.093569 0.70768816972382
7 0.427163 111.025389439395 1.985767 0.615477068923179
8 0.601432 97.5811063381241 1.581985 0.650660034744368
9 0.631894 105.92032704774 1.533867 0.635809751601133
10 0.505678 107.179295256873 1.792524 0.693427412999779
11 0.254139 112.623310722196 2.151493 0.713302988707466
12 0.495217 112.207900417675 1.790027 0.667045993952059
13 0.499174 89.2229587779126 1.810551 0.650620165141392
14 0.387703 110.042494759978 2.030965 0.608437155999996
15 0.447984 90.4001255141468 1.951659 0.669544184069489
16 0.304417 87.737138182872 2.137016 0.521621719198114
17 0.620844 65.8047711342736 1.555567 0.567992789806033
18 0.35325 116.583008492183 2.056627 0.710947377332619
19 0.284929 115.026427013864 2.151786 0.698264838487691
20 0.48069 92.8171517616539 1.895998 0.619554065588844
21 0.609322 109.842300104374 1.587285 0.655387598074769
22 0.469429 82.8140869288723 1.920656 0.552245007740641
23 0.686627 114.625103336149 1.40399 0.655648153591755
24 0.069936 124.783331778615 2.294746 0.741995497137446
25 0.483299 108.955826824042 1.838044 0.708523210152971
26 0.231536 113.56692251807 2.200578 0.686462125553266
27 0.192357 125.617002587016 2.243951 0.77526417653059
28 0.428376 107.013762359546 1.943399 0.67052641285813
29 0.641639 104.76135726878 1.536753 0.680187380522482
30 0.631178 91.3135213500709 1.577618 0.62509104372871
31 0.111075 114.455424365589 2.281797 0.73175948385226
32 0.440273 114.210184470637 1.91221 0.640841653617495
33 0.289196 120.18093449451 2.157689 0.772495989349115
34 0.473526 90.7090292247797 1.89921 0.664918615321103
35 0.473815 117.468935390985 1.852103 0.529417621638129
36 0.476303 92.8298199056518 1.879055 0.657369417215926
37 0.46643 101.630060066103 1.929607 0.715368048062337
38 0.486832 95.7143886062785 1.848114 0.629965074655448
39 0.40586 100.119372206941 2.005217 0.688315705973761
40 0.548221 88.0668116158503 1.707664 0.460428594116892
41 0.321576 104.616237942372 2.110478 0.713091738378168
42 0.499532 118.32799174922 1.877208 0.747891326327071
43 0.577637 114.272334586853 1.720986 0.710772353854882
44 0.750843 106.838081822241 1.174335 0.563017143957589
45 0.554196 115.926528094653 1.734914 0.710111350948668
46 0.400633 96.5335851164464 2.006168 0.658425909213179
47 0.420154 97.4965898814286 1.945242 0.698094494748099
48 0.370134 110.720590574964 2.072578 0.671784159725701
49 0.415645 112.682367767232 1.988269 0.71610159710798
50 0.313557 115.23568252543 2.142365 0.718102086757376
51 0.344839 111.575288242702 2.091739 0.726179999001463
52 0.426222 108.668159009631 1.933776 0.605289323917694
53 0.435434 108.385754048707 1.96023 0.709681605598057
54 0.737498 117.675010969774 1.200011 0.655260968281296
55 0.478843 92.1947982131428 1.874053 0.653322622262508
56 0.609694 91.9895597104987 1.603742 0.541188453172081
57 0.426195 104.376097848444 1.952223 0.693579344665894
58 0.5401 85.7525690365523 1.78637 0.563722315489898
59 0.792602 92.2740046867204 0.966147 0.565003010883698
60 0.478391 103.393577052324 1.863288 0.624143265393823
61 0.526193 103.270448686292 1.821655 0.64533515365054
62 0.507421 107.28278302348 1.861714 0.595679393093503
63 0.482038 99.9787544935604 1.814441 0.616202162197678
64 0.450921 124.561274992478 1.968216 0.693215668432044
65 0.442062 118.810688016085 1.966329 0.739746162130422
66 0.490498 115.307139672393 1.88984 0.688690459828766
67 0.481879 108.798895801316 1.896681 0.687142179636035
68 0.556718 84.6715332512804 1.722278 0.643546439366107
69 0.788948 89.699704490095 0.997279 0.593520791745129
70 0.454456 100.40079284928 1.958562 0.727957711692766
71 0.599318 103.739391364275 1.643762 0.644298441411065
72 0.261711 127.082014050312 2.192938 0.702353858505702
73 0.027794 129.244249653144 2.30139 0.765068926612867
74 0.546656 98.3698104573348 1.73097 0.694763751412837
75 0.292801 118.051517226895 2.159121 0.715966657154762
76 0.573402 120.710955726258 1.710154 0.7409066640754
77 0.20717 116.63070853821 2.226148 0.706857346534516
78 0.277273 98.1667948868194 2.156819 0.631034277359937
79 0.531752 102.525632500598 1.813427 0.557320652443426
80 0.537171 84.4705683409789 1.762106 0.610479347110769
81 0.27092 111.751188711819 2.181348 0.702586669380686
82 0.586774 106.729538511674 1.654186 0.709280919181205
83 0.353372 116.812604392328 2.054596 0.691662649582471
84 0.664279 88.9484656566687 1.464424 0.476878467949831
85 0.663643 104.974886664383 1.444603 0.660745720211505
86 0.385708 91.5676711499687 1.977889 0.633288330936451
87 0.239969 123.389022750602 2.207266 0.762530562574517
88 0.210743 120.682310117836 2.223079 0.719761569961109
89 0.278837 111.408048165278 2.161308 0.713231729120882
90 0.277202 124.169453189347 2.162723 0.736917995897941
91 0.173847 115.439503405111 2.253633 0.699784134411572
92 0.499979 94.0091268843031 1.839116 0.593197034631917
93 0.483065 112.580248345059 1.871993 0.672534839423649
94 0.498672 99.6901657413808 1.859524 0.656583443893904
95 0.571827 87.9008757229566 1.709614 0.624105960961814
96 0.503958 103.601485954195 1.854906 0.689463720946471
97 0.689606 99.6214549843352 1.385255 0.717950368593962
98 0.526643 91.8458732932792 1.805472 0.619006986205336
99 0.239225 118.45256380835 2.208706 0.745470587708264
100 0.539402 102.12549163117 1.769397 0.675686759899278
101 0.501075 104.147544465849 1.801705 0.634370952930855
102 0.580606 96.9429635475305 1.716761 0.653147337014752
103 0.715582 84.5465429180081 1.273856 0.52934554471872
104 0.729196 117.226513735877 1.223976 0.543705223259101
105 0.368985 108.664424100584 2.054313 0.666015492108271
106 0.506605 86.2596825362044 1.786364 0.662195583480198
107 0.7125 99.6635266152617 1.334281 0.653043432356965
108 0.497917 85.7543241867343 1.874957 0.624294823221038
109 0.510487 108.552035509568 1.862952 0.605580034304027
110 0.518161 108.156807132923 1.837317 0.667348704466514
111 0.466283 107.165806483861 1.888396 0.691368244774613
112 0.368925 113.336284489639 2.047639 0.645545012872465
113 0.277387 103.002446639655 2.110823 0.690017457258646
114 0.485687 99.6442922419839 1.899262 0.561329322079922
115 0.436195 94.5710375182653 1.922923 0.660515702597155
116 0.501786 95.0885344238242 1.879808 0.622539451576283
117 0.41423 108.463689234542 2.003097 0.725031441613511
118 0.726435 92.8845336511547 1.232178 0.541546471304691
119 0.66869 87.7575472208668 1.432975 0.590069909861876
120 0.691851 93.8186241267924 1.365156 0.635669818244823
121 0.619447 79.2469654412546 1.531231 0.583021860754343
122 0.448826 107.163746087847 1.90838 0.708551086270764
123 0.393973 101.895809183857 1.98315 0.679400249487493
124 0.228355 119.988343636704 2.208444 0.726705808257564
125 0.328277 101.90543775158 2.094361 0.577539160341935
126 0.459984 96.321834502244 1.925717 0.65041064745401
127 0.346507 109.713459521696 2.087808 0.667536721201235
128 0.343918 113.526484482316 2.094785 0.701805940758875
129 0.462715 109.472419255174 1.941457 0.655264108598777
130 0.598434 97.2865279979199 1.619569 0.575714795840606
131 0.538701 104.576494719757 1.788214 0.684004763968638
132 0.119137 141.980965385392 2.278801 0.742119311404848
133 0.556685 98.6809253482833 1.742377 0.617950628285447
134 0.25967 101.810263333773 2.164096 0.680733396608901
135 0.622663 90.9866084649665 1.576822 0.622974470996651
136 0.105872 140.149775448042 2.284025 0.793615419510236
137 0.580793 94.7853547748615 1.651257 0.603296803753673
138 0.571327 83.2537652706997 1.730888 0.670395827491582
139 0.427621 104.846757963062 1.98938 0.569992877826901
140 0.426731 97.4619510517491 1.955338 0.661632985219755
141 0.533609 115.711263801498 1.799622 0.704716160986604
142 0.594169 108.350480568734 1.667599 0.679748998665727
143 0.354481 106.24829663186 2.088926 0.736098114045729
144 0.747695 102.211711220674 1.156144 0.6137054833358
145 0.214206 96.5656169885148 2.214083 0.676757027403993
146 0.658693 104.83734018511 1.483003 0.680030872779408
147 0.588984 96.7330687205243 1.650736 0.653595202492374
148 0.654314 94.7494468887776 1.512627 0.651101097189623
149 0.381232 115.756752936027 2.050232 0.717253063689896
150 0.464545 97.8637989777871 1.903531 0.654016861005797
151 0.489932 95.1028705463749 1.89181 0.605463194310715
152 0.473898 99.8766690341782 1.860528 0.660404287967942
153 0.504148 82.0808548219686 1.869546 0.629483443933724
154 0.725042 103.909292116125 1.278649 0.67931733315739
155 0.362123 106.66753446646 2.036831 0.684439019430101
156 0.43958 111.159561124157 1.952313 0.659842139460737
157 0.573338 91.7545668560581 1.6966 0.639093358251357
158 0.779267 90.2280210964069 1.009332 0.560928060517638
159 0.298344 124.89434287255 2.146369 0.665500139091885
160 0.362598 99.6922198298005 1.995766 0.6883475950895
161 0.466542 111.151456174225 1.941233 0.652895146070082
162 0.490523 103.875661543107 1.887883 0.695141214206951
163 0.590041 103.927929583522 1.633778 0.628886683892075
164 0.4156 104.045009150257 2.000742 0.655428665925203
165 0.450617 117.334442349549 1.962798 0.744900523567191
166 0.513489 95.3661026417287 1.788297 0.661629001521164
167 0.585672 98.0313548448213 1.657267 0.637808960470249
168 0.373665 92.3977312276168 2.045009 0.68911229472125
169 0.509445 103.879373500221 1.806085 0.64279477564941
170 0.10082 101.776286223426 2.286766 0.790044564377937
171 0.517236 117.405011650175 1.851753 0.707348535213312
172 0.408372 102.60298577531 1.993446 0.661745764051919
173 0.732895 82.325244135095 1.237113 0.638743149969432
174 0.575955 101.869600613052 1.697154 0.685437709962157
175 0.559251 92.6979121148933 1.753203 0.647904825655754
176 0.462428 107.389187973445 1.828408 0.68521943940888
177 0.453894 111.356385389902 1.964183 0.656196120947671
178 0.260022 124.169423374363 2.194886 0.72242228198406
179 0.449573 113.794466633651 1.960576 0.697292156201875
180 0.537757 106.496928194478 1.74054 0.546120170265664
181 0.570971 100.247373591327 1.669257 0.605643167368149
182 0.386388 84.1487820352099 2.011562 0.647129213072839
183 0.320764 105.989285012884 2.122386 0.670928621484135
184 0.413217 103.278805753184 2.02439 0.670118502966958
185 0.335822 112.695663197635 2.122635 0.730235458628069
186 0.127125 127.98576483679 2.277542 0.755487891771821
187 0.591132 99.9589558280511 1.677782 0.694036657191279
188 0.630286 94.3589231451342 1.560018 0.622185345199006
189 0.399963 102.864133288219 1.995002 0.692294848229002
190 0.44676 95.041781822375 1.929479 0.648478327818065
191 0.662442 85.5776370418807 1.429137 0.620008274238311
192 0.536366 107.6328021728 1.778769 0.657086866166168
193 0.22138 120.550970724631 2.217799 0.729776168514581
194 0.339997 104.058366979956 2.116294 0.640015123920445
195 0.018351 134.328351293759 2.301974 0.753511578504759
196 0.392926 105.208357042962 2.048524 0.632382342503754
197 0.639699 109.667109940888 1.522581 0.701634194964234
198 0.37176 99.7097083613248 2.040017 0.643058379464687
199 0.365337 116.123951749614 2.079667 0.675539295819112
200 0.579984 72.4784001022427 1.71216 0.606635898154767
201 0.682125 101.297141439444 1.394044 0.620010727117085
202 0.566255 103.100608700226 1.705121 0.644977745064535
203 0.353568 112.003654075418 2.062736 0.639480229459238
204 0.137862 111.254324133187 2.268364 0.682814503169144
205 0.287388 110.715275324923 2.163658 0.682054996828878
206 0.444784 121.269214218275 1.933526 0.748210317947009
207 0.44718 88.9146627240584 1.929956 0.663807300696929
208 0.37634 99.3335661008197 2.055638 0.678487924282263
209 0.518199 119.576429006519 1.826545 0.765642941106813
210 0.695996 77.4280257670715 1.365764 0.570952513566798
211 0.284791 118.874268005621 2.148335 0.71136960479446
212 0.38697 112.020307342547 2.006833 0.71264977433026
213 0.445543 115.514964968583 1.970108 0.617399389535285
214 0.566756 89.9532097983904 1.704926 0.664339303828849
215 0.146331 113.971155672496 2.2689 0.754131051503576
216 0.643559 94.3512584248485 1.50442 0.588675077877511
217 0.320952 100.951079367419 2.088928 0.674445621908437
218 0.366478 94.8952436866122 2.060522 0.666814353192317
219 0.634369 102.873843426729 1.527945 0.571716946169497
220 0.36009 98.8869757100249 2.081925 0.625078041999288
221 0.355459 121.145232497025 2.100555 0.7221087391061
222 0.551489 94.0802074466193 1.731622 0.677959988297992
223 0.426717 120.708789961344 1.997844 0.726557666612183
224 0.403375 103.054392758144 1.925039 0.62952880086361
225 0.728937 90.9464015491405 1.182261 0.482619439576329
226 0.679494 103.327479759873 1.422878 0.568039688508632
227 0.404779 110.877033938865 2.004644 0.672155172590165
228 0.776319 101.455635066426 0.842144 0.639998385365684
229 0.337378 109.432250082084 2.079264 0.659766455735372
230 0.386279 120.297151694129 2.018539 0.661832597530991
231 0.53414 120.679187877346 1.808656 0.669451800834657
232 0.230769 119.371537150058 2.213703 0.761855099044416
233 0.367493 94.1017210178852 1.995591 0.594083522294801
234 0.138671 131.580213308935 2.27172 0.774226333130723
235 0.051031 144.513315519556 2.297386 0.77072302181544
236 0.680923 74.5526409829488 1.393 0.584440637917501
237 0.600435 104.1905474552 1.597318 0.694257123520831
238 0.597224 98.3501748952793 1.680162 0.662607060916121
239 0.337809 102.465626967721 2.102843 0.626801005999391
240 0.276514 109.722395614767 2.178198 0.705305199575928
241 0.647041 104.102974268435 1.534289 0.681830976352539
242 0.466854 104.690799870545 1.937677 0.658534362722601
243 0.464301 109.010553716206 1.907913 0.655783442690526
244 0.499861 103.753095108144 1.856359 0.653720175297377
245 0.47221 105.212164681312 1.873337 0.708569199520507
246 0.195372 121.219972898062 2.239464 0.718178199954084
247 0.346124 109.516134969336 2.073586 0.6568614280784
248 0.590105 107.324033665476 1.668798 0.622160758877553
249 0.519878 94.7416944817888 1.822251 0.608033283059393
250 0.480602 113.686749051894 1.90228 0.670900384298077
251 0.318875 101.523263558921 2.111532 0.685420777236143
252 0.504973 102.124070261213 1.827687 0.622142779381704
253 0.576989 102.909493808614 1.711673 0.69671462814853
254 0.493006 107.514686728594 1.867836 0.646217653362136
255 0.464403 109.979550865284 1.943345 0.664400292403261
256 0.60166 106.319634130901 1.642207 0.677049207779563
257 0.504264 104.744414371113 1.843843 0.671205509656013
258 0.564196 101.278067288892 1.743414 0.698852305476428
259 0.574034 101.340651728463 1.695843 0.614307294931826
260 0.402197 105.661942397006 2.009359 0.663806671789302
261 0.379919 97.1554789083478 2.05723 0.700892524679311
262 0.318069 115.284456331275 2.122882 0.605992555132681
263 0.314701 114.180722640559 2.139893 0.713443948507665
264 0.341807 95.6202453486834 2.098683 0.672743499846667
265 0.603274 102.506706735929 1.644611 0.646342313040864
266 0.33895 111.648935344761 2.084276 0.699505677603641
267 0.596041 122.099654200546 1.661347 0.663295237929809
268 0.53967 91.1371116649495 1.749895 0.642780161338978
269 0.636163 105.094648083399 1.567208 0.688968830421326
270 0.088344 117.382787048543 2.290155 0.784728699100443
271 0.352452 104.774118063531 2.100126 0.639013725479289
272 0.510374 118.053949517303 1.839027 0.716201501984576
273 0.589729 94.1954072430915 1.655553 0.589470422150852
274 0.536014 106.548231674662 1.764698 0.658148452793499
275 0.43317 102.391618951976 1.952986 0.595304237177139
276 0.492 92.4280737967737 1.812352 0.619924876224559
277 0.380335 108.249323802665 2.034976 0.675607964501228
278 0.420929 107.510666698785 1.981639 0.655761744047655
279 0.424069 110.334433931892 2.005312 0.681713209843753
280 0.588231 109.630549789597 1.66414 0.712049410046524
281 0.286039 104.834013897841 2.154345 0.686373266762486
282 0.467351 109.916790880042 1.918388 0.674720648163862
283 0.12989 132.167946996023 2.276228 0.773034746544847
284 0.466221 111.731289118002 1.906339 0.712807823911484
285 0.352706 107.349282514263 2.030082 0.682841252834495
286 0.206892 120.56433804983 2.232771 0.689029828492244
287 0.519356 98.4950844515781 1.822839 0.57477052896094
288 0.489853 97.308844129078 1.859697 0.569153198062904
289 0.20231 117.695697391526 2.228484 0.704862054651868
290 0.315722 113.47453406211 2.1351 0.719331223511394
291 0.486122 105.053400450806 1.845261 0.657575731332058
292 0.464462 95.3913310492103 1.937396 0.65582835924962
293 0.48453 71.3213040140681 1.837605 0.595438363084195
294 0.334957 117.579907553007 2.081799 0.693954702619556
295 0.791272 87.9027697762553 0.964823 0.518845544551331
296 0.205402 126.254727629714 2.236511 0.742695504356162
297 0.597594 81.875035883771 1.59014 0.581274944422842
298 0.485302 112.579157807114 1.872702 0.673488981189435
299 0.388936 120.343364978464 2.039517 0.744758611862763
300 0.490961 110.876668596552 1.858974 0.71296286598543
301 0.424297 104.615415236176 1.944542 0.678012768839319
302 0.446498 113.984179178256 1.93857 0.704606404902023
303 0.322384 106.718057534875 2.11137 0.670752363156214
304 0.235595 121.977377050924 2.215331 0.720037939865924
305 0.376484 111.733579050767 2.051616 0.664041036614715
306 0.378881 126.723830697981 2.036464 0.709160853549135
307 0.14249 128.553447165062 2.268926 0.755747621655672
308 0.448042 101.063866796013 1.924517 0.699815721974569
309 0.458964 116.13504790224 1.93867 0.680814821257191
310 0.564629 68.2441272331852 1.704892 0.589158607305103
311 0.318676 122.849478132697 2.085784 0.679728952668955
312 0.361607 115.066512242115 2.035375 0.726208433456881
313 0.332875 114.313211469384 2.126015 0.684542366710929
314 0.600631 114.250624864579 1.647139 0.691800005858547
315 0.466633 126.241506179081 1.920683 0.726728272273969
316 0.455621 121.686810717086 1.951899 0.688695291683598
317 0.674646 95.7607384907106 1.421215 0.628272308853337
318 0.68187 91.2316022288489 1.407777 0.5472849158464
319 0.498358 95.3146505227219 1.863419 0.585938104003691
320 0.644977 106.853117783259 1.518564 0.598690927749526
321 0.368794 114.615410522072 2.029983 0.718578465133674
322 0.616793 91.7962316036404 1.573012 0.579731557044051
323 0.276106 106.680504921619 2.164172 0.721818740222393
324 0.324498 95.5030742049805 2.086095 0.680660590731692
325 0.307487 119.23448325611 2.126761 0.679146582263273
326 0.492229 95.3065985086409 1.850242 0.64381850601129
327 0.557863 89.7724233020921 1.711179 0.612536294654055
328 0.466376 97.7815985194376 1.915251 0.718690239768037
329 0.389525 119.840019269346 1.983832 0.672002698640909
330 0.39826 116.980763657494 1.956076 0.637161914570896
331 0.693061 114.117340074665 1.36198 0.727557302699079
332 0.266953 123.54805790324 2.187663 0.71468912670145
333 0.315523 126.864806704558 2.141553 0.710740600070555
334 0.448716 100.582640130047 1.932695 0.683349007925528
335 0.49714 100.994958618196 1.85179 0.559754967557581
336 0.338799 101.536027096679 2.082202 0.696898215248383
337 0.232913 106.332765436203 2.201587 0.649203803021009
338 0.38897 101.46338433016 2.041132 0.579562293347948
339 0.323716 116.400268405743 2.116567 0.737024247817946
340 0.291711 122.699545067976 2.167807 0.742549033151578
341 0.581945 94.1083797197362 1.698841 0.577001281035698
342 0.684679 108.677404115175 1.384327 0.648975852464403
343 0.598079 94.5660412396427 1.636586 0.397554484361766
344 0.444486 97.5820487207137 1.935533 0.668414191883215
345 0.294341 107.770284733931 2.133223 0.625724611073103
346 0.508025 89.1992463400251 1.84917 0.556269610176681
347 0.520659 107.314074554258 1.801128 0.622507641765188
348 0.559618 101.286954220312 1.754829 0.659208400971531
349 0.486489 106.537962040331 1.854852 0.623418150732028
350 0.364094 111.638366996816 2.089474 0.684257994694821
351 0.330554 120.811250038862 2.12265 0.722050517179085
352 0.261598 105.710701026088 2.191033 0.744789981852312
353 0.369749 111.732062320046 2.057744 0.674267359935406
354 0.581503 91.2499381787735 1.68396 0.629330233361421
355 0.720891 98.6547694493948 1.277215 0.480882645419859
356 0.486292 117.921698652234 1.867435 0.673949039589775
357 0.296482 103.42773031287 2.10923 0.668531340381886
358 0.393951 108.866504855918 1.984643 0.692238697971829
359 0.56035 91.0977668018601 1.715081 0.621386192301588
360 0.455025 98.2561573578434 1.952832 0.710475155292836
361 0.459696 104.743756222367 1.925707 0.622141618699221
362 0.561511 107.399865767219 1.714264 0.695473537821244
363 0.524746 85.5138946638052 1.780376 0.620990764721107
364 0.441658 108.845783182807 1.967359 0.534972149713333
365 0.476841 105.516040720925 1.897544 0.643754611915796
366 0.694614 80.8853688791062 1.361997 0.636820976427127
367 0.41047 111.820767993654 1.973873 0.735888242121848
368 0.391129 121.293373885855 2.021109 0.799174246660162
369 0.276615 100.705110523893 2.129308 0.705055877615813
370 0.380705 116.458172996695 2.057203 0.657418288742254
371 0.550866 104.812360107954 1.761574 0.666873928272035
372 0.562018 85.6043277031459 1.745256 0.57664367759056
373 0.400023 93.0576788077927 2.014316 0.67812916188772
374 0.558925 105.119492801229 1.736132 0.694197113113943
375 0.614328 89.4971292544699 1.613644 0.645443795885429
376 0.658146 63.7504358579337 1.481992 0.584492167863932
377 0.47022 100.244106938321 1.870407 0.674953306968362
378 0.214408 121.787393295862 2.226576 0.731537076223299
379 0.552268 111.944659862877 1.753728 0.646914087027595
380 0.313807 117.51450830907 2.141445 0.649983051546163
381 0.766943 82.2840066738606 1.091518 0.539222647177638
382 0.644132 84.2010586919194 1.4667 0.619952007935306
383 0.27924 121.521330040923 2.111057 0.701773154365102
384 0.407815 97.3455874154358 2.017723 0.671268872605301
385 0.391705 120.279568501131 2.037896 0.624321532717546
386 0.446286 108.847223677493 1.950795 0.69282908211538
387 0.231278 116.850638554878 2.204401 0.718188177582151
388 0.575937 100.632248581271 1.720347 0.644353623579566
389 0.5141 119.612768556433 1.84232 0.672772428346364
390 0.554045 97.2741174837308 1.745881 0.703033554326763
391 0.34439 97.450495899619 2.031173 0.693693332106607
392 0.60049 94.9640993049034 1.641446 0.628562630292491
393 0.524691 102.036162525959 1.741298 0.677640893646806
394 0.389043 109.921531452782 1.998658 0.701773171422081
395 0.253017 115.918165064533 2.191741 0.736451900826443
396 0.548741 105.140062435699 1.761088 0.640335460299815
397 0.111218 112.154243100184 2.283547 0.784969400994167
398 0.236754 102.462642366527 2.214968 0.75526328477001
399 0.290895 115.541988834203 2.162094 0.710371496930154
400 0.556306 90.5347537552938 1.738265 0.575409612593627
401 0.389581 102.219345843434 2.020187 0.662906287181878
402 0.380649 89.0870557388543 2.0292 0.615941212084382
403 0.423395 101.13134493167 2.000533 0.642106863692052
404 0.797191 83.4098984268718 0.898611 0.470132946873164
405 0.80348 117.158007879176 0.90329 0.661204157658626
406 0.811512 82.0305114688227 0.884929 0.500285814963329
407 0.357864 101.580921180315 2.068975 0.654805152486795
408 0.57921 113.586832131457 1.673492 0.555601065574429
409 0.563457 96.6772039679232 1.710444 0.646167326433729
410 0.229396 106.183860625939 2.197205 0.677239836613781
411 0.372545 122.913744131307 2.07516 0.747935362589443
412 0.419026 111.195515613237 1.992646 0.700842708855329
413 0.663903 89.1444484794977 1.471974 0.567208609920683
414 0.701293 83.5635709661333 1.341158 0.584636579864224
415 0.557944 78.0519540835499 1.693778 0.589652940187809
416 0.490402 109.299881773325 1.88475 0.709209973559397
417 0.503548 112.35036380871 1.860698 0.671573783315723
418 0.525096 97.0503859921184 1.711053 0.649382954559353
419 0.571572 98.2792174975932 1.69736 0.610099387876164
420 0.490669 111.820999576401 1.880218 0.71227018299394
421 0.716785 75.9451749001477 1.312152 0.553275596634311
422 0.536283 92.2069430451876 1.770726 0.605926509867837
423 0.389269 103.583739077019 1.972503 0.689515244210395
424 0.517159 99.5292801991046 1.802128 0.640736053096739
425 0.509044 99.147380742483 1.864009 0.601618000586025
426 0.550613 115.234063080292 1.776643 0.693721425356854
427 0.351956 111.471243125065 1.991279 0.660722013201268
428 0.300668 107.204828040214 2.12678 0.706859028351047
429 0.207044 120.271984969789 2.230044 0.756449952915226
430 0.658369 95.2231186913721 1.481645 0.560133824062373
431 0.417857 113.190674682808 1.973919 0.70753170238962
432 0.553708 109.640843384491 1.769903 0.643581651529232
433 0.438176 101.377822149739 1.961032 0.671662375312374
434 0.47358 133.602077809245 1.916474 0.685653115091261
435 0.562531 118.412927919893 1.753061 0.678801084808129
436 0.308062 121.160583531053 2.15029 0.701453809540722
437 0.46068 97.6911193298495 1.866831 0.649771916195517
438 0.56093 101.572278568708 1.750418 0.654759497262166
439 0.541876 106.75955280169 1.774358 0.709192891370846
440 0.412885 108.835472465003 2.020542 0.644230984421274
441 0.63188 93.4683595866098 1.547421 0.588623079860399
442 0.595049 98.1442949499676 1.657355 0.678889502888271
443 0.807938 50.7110131906511 0.896296 0.600787124955632
444 0.576211 115.744942241345 1.704899 0.638696150461451
445 0.112324 109.756422163443 2.282221 0.7243711903148
446 0.478148 90.3083646123014 1.847089 0.635953705110586
447 0.552965 105.901829001329 1.700059 0.699510071571979
448 0.560762 113.310338337919 1.689373 0.67350162720583
449 0.788331 96.5411734467756 1.002918 0.629530719163888
450 0.426204 91.4613747810644 1.977672 0.667495700859757
451 0.531717 104.128247009921 1.750965 0.658169668519545
452 0.354004 123.683724348332 2.066951 0.676167717994059
453 0.605817 87.0906306714058 1.653557 0.627447499656725
454 0.071577 133.454310817357 2.294226 0.755144134611055
455 0.349012 120.791633855499 2.089759 0.675044648788204
456 0.382526 79.3028937291116 2.005516 0.67310506640167
457 0.771536 108.573383285958 0.990322 0.760992204680958
458 0.471322 75.4281999300237 1.875231 0.629751883518593
459 0.392173 110.865837103336 2.006031 0.538562146224252
460 0.485515 113.631302124265 1.857167 0.650071827876865
461 0.442711 98.4800987567285 1.8961 0.635161704186842
462 0.539109 100.27046752063 1.803603 0.657249975017741
463 0.336375 128.134494742593 2.109182 0.778139906288597
464 0.661291 82.4808685804977 1.478927 0.500821807087968
465 0.462533 72.8727210161464 1.877386 0.650292314477893
466 0.558601 111.626969978514 1.697866 0.652276920402863
467 0.655763 103.927253062614 1.47308 0.628773993300758
468 0.400584 94.2964004880688 1.986632 0.672561116581085
469 0.276913 113.332792048684 2.177646 0.706088535956655
470 0.351079 108.477601197614 2.098365 0.6274148947394
471 0.149647 109.181975343524 2.261312 0.668879595147601
472 0.421999 77.2947227411582 1.9646 0.659223785516533
473 0.478097 105.716626232244 1.9011 0.686953904499105
474 0.162455 116.638659170774 2.260039 0.738307183645996
475 0.510052 94.5852556770036 1.839522 0.628965063550034
476 0.308793 121.19516524064 2.120375 0.747849431549461
477 0.64455 84.383573677951 1.521831 0.540130982307656
478 0.104699 125.735279910245 2.284924 0.748848373478334
479 0.416042 61.1476747500218 1.944643 0.599108459550098
480 0.143652 91.9652360116699 2.261573 0.705782001056671
481 0.504397 88.0794671488297 1.812662 0.647922456888419
482 0.741161 92.6833913995126 1.218575 0.532430595989211
483 0.63434 102.520800398076 1.531451 0.563055864228803
484 0.544659 92.701847412881 1.767185 0.695593998720126
485 0.314331 107.261473488159 2.119016 0.659378548704941
486 0.67883 69.4001806227027 1.384777 0.51125739695414
487 0.45737 90.1931654685167 1.950921 0.620069790849706
488 0.591538 111.555706186053 1.668949 0.68284839102548
489 0.444074 96.6218841303931 1.92411 0.716216703914764
490 0.694839 68.7255235617147 1.35867 0.507768039546387
491 0.28164 121.622969211215 2.162048 0.707481310875329
492 0.482815 108.77439430161 1.893313 0.685412327874475
493 0.590628 97.9401946119151 1.663495 0.651935411509528
494 0.484841 96.285546612685 1.882977 0.682143683111631
495 0.503702 112.896747649701 1.848956 0.681932376698272
496 0.304705 105.566592655655 2.135045 0.697219906081935
497 0.544547 99.8292225607846 1.781255 0.596847660018263
498 0.501441 90.1200522373578 1.874771 0.646711685056322
499 0.49521 98.8539997382238 1.794852 0.618763721451984
500 0.558028 97.4109304974313 1.687974 0.684365472619248
501 0.376137 114.74670780308 2.063394 0.715079287445658
502 0.341069 110.669981471644 2.083938 0.695555038432224
503 0.714231 87.5787077621833 1.323829 0.600160364081583
504 0.287586 117.955769876652 2.162219 0.760179142375952
505 0.521749 91.3757928818794 1.809995 0.687052695961311
506 0.836445 85.9536896475809 0.70773 0.509475817638766
507 0.385028 126.465910307284 2.038848 0.708541551822351
508 0.563831 102.701770240929 1.742994 0.67959475408479
509 0.449204 108.950893214833 1.921008 0.651534854783476
510 0.628842 106.183567475529 1.559156 0.661623756957403
511 0.53828 126.109447521963 1.762875 0.741054620926227
512 0.463752 100.245334057382 1.917696 0.676069672181718
513 0.270474 110.709232262249 2.182992 0.714989978582408
514 0.495682 91.2308442292069 1.839341 0.601646234473904
515 0.517535 96.4070877507254 1.788708 0.643414182046597
516 0.624758 89.8881151143364 1.562943 0.626776582586655
517 0.262765 130.368399315346 2.187663 0.706996227338298
518 0.532402 93.0944280122894 1.758006 0.66334570663442
519 0.342604 107.157285079338 2.096106 0.506174256803789
520 0.549285 99.6869973728392 1.779299 0.647711003723246
521 0.184199 125.81476865667 2.247129 0.767553068464497
522 0.309065 110.536867900776 2.128919 0.678504146570551
523 0.471101 112.18104338166 1.891283 0.696824393161843
524 0.504313 115.49544654831 1.824275 0.682923689740116
525 0.51799 106.445070409516 1.757788 0.67264315505029
526 0.350003 104.627347114003 2.020939 0.729516153580266
527 0.59062 112.024864812758 1.669804 0.655201127990809
528 0.557384 110.43959169739 1.706715 0.504027064951741
529 0.473433 102.560988876848 1.779061 0.423463178174577
530 0.369545 109.360208935893 1.993658 0.62185924484698
531 0.519912 104.42583400925 1.811995 0.663073120342354
532 0.489912 111.517463254423 1.877029 0.571636579726921
533 0.233232 116.115834038538 2.212244 0.681823926801175
534 0.50156 102.045306987734 1.87463 0.728226620376779
535 0.428543 119.292070394928 1.934064 0.671529037438314
536 0.437183 100.85274619206 1.929658 0.651128065817714
537 0.387049 100.170867272108 2.030217 0.632739284323842
538 0.455678 102.486200465346 1.88567 0.73698389963325
539 0.36083 112.631644256661 2.080793 0.635023468862066
540 0.597136 97.3797008637728 1.663004 0.685608545348694
541 0.422393 119.485887338391 2.004673 0.649816363109226
542 0.337438 106.665660995012 2.101424 0.603393353666652
543 0.344012 122.76835092075 2.09814 0.695868716573421
544 0.316834 95.6042629756661 2.129463 0.744279500146077
545 0.211163 112.964067819151 2.22226 0.664898274890665
546 0.580771 93.1586236158235 1.678188 0.639469042327873
547 0.45199 120.306472454769 1.946623 0.745082072109467
548 0.223425 112.664340498929 2.217936 0.71255397027914
549 0.527575 105.244760448232 1.800119 0.643569027170148
550 0.392013 92.3654484158455 2.018298 0.663077345481606
551 0.404852 103.336344442012 1.957195 0.653264202233121
552 0.472173 110.012467698902 1.922778 0.594973476102051
553 0.487087 97.553430065325 1.818283 0.643280030634133
554 0.47906 116.293551296085 1.885882 0.65146045805768
555 0.452581 102.050446961898 1.916844 0.646742546993901
556 0.241435 107.47643736322 2.207282 0.71859000998807
557 0.492562 98.832076593073 1.839922 0.61074711417642
558 0.397493 110.193938873428 2.005098 0.689622606718122
559 0.316642 106.9288089656 2.119019 0.69340741143254
560 0.285249 103.743773350447 2.161031 0.679507977205854
561 0.414115 109.221517489466 2.003726 0.691391807384695
562 0.226805 113.340754681846 2.189362 0.691946260101428
563 0.549781 98.9600502427433 1.726362 0.686280062167812
564 0.609013 114.030279260196 1.639427 0.668607395537534
565 0.649181 103.568262670433 1.513145 0.672281459976058
566 0.697308 97.4506214852023 1.347553 0.302738924095353
567 0.60766 120.84736632846 1.59974 0.566863769969845
568 0.458799 105.816729611695 1.927049 0.623442670627107
569 0.562851 110.28414111887 1.758394 0.683371231219098
570 0.312491 122.415265419727 2.107322 0.727798814328475
571 0.163225 128.69294484021 2.252473 0.777552925425316
572 0.685928 93.73884252889 1.363475 0.592927928562632
573 0.520484 115.763875403988 1.818008 0.663339080853375
574 0.58283 80.9732185115565 1.652213 0.482547414458103
575 0.579049 115.500326651607 1.685332 0.639122740968868
576 0.519738 91.8783875226122 1.804875 0.620126272144522
577 0.332345 110.32741746916 2.095376 0.713901888889146
578 0.317959 115.989154648226 2.126734 0.630952580373029
579 0.679457 94.9473189812386 1.385546 0.575817158295809
580 0.481842 103.45962380747 1.860283 0.628139668016581
581 0.540597 90.2303477917479 1.797318 0.59679618316001
582 0.404814 122.868198264162 2.012107 0.730139905358395
583 0.429354 112.093101114235 1.982518 0.6794157813441
584 0.561345 91.0330186926666 1.719691 0.624640024399319
585 0.605391 121.554005513637 1.647235 0.657534399542462
586 0.488768 117.904105370245 1.902103 0.698783007601718
587 0.525726 83.2754798292489 1.780662 0.561410021832343
588 0.711245 106.137433033123 1.329331 0.719332784835641
589 0.523756 102.21406454357 1.789417 0.610567164648225
590 0.442536 111.543521034417 1.945633 0.694841708777682
591 0.560211 100.319088886573 1.725754 0.642798595262016
592 0.268963 108.670152955238 2.170985 0.709840380214366
593 0.430392 110.179864883794 1.993414 0.68253415547628
594 0.303732 126.404632165032 2.138264 0.740658953039237
595 0.521578 111.671610524156 1.800644 0.662556731926781
596 0.405757 101.580513919988 2.018524 0.686738348149948
597 0.583378 111.648290099501 1.689044 0.608910846753226
598 0.095291 125.438487193911 2.285851 0.739019977875478
599 0.48532 120.798570595208 1.907602 0.666137140838671
600 0.334226 98.9739120433359 2.113828 0.701187696239662
601 0.734172 106.737536577065 1.248835 0.603189740943412
602 0.478692 104.552580856635 1.893503 0.715998022789356
603 0.459808 97.8988953921264 1.836725 0.662205248033859
604 0.558156 100.734695910436 1.688332 0.650590373465813
605 0.464265 114.20686184373 1.925908 0.617464662017738
606 0.358767 105.015824596453 2.074533 0.736932294246939
607 0.627291 97.6086188153052 1.544929 0.583880464685202
608 0.409876 112.568934503432 2.010407 0.592596813917791
609 0.680556 104.918899112792 1.354696 0.594074585812649
610 0.451109 100.468697818049 1.923526 0.708996660818316
611 0.381125 113.199509535402 2.054753 0.673570052072437
612 0.546826 107.179882878969 1.754905 0.673988824105332
613 0.450933 122.441110283296 1.956895 0.697300793472756
614 0.352374 116.753688637305 2.070244 0.681602700223185
615 0.265566 115.94198936967 2.187137 0.692543450906102
616 0.389708 111.538650285627 2.025945 0.666586079173578
617 0.412246 112.067303018094 2.014537 0.672683658021641
618 0.47155 96.5712623574194 1.853921 0.658700722521767
619 0.518963 94.9685221032892 1.829377 0.666515522241619
620 0.555938 104.620027578584 1.641335 0.674120644656709
621 0.504888 97.184470627899 1.851368 0.658067983071183
622 0.377543 103.483744890831 2.042159 0.701305454320583
623 0.284507 119.481138877562 2.144277 0.717521599012519
624 0.396883 94.680651622645 1.998534 0.648802617675429
625 0.166342 129.003497752786 2.254918 0.706283696618651
626 0.429846 104.55216506321 1.90557 0.672120064633639
627 0.677267 86.3399589264242 1.401824 0.508495521705338
628 0.462178 90.5874570433219 1.916351 0.637340394270271
629 0.259947 122.41757204385 2.191742 0.728899109051773
630 0.576259 97.3046903852872 1.714088 0.614607997498803
631 0.280711 122.244321809092 2.166839 0.731700992257656
632 0.405226 108.263953233811 2.020787 0.690209931900139
633 0.095319 109.591357704952 2.2878 0.710526159418229
634 0.382317 107.236526048854 2.064701 0.627702790009465
635 0.126884 119.633292452169 2.276737 0.73744049084184
636 0.19802 119.310449764022 2.205604 0.706269639689367
637 0.692315 81.1140705557861 1.383837 0.607820444960477
638 0.268338 109.614908678859 2.176308 0.622409011137824
639 0.109553 121.805568807328 2.283626 0.688705063497725
640 0.327722 91.8496842841072 2.113882 0.685326412043984
641 0.440103 104.587016070889 1.925898 0.701798616859551
642 0.694463 102.358660616819 1.357894 0.606026006583477
643 0.345184 62.1661743310715 2.014368 0.577606626276909
644 0.428544 91.7151249093342 1.959517 0.65931972843051
645 0.601374 112.555413702826 1.588637 0.620709444580164
646 0.435043 93.0085140699628 1.930459 0.639728688480627
647 0.544846 118.511724617073 1.788368 0.734831368976731
648 0.314802 107.892712779445 2.127517 0.685998289337579
649 0.412771 109.902607588236 2.008017 0.614406974358621
650 0.669782 93.1733422466935 1.461204 0.606269037878743
651 0.544897 95.5082429695339 1.771016 0.656238271009216
652 0.798043 106.827330306843 0.925109 0.575348338260448
653 0.521727 96.4822987351336 1.820663 0.665382289463311
654 0.417263 113.967919335951 2.003191 0.726861240714416
655 0.704704 99.0906676849645 1.308191 0.579045871482575
656 0.236907 127.297340272561 2.209087 0.760036620912751
657 0.641373 92.0520943452829 1.507804 0.5954661662557
658 0.258477 119.810259331782 2.194838 0.674365868160907
659 0.466756 92.3752070623875 1.92959 0.670301424868109
660 0.0883 128.335546402382 2.289521 0.747834783813109
661 0.503164 97.3696959535655 1.8504 0.694275739305721
662 0.49256 113.12343883409 1.868489 0.657763570314433
663 0.739633 101.207644694431 1.203006 0.570318822915995
664 0.546809 110.184870211591 1.772804 0.65453555541491
665 0.58938 105.434011111516 1.683405 0.625930468337268
666 0.375415 112.53725885293 2.068601 0.732560356090294
667 0.517712 107.884785694134 1.779949 0.686036536731702
668 0.341088 121.13534143347 2.108241 0.705071097173515
669 0.41192 91.1782661138633 2.014087 0.620952568735912
670 0.644416 118.325379064339 1.548035 0.685020057708698
671 0.457451 98.1569240550149 1.916327 0.699648613279202
672 0.465177 107.959212882755 1.89519 0.57890159686325
673 0.514265 94.8374883842154 1.822247 0.644111197607752
674 0.43574 110.93849275742 1.980003 0.701093383510797
675 0.59852 90.7275776335104 1.623163 0.644670511322804
676 0.57411 99.3123090048878 1.671593 0.676406451381108
677 0.440293 107.046111911909 1.952572 0.697825004267395
678 0.507112 101.433628433919 1.844885 0.721408498985972
679 0.466489 95.079849093579 1.912138 0.614124740773582
680 0.375296 114.076647322558 2.057228 0.68490014598354
681 0.364677 114.173174709776 2.064318 0.691313562743058
682 0.251909 105.034418196607 2.19968 0.678215553183522
683 0.55818 118.000369600725 1.734906 0.704151380193449
684 0.218486 121.412969946405 2.218547 0.72259742201063
685 0.265465 105.51103788578 2.175969 0.716003572197404
686 0.703682 68.9042302011349 1.346578 0.53214280039783
687 0.464552 113.241447808362 1.868075 0.734042870724651
688 0.332347 112.255909859134 2.102199 0.756666398313661
689 0.598219 103.399354561248 1.583028 0.683869957085617
690 0.593163 101.567079156422 1.621762 0.688671227853865
691 0.652643 104.308556303031 1.47807 0.665282436624326
692 0.49786 100.526762456112 1.864902 0.604875747546574
693 0.691092 103.550473894758 1.350865 0.612370721405913
694 0.58533 78.5118075431672 1.625049 0.643032804381255
695 0.51676 96.1612248046261 1.749334 0.609581956096499
696 0.506388 112.905877044077 1.824955 0.645565652825921
697 0.630265 94.5094630406625 1.562901 0.661733672305924
698 0.803011 89.9492666590162 0.929 0.508383835002428
699 0.776866 102.884991229129 1.034851 0.578186775028486
700 0.35488 103.147570768689 2.064119 0.681365496750313
701 0.281823 110.786930584931 2.164836 0.708323701580822
702 0.311808 105.139606522086 2.119313 0.670718934354438
703 0.318954 101.729630997368 2.128226 0.697049957650874
704 0.843626 88.3308945789647 0.650122 0.492515169218677
705 0.293706 118.226494441992 2.16436 0.735066134285566
706 0.366922 88.9988640871385 2.060285 0.653264460443509
707 0.605267 104.643057175691 1.625484 0.555573540327181
708 0.579714 90.0844659965643 1.638936 0.646020648482046
709 0.378361 112.791990993331 2.036243 0.681257256883442
710 0.557046 105.308097106619 1.770722 0.704847428139249
711 0.229962 110.791822564137 2.201005 0.721914012976482
712 0.542219 104.193385530015 1.752365 0.710728269098091
713 0.683243 77.025762441938 1.38874 0.50373185476782
714 0.392041 108.873522722957 2.051002 0.727346523388789
715 0.529382 113.183007757221 1.807194 0.673585686114846
716 0.568207 75.939029740167 1.714115 0.581074202158519
717 0.231461 109.386980972588 2.216627 0.660009128581226
718 0.203031 125.580026813255 2.237577 0.763153416880848
719 0.579917 88.325491034786 1.666244 0.643597328762673
720 0.395907 110.785921081742 2.009903 0.705048863672068
721 0.342784 113.319053410596 2.0888 0.745053484060236
722 0.651548 98.3978301258574 1.503065 0.674169736859415
723 0.281884 98.1144848027549 2.175974 0.689602054051659
724 0.685735 104.77166184964 1.383781 0.6605969787148
725 0.480802 110.871891346108 1.853958 0.699536923825318
726 0.317112 113.474538874022 2.105256 0.616918668666412
727 0.599372 89.6634239925195 1.599283 0.411878965453665
728 0.237654 124.933385549571 2.196008 0.71228202016053
729 0.432264 104.864675138183 1.932633 0.677977451448871
730 0.299369 119.148156213317 2.161061 0.65869860942995
731 0.584253 106.283466913197 1.647311 0.695050098479558
732 0.491809 100.685017746787 1.865763 0.69675666147428
733 0.440602 109.35811755751 1.955305 0.676932859237629
734 0.486826 84.4090858030028 1.895229 0.55364688754309
735 0.380375 101.052315305364 2.042422 0.74127091038548
736 0.256511 118.759688438182 2.145141 0.635614298336466
737 0.351986 103.976355401362 2.072017 0.636499486961518
738 0.570164 117.760347328898 1.728369 0.762972672921652
739 0.576555 102.340674011452 1.697302 0.559548555388206
740 0.255471 127.418219760992 2.194834 0.754718523484126
741 0.688929 99.7803718651203 1.391717 0.668304736067929
742 0.338325 108.120927109048 2.117957 0.68585154406115
743 0.28096 115.596505110573 2.144927 0.703176490606565
744 0.496434 83.4792488370439 1.86324 0.597171277667846
745 0.474565 82.5580705136812 1.861965 0.672948334241809
746 0.569175 105.742330288805 1.728316 0.617327882380363
747 0.534993 116.630414038938 1.76962 0.650781860538152
748 0.680245 112.470174884868 1.394034 0.668030651624372
749 0.666046 111.090321170524 1.44671 0.685531592665891
750 0.453662 90.9655241444493 1.95536 0.506314484903694
751 0.067192 110.958091957633 2.29263 0.70684679468362
752 0.737048 78.1616590137729 1.171247 0.577131444566403
753 0.299378 118.743338492434 2.155363 0.703806856764636
754 0.429278 103.937625246259 1.957579 0.718717431599758
755 0.38222 107.435804928631 2.053696 0.630964607097718
756 0.364688 123.221645694573 2.085571 0.754904041577745
757 0.540175 82.5758841544154 1.775571 0.629567573723478
758 0.492779 84.553830824776 1.82913 0.547078472234337
759 0.362728 110.777260761455 2.043302 0.69429867214947
760 0.514938 102.832559346558 1.832885 0.622303727388649
761 0.331585 123.812292971207 2.098103 0.686963727704702
762 0.512402 101.90314059637 1.774943 0.671521916022579
763 0.504649 94.336720782006 1.850812 0.671041180433725
764 0.675022 113.832599576766 1.423127 0.528285679217811
765 0.412297 106.580185982316 1.998333 0.695027540357229
766 0.413681 120.787711733572 2.00627 0.698453159743301
767 0.474275 105.674256612795 1.88036 0.645939108168937
768 0.615214 96.3224613418624 1.624443 0.661702958398164
769 0.517885 99.2269008936861 1.808576 0.646131041360983
770 0.444128 112.936580623681 1.948481 0.686936401528833
771 0.300267 105.890004882562 2.155259 0.672701467210594
772 0.482716 106.327126918715 1.872717 0.691616419047999
773 0.21772 108.335033514777 2.218118 0.646473611014143
774 0.239598 119.176765401064 2.208789 0.751643305816502
775 0.339661 95.6366780720775 2.06054 0.693053877906134
776 0.120478 141.972289890181 2.278881 0.746326599729941
777 0.427006 90.8370926023343 1.987406 0.641897992256501
778 0.429389 108.035917069476 1.938189 0.683769374262491
779 0.606197 80.3627102225006 1.576216 0.62340239179104
780 0.573403 108.268400778633 1.701167 0.681134415066715
781 0.268041 107.684295994427 2.173266 0.691764422346668
782 0.281158 118.163468836402 2.170487 0.73354803219731
783 0.2071 112.019396685257 2.23047 0.603950526194747
784 0.467636 84.7779349137517 1.841456 0.599558036702216
785 0.79746 58.489553950117 0.956353 0.444268598798227
786 0.249542 109.048762839881 2.197355 0.701286464816886
787 0.431667 102.48402006506 1.950458 0.654816813695925
788 0.203572 129.609929652449 2.234488 0.718473831419508
789 0.745202 100.238246595292 1.177201 0.704584614987443
790 0.714715 90.8234103836452 1.281827 0.585182701134255
791 0.468102 78.3736059440632 1.852383 0.639830123709477
792 0.641261 88.4467508756675 1.559223 0.678489327906549
793 0.793568 93.0321355296986 0.97618 0.566112759651404
794 0.589294 109.045819792021 1.695331 0.70115462923703
795 0.104071 138.053150843117 2.28494 0.811108547520072
796 0.427817 110.833413237938 1.984353 0.696904682229934
797 0.42246 114.331024184261 1.991596 0.691964824695592
798 0.214511 114.109868430183 2.21982 0.712901131513802
799 0.631568 113.809593938446 1.539465 0.746616662074548
800 0.504418 115.479370495073 1.833345 0.689244673942052
801 0.415788 111.30183642915 1.987311 0.694513241654765
802 0.392047 99.1694381302182 1.965663 0.641748166992889
803 0.433901 92.5579690702667 1.976841 0.626638904263177
804 0.68999 87.5818557148698 1.385261 0.605747471363105
805 0.373663 109.765078338427 2.061559 0.687233890063486
806 0.408445 120.767324358361 2.02522 0.655137291397042
807 0.52557 117.211885707252 1.803713 0.71882069812156
808 0.646882 87.1119944781061 1.509704 0.597375140895626
809 0.452681 118.306669771692 1.954078 0.669565072993948
810 0.393607 101.075171561982 2.035109 0.641065875989591
811 0.386086 99.0475581702818 2.004463 0.700245609302517
812 0.374526 108.278065477692 2.010517 0.685306650549433
813 0.575641 103.492193981706 1.694317 0.654675660479429
814 0.296535 102.410536871898 2.106496 0.679354802836831
815 0.261564 119.890161115432 2.194645 0.695546489063252
816 0.27574 121.976085432735 2.163371 0.717113302278962
817 0.493046 119.770681053733 1.887471 0.704102560795717
818 0.264276 106.490102231609 2.164207 0.658871099757075
819 0.47896 103.434052369559 1.904003 0.663847600156406
820 0.30635 101.04093186889 2.118152 0.676841450009699
821 0.393711 109.358813227585 2.032852 0.674174343861568
822 0.447056 110.084163042639 1.904234 0.633658375431994
823 0.618752 122.51600152037 1.573188 0.710610362484182
824 0.49149 104.598949517426 1.897433 0.686617162924296
825 0.523661 94.1206146281239 1.791031 0.567106050827465
826 0.271055 126.835613456362 2.181142 0.712309299334884
827 0.175187 123.49318949001 2.253444 0.751802242300251
828 0.472423 107.893237625051 1.918048 0.583677189672225
829 0.255082 114.997847848884 2.193555 0.722013338883923
830 0.488313 111.211146145776 1.873174 0.67662595757902
831 0.633106 98.3503707158713 1.567301 0.596513533756032
832 0.488188 75.7237647436428 1.858949 0.609095330593466
833 0.231215 118.107639133806 2.211162 0.642840891982255
834 0.529799 111.974980176655 1.818057 0.721818919699203
835 0.334419 108.439792211756 2.085768 0.655365791512733
836 0.390636 127.307808159725 2.048216 0.745603560455529
837 0.358772 79.0195010705071 2.090517 0.547930907530126
838 0.500945 100.582745244452 1.861862 0.678998398602324
839 0.571323 87.1462479898973 1.724243 0.621194602140389
840 0.083069 122.1023789571 2.291532 0.728446233164931
841 0.351848 91.8798913056269 2.087776 0.714103785163759
842 0.45234 86.9383543389486 1.941706 0.641484047827211
843 0.658042 99.6593952516401 1.487626 0.63415329588768
844 0.397666 93.3605267635856 2.016993 0.668728563120617
845 0.178357 108.079567872714 2.24785 0.678581803514975
846 0.542712 92.5981353924264 1.755447 0.661941586972016
847 0.514781 103.966014638927 1.833392 0.654414354595659
848 0.546825 89.1631856730345 1.725424 0.647506669499972
849 0.433462 111.293424748099 1.967586 0.688483006394973
850 0.366626 109.485351729226 2.083789 0.685105467147935
851 0.672311 99.8597099803404 1.454857 0.636366654352089
852 0.34851 97.4562782161459 2.06584 0.708442943680321
853 0.346711 99.9711749756064 2.109278 0.611839089363377
854 0.477692 104.425976212117 1.916766 0.663460870615057
855 0.454977 91.5555699403373 1.947202 0.688581036898618
856 0.449262 102.174898096912 1.937267 0.668437058618687
857 0.581235 105.889710224516 1.651153 0.602836649652355
858 0.658137 90.6973773785706 1.494624 0.637495998742782
859 0.63964 98.6861628330644 1.549267 0.659737682730591
860 0.323007 113.905530127664 2.136015 0.755712454687765
861 0.391523 113.655550979696 2.042072 0.664453356222493
862 0.054137 141.893861735728 2.297856 0.802114776760257
863 0.276947 106.744630453924 2.153708 0.706229395243226
864 0.611821 68.7436554210653 1.569808 0.601322215215362
865 0.405473 110.554178770211 2.008385 0.693023932409016
866 0.606602 86.2328506791385 1.636443 0.665782883143043
867 0.398489 109.154636492598 2.014644 0.656698792446129
868 0.344554 122.021165759152 2.053969 0.705187384022068
869 0.249909 117.2551878233 2.184246 0.705169063412135
870 0.387443 102.021563333121 2.032885 0.678204717945211
871 0.257885 123.074477320066 2.195538 0.715483889291553
872 0.680762 91.2873887534046 1.396507 0.634274008988071
873 0.400756 125.597342109427 1.997587 0.720126470598441
874 0.584296 101.153987654084 1.66975 0.335797448431659
875 0.59528 84.7258151345492 1.628189 0.627444232175275
876 0.566408 98.5448297185132 1.699962 0.678067687804884
877 0.474858 114.337373493962 1.916232 0.664849893200983
878 0.408407 111.970491712189 1.967725 0.66075454605818
879 0.486647 109.273660221767 1.858652 0.632627192162379
880 0.599076 85.5950347612776 1.641153 0.577162357893003
881 0.656022 75.533868299173 1.465006 0.608778246833828
882 0.406783 106.320648250693 1.956851 0.555761846130391
883 0.53542 120.41374840116 1.808799 0.739460630650691
884 0.40049 114.783065065056 2.039779 0.731264493877693
885 0.124314 120.711273005191 2.278123 0.760135915991654
886 0.315451 115.194828675622 2.137326 0.703924002686513
887 0.599304 97.0967585508326 1.632792 0.616926490338893
888 0.327388 112.014936250988 2.112929 0.651184456306912
889 0.57792 90.4840985596436 1.68828 0.598909832694765
890 0.621473 92.5591194676328 1.551466 0.646257335317641
891 0.390372 112.318350370214 2.051815 0.665598529501077
892 0.156161 116.027384255182 2.263838 0.735670130539785
893 0.395549 94.3127291782411 2.047867 0.703664695862513
894 0.356126 118.193483057345 2.089825 0.665760469625395
895 0.600301 114.455452425113 1.662851 0.579065298715505
896 0.616782 95.1170605905294 1.598066 0.666601952158046
897 0.385818 115.970668631655 2.037948 0.730041929893556
898 0.332985 115.713011808936 2.055674 0.688061523089436
899 0.241228 105.977128781639 2.184745 0.654388579526936
900 0.762831 107.140034872386 1.110163 0.708627901890737
901 0.5283 111.925377772605 1.776194 0.701649759670345
902 0.408031 116.658955651682 1.951405 0.646048650002241
903 0.414464 115.33210763627 2.011944 0.750488738803743
904 0.533187 99.6506656785931 1.78251 0.688093779896567
905 0.059174 133.469334699462 2.297029 0.754563602623029
906 0.508483 123.98256207682 1.847215 0.746942816538351
907 0.586824 91.2214063364827 1.641336 0.621634176931804
908 0.499454 76.5811646651799 1.755374 0.647117675213788
909 0.569688 114.8430542694 1.713299 0.661866156683632
910 0.586351 120.986770113657 1.693866 0.703254811000201
911 0.558959 90.6721791142479 1.724013 0.614627579135995
912 0.310699 116.343934776897 2.144511 0.686404353643838
913 0.376103 109.13475970771 2.038065 0.68485880170839
914 0.480111 93.9269486237263 1.818581 0.658972533424952
915 0.049239 129.996097314016 2.298806 0.737835090863547
916 0.547433 109.79713156239 1.722219 0.670340300887632
917 0.496478 96.3441279968605 1.871979 0.68217337381398
918 0.648747 98.6436729230765 1.463962 0.600236372426575
919 0.639969 105.418435414606 1.530407 0.693343589994991
920 0.363513 117.546307911209 2.062901 0.718549558986327
921 0.461909 109.74311047455 1.924979 0.692170094871132
922 0.593045 106.496587298478 1.642235 0.607616962733097
923 0.460666 102.757067925937 1.945229 0.716359211805188
924 0.477459 100.103686163404 1.891202 0.627506378195492
925 0.588164 103.720748630404 1.695634 0.708412716077114
926 0.374179 105.973190357976 2.005721 0.705115101631312
927 0.788336 91.3563697476441 0.96485 0.550962509059324
928 0.70999 80.3434687117539 1.321502 0.609178452766341
929 0.113598 122.151358791807 2.277246 0.751028746923927
930 0.449405 107.880752364865 1.94386 0.675612287718178
931 0.489594 100.900961642561 1.884668 0.657652211165959
932 0.768443 106.771691283172 1.093068 0.703850904089878
933 0.602806 110.980471430845 1.63379 0.709444110052821
934 0.531574 103.668217433934 1.719114 0.438776605473781
935 0.488405 106.692033430502 1.819954 0.680006099024079
936 0.11942 129.498727996569 2.277911 0.747144887224552
937 0.447515 104.390898971321 1.895136 0.653189962167204
938 0.593895 109.22504046353 1.676732 0.677339067384963
939 0.630918 98.651320683211 1.574543 0.650257425744491
940 0.301521 111.342379486299 2.153955 0.698325893561458
941 0.39045 92.9278755255361 1.980248 0.617544937685699
942 0.605833 117.015412697116 1.648688 0.682242033602782
943 0.586286 105.401173603958 1.67771 0.698490142697583
944 0.311753 91.0652712705172 2.071436 0.648719670945665
945 0.251509 107.40021458814 2.189708 0.666208412869928
946 0.582729 96.430798849604 1.683304 0.693782882740965
947 0.586157 105.629416167886 1.68382 0.640745889231492
948 0.248567 97.3527730101518 2.189784 0.603525349535332
949 0.40642 106.198713063458 2.002038 0.690470262825391
950 0.531973 106.203405183115 1.775128 0.648715525434101
951 0.471229 100.330030643066 1.882609 0.610021686214005
952 0.396549 120.906513671854 1.982274 0.662294130550074
953 0.658546 101.794475389349 1.435327 0.410164146520463
954 0.546618 100.640458709329 1.720288 0.596647962575055
955 0.622148 98.4145810445676 1.611938 0.5993804925608
956 0.661309 86.4430320917475 1.441516 0.542553417929335
957 0.425386 102.476338081824 1.963718 0.66924142824038
958 0.190714 129.133805021759 2.243457 0.710019064505064
959 0.2968 121.220669563087 2.142195 0.685411525148244
960 0.815552 98.9592295835683 0.707176 0.59702746049157
961 0.615291 73.9161809729701 1.588248 0.518803836427086
962 0.240334 98.5125069081943 2.177205 0.684299684166129
963 0.472949 89.4219479273923 1.80599 0.679401089319052
964 0.399271 126.124326927459 2.010386 0.690397046185996
965 0.305412 108.731719213778 2.153218 0.661907427823132
966 0.402835 111.309522022988 2.016699 0.628668399852961
967 0.714955 89.4834949424153 1.304581 0.658551003196281
968 0.343615 115.588552576456 2.097601 0.717492029027896
969 0.083116 141.817083946436 2.288418 0.786222558531989
970 0.338985 107.852406573819 2.094264 0.675226089907792
971 0.724552 83.6033080729848 1.280599 0.604609968602758
972 0.279649 107.98490022383 2.12035 0.726954777324669
973 0.242625 122.912982220084 2.198189 0.720676399012042
974 0.480971 119.345311773515 1.90043 0.649893933482386
975 0.436066 103.72993078034 1.93558 0.659066127761963
976 0.277446 107.764179923092 2.176562 0.711495291933363
977 0.439378 109.446908316909 1.939915 0.683819266355752
978 0.281953 121.796106770782 2.168024 0.732872090453751
979 0.578864 94.5632085811286 1.627548 0.662516222916385
980 0.558516 98.9048150222471 1.710239 0.61045008912203
981 0.138027 127.625405250445 2.266165 0.729980198714874
982 0.573615 89.8164096548318 1.669964 0.609697076270516
983 0.598052 83.12092115772 1.654104 0.570874256623252
984 0.39032 112.620266113541 2.032087 0.690269206549353
985 0.284519 117.029987476928 2.165018 0.716449289478183
986 0.420191 85.9597833666842 1.931542 0.643903262273879
987 0.666397 103.185718271299 1.481386 0.699166378249505
988 0.605411 101.621411349722 1.63395 0.664661528365845
989 0.481329 116.652446833211 1.882868 0.71987599954292
990 0.847532 105.418989153491 0.636779 0.57495174645247
991 0.401785 110.69464024098 2.008589 0.661723831118994
992 0.540574 97.7577607372851 1.775786 0.679443790974109
993 0.726447 113.55974022561 1.21876 0.680057378958467
994 0.63159 98.5050181550354 1.534081 0.679152644370488
995 0.781499 74.6690977974591 0.995121 0.440765428499651
996 0.441912 93.3925304636888 1.948759 0.640247394675571
997 0.51667 102.785105718351 1.841099 0.591955783002968
998 0.482895 82.9757242259901 1.887918 0.579273399476205
999 0.526674 97.523302516369 1.80004 0.627950862236941
1000 0.471756 100.808464750233 1.873244 0.669654393847345
