rep aei_left left_area adi_left H
1 0.380028 114.15161211319 2.033842 0.806111402314107
2 0.496221 110.614839782045 1.874747 0.786358490467179
3 0.334257 111.746632583053 2.053287 0.791366918885089
4 0.417048 120.857844218828 1.990537 0.814396467235184
5 0.368468 119.601812045335 2.063154 0.791958560699257
6 0.454983 114.146820075731 1.874007 0.777721559104354
7 0.433504 120.024113824259 1.936807 0.793162798438801
8 0.398685 115.086342475866 1.990589 0.803757518553402
9 0.542386 108.943253357148 1.748767 0.742587724695317
10 0.511856 104.0456532768 1.761918 0.769571128696352
11 0.485457 111.429412936967 1.89371 0.786065618085784
12 0.489524 115.403133772193 1.866526 0.767842964971697
13 0.422125 119.361592355852 2.003211 0.779860954953367
14 0.309904 123.823408371308 2.109452 0.841440213082735
15 0.470737 110.475887840479 1.897543 0.798901699757903
16 0.412382 120.223180128957 1.966261 0.791454646921229
17 0.407494 115.658903299748 1.972039 0.799979884943278
18 0.415397 114.38736083533 1.984412 0.784806981845468
19 0.48244 111.884075047344 1.869861 0.766719715435928
20 0.459601 106.540927408157 1.923839 0.783710786474267
21 0.385265 116.642739427205 2.007774 0.767655850269793
22 0.59195 106.424630717307 1.639841 0.764803784397475
23 0.443904 116.320291214454 1.948209 0.796459134086967
24 0.397104 115.480879252385 1.97756 0.801429197947707
25 0.229649 127.111554218639 2.203005 0.861764991154945
26 0.468387 114.907275377448 1.870447 0.796959573844862
27 0.327735 122.405469633855 2.085543 0.78360221097237
28 0.470987 113.324044631157 1.915516 0.788610698498512
29 0.402372 125.139698330989 2.030128 0.835269429906095
30 0.297865 131.933635626731 2.154943 0.824598976561635
31 0.301656 122.776215239968 2.147285 0.819900961380092
32 0.400999 116.311183782036 1.982219 0.800153002937932
33 0.494556 113.896855120839 1.836199 0.795292477321538
34 0.37669 120.227318298524 2.060689 0.802359449535835
35 0.463811 111.225709104234 1.864537 0.787836613809038
36 0.545767 105.574582747803 1.741925 0.774338483409104
37 0.423017 115.802081484722 1.912289 0.796213263856996
38 0.404321 120.788790162813 1.972057 0.803919442215102
39 0.374252 123.463785893907 2.02623 0.804158365740262
40 0.323255 121.331911754617 2.112225 0.803310471507924
41 0.453644 114.285632002718 1.943332 0.782660885852952
42 0.396268 121.972203655325 2.017255 0.829621747737662
43 0.210272 128.85661637004 2.231917 0.846719005654183
44 0.519706 105.125988638678 1.835909 0.735838461847484
45 0.409534 113.383084383979 1.949842 0.759095523459852
46 0.337132 120.303552558449 2.07368 0.813667681300945
47 0.412684 104.604067308985 1.967152 0.794727573087257
48 0.361628 118.775230706377 2.04612 0.813677677827993
49 0.47366 115.723810179362 1.91033 0.773489382836889
50 0.325208 121.068559929686 2.096141 0.759677964711256
51 0.477787 116.361207260089 1.880246 0.799907693008949
52 0.32609 122.156554336973 2.091152 0.840186374156569
53 0.439863 119.784748438209 1.956004 0.793982257176492
54 0.515594 108.175265257716 1.800429 0.746035616454893
55 0.429882 106.95968361828 1.962254 0.765932620621481
56 0.541217 119.278914338273 1.765133 0.776835273266197
57 0.548593 119.125732973335 1.743513 0.741027102892753
58 0.319771 123.326853389977 2.125032 0.806296851260312
59 0.416799 115.431842214849 2.003103 0.763915401406305
60 0.571112 104.784388116175 1.711064 0.765350812441314
61 0.481777 119.539695396723 1.865812 0.796277974358283
62 0.372583 122.533749024824 2.05462 0.801423521547313
63 0.583244 108.490266406872 1.668179 0.758434734225286
64 0.235856 129.09697691685 2.197169 0.845226837755152
65 0.39614 116.358515179677 2.028043 0.806994330957445
66 0.46221 104.531002016994 1.927734 0.7410186571677
67 0.455849 108.179131661065 1.886447 0.760524497572332
68 0.405734 111.5100661853 1.983374 0.793778454708856
69 0.563083 102.538455688095 1.665285 0.745531208472423
70 0.459865 122.466512976177 1.896821 0.767838341987115
71 0.625772 110.243389046736 1.574694 0.765452841753102
72 0.413899 122.779979720369 1.986374 0.823251688011817
73 0.493109 108.105580218699 1.8727 0.73254508315941
74 0.464626 117.212734595398 1.9194 0.809656818286283
75 0.379476 124.478528754784 2.06741 0.800949399331022
76 0.360517 118.250655639271 2.061104 0.804927436164553
77 0.459202 111.143435901312 1.915542 0.777931414688524
78 0.395518 114.98543234533 1.958841 0.752282346483531
79 0.381657 122.010871859232 2.043159 0.801851556906591
80 0.332008 117.649373473137 2.0624 0.776699829577124
81 0.394335 115.998529054298 2.022436 0.811596813426303
82 0.390853 124.75457120756 2.053512 0.808771355638638
83 0.314702 111.474577281818 2.095427 0.798611457191954
84 0.285329 124.3659714669 2.135759 0.813034911286464
85 0.205998 121.149046558668 2.21554 0.835719927258711
86 0.470485 111.746430155424 1.904598 0.770095023132247
87 0.331962 125.245590018081 2.123612 0.830074980476929
88 0.390456 117.392229428583 2.02978 0.786370461542934
89 0.404271 117.224936562465 1.999403 0.813255422009094
90 0.311855 120.618684642632 2.144753 0.813577636946753
91 0.406217 110.949710011799 1.954476 0.761946752266262
92 0.339058 115.587334273414 2.070305 0.797292220361489
93 0.346295 112.256947431811 2.019726 0.801894583399414
94 0.472928 121.237323966845 1.909025 0.786613535743287
95 0.363023 111.311672782109 2.022739 0.783329305494022
96 0.368058 115.3247910586 2.035527 0.768725869235051
97 0.519313 112.693193701867 1.801163 0.783948059904877
98 0.259271 116.3505600176 2.16088 0.809991381505425
99 0.493327 111.867486662509 1.824365 0.773184025131647
100 0.460764 110.579807955853 1.912372 0.781932630038675
101 0.446705 110.940061512915 1.931952 0.778289008635922
102 0.383404 113.995281176241 2.014474 0.801650450403976
103 0.494383 116.574808127806 1.840763 0.785161722539886
104 0.313706 119.399039472387 2.117611 0.813441436374039
105 0.352274 116.016679997999 2.070708 0.8335016444869
106 0.428376 99.2754851092525 1.930323 0.769531935322533
107 0.333599 122.598805136361 2.115276 0.822284877399954
108 0.325961 119.947356073385 2.120464 0.806866462341513
109 0.503444 119.603958098412 1.813442 0.793948026732189
110 0.495849 112.560382780277 1.870649 0.7813630569644
111 0.2936 122.114997846325 2.140584 0.836839503764951
112 0.224377 129.676824726149 2.213858 0.850806321180406
113 0.306696 122.052914449032 2.145272 0.817795862964022
114 0.395766 115.622109078144 2.037472 0.820697251089082
115 0.510602 114.083341218537 1.847073 0.77037712411555
116 0.45074 122.421607675126 1.936479 0.818784494391451
117 0.369583 115.137608691031 2.030253 0.766576319674305
118 0.324784 127.182441369085 2.129452 0.826553366795593
119 0.319773 130.88703944418 2.137505 0.811545751224079
120 0.391741 113.891359837964 2.034804 0.782272858277833
121 0.362719 114.331773443509 2.071703 0.79659449409087
122 0.363594 114.902706813717 2.032881 0.77524733071436
123 0.377185 116.176768672071 2.054017 0.808260535640766
124 0.462234 123.549827615067 1.948148 0.784646386292999
125 0.432531 107.46334314734 1.928489 0.797580068656187
126 0.475986 119.091297560513 1.906774 0.797899840472227
127 0.523866 117.130634560904 1.796392 0.798156519380626
128 0.556279 104.911605202882 1.733638 0.71652647663989
129 0.508323 117.137711577655 1.850834 0.766014471359346
130 0.443599 112.421470743267 1.920498 0.801507715683682
131 0.393091 122.196006612514 1.993624 0.819142905028134
132 0.427466 124.969749958601 1.969556 0.776431565011494
133 0.65844 104.14248009521 1.481826 0.692445017855479
134 0.427502 113.97509504177 1.987419 0.789804936988699
135 0.295839 123.166085954652 2.137495 0.837158569263383
136 0.44809 105.67286113981 1.925877 0.782676527502712
137 0.396428 121.281298538593 2.001468 0.803265226638311
138 0.596178 113.799999036315 1.641876 0.748025428489684
139 0.463063 116.886955044119 1.911045 0.799839391618352
140 0.554056 111.033969561774 1.758146 0.754674655958668
141 0.329407 122.41084431597 2.105172 0.834841159801747
142 0.211862 129.388964020085 2.223385 0.871502952862651
143 0.379423 114.259772037799 2.03727 0.80121833218156
144 0.564074 104.022456361866 1.733473 0.746954794580837
145 0.405886 116.17624186709 1.954233 0.795122038594902
146 0.395311 120.410901334384 2.001949 0.823337672792105
147 0.183828 128.263968713539 2.247554 0.832451717591384
148 0.488275 108.701918771519 1.842208 0.760540171129144
149 0.506214 114.653629213084 1.825237 0.7445854193773
150 0.498266 121.125994331069 1.868448 0.785542873988459
151 0.291342 117.236499824063 2.115499 0.806201084701286
152 0.260557 125.896129662896 2.178028 0.828129284266379
153 0.43948 112.042296764033 1.938488 0.758287338556317
154 0.368065 121.265312309702 2.084991 0.799595300010337
155 0.496368 112.127580581879 1.850795 0.770813497234968
156 0.533401 110.776175383073 1.801461 0.719661115897256
157 0.33045 121.19545428408 2.116807 0.813000103665558
158 0.412453 117.820125338733 2.000466 0.777656491913556
159 0.445446 107.365322543001 1.946402 0.781670187939711
160 0.30976 112.447548269773 2.132466 0.803021428016536
161 0.238835 117.91573517024 2.178808 0.820089884282289
162 0.386667 124.965396959982 2.035949 0.818804573955322
163 0.409305 121.021740502215 2.003046 0.811979510879204
164 0.464593 105.958836064824 1.875365 0.770431561523269
165 0.290386 120.559089821003 2.113812 0.81388875028023
166 0.483333 113.449502153328 1.87828 0.798982226981606
167 0.364255 125.211529909991 2.050686 0.80043727670063
168 0.469216 112.392742854307 1.914816 0.757151509406324
169 0.426903 111.676402302688 1.965809 0.783823410804697
170 0.744703 104.860265004999 1.179401 0.731285962289743
171 0.551341 114.136808153339 1.718316 0.761351180835467
172 0.540587 114.026335425732 1.768255 0.781804458165816
173 0.2293 119.127558525374 2.203485 0.832240653881438
174 0.361743 110.256200896623 2.015812 0.784990291819512
175 0.363402 116.355286567254 2.078441 0.797279058451858
176 0.318685 115.603666280424 2.104581 0.790149157820985
177 0.376672 113.39817064298 2.028267 0.736466531888848
178 0.334852 124.536363622392 2.119753 0.80839349552427
179 0.511855 109.736167620625 1.772743 0.758506629423802
180 0.507554 114.276077706915 1.83515 0.75965620511597
181 0.520401 109.038512062783 1.823589 0.728453064825817
182 0.328934 120.153015139073 2.129324 0.800210177634955
183 0.426672 110.337405795232 1.951835 0.785505235399826
184 0.355385 115.60414091715 2.063178 0.809453661685813
185 0.498273 111.580613846449 1.861743 0.790910276527973
186 0.362934 123.18743016094 2.06316 0.812620234378659
187 0.372094 113.872794553776 2.042829 0.801643688345788
188 0.382827 124.191283146417 2.023545 0.797353574071516
189 0.449274 128.188753924137 1.96425 0.804874252190045
190 0.355311 125.99322740134 2.097919 0.806575418354179
191 0.51212 116.480788439933 1.783519 0.780236530772385
192 0.457428 117.074910061368 1.917748 0.827590876171841
193 0.527228 105.158535526743 1.791116 0.732707496356988
194 0.452461 111.751831636007 1.920199 0.804143853212036
195 0.421656 115.859536349837 1.982574 0.719874825038833
196 0.545505 112.895847642702 1.77784 0.782585946567249
197 0.332275 115.158049854579 2.089737 0.806475808965117
198 0.314567 132.003906332636 2.129729 0.837450682741294
199 0.441893 122.222723701613 1.966726 0.793439780328984
200 0.441002 104.940666357271 1.862456 0.769450217413842
201 0.217186 126.765436299969 2.220019 0.842988889277065
202 0.285269 125.100091694632 2.1055 0.812377770248743
203 0.366461 119.020258714818 2.06572 0.816421403088425
204 0.368055 117.971764860578 2.041847 0.800105695396998
205 0.453245 113.676817046139 1.899903 0.755140332267567
206 0.369612 119.748123090419 2.057724 0.816766073134903
207 0.413389 117.773344277071 2.009271 0.794992500231926
208 0.331813 120.240988935578 2.106413 0.822010148468966
209 0.467341 114.904096602016 1.867015 0.805459936435142
210 0.393737 116.285677595504 1.990541 0.786414104483579
211 0.437541 117.753481250038 1.975569 0.793694729750407
212 0.242214 122.127083395882 2.207869 0.836595470388523
213 0.392422 114.413487897731 2.00721 0.804254059442864
214 0.399782 114.914677876937 2.017687 0.812786240588476
215 0.405293 111.55913113902 1.979934 0.795604597395869
216 0.344636 122.893755809457 2.079028 0.813852162905743
217 0.453269 105.995714017019 1.900101 0.759173926050497
218 0.451958 103.235339777073 1.946141 0.719927210843733
219 0.383922 115.593815499352 2.05429 0.806921540548839
220 0.450517 106.598235790167 1.950682 0.744456075419128
221 0.408256 123.454781650665 2.025597 0.809549355793675
222 0.272232 125.187054377664 2.171497 0.830926598494954
223 0.469025 120.120118111971 1.855029 0.784131291694269
224 0.536952 111.142107141172 1.796859 0.77475303501136
225 0.38511 116.243600667754 2.02933 0.789773776895312
226 0.367322 116.34008311902 2.025758 0.807329259942837
227 0.530571 109.647734235999 1.802565 0.753256937714569
228 0.63075 103.165996340025 1.560682 0.726774292089258
229 0.389593 116.951380491686 2.015757 0.804967081200009
230 0.354437 108.498922652797 2.051357 0.768988884522703
231 0.434605 111.961339542922 1.912869 0.78094995922116
232 0.422206 111.399052847951 1.950049 0.785752290470791
233 0.372354 123.026205920318 2.062741 0.804860083506563
234 0.474129 111.238909868702 1.903004 0.778617686262064
235 0.35166 114.331524701621 2.036611 0.804151072581744
236 0.233792 128.598253784793 2.205488 0.850510265329094
237 0.60006 100.551724370715 1.646677 0.706172492614007
238 0.521257 117.57329382898 1.826096 0.766271097004508
239 0.502458 102.771024928368 1.805301 0.754858943692865
240 0.407005 115.891335229824 1.963579 0.806385493271664
241 0.368889 119.242443794202 2.044234 0.790690365467147
242 0.347694 115.488049656148 2.057884 0.810668713120074
243 0.348103 115.152585762363 2.10789 0.770694612144826
244 0.45895 122.887924256444 1.898181 0.802952057293463
245 0.407883 113.152299086371 1.995558 0.768490396779351
246 0.475684 112.450929486558 1.897491 0.78078746313135
247 0.45852 110.189415196716 1.947842 0.771006911419535
248 0.248856 121.114318728912 2.184436 0.842928738991847
249 0.408507 122.619907682854 2.009557 0.813772611955845
250 0.476357 104.179362062155 1.863104 0.765074149944191
251 0.272254 122.792714110281 2.174191 0.827003525892144
252 0.450944 114.443545257907 1.921666 0.787927872865084
253 0.480062 115.007714425082 1.848829 0.75345523064648
254 0.451461 118.949775788074 1.87629 0.769425304466384
255 0.338272 118.096211272248 2.047087 0.820749620554897
256 0.206464 130.374486084525 2.232615 0.852769656064571
257 0.381322 116.542858042712 2.042176 0.747357509996722
258 0.329321 115.327062127847 2.103866 0.792080773537799
259 0.319683 114.991076120397 2.129551 0.810615452005974
260 0.428152 123.275977213415 1.934503 0.802952414530275
261 0.29301 126.935225636988 2.142071 0.819562410711992
262 0.269493 126.775171569921 2.183815 0.859497129596337
263 0.5312 109.169517003148 1.729841 0.777729380976516
264 0.417463 112.313132719821 1.941022 0.768720388307862
265 0.513998 108.062157239756 1.847998 0.763486093177939
266 0.378923 122.256006950784 2.039757 0.809703315657297
267 0.383355 115.368153002624 2.05204 0.800508088500596
268 0.328485 111.173363485752 2.070924 0.787074612862322
269 0.46872 115.873439776553 1.836252 0.804959960653575
270 0.292854 117.148636045343 2.124595 0.832923705570607
271 0.263788 115.951411896737 2.137477 0.809869764103582
272 0.259703 123.764996077872 2.179053 0.830491663912178
273 0.303565 122.628231862826 2.060524 0.810894986106238
274 0.453853 112.369454269965 1.895059 0.800174235591532
275 0.33331 118.549924801791 2.052065 0.793047257851642
276 0.375942 113.64325615496 2.040639 0.794991533085143
277 0.260012 128.543380119276 2.185292 0.846048938430439
278 0.40358 116.0800772269 1.98552 0.809122590558712
279 0.460661 109.760169931089 1.874488 0.769548684612248
280 0.482756 107.922539204862 1.869077 0.743227482518303
281 0.406607 112.95926214142 1.94827 0.733134626166677
282 0.486965 117.666232613785 1.868773 0.782708456941096
283 0.325629 115.801990790213 2.128296 0.800808437695286
284 0.425913 128.747076565212 2.001294 0.805810275641723
285 0.526221 112.619205957362 1.796081 0.73866316697381
286 0.522062 110.303850280545 1.787371 0.774631187788244
287 0.680191 110.388678371428 1.424243 0.714308694902793
288 0.40858 114.107790431778 1.979753 0.787195694948489
289 0.434665 114.430566721893 1.959324 0.796052790401777
290 0.500866 110.652017071151 1.850019 0.743846928537982
291 0.28719 117.674735642797 2.114513 0.828547268967587
292 0.294502 128.408499512732 2.153904 0.816553483825779
293 0.280129 118.577487093095 2.140731 0.834688020852018
294 0.321359 119.64169578282 2.122446 0.825968832321656
295 0.343332 118.497374889774 2.07142 0.787426786772951
296 0.408011 110.691029703879 1.987243 0.799132977713418
297 0.289939 125.953368330834 2.154278 0.829272005700423
298 0.422618 111.68788419887 1.988186 0.813805986375665
299 0.451368 113.877135129251 1.938044 0.798617818016816
300 0.283408 117.445640193095 2.140504 0.813304946903489
301 0.396638 108.003626712643 2.015716 0.787492193454368
302 0.442664 114.767158961465 1.92897 0.75427300036663
303 0.235327 127.41030176583 2.179224 0.835679828081693
304 0.447409 115.143948303007 1.915291 0.782288918613139
305 0.487307 118.860601498288 1.846041 0.797129149121812
306 0.298255 121.3934061488 2.157728 0.808175968305736
307 0.519769 106.475187791998 1.75031 0.747568837515704
308 0.397109 117.44618749226 1.968095 0.805549160650147
309 0.539834 112.899160859297 1.770455 0.768834909583637
310 0.311917 121.017882076887 2.12986 0.820888242091565
311 0.33333 124.491926256535 2.109623 0.833707523436461
312 0.430209 113.626382596524 1.93752 0.776126242782594
313 0.321777 120.883280694587 2.092118 0.819214404822681
314 0.377955 123.661535679788 2.002586 0.831274290950859
315 0.483913 116.846634276696 1.896868 0.79247987741164
316 0.485491 112.48054217494 1.865405 0.711424383265423
317 0.465153 110.422018402248 1.89037 0.747199328940931
318 0.464728 120.806597089177 1.937966 0.755058032315736
319 0.57914 113.497698129078 1.695231 0.76596302603238
320 0.552115 114.375169645624 1.74464 0.77336581423352
321 0.587237 116.55697747866 1.674829 0.763630318394221
322 0.49903 116.600232139898 1.835903 0.783347720999505
323 0.258286 129.839679160968 2.165116 0.817606958650723
324 0.52372 111.576912820666 1.796442 0.761203345871629
325 0.284998 125.633848564302 2.126718 0.821541014261599
326 0.293471 129.648826822603 2.149366 0.811499735697286
327 0.455242 111.910683035803 1.915322 0.777546590047596
328 0.21805 132.714061835009 2.228792 0.844991226582463
329 0.391195 128.31129529482 2.050426 0.808869357730258
330 0.453898 117.548498013908 1.911598 0.811360310043381
331 0.254519 121.220583439855 2.164547 0.820287880706644
332 0.225059 125.142774835029 2.216302 0.829215236267667
333 0.43845 118.684125784608 1.956677 0.813921176584074
334 0.333 114.658424130569 2.092533 0.798645317776772
335 0.278908 130.643512411652 2.162986 0.813789308479055
336 0.456305 108.306407305331 1.921352 0.773442557264389
337 0.5597 110.936517480185 1.65427 0.753370995374807
338 0.299338 118.79290669031 2.141763 0.828292902393271
339 0.526122 113.920639716292 1.783125 0.762519552924774
340 0.333973 122.338934961769 2.085067 0.798217548851894
341 0.610629 110.685622691496 1.604209 0.748322779243957
342 0.392798 121.422887347145 1.988208 0.835291743262765
343 0.398273 118.396100653777 2.003762 0.779541170067147
344 0.501924 113.562850080524 1.846931 0.786527227851896
345 0.180514 127.565168588876 2.217951 0.838994980637356
346 0.440797 103.084539870569 1.922691 0.775585780822041
347 0.530359 110.793118632574 1.803222 0.734842139629669
348 0.332407 117.740805777576 2.096277 0.826335269070332
349 0.434291 111.332508824406 1.962134 0.761409942664457
350 0.358091 120.610577979505 2.09577 0.791112993487015
351 0.507304 110.745198771416 1.828245 0.671176562251931
352 0.345987 122.873481649912 2.111073 0.840089658008454
353 0.381423 122.92896764108 2.061798 0.805776043642608
354 0.335619 129.720984905127 2.093339 0.824781869898318
355 0.290285 116.759445365757 2.145012 0.814092407910294
356 0.651416 111.83659237792 1.443273 0.728236437059021
357 0.413385 116.405469114505 1.949168 0.804102943868577
358 0.325933 121.644096625115 2.093682 0.825361068846875
359 0.309848 115.052137653431 2.106719 0.80886519295667
360 0.43316 116.431350505602 1.966894 0.806470582977559
361 0.386989 121.05792793526 2.028903 0.794253514485452
362 0.317837 123.469434801357 2.130036 0.832313823424581
363 0.426569 108.352404921931 1.967607 0.777425590660925
364 0.41007 123.370677640051 2.004425 0.765601940480065
365 0.370634 118.089460877302 2.045049 0.815899227761779
366 0.423038 113.099911804251 1.951411 0.798780140960552
367 0.5128 112.442962069069 1.849414 0.749338322869101
368 0.595006 105.617715431401 1.656598 0.702175570463525
369 0.478646 113.604116384957 1.915066 0.720462866186512
370 0.49325 116.999044117814 1.857457 0.792866018821167
371 0.459261 113.637855100738 1.899326 0.790773966761017
372 0.563809 106.496990864193 1.736925 0.767803752738613
373 0.448546 111.721429120659 1.914076 0.775238605239512
374 0.394744 118.190288654969 2.028528 0.799743791097675
375 0.506506 111.728214898926 1.848317 0.772356285609172
376 0.421625 116.774058096658 1.974667 0.784471470406251
377 0.384898 117.597826568801 1.99151 0.810037928894841
378 0.400202 114.640135346554 1.97181 0.798231457496008
379 0.478219 109.250645699206 1.908361 0.791619440153474
380 0.385181 116.974738216584 2.024713 0.812286511908103
381 0.496667 117.019634393712 1.872323 0.790608256289688
382 0.394841 114.910423829252 1.994285 0.785351987986306
383 0.443847 119.915294691237 1.89636 0.80325602029573
384 0.400776 120.208442783448 2.018004 0.826720312484212
385 0.388297 118.444299171488 2.007495 0.807198662028469
386 0.201848 121.202151555298 2.193834 0.815075486485205
387 0.279177 122.085105835914 2.16016 0.834121297156589
388 0.568125 114.098321138119 1.741112 0.787993264584725
389 0.380836 127.090814175343 2.022367 0.843136070059774
390 0.518604 113.832215636872 1.81723 0.791001297896004
391 0.480385 112.519220681769 1.888976 0.800313015445114
392 0.501341 112.861774318001 1.855366 0.782054758839832
393 0.395249 126.188354960327 2.00923 0.807748174382319
394 0.356562 122.269525506676 2.085701 0.794226238774584
395 0.386506 106.617304329042 2.005542 0.773326394533002
396 0.484028 108.708199796248 1.833302 0.758341183439714
397 0.37473 117.626590418324 2.027926 0.792203088701268
398 0.427269 114.021956938174 1.943467 0.786247030246255
399 0.392265 129.615843548366 2.02379 0.835051902991571
400 0.358488 118.527604753702 2.059502 0.813018224516588
401 0.359946 109.605288769618 2.029762 0.79601576994223
402 0.394093 115.556745589504 2.016132 0.793852812949485
403 0.447048 120.747548088467 1.942823 0.809533880991822
404 0.352023 114.036110275311 2.050555 0.802445956256038
405 0.3621 117.236195930275 2.034408 0.802628099022926
406 0.524333 109.802622441136 1.783643 0.76649629984755
407 0.489794 109.6355581268 1.827419 0.780315822985837
408 0.321805 117.296828248164 2.11755 0.812637120334842
409 0.46992 108.646143504049 1.86711 0.789132267885454
410 0.557706 110.651603092637 1.725099 0.733310355075049
411 0.337489 121.238905158599 2.083112 0.818038513668619
412 0.267877 126.930885403146 2.18192 0.848576929623727
413 0.258753 132.471768159399 2.193474 0.849425203142859
414 0.218696 125.217490473177 2.209153 0.829880074039611
415 0.307477 121.051985568325 2.124515 0.810195946511445
416 0.371705 125.262976645796 2.05453 0.827221550660384
417 0.219149 117.639576540013 2.202022 0.814971479150215
418 0.307384 123.713669026991 2.138093 0.812361521320251
419 0.331684 116.613766343951 2.06149 0.810088041692029
420 0.311115 122.61298852425 2.148382 0.822344250647937
421 0.560031 114.336729049178 1.715666 0.762933311594373
422 0.50624 121.74858071443 1.846361 0.760873346764863
423 0.41232 115.199601692243 1.972603 0.758936844571171
424 0.419538 105.422957303225 1.971081 0.773336560459341
425 0.49746 115.55161227346 1.864268 0.769818604223263
426 0.277184 123.491834605018 2.173036 0.845834846834225
427 0.450932 115.401857281091 1.909184 0.759133094206221
428 0.326302 122.108618104258 2.080607 0.804901089412906
429 0.358036 125.260392021038 2.062765 0.772773275350194
430 0.403305 119.703039627564 1.986351 0.759288014384991
431 0.413914 125.208401599043 2.00435 0.80798056039391
432 0.412963 119.494139306811 2.013781 0.766749900513012
433 0.176228 128.313263766759 2.247615 0.843449010160394
434 0.350169 119.797587920798 2.077984 0.812956230723314
435 0.343859 117.271917023254 2.089598 0.796672910248507
436 0.509868 114.412058301088 1.847143 0.79017582856802
437 0.265389 120.013555169032 2.178591 0.831544845259195
438 0.480167 123.938589667753 1.912799 0.818021103403647
439 0.425247 120.253008898454 1.976655 0.805868474723364
440 0.436909 117.011713920514 1.978408 0.803394277172217
441 0.349514 108.689839384625 2.036563 0.758367042376264
442 0.453532 114.995772496172 1.930291 0.779493971580157
443 0.363297 117.999246039673 2.032653 0.810990943154546
444 0.337786 122.069431570513 2.109638 0.768984438398054
445 0.32133 124.414716529124 2.117258 0.79020714399427
446 0.387364 108.613444534983 2.016219 0.801645117908938
447 0.429754 114.491686858125 1.91282 0.759087221379312
448 0.410687 121.709548316655 1.996488 0.763441693883737
449 0.336965 116.808932524115 2.082414 0.811001274159572
450 0.463724 111.782807430997 1.838102 0.773162775665771
451 0.340867 116.282558331757 2.069123 0.813974382782031
452 0.367068 117.386228321436 2.031255 0.78290066349877
453 0.243652 130.225140429679 2.150982 0.801344686681584
454 0.40951 113.594699892986 2.005174 0.801691755926013
455 0.204385 126.028533229786 2.220033 0.833997584942068
456 0.365745 110.661032466987 2.017633 0.801089979628574
457 0.312153 121.833334715758 2.113423 0.816735347277569
458 0.534725 112.217177661718 1.799194 0.783042100946902
459 0.38923 117.479218444269 1.989568 0.812700069085412
460 0.454354 110.011539025501 1.936214 0.748252418753562
461 0.519813 116.325435018361 1.821665 0.779426705058866
462 0.407002 117.037277471553 1.99473 0.812367122010035
463 0.332606 120.974877425052 2.083356 0.788719131216667
464 0.486791 112.359119495928 1.848133 0.738499377039088
465 0.284542 121.145431901603 2.121041 0.824663962586874
466 0.348361 114.321092208292 2.076199 0.789658773799071
467 0.315655 127.269588032465 2.141824 0.825439834270928
468 0.505641 111.937080762813 1.825424 0.758620070628501
469 0.252906 128.160188314613 2.188947 0.833896247644347
470 0.380342 118.35308346148 2.010922 0.792459517304222
471 0.42959 121.766620451525 1.993826 0.78110351545526
472 0.230612 130.419984384669 2.203308 0.854330823988558
473 0.413277 114.248733492425 1.964658 0.79508521255635
474 0.389905 124.047209464461 2.032632 0.786357293722073
475 0.463654 116.574737657923 1.887753 0.753499176495635
476 0.470774 117.513809013657 1.877131 0.806146437740919
477 0.459416 125.51709134742 1.940509 0.790711309190386
478 0.484478 107.885942343174 1.883212 0.770861222107589
479 0.446406 112.554653404519 1.971065 0.791009889522298
480 0.473209 115.600974787105 1.908122 0.771634359909748
481 0.538871 114.601187644168 1.788235 0.755276441829636
482 0.390342 118.920214582636 2.022664 0.804852623655166
483 0.429114 118.642031405976 1.998054 0.769700913464499
484 0.40152 119.065216889713 1.982076 0.781045713970736
485 0.519035 104.828437275982 1.791848 0.752265583540434
486 0.329596 123.216022099401 2.105724 0.81519414621651
487 0.257661 117.419459379597 2.175489 0.811087594651078
488 0.502882 108.348271328051 1.854721 0.748325946492511
489 0.605351 108.054448917849 1.590307 0.75176712524525
490 0.434004 119.147370376066 1.973931 0.793024721937336
491 0.320946 117.994933806229 2.133461 0.82104273117698
492 0.438759 118.448162200247 1.921017 0.821356803306241
493 0.403468 113.639184536367 1.977726 0.786356956654537
494 0.31827 119.926780163919 2.111295 0.805626783593122
495 0.595549 114.136592808154 1.648875 0.782559088907631
496 0.343225 123.682730164623 2.108005 0.798677687283542
497 0.453003 100.991814254235 1.947324 0.772924419856016
498 0.444697 106.342258518325 1.913839 0.750925507501796
499 0.472582 115.957543777879 1.918451 0.748975170775035
500 0.414246 120.102982564872 1.980119 0.820965672330567
501 0.528761 116.335474722787 1.740429 0.741687410751827
502 0.542303 109.950812308223 1.714067 0.73462880875392
503 0.45285 114.810891759315 1.940612 0.773454435376324
504 0.214719 131.599842286293 2.211923 0.855536217795135
505 0.485239 115.28365362161 1.863222 0.755828594001414
506 0.508075 119.092971494465 1.816626 0.750124098731001
507 0.423504 111.495771084514 1.95782 0.777597815112772
508 0.351002 121.256123313716 2.05209 0.83078796632226
509 0.310898 122.431491947791 2.085571 0.789087907027993
510 0.609438 119.791893413989 1.635665 0.778070751917523
511 0.416327 125.722155629976 2.016178 0.828501290839892
512 0.361567 116.301194297952 2.022689 0.817906402027569
513 0.372006 116.266539365972 2.028681 0.819603573686054
514 0.48057 110.548583349796 1.86834 0.751678560503301
515 0.36054 124.239382546917 2.083668 0.819561088229575
516 0.26148 123.439757446265 2.144185 0.83458790096558
517 0.329967 118.97246131218 2.093813 0.812121151515798
518 0.265125 121.884293340696 2.191009 0.838305102073674
519 0.414191 116.437222770408 1.987537 0.782927195316345
520 0.294264 118.708068744005 2.115845 0.808870207751079
521 0.302037 117.578577313296 2.105432 0.830529080126983
522 0.404497 117.520803913475 1.997996 0.801788445819478
523 0.514073 123.621835108466 1.849386 0.767781518612905
524 0.358658 119.489462374706 2.074002 0.812331291938662
525 0.25604 128.090454752079 2.196263 0.835406520028682
526 0.437901 113.698256863161 1.968348 0.770548438332821
527 0.476417 117.118829903855 1.873552 0.782249503763871
528 0.339761 126.128749188923 2.087648 0.810446533202749
529 0.318332 124.020628669741 2.131117 0.819315515158458
530 0.373229 122.777988734872 2.012065 0.797466298452945
531 0.433073 115.489793206115 1.885474 0.808078571013592
532 0.312481 123.484493450664 2.097998 0.82830252373455
533 0.542309 116.454134911222 1.784717 0.770846205566552
534 0.564349 113.781025472511 1.684963 0.719507321650557
535 0.353789 110.662534293257 2.072694 0.7966594865088
536 0.535915 112.179612354686 1.755378 0.758086341051971
537 0.409232 121.24134832638 1.985718 0.807134002362359
538 0.441675 115.989998212477 1.954491 0.764959325991769
539 0.455221 112.995854725685 1.895767 0.79134353352267
540 0.413209 114.003155850602 1.990736 0.799878992883071
541 0.334341 121.288890690016 2.050791 0.807161270297171
542 0.336441 115.796549347639 2.081185 0.801134503727334
543 0.450461 108.575868332703 1.912411 0.759411200806245
544 0.357826 117.428853273033 2.072863 0.805491752487182
545 0.422964 120.813662097989 1.987906 0.819681989897551
546 0.436153 114.887894824915 1.952335 0.784947412622177
547 0.546546 102.245267506538 1.752651 0.721681432913019
548 0.332981 119.776905379681 2.095801 0.811762478258353
549 0.321913 115.893144130193 2.120333 0.789968959281871
550 0.331583 122.819124584891 2.092155 0.832189361730982
551 0.505516 113.986434410861 1.857699 0.77833243754329
552 0.538205 116.571250877757 1.784715 0.769042849307907
553 0.465359 119.790165144484 1.932806 0.786865308715989
554 0.330325 120.297737344095 2.080615 0.791994046662448
555 0.286317 120.777363427569 2.162865 0.826563511945363
556 0.35762 125.894149871391 2.072779 0.821223437175386
557 0.373901 116.000649728241 2.073501 0.762302094912283
558 0.507546 114.786170942338 1.850884 0.776803413015899
559 0.271144 120.2483628335 2.152012 0.824724772469795
560 0.370827 118.238738046224 2.065541 0.800535507477413
561 0.434455 114.951782154042 1.94341 0.779202941122713
562 0.53115 110.337286453583 1.789948 0.766758568856811
563 0.33339 117.48490394954 2.082647 0.817136183898898
564 0.491997 115.093122106798 1.878846 0.732940313972188
565 0.542175 115.545128874838 1.747165 0.774228309013074
566 0.353638 120.767885456251 2.04839 0.807562173526222
567 0.487129 112.686569849585 1.77957 0.775292711400573
568 0.463734 120.177247330452 1.851121 0.775431569554503
569 0.3189 114.995881819582 2.093302 0.815626020569214
570 0.504787 106.589821064066 1.829908 0.768538814911505
571 0.390295 116.633758485012 1.981971 0.80685925741054
572 0.553841 104.034565974452 1.737224 0.724473666032756
573 0.34487 111.555730414982 2.068744 0.796156567061303
574 0.41204 116.613460716977 2.009492 0.786475837873942
575 0.27108 118.026505718418 2.15123 0.801177959775633
576 0.389918 114.703986559953 2.011542 0.709425009805523
577 0.307716 119.798968542907 2.110336 0.814223301230936
578 0.401109 109.764490437166 2.002137 0.764765175052198
579 0.449879 115.374098252607 1.91869 0.759977472838336
580 0.445563 117.246187706145 1.92571 0.789928037667059
581 0.310515 123.810432313254 2.144443 0.812373697016727
582 0.258921 119.578984027618 2.187275 0.84097504104094
583 0.27418 119.744443336864 2.166248 0.814092288933956
584 0.320924 121.763393252916 2.113114 0.824628691377871
585 0.664211 102.828125012891 1.482018 0.694581648540881
586 0.268332 120.991951799628 2.171105 0.809521957415762
587 0.357624 114.648765088684 2.044113 0.7732797332165
588 0.486896 111.919733075202 1.851426 0.702103213470048
589 0.403122 120.17690779827 1.995401 0.805311567267288
590 0.438623 115.835348306669 1.963775 0.79722897739832
591 0.38072 117.320396280799 2.049793 0.789344320971135
592 0.434788 114.892596403246 1.949339 0.739146004753951
593 0.382258 114.973448416063 1.981022 0.799672623070201
594 0.559503 115.711389255565 1.745215 0.778102858956943
595 0.272736 125.67267925437 2.170164 0.840420327649212
596 0.36356 117.006585173431 2.06588 0.776862296092275
597 0.422507 115.253832944671 1.98075 0.783402102833586
598 0.486489 115.038280768864 1.885175 0.784993756683123
599 0.29006 119.590479942976 2.075308 0.798165180005604
600 0.515721 117.906462840943 1.795973 0.79851466268692
601 0.464401 121.124246877277 1.860676 0.799640603170858
602 0.386698 114.55840236766 1.999786 0.793299443749754
603 0.399693 114.03310102291 2.004048 0.778516427305895
604 0.18024 126.060699835273 2.228792 0.849398063158727
605 0.31263 127.289505717065 2.124526 0.850561085037166
606 0.438718 118.213220027889 1.968063 0.77124317899453
607 0.476277 108.29330758862 1.856895 0.74538785154147
608 0.319895 114.363061982464 2.102232 0.788718023694189
609 0.333146 116.78417770022 2.096224 0.799395571833114
610 0.249051 120.676979193972 2.194829 0.829581764965871
611 0.33203 113.76503127135 2.072831 0.786122863376159
612 0.344738 117.820468893659 2.046861 0.789526206074746
613 0.206087 124.59029368068 2.231889 0.850651667536515
614 0.341533 117.633916252183 2.087571 0.804393172543981
615 0.445829 119.765081625895 1.962987 0.780171876063406
616 0.343304 116.739990836924 2.083962 0.815526839612937
617 0.344448 123.723706305401 2.108406 0.831900145389303
618 0.449736 117.351775596018 1.934647 0.817796080696846
619 0.396135 122.16573991189 2.028508 0.805661975493332
620 0.426201 122.966946721496 1.977059 0.781478641894508
621 0.372692 117.382477565044 2.045533 0.825080504446589
622 0.342771 117.927752164012 2.083994 0.812377883814782
623 0.364305 114.760835961393 2.031752 0.810228130596583
624 0.595087 102.266421360317 1.662267 0.733039566475166
625 0.37936 121.535042159917 2.065619 0.832340000543537
626 0.380096 120.433634993985 2.035306 0.813685891612122
627 0.325407 123.621177194818 2.057138 0.818845956558832
628 0.376599 112.09407644007 2.001883 0.78057681945819
629 0.331995 120.055121093428 2.098578 0.809396397811736
630 0.372057 121.937838892114 2.08144 0.829135008383007
631 0.388894 116.181960104395 2.012412 0.801843841147008
632 0.440991 110.77623095323 1.969298 0.766850034962244
633 0.345641 120.559853472171 2.08219 0.809248392470977
634 0.34052 113.836446824199 2.092401 0.806613851212673
635 0.581465 106.955089510987 1.674807 0.761527414847424
636 0.188373 127.321147115755 2.241668 0.852168114434401
637 0.408742 115.783309633382 1.944702 0.800217473745537
638 0.432805 120.820369592573 1.970217 0.819661761471726
639 0.261998 118.320303225774 2.17867 0.82964836150824
640 0.460792 123.752237146129 1.951259 0.824857573606413
641 0.345495 118.748903988911 2.050836 0.800402689758589
642 0.240197 128.34863157214 2.20297 0.842277411611223
643 0.465251 116.0439815047 1.904021 0.783745202686911
644 0.426202 117.169858319556 1.934388 0.800084283608823
645 0.431139 112.120668678055 1.939643 0.776176717587425
646 0.569484 109.880511977283 1.716876 0.763260957255777
647 0.455181 113.729368942382 1.917508 0.818602231342504
648 0.471914 113.035817279935 1.853315 0.772092494253969
649 0.32372 119.40982706507 2.066353 0.813285049482875
650 0.344495 123.92448313315 2.086172 0.817645556522563
651 0.578106 106.576081737946 1.670416 0.742757295098056
652 0.283464 113.272233041448 2.136869 0.794982596932751
653 0.478242 111.27575893032 1.889234 0.767839861201846
654 0.34039 124.607600381769 2.021121 0.809686978910875
655 0.34673 122.289017181077 2.077933 0.79750540154928
656 0.328681 117.341325539511 2.102707 0.823413144737715
657 0.511762 113.944559101086 1.806562 0.785084853258501
658 0.360597 127.638786405095 2.068768 0.829588330392226
659 0.361447 123.581502724855 2.053211 0.815868516238687
660 0.341649 112.883528769632 2.046557 0.806045306476531
661 0.461808 102.528491018527 1.875058 0.746113781431626
662 0.417174 114.961025884097 2.000896 0.76289712685891
663 0.404695 121.794435380561 2.034507 0.800176497643721
664 0.397528 118.175137798845 1.976506 0.803811506626801
665 0.421431 108.568570540651 1.940539 0.786591872268465
666 0.351315 118.586198669838 2.074606 0.811187105110593
667 0.292371 130.678493924523 2.152022 0.835667833223002
668 0.312452 125.804936879676 2.136494 0.840125599970888
669 0.288994 116.135181436341 2.166096 0.843261616510956
670 0.350427 120.149547853436 2.057798 0.80219837134633
671 0.265356 126.934607365533 2.131876 0.791087576454938
672 0.472663 111.919733798419 1.892141 0.763984697950523
673 0.331735 116.019068705275 2.121069 0.783881812370085
674 0.319505 115.815235831107 2.117451 0.804532554517591
675 0.402188 119.917697005784 2.029216 0.827949538746001
676 0.343896 121.184709148378 2.069791 0.823253174041507
677 0.288018 123.213406551508 2.124942 0.841691445458891
678 0.432847 117.507197886178 1.931972 0.791988822312127
679 0.38627 114.869143982471 1.99846 0.832857512862432
680 0.390433 119.102761049646 2.030825 0.820257581284841
681 0.375737 120.737912315154 2.032844 0.775380665872461
682 0.491058 111.604101978985 1.895615 0.758854398074267
683 0.398622 121.375344573234 2.021933 0.79792055840479
684 0.529402 102.957535127122 1.813349 0.78519963470048
685 0.682296 105.918793389958 1.429559 0.692736940382737
686 0.345274 122.842317562064 2.07175 0.810786572937553
687 0.455282 117.996584713353 1.945617 0.788290081430682
688 0.299108 117.736146291483 2.14785 0.805204180003464
689 0.267448 128.133335592984 2.186745 0.858842773899749
690 0.389951 120.275536639537 2.012845 0.810630994150251
691 0.472313 105.938369315528 1.804924 0.763794414544173
692 0.445095 112.203236669266 1.97031 0.786634051999911
693 0.436062 120.640003811019 1.975798 0.778421887017305
694 0.43446 114.274793878905 1.963539 0.774182718005325
695 0.507199 108.974470725572 1.846528 0.735072997437709
696 0.45615 117.531318887449 1.91737 0.792978942043461
697 0.592285 113.029308156321 1.674368 0.770486683609111
698 0.638889 105.698383980537 1.552681 0.741717601304738
699 0.434917 110.542512066643 1.93909 0.767838853049572
700 0.354328 113.14871852949 2.063521 0.787503627108077
701 0.620376 111.743016459991 1.605808 0.578670493599628
702 0.333168 118.510316915628 2.087669 0.819698438957955
703 0.380958 116.935570209604 2.049488 0.816935588347928
704 0.243311 122.779269093527 2.140517 0.804836938651635
705 0.353788 113.480385787908 2.017791 0.788578323567178
706 0.450204 122.915182243674 1.924052 0.809889070321296
707 0.28781 116.853566981722 2.105542 0.812540412933251
708 0.623878 101.937888857099 1.571742 0.692749710916171
709 0.404725 120.741640775983 1.976183 0.791869915999629
710 0.568209 110.88606275758 1.723239 0.73120065310515
711 0.343046 122.82445165921 2.086999 0.817550388747026
712 0.422846 118.182959087948 1.989334 0.771003647953716
713 0.452945 114.981252526255 1.923003 0.789521915210331
714 0.301345 118.14548318019 2.137611 0.793251949329234
715 0.432472 103.612747903426 1.948081 0.775802471128541
716 0.4713 121.554137533936 1.902173 0.768537246466598
717 0.432497 123.303603534895 1.968983 0.784157817390679
718 0.326119 124.173479695142 2.114565 0.807850842914181
719 0.3724 119.691805749454 2.029696 0.81726765885914
720 0.516716 112.950228358637 1.809448 0.713853126559175
721 0.409955 123.834382441163 2.016164 0.834443338414467
722 0.338174 122.335121540261 2.105632 0.790718703981428
723 0.347391 117.292426738604 2.05918 0.811773339111924
724 0.277004 121.27101116756 2.168557 0.832313207066402
725 0.464194 121.264370031643 1.936058 0.771652261693686
726 0.245107 122.09110716856 2.183424 0.819261516758208
727 0.412079 120.295563478744 2.021279 0.75406700240764
728 0.624315 109.633045750128 1.588285 0.707538840296904
729 0.382616 119.361866232142 2.046921 0.807151604941332
730 0.530524 117.484450765904 1.799447 0.806867299965193
731 0.257243 124.410279291358 2.147 0.806663254967863
732 0.358522 115.931088273389 2.06365 0.793221898885466
733 0.349124 122.477526950013 2.04008 0.799019436832275
734 0.549287 109.69637844196 1.740494 0.799490590933464
735 0.460687 113.028517046967 1.913433 0.787075991438998
736 0.225275 125.964967261652 2.21695 0.828327453011173
737 0.353129 115.5777937633 2.058353 0.798161962416584
738 0.303168 115.525824193601 2.121669 0.803426079336278
739 0.483614 112.249260735262 1.844215 0.770420387409369
740 0.514847 118.527007376128 1.847032 0.782175420995937
741 0.128202 129.080564115911 2.27346 0.852374167962689
742 0.35404 123.444026792434 2.085435 0.788280047086531
743 0.576149 101.503304212087 1.700509 0.734968903737499
744 0.413153 114.925681402972 1.98045 0.802195087523541
745 0.34935 115.841591491807 2.031832 0.799574220372045
746 0.55634 112.464469743712 1.752521 0.782069799240946
747 0.358437 114.055075829225 2.070394 0.808776727441292
748 0.320232 131.691482264052 2.139203 0.835250997028692
749 0.287346 130.415630526594 2.160015 0.852822936654293
750 0.553994 116.180777470993 1.757255 0.786552272353128
751 0.426858 115.353684365617 1.976333 0.833358706366355
752 0.241271 121.280547014836 2.178564 0.797674227598376
753 0.287324 120.662149936473 2.156631 0.803072647494873
754 0.395143 120.109035751299 1.970358 0.804692683893606
755 0.565697 101.92181595637 1.672777 0.728343391265482
756 0.454692 111.634524117336 1.927992 0.766598939859768
757 0.385122 119.344982502969 2.024764 0.818267054215467
758 0.380772 108.286312744245 2.02618 0.777600404109533
759 0.382562 111.052815273475 2.016769 0.779951674250362
760 0.472006 117.535527719965 1.918205 0.765490801215018
761 0.370722 115.503747373642 2.02308 0.818756665333752
762 0.344323 122.770834567179 2.091274 0.830653724559507
763 0.46408 119.115479704596 1.925383 0.797238453387903
764 0.47623 109.240038971275 1.867035 0.785585883131537
765 0.437096 113.928218234475 1.9135 0.782087218645159
766 0.425166 121.337794778763 1.97333 0.816519238183219
767 0.389487 114.520151789022 2.02589 0.789163537102179
768 0.465235 107.198696739645 1.904269 0.732853024206553
769 0.327453 129.727834762998 2.099143 0.803468012598608
770 0.413725 124.386439112793 2.019208 0.825824571568413
771 0.42728 118.917145743633 1.961925 0.774459067806234
772 0.41472 109.276502311873 1.969297 0.790588315877389
773 0.445115 112.592311699857 1.928279 0.787372810931905
774 0.331808 120.589131529558 2.117762 0.801911908981516
775 0.34281 114.158282680451 2.05511 0.790601242891162
776 0.303375 122.854782004472 2.122757 0.793064708140972
777 0.358907 108.018464395364 2.097172 0.732097990750442
778 0.355288 121.594166805378 2.074658 0.821872408296481
779 0.41229 120.085210842504 2.012282 0.823131784107167
780 0.463257 119.56033484622 1.922404 0.78296296408739
781 0.468515 113.005167939091 1.905541 0.771638200661607
782 0.383203 118.878354124704 2.052308 0.814097006594265
783 0.405856 114.270564664547 2.031747 0.768398938605935
784 0.535835 110.304959075825 1.729482 0.766108288523175
785 0.400548 116.904730974436 1.977258 0.784533342340988
786 0.32535 117.387074672524 2.117018 0.80576091375418
787 0.365151 117.326317016892 2.074077 0.805364811767016
788 0.405805 114.899726511151 1.992438 0.787008925404913
789 0.315202 118.358888527688 2.110616 0.815737462361506
790 0.462741 116.358004510505 1.877074 0.800520824741128
791 0.431761 118.539117980116 1.983214 0.804672141303832
792 0.337389 112.936077331335 2.061485 0.803195987934756
793 0.521991 114.468251574803 1.811556 0.772978638562915
794 0.358212 127.253930036248 2.070904 0.806464548029869
795 0.46699 115.984642621225 1.869858 0.792676371362581
796 0.454924 119.613716420005 1.948781 0.775510920438364
797 0.512382 108.675831523269 1.810991 0.781557489813407
798 0.297206 128.068068940493 2.134914 0.852651626675313
799 0.315 117.486862310764 2.118209 0.803817697255109
800 0.398465 115.076485217456 1.96108 0.790722504874274
801 0.409071 121.701518611775 1.991194 0.800515796001116
802 0.466342 107.81063424409 1.809495 0.737093252568038
803 0.396463 120.305899630171 2.013265 0.813036544037564
804 0.464786 111.824829626172 1.936188 0.803112105592918
805 0.189901 121.511579799162 2.235246 0.841562564084451
806 0.419856 118.317691051372 1.952875 0.796876271934075
807 0.39011 117.974730255875 2.010473 0.802910371942458
808 0.517336 113.777225834816 1.82382 0.733842138357242
809 0.443683 119.762267461549 1.962652 0.79094905190707
810 0.443941 114.846299683388 1.877958 0.79616836103371
811 0.340176 122.547704207573 2.1003 0.820690518329672
812 0.537913 112.069746239196 1.778515 0.776827499082703
813 0.395602 123.227837170618 2.046574 0.780257868711831
814 0.472391 110.331886226853 1.901155 0.784953656246844
815 0.319887 122.06722371665 2.107155 0.812687899192366
816 0.394573 110.488343289039 1.993557 0.769623734923736
817 0.36261 116.06661791147 2.05546 0.77437869950848
818 0.388915 117.462002412957 2.010345 0.818295713495106
819 0.352811 122.824839834505 2.092052 0.824260411151692
820 0.357669 120.472890581783 2.057935 0.808129811583846
821 0.47186 110.402965677633 1.849062 0.774268904673506
822 0.436222 113.66151019527 1.954887 0.806989068963305
823 0.447125 115.035193955103 1.93767 0.769862204157297
824 0.395597 117.294737274763 1.98146 0.79765755670315
825 0.376882 119.67079241073 2.041655 0.818306570813531
826 0.188633 127.47528213841 2.246178 0.858483188074005
827 0.408407 119.322212396743 1.99689 0.776724090630417
828 0.433579 115.044887524568 1.951197 0.718158786446221
829 0.607009 109.727889199039 1.637611 0.749189415793389
830 0.143469 127.226904651585 2.256256 0.835258572212117
831 0.430984 118.995212731717 1.950155 0.813226594745228
832 0.562302 109.395360074456 1.688211 0.758531200615994
833 0.459961 116.878987810056 1.883822 0.808381800073251
834 0.417738 116.459485288054 1.965542 0.823791229542126
835 0.364119 116.36044309013 2.027054 0.783822822785258
836 0.53369 115.069364210414 1.780106 0.758490953411328
837 0.351698 119.056943262537 2.078219 0.817250135601069
838 0.295883 121.490814621241 2.15301 0.817139130585531
839 0.348244 118.854140323357 2.071662 0.779076484559488
840 0.397555 117.810433835393 2.016538 0.799023298873486
841 0.452574 113.041747774292 1.874238 0.77575468831541
842 0.167255 120.095706489123 2.258354 0.818323548462333
843 0.199942 133.299216603574 2.240369 0.829932990447779
844 0.525263 112.038442000161 1.793553 0.76983308987765
845 0.398494 118.844594736013 1.999209 0.79234060486202
846 0.648384 100.805974164109 1.50645 0.753272858289752
847 0.393984 118.065048220494 1.994684 0.808768652019163
848 0.317107 120.693032971773 2.114754 0.834340473755934
849 0.254759 118.761460914001 2.14267 0.811751034512576
850 0.46245 117.623707122993 1.877987 0.794727280057842
851 0.508175 123.95418051556 1.820248 0.809560364871708
852 0.240861 124.210302094438 2.19898 0.824847322270234
853 0.339307 113.541582920766 2.11474 0.81440940445054
854 0.478147 121.322378251162 1.90737 0.80472866662884
855 0.481912 123.79751059619 1.860972 0.823999347053079
856 0.461588 109.450918532444 1.913089 0.787217778333127
857 0.460656 112.618962757515 1.923277 0.786656524169962
858 0.516083 116.488389512423 1.811141 0.785869039749236
859 0.268377 118.331344582339 2.186665 0.809660728715446
860 0.377797 115.602625119823 2.052581 0.76517780964024
861 0.574764 117.462922976234 1.707007 0.789043247367859
862 0.253591 126.740051076233 2.178169 0.827603300202146
863 0.552579 110.715549958578 1.694868 0.769668659165102
864 0.435311 110.248798278016 1.953174 0.794162705432471
865 0.262084 119.04603690069 2.122456 0.81661371337863
866 0.33914 115.294036979053 2.062743 0.803909596547835
867 0.322783 118.640922186293 2.09574 0.790191900274169
868 0.430239 116.804705833474 1.970854 0.765069735470483
869 0.257718 129.955796938159 2.193916 0.855386419183448
870 0.436452 114.049570949953 1.953195 0.771977773981125
871 0.491455 109.91879589725 1.848711 0.779338486596709
872 0.485231 116.298140810161 1.911123 0.739464159151679
873 0.373774 121.939116273566 2.054716 0.817656822708823
874 0.413031 113.668003951135 1.981166 0.791042416088044
875 0.507816 118.949672242958 1.864162 0.798938927067912
876 0.431459 106.784357487661 1.95142 0.776250240797671
877 0.473354 112.906050791979 1.871853 0.790483940884463
878 0.435218 103.544555296886 1.925053 0.755927510845791
879 0.28636 123.142550854777 2.158826 0.828346891691943
880 0.224576 127.033228386821 2.20189 0.859600137373918
881 0.339231 119.249136099056 2.079308 0.810059028725999
882 0.360638 113.356043557872 2.069662 0.801923674839042
883 0.367887 117.777671534201 2.060003 0.802000214569094
884 0.362995 121.035096425188 2.065431 0.824731190880471
885 0.297407 127.612889914342 2.144237 0.814046937425233
886 0.378333 118.613062783005 1.997172 0.809399927515049
887 0.461795 123.134505748106 1.941406 0.834457807371612
888 0.433418 114.4610920672 1.950623 0.800800852798486
889 0.423654 117.921842245045 1.984969 0.781571603422499
890 0.371654 117.535445231992 2.048304 0.795757650836524
891 0.490242 115.185935905346 1.875786 0.771121973390261
892 0.410541 116.212376261113 1.991877 0.795125464867039
893 0.360931 117.787597533138 2.056483 0.806075473777204
894 0.330066 120.714588094628 2.08653 0.814514686499435
895 0.419634 119.341927311808 1.9574 0.807274421958548
896 0.327386 123.887546026239 2.109705 0.786067918720989
897 0.414071 114.230674918881 1.96599 0.806692006483584
898 0.222062 120.227195947611 2.211293 0.845671463015283
899 0.659664 114.061330384271 1.504991 0.69309510295865
900 0.549965 102.003403021907 1.778359 0.768796661383837
901 0.330516 120.690957018704 2.098764 0.814327338641237
902 0.449528 117.129378214521 1.934891 0.716589586665013
903 0.456442 113.88610598226 1.899925 0.753988313973985
904 0.412904 114.145491131027 1.945262 0.78928143018511
905 0.23101 124.139615930305 2.218772 0.810326026266566
906 0.267377 122.273378679725 2.149001 0.82378271435816
907 0.586344 107.196282840716 1.651938 0.754596910764603
908 0.395197 118.658516420971 2.016117 0.786448844126097
909 0.221162 124.594897131857 2.223385 0.860286435167147
910 0.495137 110.395663302177 1.835207 0.75345098184835
911 0.195933 118.820707068239 2.227833 0.799595591508065
912 0.473919 100.402247544004 1.854037 0.754134270768094
913 0.452405 111.739346517752 1.913555 0.749587520400966
914 0.555578 119.661238853713 1.760499 0.778076578347796
915 0.335997 116.453699745509 2.070288 0.823419994790868
916 0.426031 103.866121937038 1.941855 0.761573269290392
917 0.437176 110.425661937579 1.95639 0.797702541983592
918 0.419839 115.883677117473 1.953 0.809264337045993
919 0.33233 125.25511533717 2.116414 0.809472104018825
920 0.457193 111.605750181776 1.93783 0.735643899804345
921 0.397728 113.839392835971 2.005047 0.781588712485532
922 0.569796 106.383635647997 1.712373 0.73225543298396
923 0.63811 107.470316916969 1.533219 0.754242723457117
924 0.549929 105.241190287314 1.765827 0.724595142641961
925 0.327661 120.384936077556 2.109674 0.822177157627378
926 0.404351 122.525833930627 1.968258 0.827321563927366
927 0.411285 125.298626270481 1.98364 0.813869641095481
928 0.543686 110.969642801642 1.788205 0.78202514802092
929 0.248253 120.520581381874 2.196071 0.835380737140255
930 0.386046 121.473410798306 2.033666 0.792130748491522
931 0.382113 120.362776262528 2.043843 0.806626113684309
932 0.488344 117.42832356272 1.867835 0.735119217121961
933 0.564782 118.497609543347 1.746658 0.761486848621492
934 0.354022 119.135584463721 2.09865 0.819710074861532
935 0.346286 114.65250972804 2.088663 0.793714945973869
936 0.437399 113.841599519345 1.953117 0.745074430135161
937 0.347478 125.117809973234 2.076033 0.818869193079426
938 0.410459 113.415278100215 1.954088 0.769377672880068
939 0.253043 120.105210950971 2.16134 0.826505030195273
940 0.524788 122.097616463695 1.798956 0.807631747727012
941 0.473261 109.32263704204 1.872326 0.757447224657196
942 0.530081 116.857246819886 1.80034 0.781621951259191
943 0.433192 117.977030822431 1.927011 0.790417047104996
944 0.382743 119.507814283085 2.031045 0.824283706401972
945 0.534389 109.738474937923 1.764187 0.753974803630601
946 0.355196 119.421271135161 2.072291 0.797630707009286
947 0.385006 119.513301085897 2.0102 0.837479449823209
948 0.542055 115.11286700727 1.747772 0.786708704710445
949 0.373201 120.326172828158 2.057218 0.824956426452398
950 0.238982 123.079608575924 2.211347 0.829395928786439
951 0.447217 118.792708226357 1.922892 0.805586591150797
952 0.353897 117.231843144146 2.049997 0.791575968958664
953 0.302285 123.815347662643 2.115607 0.798470119560334
954 0.318719 110.474406053135 2.102413 0.784387481988842
955 0.422894 111.074021287942 2.003728 0.803890385311314
956 0.470978 115.22572205283 1.851206 0.784987721210939
957 0.468398 112.287965861527 1.909859 0.771700271648007
958 0.266858 118.69802163406 2.155748 0.822354197794076
959 0.541787 107.066089450363 1.72179 0.780329133620402
960 0.44656 111.656445569376 1.966542 0.752313023233385
961 0.194615 122.894139351488 2.237777 0.847302411973659
962 0.239553 111.151895153383 2.190176 0.777124726712641
963 0.416414 113.788852017076 1.940786 0.808301499437405
964 0.39229 123.04009408516 2.021515 0.820039969152772
965 0.332759 112.230129593524 2.076152 0.790624349623597
966 0.413491 121.309295987984 1.99466 0.796839007412945
967 0.430524 108.734775798971 1.968064 0.794713426185205
968 0.353506 119.021044733702 2.091881 0.798773918994716
969 0.448564 118.811523803499 1.907203 0.786877115938376
970 0.389004 120.995978384629 2.008011 0.77321964218489
971 0.422406 119.722256822652 1.995366 0.78629279696076
972 0.33883 114.602555943585 2.050537 0.808671805236041
973 0.443444 124.582035192039 1.939846 0.809638166217635
974 0.23124 124.851071327804 2.210257 0.823002674324081
975 0.508838 119.512099454246 1.847603 0.764481682670244
976 0.328185 120.456067479818 2.085721 0.81626909116454
977 0.347551 126.712564592568 2.069756 0.813311558497338
978 0.317156 121.040365394781 2.108788 0.774046043228273
979 0.304547 125.951688660792 2.144573 0.828967177042442
980 0.368641 119.437306061109 2.032874 0.813167221278901
981 0.447094 119.247441371439 1.953254 0.808564737546761
982 0.510467 118.845042042954 1.838784 0.814438723220234
983 0.357526 117.197259317451 2.045839 0.791789113249133
984 0.284054 125.377614510505 2.141523 0.841380375195738
985 0.296963 125.333386668457 2.133957 0.808649755167116
986 0.360305 125.920429136426 2.069222 0.834977722510182
987 0.376611 120.274375957324 2.025517 0.794745246251782
988 0.424712 108.981085518101 1.942572 0.771029678470752
989 0.272243 122.365284500087 2.152443 0.809812823979986
990 0.335049 122.203925211788 2.090148 0.816774616019728
991 0.524213 115.567758237076 1.773241 0.802912488964465
992 0.525252 112.958302872056 1.8193 0.76389166504902
993 0.332639 118.356449123879 2.111293 0.811517239318968
994 0.348006 124.399000662296 2.105197 0.846651893605603
995 0.513813 104.060671452073 1.742498 0.718240802568129
996 0.397722 114.714591027298 2.006211 0.791683951815951
997 0.386701 121.121545706582 2.004946 0.809286777919182
998 0.598876 107.910518044676 1.627001 0.764363943939441
999 0.430506 115.307487310199 1.946118 0.793224220541714
1000 0.459581 120.860398216856 1.925147 0.777665135034118
