rep aei_left left_area adi_left H
1 0.439422 120.012657339185 1.913066 0.818745369212893
2 0.380721 124.33801228604 2.065081 0.805531901080165
3 0.403182 118.878624947636 2.016835 0.789574549932041
4 0.343212 123.455245962735 2.033203 0.79855994125396
5 0.474051 110.922392791363 1.89649 0.789887721703315
6 0.336506 128.695193338679 2.10427 0.817428528821794
7 0.434429 107.141287583953 1.968184 0.749986515806282
8 0.613552 101.459197771611 1.583477 0.713545778924431
9 0.414133 114.409091744233 1.993802 0.800462974438939
10 0.461729 114.207137115885 1.877955 0.778230820952082
11 0.412311 117.197474018113 1.969251 0.8046968246443
12 0.580491 111.216528355235 1.699571 0.709398782280673
13 0.379082 111.762118056457 2.031956 0.792474828795324
14 0.374457 121.547675734156 2.051893 0.797494419992617
15 0.238193 126.158944912988 2.201447 0.830388493047724
16 0.537545 113.684213727909 1.78099 0.729893561604057
17 0.286802 122.830422904017 2.17084 0.82330501312542
18 0.459449 112.921597977096 1.890854 0.775272991436242
19 0.418556 108.972742358915 1.926303 0.790568806802202
20 0.291821 128.704769887226 2.150006 0.815717901086036
21 0.323774 118.418511961767 2.102196 0.791642586075048
22 0.386406 112.160896145205 2.045018 0.814826451974518
23 0.3842 117.601561606599 1.960188 0.743952703854052
24 0.684417 99.7840825986811 1.406446 0.634125132534529
25 0.385577 117.864201764983 2.032923 0.800828789884753
26 0.516967 118.04772717753 1.813701 0.76691420008481
27 0.292851 123.204483382111 2.156207 0.806245664972695
28 0.282043 128.51992617049 2.162793 0.825537999652339
29 0.424769 109.181710018241 1.985404 0.743565558374366
30 0.413293 111.069451799893 1.986298 0.769324521617248
31 0.323813 124.506407557715 2.132065 0.807483476419946
32 0.473277 121.278671954275 1.902794 0.767316450641071
33 0.377063 118.693353544945 2.043311 0.807706339977381
34 0.466232 108.679326549344 1.92423 0.764814954072015
35 0.283976 124.79662739087 2.159623 0.837703051914176
36 0.312976 119.738921551093 2.090652 0.829020963526692
37 0.440713 116.628244513627 1.951088 0.797241603951047
38 0.337847 112.812053340447 2.096795 0.776846943427635
39 0.189712 124.878446606005 2.235709 0.839144265755914
40 0.422748 115.990690601312 1.961099 0.802022284731775
41 0.541653 107.675404418154 1.755938 0.71299298455019
42 0.640652 112.906730498912 1.534978 0.752059408353474
43 0.339888 109.481604154991 2.075852 0.781727497005176
44 0.395026 124.454955590004 2.004311 0.784961373474491
45 0.37148 123.127270186783 2.079839 0.821136624436005
46 0.443934 109.412220659429 1.932666 0.767222812381828
47 0.539774 115.723793843255 1.799832 0.743710746372257
48 0.431048 102.849298780285 1.969953 0.767638454833062
49 0.224543 114.838022825062 2.165306 0.803886683743042
50 0.394623 120.250864778381 2.046237 0.781747042876522
51 0.56765 112.638640904121 1.719961 0.707924475295901
52 0.471208 113.350776248773 1.873126 0.800311181597948
53 0.493294 119.188668088775 1.856512 0.786686988876207
54 0.2907 119.005294879644 2.122267 0.813684363661429
55 0.372654 119.553769954136 2.034382 0.794284499521208
56 0.474908 116.403829574863 1.86901 0.788008923443346
57 0.236855 130.148263534995 2.202279 0.832297805675304
58 0.201829 124.09491969161 2.238252 0.8248667782538
59 0.455663 113.479852327928 1.881868 0.797888124137669
60 0.388016 110.553755827672 2.022714 0.790050497108107
61 0.283412 115.507172498226 2.135276 0.810591256976623
62 0.623665 110.241021124688 1.575915 0.747516506688863
63 0.274869 119.976446125367 2.151857 0.849359355475472
64 0.409804 116.291850459112 1.986906 0.776032247340764
65 0.471861 120.130753107133 1.875748 0.787538175599408
66 0.330728 115.487318424095 2.068837 0.803259221831049
67 0.368853 113.43299926928 2.034076 0.786992399457293
68 0.313306 118.023894805596 2.104536 0.803853594621545
69 0.414669 117.900274998299 1.970208 0.785689179173868
70 0.362636 112.081429232276 2.066148 0.786481796636426
71 0.370537 113.856884145262 2.021869 0.777512799099497
72 0.326794 114.462524189664 2.099597 0.797907199834623
73 0.448844 113.632028626026 1.926735 0.742703150856133
74 0.318579 124.520545578751 2.118308 0.82250582686558
75 0.490894 115.52131706098 1.89137 0.751793934697256
76 0.516987 120.413203462753 1.835341 0.792819477909619
77 0.450957 119.405328783427 1.926518 0.788133828902872
78 0.455761 119.492731204846 1.947842 0.77053432123465
79 0.435781 106.820731610058 1.918337 0.774419307505145
80 0.373075 119.169242077543 2.025854 0.808111155354229
81 0.348881 112.477712417222 2.073252 0.776660260588184
82 0.452711 107.568827676017 1.944802 0.730258735380954
83 0.29342 122.364964436134 2.149232 0.835064576985805
84 0.393324 116.687560328209 2.010266 0.810898165583149
85 0.26448 111.202106429471 2.154634 0.786719492466018
86 0.61475 108.050659842368 1.631496 0.688589953896683
87 0.435152 119.040918139479 1.933741 0.791226448609334
88 0.478956 110.859532956054 1.861706 0.755041318075552
89 0.344342 125.763488127017 2.102422 0.829936835622984
90 0.382449 122.476440760787 2.029184 0.780150728938407
91 0.372623 124.740261524048 2.051358 0.807547814866095
92 0.320758 116.157137451664 2.117807 0.792401908327165
93 0.280805 117.218506648519 2.147354 0.810831519349532
94 0.348531 119.193840084808 2.092159 0.811552844209913
95 0.629198 108.399041168658 1.558014 0.712360611321617
96 0.435156 120.040066391635 1.947696 0.80547975646094
97 0.41133 118.055708576343 1.990585 0.793521495626665
98 0.302252 128.977467032001 2.15543 0.819480854880931
99 0.369165 120.316577721023 2.039933 0.817532081227423
100 0.408772 118.514701225443 1.978268 0.788142417675806
101 0.364086 123.007119402279 2.054914 0.812448481552426
102 0.61334 105.225002685401 1.609545 0.759405312254792
103 0.424264 116.474118815471 1.968749 0.787336023826547
104 0.433167 111.111590012395 1.946648 0.774863798728785
105 0.511331 112.742315827776 1.864047 0.735090108318508
106 0.330429 114.42161377269 2.065664 0.730244068862287
107 0.763225 94.9061303804415 1.130574 0.630902245211669
108 0.416679 115.632768975003 1.954355 0.761836960031062
109 0.426287 118.492504425908 1.987683 0.795734212534366
110 0.275263 121.637068655018 2.166975 0.801544953574492
111 0.508136 98.0662935140462 1.818217 0.728451753802067
112 0.377282 115.411237344937 2.022098 0.735940281373211
113 0.605328 102.980911119795 1.625422 0.768752809747477
114 0.413684 117.617544491395 1.963032 0.796515589370991
115 0.433902 122.186208495078 1.940846 0.815253953971324
116 0.294573 112.499834574575 2.089214 0.790041184704914
117 0.433608 113.992112133506 1.950418 0.771241886333726
118 0.426894 102.845844122474 1.976103 0.786036286604308
119 0.333076 110.305474206763 2.05104 0.801278660277261
120 0.449009 120.436706868106 1.966081 0.779427725429086
121 0.508591 115.861715426832 1.844259 0.756048268337078
122 0.360137 118.850530185799 2.082193 0.787856921598629
123 0.49206 111.358923465746 1.874933 0.770163858379738
124 0.420422 112.903450183948 1.954227 0.74532410704338
125 0.488156 117.968638465866 1.884254 0.805160503514273
126 0.291758 119.285842335483 2.158754 0.814018601709939
127 0.435763 111.91813711984 1.935531 0.775866353811121
128 0.396469 119.419031537302 2.0285 0.770263685470258
129 0.282867 123.064470288791 2.170565 0.759944127070995
130 0.275585 125.212659491842 2.143972 0.842464427080831
131 0.41032 108.812700140669 1.982066 0.759840233643318
132 0.337645 120.7649521529 2.108546 0.815491978336603
133 0.38516 121.786962387796 2.050826 0.795634180067081
134 0.350201 125.575250921663 2.060153 0.814125537156127
135 0.361094 116.454990769809 2.081118 0.825342654797182
136 0.508551 120.867914685762 1.782691 0.797383286916504
137 0.385096 117.884521211507 2.046423 0.811341574624844
138 0.491374 108.715905753036 1.852213 0.774789359122305
139 0.407141 109.138090334457 1.964441 0.767387581250921
140 0.419483 116.067971079225 1.960455 0.767870802332826
141 0.386908 113.819311091266 2.033409 0.791030012461191
142 0.578997 111.443812851263 1.711131 0.728830266350196
143 0.468041 124.056960606879 1.914089 0.799474338614999
144 0.381062 111.539492782079 2.03494 0.782272905585161
145 0.373916 112.331308616958 2.007719 0.774262876164188
146 0.42862 114.07145317058 1.946387 0.805393070775361
147 0.440671 119.57808889396 1.916056 0.787965518133458
148 0.577662 108.244965809 1.689351 0.709122696409969
149 0.641733 107.711507378288 1.550845 0.741118463583098
150 0.474788 113.568892161262 1.889103 0.775197565700686
151 0.358633 110.936455372024 2.063132 0.783433719668227
152 0.620573 113.838526643426 1.593152 0.738985006645747
153 0.395184 122.200071348259 2.018155 0.812015163274979
154 0.384373 115.39863323379 2.031512 0.803007229231206
155 0.415606 121.308181609995 2.021914 0.807058611909104
156 0.587536 112.419687172806 1.678555 0.785929356168386
157 0.401561 107.96632368697 2.012622 0.768441363781179
158 0.472682 112.205918976568 1.890525 0.769894105631644
159 0.348927 124.454811069141 2.089266 0.797031237622542
160 0.430819 113.516879686796 1.938015 0.761374828194614
161 0.381416 113.669926057119 2.022036 0.791869257457785
162 0.427181 119.270563472232 1.948464 0.787677048097395
163 0.395495 109.315242586648 1.976253 0.780149314586323
164 0.339811 122.104433421515 2.077016 0.784012174701129
165 0.362016 123.495624878278 2.081577 0.833448883375357
166 0.416488 112.289093049361 1.93926 0.788132315277652
167 0.48233 117.338357167145 1.825053 0.778483816718412
168 0.479558 114.15286456657 1.888569 0.789247734477971
169 0.493418 117.955863399112 1.883531 0.822496427342279
170 0.345693 123.541064960543 2.063953 0.802949128974718
171 0.405941 120.6117175344 2.011852 0.807054770390035
172 0.381757 114.241629280353 2.031949 0.773915616090454
173 0.267337 119.855597494449 2.185831 0.813701034696059
174 0.250119 125.997756489753 2.184732 0.81765758129533
175 0.544332 109.378171008039 1.743478 0.755249030484617
176 0.433108 107.475788926464 1.914685 0.751349293265838
177 0.539086 102.25487142962 1.765234 0.770356920341272
178 0.431666 114.369607299714 1.911555 0.767364588683564
179 0.401338 113.11691439142 1.975842 0.797142182595164
180 0.397623 119.182849576739 2.00332 0.786612931927399
181 0.358911 112.902499130989 2.039644 0.801732582059296
182 0.298396 123.33520042858 2.133512 0.809604478240711
183 0.453771 120.543417623921 1.963436 0.796565328158526
184 0.336403 117.803794298074 2.090891 0.798889950025083
185 0.419329 116.040256641567 1.986138 0.719413221065579
186 0.342787 119.270226143046 2.076674 0.81263716891481
187 0.552889 110.968825440101 1.710266 0.703990188909007
188 0.455203 117.152129476158 1.949231 0.753092967549389
189 0.348194 123.518975458815 2.08762 0.784890881553077
190 0.374033 122.651337508559 2.055908 0.809683423206334
191 0.294401 117.329199564184 2.159162 0.809576500103886
192 0.40193 120.257046151507 2.021908 0.778449554852625
193 0.534087 118.69032898971 1.773858 0.765303035449984
194 0.559635 106.589985979191 1.723806 0.773075173780563
195 0.412657 117.849057888161 1.984144 0.79596267124171
196 0.430724 118.317224592937 1.967865 0.705465130532561
197 0.239482 127.382517910631 2.177445 0.843900040612447
198 0.437712 109.020423252262 1.935658 0.765620489346025
199 0.230578 127.655546967899 2.213901 0.841740788403163
200 0.428866 115.000547330525 1.964326 0.792531247056022
201 0.505582 113.768495104824 1.834535 0.790162180411559
202 0.509011 123.44478448071 1.844189 0.74583571646909
203 0.39285 125.079637838542 2.004999 0.782732989152015
204 0.510216 108.291413304914 1.816196 0.768693302247141
205 0.340396 123.853999999401 2.088423 0.829459232778586
206 0.369766 110.737012492444 2.036165 0.779460760575664
207 0.392387 117.184633369431 1.971398 0.792744816212002
208 0.354207 120.334823174128 2.049503 0.799702637870744
209 0.524649 110.957749121828 1.805994 0.777516708265378
210 0.257401 121.711109777428 2.191429 0.820380805335108
211 0.387866 113.647715500807 2.00921 0.807275100610904
212 0.381951 107.128077268168 1.992369 0.76620177814154
213 0.348756 119.741074521209 2.089391 0.804903964337571
214 0.409769 115.627252831587 1.962771 0.791430204719564
215 0.503526 119.440298347287 1.849927 0.797094349225882
216 0.249232 119.073246813107 2.172631 0.802438069261583
217 0.502946 104.494818099079 1.834958 0.708956803206273
218 0.357563 115.335564885346 2.057626 0.797918364877532
219 0.482588 113.653193987929 1.828737 0.795305860980626
220 0.382953 116.248461788067 2.025567 0.788565819037784
221 0.388985 117.711876134086 1.991949 0.805348201101408
222 0.408848 117.414907989502 2.017776 0.798566725829865
223 0.523465 116.879124569899 1.823201 0.720705643517468
224 0.519797 115.423908652055 1.798554 0.755532470317888
225 0.306303 125.705159843146 2.145158 0.803252271467868
226 0.506574 107.552749203999 1.840681 0.746032057529992
227 0.514366 113.705264110699 1.849086 0.722045616311319
228 0.339609 116.143961121843 2.054717 0.791517963795703
229 0.373549 120.307584304729 1.990374 0.754849807219381
230 0.366749 121.605892058708 2.046706 0.798329205880851
231 0.450996 122.479190673905 1.896747 0.789260141388804
232 0.395642 120.06120728695 1.964293 0.801716051860634
233 0.275965 124.436532982654 2.16738 0.820922157214121
234 0.475334 114.34635803927 1.903438 0.758738580676327
235 0.464554 116.025498503211 1.884039 0.793734605644095
236 0.405286 117.718327233336 1.988662 0.785321635367255
237 0.284718 124.059502065692 2.163566 0.825873919813474
238 0.446738 118.373583390086 1.964422 0.786245300673475
239 0.320747 127.267652470867 2.113473 0.830127235966658
240 0.277682 124.044911664104 2.153751 0.833682183925827
241 0.40222 117.051847090382 1.98387 0.803943679229996
242 0.465752 118.375121473996 1.920629 0.777237976573098
243 0.34429 121.309695270222 2.102356 0.806771222147585
244 0.374713 113.343193444532 2.029771 0.78893050974331
245 0.359465 118.675769563597 2.083745 0.800105702017294
246 0.340547 121.82737453736 2.089326 0.776130390594242
247 0.38937 124.677939448069 2.043715 0.798136541912489
248 0.391242 118.518664090533 2.022114 0.798020145277305
249 0.408616 110.42696329858 2.006898 0.761060535918985
250 0.562649 119.574680168709 1.744762 0.750108963008789
251 0.383378 113.516292591274 2.033895 0.772424654776032
252 0.493186 104.923303528829 1.841984 0.743543834727036
253 0.6302 114.762726986919 1.574801 0.780979087379065
254 0.389575 125.028757834664 2.02367 0.765409443186823
255 0.523048 119.469252227322 1.796016 0.791625823077923
256 0.511305 109.466911270842 1.789058 0.786265841092193
257 0.37538 121.850695769642 2.033526 0.794319468364868
258 0.23548 124.420891250345 2.207122 0.832812625491728
259 0.521234 118.105181231744 1.823814 0.797259336038946
260 0.319367 120.926707123334 2.127101 0.81250667903702
261 0.195066 128.862599805227 2.230381 0.842156687982001
262 0.380523 114.353400966164 1.967082 0.676670051311487
263 0.258481 128.315285447017 2.197308 0.827726221176367
264 0.297522 121.625422457225 2.141026 0.814529939696232
265 0.458895 114.402063418591 1.93498 0.745233809534757
266 0.494222 107.374140623612 1.857449 0.77652820584801
267 0.386847 108.718571712694 2.015887 0.777981021267184
268 0.320202 114.642304821471 2.068334 0.805072691184134
269 0.489159 124.983514684926 1.872676 0.830802591596421
270 0.425233 114.903035495998 1.953487 0.783111227543464
271 0.430846 112.228504287609 1.989125 0.751724297194159
272 0.469557 115.758905243129 1.909274 0.758402696005648
273 0.39038 115.467252083739 2.00812 0.79081100411806
274 0.419496 114.664675645426 2.000528 0.795066370731763
275 0.392984 111.655578251513 2.04143 0.74985911028809
276 0.509007 111.613278673047 1.823927 0.729669849249551
277 0.412885 110.133194504604 1.947876 0.769694446608307
278 0.383656 118.335943010398 2.016711 0.779320096721855
279 0.322706 115.392570674458 2.124537 0.81693671575521
280 0.47334 107.458558952536 1.823673 0.777300945101377
281 0.545337 108.106238298887 1.733766 0.709399482418595
282 0.519849 106.061305501396 1.802915 0.724404958898113
283 0.439263 109.774137691008 1.954172 0.767773564064231
284 0.453692 105.815946160005 1.893344 0.781574675468208
285 0.440624 118.15306802317 1.949232 0.790765561504982
286 0.336158 118.76728429512 2.102219 0.808569377415727
287 0.470535 117.752600401843 1.906913 0.786342635013715
288 0.454768 116.656014463174 1.937083 0.762819747177319
289 0.54857 116.006571251111 1.774266 0.7592088998931
290 0.411921 118.583524063837 1.960776 0.796227184274972
291 0.243292 128.095967725856 2.205693 0.821083078720658
292 0.408657 116.639466960363 1.993255 0.788310048811134
293 0.411277 113.586498605361 2.008032 0.802797618657302
294 0.374637 115.630233888521 2.037836 0.780971782343878
295 0.356915 121.47663003557 2.072572 0.821161044159342
296 0.408792 109.138007483888 2.00393 0.776976843716151
297 0.257388 115.187901690649 2.180155 0.809477612599836
298 0.261149 119.847707758218 2.186601 0.800080585941215
299 0.350985 119.319404969824 2.09959 0.816232586947946
300 0.461936 109.582716394563 1.895706 0.743693253428139
301 0.416053 119.449502324627 1.975575 0.796772169415212
302 0.467664 117.867339356071 1.933909 0.810572678409432
303 0.241458 131.004051322526 2.204799 0.851180258406279
304 0.342421 120.329364534317 2.073318 0.795413874062979
305 0.230644 122.63642694407 2.203093 0.826755292991799
306 0.399641 121.902765591318 1.984688 0.796231454621073
307 0.445774 119.507067301415 1.910709 0.769620535673541
308 0.464411 112.72952772093 1.936073 0.774857123579762
309 0.351921 121.647864775935 2.093886 0.825107642650108
310 0.474839 121.021600160996 1.923483 0.773296911144622
311 0.474448 113.340002945543 1.884242 0.715799309375865
312 0.427703 119.882081814678 1.970747 0.765325869389848
313 0.201625 122.391735576814 2.237184 0.835713936031021
314 0.36425 124.570634649585 2.080158 0.816201953219763
315 0.509993 113.718762178342 1.833576 0.760813894705218
316 0.230132 120.626862006771 2.197136 0.826292553505083
317 0.330983 114.798310490461 2.097289 0.780775415271808
318 0.38995 113.823325642082 1.992249 0.779165162428924
319 0.443927 113.454082002272 1.955623 0.804431178631217
320 0.518975 109.71950377964 1.810182 0.723037504217955
321 0.213441 123.354015295671 2.199732 0.818167941076808
322 0.512261 117.038364173758 1.838488 0.800490620214782
323 0.314088 125.222691914127 2.131615 0.810325994098385
324 0.36169 115.314786879356 2.051647 0.797255255106729
325 0.360262 116.402571999633 2.073356 0.796871469868319
326 0.388384 112.057334140108 2.050991 0.729282520794546
327 0.566846 108.019689748507 1.738369 0.743425543027777
328 0.607122 110.413311738936 1.62039 0.753446600007894
329 0.451257 118.155208739204 1.925201 0.801532724263251
330 0.296676 123.419529303762 2.140693 0.832171379402189
331 0.454665 114.388206447348 1.877998 0.760005059631026
332 0.268284 120.33440508232 2.155664 0.775721315808674
333 0.345902 118.70084091501 2.089484 0.816337775146912
334 0.243429 122.044549176756 2.176612 0.809462263462341
335 0.467785 101.130637523535 1.884107 0.773409262811826
336 0.349325 120.512941817275 2.049433 0.797570126817082
337 0.31116 120.242201801386 2.102031 0.816030659310607
338 0.524536 102.579092256559 1.772661 0.728840524589245
339 0.678925 100.963865341253 1.43026 0.691921102494058
340 0.408086 114.437170061677 1.982985 0.759256793719973
341 0.33565 120.340478239526 2.100718 0.837182614863114
342 0.398478 124.994038378609 2.044478 0.803369790156443
343 0.461768 112.78091316514 1.92928 0.782301776192665
344 0.462249 118.463638542025 1.924628 0.765618422167772
345 0.384074 114.136702978228 2.003994 0.794088172164537
346 0.487204 108.191783054173 1.846205 0.77539992783066
347 0.382231 116.400121932847 2.015651 0.787572876646573
348 0.4486 115.271127557973 1.955297 0.82825718375323
349 0.422521 120.010683286614 1.975219 0.751509265713151
350 0.527411 116.707978072516 1.832269 0.784896023028601
351 0.38305 122.762398357186 2.043003 0.813526061708702
352 0.530145 124.960752290751 1.774444 0.824606837316779
353 0.33206 125.680510324271 2.099576 0.778129059707083
354 0.49913 113.534009218002 1.875285 0.753919775077567
355 0.478979 110.567655820039 1.900352 0.732496468990846
356 0.527326 115.260843115537 1.752659 0.80443424683235
357 0.614812 102.698576493383 1.611037 0.699752388207549
358 0.413539 118.679053404586 1.965656 0.811892344576581
359 0.499745 112.523614590487 1.862016 0.76002746936769
360 0.437685 122.739987741868 1.9369 0.782586972206304
361 0.337037 112.674307283024 2.097099 0.797484136590142
362 0.54867 113.116882381094 1.752412 0.763045134334408
363 0.481968 105.479138730975 1.822307 0.729634876310611
364 0.594066 117.740969648397 1.665929 0.78324438944877
365 0.418348 112.095795429216 1.972084 0.79959089210299
366 0.3956 116.053405862466 1.988989 0.792052079030362
367 0.570715 117.990110023432 1.689509 0.770374360231645
368 0.622878 114.178825337168 1.593724 0.742871440634032
369 0.424058 105.17427917476 1.95941 0.753792222466239
370 0.255961 129.620448755472 2.16348 0.822034020158222
371 0.378972 113.735142196016 2.019902 0.81011329155216
372 0.55065 104.490180996903 1.708547 0.716955997632479
373 0.362176 118.290908738566 2.068143 0.796922134750043
374 0.199195 121.398019581761 2.226173 0.816214616096657
375 0.434019 116.325532082655 1.961289 0.790582502655514
376 0.674619 109.774006973474 1.460664 0.741678623240853
377 0.311332 122.905749169287 2.124571 0.802636709737166
378 0.58496 108.552992915173 1.701086 0.742587055538244
379 0.344874 114.4541918132 2.055543 0.769090450299425
380 0.40317 112.645975342207 2.035926 0.767944052670381
381 0.471449 112.007645006782 1.90169 0.758905350408693
382 0.332305 117.114683659947 2.08995 0.789201919394132
383 0.487242 110.568541079268 1.799246 0.708509826035702
384 0.276642 118.138729193704 2.152395 0.807334768840462
385 0.352611 126.162909151657 2.06906 0.791022429871508
386 0.37734 120.133975273953 2.026356 0.793971779436523
387 0.388516 120.543790689162 2.01031 0.820714974264389
388 0.467684 117.803234412364 1.887366 0.78028532364354
389 0.370968 124.755314657724 2.051002 0.802239464272781
390 0.334734 115.678746494055 2.094945 0.800703113659206
391 0.352057 121.975126946344 2.094496 0.792010731221222
392 0.433217 123.743831103612 1.952966 0.800553172154358
393 0.513634 115.090763770764 1.847565 0.796409881750521
394 0.290916 121.453295056042 2.148565 0.829485319269165
395 0.406621 119.773449015341 2.028507 0.804372471830799
396 0.439901 105.672370310694 1.970515 0.756063862364675
397 0.324293 122.124451607341 2.106259 0.820232377968002
398 0.32297 132.10249243224 2.129246 0.822731361304381
399 0.330491 122.835192453072 2.076435 0.795209832426665
400 0.410993 113.341145890815 1.978997 0.779363502285017
401 0.363611 108.929728250501 2.009848 0.783875931149855
402 0.353283 116.107760362409 2.074293 0.794444022751449
403 0.466902 115.440480464457 1.901142 0.751641388915435
404 0.400524 115.561977459795 2.0002 0.801343153322415
405 0.465225 117.934865778297 1.906195 0.804957673527577
406 0.425826 115.831881865312 1.971109 0.794255725363653
407 0.409759 108.252791463948 1.988225 0.77509536566695
408 0.301473 125.297510866602 2.150856 0.816963648225767
409 0.438667 115.143001635538 1.919904 0.787577892170177
410 0.454566 123.814419855975 1.887944 0.846022539623984
411 0.283353 116.643431053207 2.143004 0.778360082165217
412 0.441617 115.281300746279 1.913792 0.791625987034195
413 0.28901 118.749527010069 2.135545 0.80311135988783
414 0.432384 95.7507431671094 1.948618 0.722422318416704
415 0.359761 113.423849514717 2.031662 0.796782554124784
416 0.332057 114.083278946397 2.098243 0.785223029036629
417 0.629784 106.647969032943 1.512378 0.749952522702933
418 0.315782 123.929676564144 2.10502 0.817074376269783
419 0.455431 111.770100433521 1.902112 0.749644222757474
420 0.347332 122.125692170129 2.102153 0.790016145001472
421 0.460232 107.098838238064 1.879476 0.767193807093828
422 0.585811 113.005356641731 1.652073 0.765078665307798
423 0.217153 127.558558688088 2.213577 0.801525881324211
424 0.562494 107.37552559855 1.727413 0.753998398199722
425 0.463393 103.22954721215 1.898993 0.749911843508463
426 0.442803 107.915420243481 1.942737 0.79256609931387
427 0.481485 113.906341445961 1.891931 0.753034679906601
428 0.569338 117.24900477544 1.713611 0.69225060167928
429 0.338143 121.061126921125 2.116504 0.820218590998486
430 0.608901 119.844562952121 1.61971 0.771326654000503
431 0.395091 124.923549722206 2.018631 0.824298300771617
432 0.283073 126.10832588113 2.170214 0.822651664743365
433 0.423508 109.217985255449 1.946785 0.73780345253227
434 0.395975 118.128880872028 2.041398 0.797661520155802
435 0.155378 133.342717775242 2.259391 0.866041549628648
436 0.353368 114.928249006672 2.079202 0.814123875079051
437 0.4649 121.189996703561 1.921187 0.803806016023995
438 0.402463 117.826256065446 2.004617 0.789464335577943
439 0.381255 114.875819102134 2.023388 0.790916422890166
440 0.373177 119.765388585227 2.048372 0.803519543312401
441 0.431122 110.737335658992 1.946945 0.780219422204375
442 0.37764 114.071179947671 2.04547 0.794673627120061
443 0.46858 116.258237004808 1.871131 0.780733025999005
444 0.208187 130.959187871262 2.214971 0.846698772701638
445 0.461971 121.21319541248 1.929341 0.783666630978231
446 0.244806 131.654062169558 2.204379 0.824155592464154
447 0.34769 117.27501299069 2.068083 0.819019777855038
448 0.449421 115.289412596923 1.915382 0.754749397002353
449 0.393233 109.724344390768 1.985137 0.760837193750033
450 0.406663 126.382193969045 2.00445 0.838244914034978
451 0.426529 121.745250261845 2.003376 0.790680421445701
452 0.603983 110.204962132496 1.639608 0.745626467297816
453 0.513435 111.543247446964 1.778482 0.753140498696116
454 0.23861 131.753074722347 2.208211 0.859961007119731
455 0.44357 111.314189281655 1.95474 0.761367129247439
456 0.388853 119.264999660159 2.009918 0.812583012661521
457 0.401699 114.993890266574 2.003469 0.780096160923926
458 0.507702 109.946513201868 1.838164 0.737471686698805
459 0.410228 120.207852345187 2.008129 0.816898584831497
460 0.404166 120.021676209808 1.96184 0.781449663642277
461 0.438455 111.195186986452 1.961615 0.742640958862057
462 0.49829 113.062018865152 1.837979 0.771321487802594
463 0.525355 108.903876462172 1.746883 0.761997821771548
464 0.467555 117.876318427629 1.902385 0.793340923055514
465 0.353306 116.235433690555 2.048402 0.782998005888981
466 0.40221 112.040342685751 1.938047 0.777036164050134
467 0.677556 104.054829971885 1.428043 0.689840353929499
468 0.432479 120.156116506 1.964506 0.775133594960045
469 0.385587 120.46866284789 2.005867 0.789353532019244
470 0.405712 122.095546796774 2.017564 0.819085656180723
471 0.33881 113.822201000292 2.056318 0.789267489228641
472 0.432327 111.327977417819 1.931774 0.769870312520354
473 0.332314 115.08547584386 2.086854 0.822282367307015
474 0.379074 120.99851024098 2.030835 0.81414139144636
475 0.471437 105.956156323448 1.896285 0.756151832644115
476 0.544068 119.900321773542 1.79384 0.774010111148408
477 0.368906 117.197179902447 2.062147 0.794479314402318
478 0.317378 122.024305442152 2.129137 0.814262473627601
479 0.434477 113.019128933425 1.953773 0.757391743264408
480 0.33169 122.432197864571 2.057759 0.812192788178225
481 0.582105 114.057034898188 1.675155 0.740812192562232
482 0.402858 113.687198015644 2.030304 0.743737490570267
483 0.279269 119.765059430225 2.128595 0.822922656603627
484 0.381187 119.161368334659 2.040789 0.775719924883405
485 0.332789 119.204242542738 2.105305 0.795439895715562
486 0.577907 120.641693987662 1.721725 0.783793828652296
487 0.419089 121.40294352966 1.993183 0.772991835900953
488 0.529237 113.550143130137 1.809878 0.764040543581851
489 0.291973 117.373526252378 2.156913 0.802915344591383
490 0.498494 104.981702749352 1.850002 0.73057480202622
491 0.525443 110.773276095368 1.825825 0.759354017981992
492 0.549798 101.05943822945 1.73671 0.747105019712573
493 0.332016 122.983728096123 2.093507 0.810245292007751
494 0.239398 112.245887605025 2.161029 0.809189262486812
495 0.353968 124.291493587273 2.091642 0.835298836767316
496 0.480531 110.901330260527 1.877667 0.750364312338507
497 0.446782 116.2756883405 1.869972 0.767606623818959
498 0.283267 128.607372889453 2.171339 0.832311928182051
499 0.178284 121.461191219176 2.251233 0.830016125317315
500 0.367072 123.691343744396 2.077148 0.817410679962467
501 0.368846 111.855551443421 1.988459 0.774325350839157
502 0.433689 122.964367378791 1.970789 0.80985390610508
503 0.342367 116.318151688723 2.065828 0.811308921802447
504 0.431142 117.339776758736 1.953807 0.785543693557595
505 0.402934 111.594261658059 2.031942 0.758134541422571
506 0.527897 116.693535025229 1.816061 0.778563408531152
507 0.515533 115.909646940954 1.816 0.788510014319884
508 0.479616 114.619974609671 1.911826 0.789664577344522
509 0.463712 124.683521384521 1.920766 0.750185144056382
510 0.375051 128.150705026383 2.060231 0.829749652393471
511 0.374014 110.045055216996 2.025598 0.782727766967056
512 0.428017 113.943970002118 1.940439 0.793317983248196
513 0.398003 112.331195070931 2.011692 0.74375561931545
514 0.344551 116.705663307712 2.085282 0.801643355123474
515 0.609398 113.235456313141 1.611133 0.702041670138806
516 0.314745 127.152431486486 2.145452 0.818901814436623
517 0.454956 114.123860175105 1.961407 0.767463527325261
518 0.364916 123.451002685023 2.052797 0.807320770294634
519 0.436633 107.467576430513 1.934039 0.787043638561212
520 0.509475 115.162381341088 1.797409 0.768753901508225
521 0.535658 111.392676791234 1.801126 0.738763758436611
522 0.504395 112.725907557362 1.844898 0.769319922044029
523 0.281948 116.83264491489 2.16924 0.800530762310367
524 0.687856 111.910153115299 1.388831 0.688233006660263
525 0.603837 107.288044943077 1.635798 0.755662741901841
526 0.413699 113.506242495378 2.006209 0.759790391492562
527 0.478188 113.286901420752 1.867333 0.79921221860021
528 0.499453 116.937683293177 1.852347 0.74040171971735
529 0.369245 116.139010006334 2.048674 0.804505181798975
530 0.270624 124.633603533324 2.154764 0.840051605632608
531 0.300273 121.730111752557 2.143649 0.803962447760565
532 0.329188 121.049270051439 2.107428 0.788535384241554
533 0.513428 113.343768688311 1.807872 0.75805891397419
534 0.402014 112.239795078525 1.982928 0.782685018372888
535 0.320328 124.034900369468 2.096048 0.78757945527075
536 0.259313 129.338248614642 2.193736 0.839464473832655
537 0.477906 110.798784927017 1.896837 0.794071962789773
538 0.485164 117.937327528329 1.88325 0.780192512303252
539 0.466528 116.996203309695 1.868146 0.794037291500538
540 0.499524 116.206024188505 1.853911 0.777304248357767
541 0.335194 113.387889394977 2.121768 0.820870987983469
542 0.453463 112.014800935725 1.903635 0.739874513204252
543 0.466755 119.568481904918 1.922771 0.77208402951177
544 0.510767 111.530375697197 1.837201 0.741919272942985
545 0.370253 120.850011315252 2.040583 0.773305882576237
546 0.473255 114.734175917414 1.911297 0.79866652591101
547 0.443543 124.496084503737 1.893968 0.78102567492492
548 0.428147 118.764058679921 1.991394 0.791161462295525
549 0.498002 108.034791086173 1.880742 0.784886472858503
550 0.391422 121.625795486503 2.007974 0.784174534423281
551 0.443177 111.27572252279 1.925351 0.731187645563795
552 0.456835 108.696604055911 1.913818 0.755119840694137
553 0.437237 127.497251830056 1.98185 0.817362454621985
554 0.534877 113.024455094674 1.758175 0.752227074280601
555 0.261328 121.203214277992 2.187873 0.830398808095505
556 0.440472 116.851091840834 1.942789 0.780719924244524
557 0.177028 129.792986030414 2.245835 0.831891335211591
558 0.487239 103.985562752265 1.846929 0.778769606069177
559 0.393949 114.848414424905 2.012411 0.778980337282953
560 0.552669 109.835562064958 1.738292 0.737982635118857
561 0.520089 110.029056813071 1.819237 0.763057082626816
562 0.491038 114.264812349381 1.813861 0.764353548296154
563 0.23713 118.623574332456 2.20414 0.803949931264752
564 0.454598 111.194014983335 1.902069 0.716011558849486
565 0.500177 108.426351308628 1.843326 0.778102793092865
566 0.451477 106.572696989725 1.903724 0.747692321195937
567 0.485146 117.846933002144 1.868632 0.772658152055367
568 0.425472 116.567161379076 1.932225 0.783888495035642
569 0.51284 117.448523261986 1.843824 0.738027844037769
570 0.427561 114.355284884073 1.984612 0.782129596020834
571 0.331874 120.176816584561 2.120975 0.778514339262272
572 0.456382 114.931807369706 1.892386 0.779773218047654
573 0.435638 118.471677291052 1.927774 0.769697187202071
574 0.132487 129.197136677532 2.267765 0.847502654306713
575 0.342039 120.439169041473 2.063671 0.809132977440784
576 0.310002 119.237176789956 2.121799 0.817834201895136
577 0.437966 114.308221316399 1.931318 0.797896331713423
578 0.24535 118.896092544895 2.199442 0.782906356810699
579 0.420864 114.97374493678 2.007 0.789194205707783
580 0.360346 127.47308543843 2.082585 0.817182745983005
581 0.455615 118.237251355169 1.893739 0.790654734747233
582 0.464857 115.807533620547 1.927229 0.791278296855774
583 0.463277 121.483100292283 1.886958 0.820106848236436
584 0.436749 127.56235549839 1.958268 0.797920580353742
585 0.367967 119.060768197612 2.029718 0.798843241196175
586 0.420801 118.481003540698 1.986816 0.792981314625977
587 0.273591 127.580617913458 2.169119 0.82973932563627
588 0.484135 113.215227899104 1.841338 0.788149012921276
589 0.315148 122.565769097535 2.095084 0.793306098876716
590 0.346057 118.08172761435 2.065491 0.767662309943487
591 0.344323 118.781670081435 2.093246 0.810607343562458
592 0.291181 126.428214456245 2.151149 0.837109699683871
593 0.405189 118.544229664525 2.018686 0.797725064876404
594 0.439434 118.211039970764 1.97761 0.811405507648972
595 0.38551 117.040601258536 2.03289 0.785441454332659
596 0.486054 110.506275429403 1.876659 0.755205114502247
597 0.403118 120.674955225015 1.989118 0.790013620131681
598 0.472556 104.302914837922 1.909167 0.773769547596469
599 0.4131 122.842625522414 2.004768 0.792303079198846
600 0.452244 109.275020221343 1.946374 0.796118575666578
601 0.351553 123.812015254551 2.095722 0.828934239258362
602 0.48605 110.331470372817 1.876702 0.790165521075488
603 0.568803 110.043660284151 1.708091 0.769813301708749
604 0.408548 119.678667599264 2.022904 0.766904796194959
605 0.683881 100.347140509867 1.420602 0.72207952588122
606 0.350217 117.037093627949 2.054723 0.786031062013359
607 0.479319 115.568473594516 1.902409 0.756669216763413
608 0.421417 117.916712106947 1.9898 0.779165978212376
609 0.482737 125.404211651259 1.888345 0.808366180692779
610 0.402987 121.356849185624 2.038839 0.814575331718081
611 0.448216 117.914374376306 1.9548 0.759656890434038
612 0.310169 120.07900127181 2.087237 0.807562425210865
613 0.49025 110.071263895527 1.855043 0.768783039947563
614 0.408406 113.449828267553 2.009899 0.806240266171562
615 0.384781 123.061960574349 2.018565 0.811330547042418
616 0.310028 120.411738182991 2.145314 0.813563210121199
617 0.40695 121.570823320247 2.02001 0.78619029399841
618 0.564817 116.616278013186 1.748357 0.789427404950453
619 0.432588 112.53224812392 1.938104 0.778612089537115
620 0.593476 109.666180579773 1.654322 0.771221726840487
621 0.392349 116.118053441306 1.99372 0.805226333193207
622 0.312704 121.832939137079 2.125335 0.803641802223709
623 0.366832 117.253358550363 2.066123 0.777187455863844
624 0.329207 121.787072715091 2.091077 0.822961686493404
625 0.510084 116.321640111903 1.839929 0.779571053736339
626 0.476376 109.833347715529 1.887753 0.801801068152388
627 0.640853 101.618388989376 1.549703 0.680057915826027
628 0.364545 115.900957581662 2.043397 0.801965808422437
629 0.306163 115.045734638262 2.121181 0.811145039757902
630 0.394142 124.479974135603 1.968971 0.787645409990792
631 0.354873 118.204643649129 2.060801 0.789144171887693
632 0.437288 105.287883889597 1.968243 0.7615529001692
633 0.401416 116.49118416092 1.994353 0.798095195704203
634 0.411054 117.154199872495 1.988808 0.791074591432355
635 0.412925 112.033043033932 1.9523 0.777779777659068
636 0.43463 123.818753162851 1.994 0.805016698090083
637 0.313508 116.521192734687 2.097345 0.803422528369657
638 0.450727 122.622280676434 1.934157 0.828613219929954
639 0.286048 126.737886450377 2.165331 0.824019586464176
640 0.433971 111.681287837722 1.961967 0.802828325982143
641 0.502116 118.16327231699 1.843348 0.76898304317353
642 0.410214 113.616374168173 1.955734 0.783428868508766
643 0.369305 124.577277698386 2.068466 0.804479476725088
644 0.376229 122.977501872627 2.068132 0.79737749333384
645 0.38434 111.170873663766 1.972019 0.768148647464954
646 0.387036 122.418606567928 2.03318 0.753910850139343
647 0.432232 113.255812559371 1.947206 0.768297801071904
648 0.449958 118.686459374395 1.941099 0.776965904640968
649 0.379499 111.871891534428 1.987926 0.772926044982975
650 0.349944 117.263518475858 2.082351 0.789099238047579
651 0.422133 117.101982143334 2.002548 0.804846232936474
652 0.35925 115.385947413037 2.046838 0.780711511128712
653 0.48237 120.008555126016 1.842103 0.817505185442818
654 0.43268 114.625059120014 1.951766 0.780633287653024
655 0.407214 121.755196024198 2.012803 0.808908826383593
656 0.493907 113.057126284958 1.847711 0.789381018069504
657 0.252958 117.146547604979 2.16896 0.791715472648247
658 0.40866 114.911725451221 1.929154 0.79268535965011
659 0.365314 127.060379605026 2.076089 0.786846300834864
660 0.183026 128.657504501988 2.232409 0.827419764136569
661 0.337063 126.52673395499 2.098692 0.774900160945238
662 0.317464 118.135890096415 2.111587 0.812831211486937
663 0.65416 111.73723664409 1.50017 0.787083683705896
664 0.430564 120.092476236033 1.96168 0.803808548527129
665 0.362651 107.734458353947 2.039962 0.785153906564317
666 0.494948 117.482572805359 1.814903 0.77791649800233
667 0.40924 116.882394228601 1.995997 0.791974294710073
668 0.507947 112.093215224784 1.852336 0.774264039234575
669 0.457882 116.746907484864 1.940813 0.786527444856804
670 0.48687 107.533354466188 1.846634 0.728552704142399
671 0.293971 119.960477780269 2.14185 0.811786233818098
672 0.428291 114.05575445643 1.964344 0.787619910030372
673 0.40547 111.634695540415 1.947834 0.781480944317453
674 0.540731 120.006614694131 1.764006 0.75956716971093
675 0.563321 98.4824254165019 1.712703 0.733909006031709
676 0.501732 113.595987110419 1.830374 0.761193737447417
677 0.320287 121.467956269659 2.105131 0.802468204230136
678 0.295777 129.853603710145 2.158424 0.840453184793445
679 0.398262 115.282689362914 2.026034 0.801048348863591
680 0.503263 118.727094913858 1.811416 0.788503500367365
681 0.320193 121.242621072805 2.096596 0.827153062860574
682 0.366363 112.328076144704 2.057231 0.808882012199772
683 0.476095 120.724857724473 1.912759 0.810287947073731
684 0.439321 113.186673819244 1.949324 0.773572481042908
685 0.194802 120.337542137168 2.21464 0.81781795543457
686 0.498169 111.613499498728 1.821213 0.752428630114428
687 0.490663 118.534618777197 1.832512 0.801303132508607
688 0.506682 112.967496973772 1.819287 0.795056422965628
689 0.505188 120.658885305497 1.837329 0.751170812172778
690 0.360104 119.979956839442 2.06405 0.805189006852151
691 0.420197 114.190900728232 1.939176 0.779616030806358
692 0.235042 119.960984836877 2.178314 0.805689365936442
693 0.369123 114.516907735988 2.055686 0.813747222398785
694 0.494705 111.04370354377 1.86113 0.770331358110453
695 0.418205 126.694799126578 2.012023 0.795758508718825
696 0.349494 115.698642981722 2.056528 0.787262827111898
697 0.499464 112.481541872149 1.803448 0.753377652031018
698 0.346225 130.161476196402 2.047912 0.839357376254829
699 0.356899 113.488356345759 2.080261 0.739862553368522
700 0.305324 123.335393225964 2.127258 0.821574802604444
701 0.365684 125.645205999686 2.071451 0.800078206926157
702 0.385763 116.925945617508 2.046322 0.800392203936514
703 0.372226 119.251999658614 2.039203 0.800258283018573
704 0.382193 113.482808731869 2.016264 0.791367764073426
705 0.549098 111.572215787383 1.77682 0.737130967114578
706 0.493005 120.319247565282 1.861721 0.807117202376609
707 0.452541 115.984783105771 1.955612 0.748724219782032
708 0.479049 115.299397432068 1.899352 0.775388412622122
709 0.429992 116.110018885397 1.94765 0.795245984558992
710 0.503696 107.211824072546 1.838229 0.739450439199402
711 0.421994 113.51396156058 1.993345 0.756135682847019
712 0.550828 109.285591841927 1.766032 0.739781741760496
713 0.552825 103.445567764017 1.713922 0.725874559329101
714 0.338799 122.859681477078 2.110139 0.793469351526674
715 0.456289 119.622965246389 1.958271 0.777447311514522
716 0.299907 122.156266052664 2.147007 0.818966449067873
717 0.517298 115.474165083155 1.833475 0.741815315666441
718 0.261797 123.327690058368 2.176344 0.834017100641354
719 0.383832 124.960025169963 2.055206 0.823441802190868
720 0.323107 109.146880728622 2.084031 0.782033698445208
721 0.431626 112.269442572495 1.956555 0.803055633505527
722 0.533914 108.778799546082 1.793804 0.778035117934976
723 0.417471 112.751570578665 1.966304 0.7996304326523
724 0.52164 111.076752247261 1.821878 0.729372271948454
725 0.447044 114.859920828224 1.936805 0.788054396949324
726 0.365876 124.761158112108 2.057375 0.81610477241282
727 0.417913 117.758099591577 1.962714 0.795871539180288
728 0.454526 116.575335563235 1.901478 0.772974478203968
729 0.479442 120.810095811667 1.908448 0.773023550838905
730 0.370972 115.600544856829 2.057812 0.758776091502796
731 0.350706 114.907815354091 2.062877 0.795033822942635
732 0.189656 125.236956919906 2.234961 0.844176622139846
733 0.380193 113.29481967464 2.036527 0.786950128747429
734 0.390781 115.847609724688 2.010269 0.759046078043916
735 0.383431 107.253413712134 2.04364 0.781345186021579
736 0.254791 118.704721308572 2.182135 0.809959636511872
737 0.3105 119.463337794786 2.132383 0.767467343651067
738 0.263865 127.110945861717 2.17595 0.824835760542141
739 0.384744 125.154367997835 2.060127 0.797229222824901
740 0.482128 119.243358481677 1.905719 0.795342995058056
741 0.351793 121.002383013941 2.088437 0.809457092423536
742 0.474387 112.098729784884 1.89807 0.730686132855406
743 0.537509 115.41115684962 1.769634 0.768235191921503
744 0.433447 117.631694447541 1.937079 0.817863009705669
745 0.317494 118.217417735933 2.085124 0.794913930932701
746 0.674372 105.726452386607 1.400663 0.731248401382529
747 0.359523 121.925355808341 2.086179 0.817941149585851
748 0.512994 112.155133965607 1.834219 0.802373752247204
749 0.49266 107.739143220991 1.867571 0.755948903366593
750 0.41179 117.457158534477 2.018416 0.794101292316221
751 0.491189 119.104901459246 1.882739 0.752804276859921
752 0.245652 119.454129837947 2.165526 0.783439704514397
753 0.246343 130.490686204697 2.196649 0.789890500612067
754 0.325091 114.766157157245 2.030563 0.779680095832265
755 0.449515 117.544044110921 1.912614 0.790903947415752
756 0.430271 122.420177639112 1.949505 0.769695692329511
757 0.535442 107.85283706445 1.782934 0.721195830487447
758 0.42495 107.810164952932 1.964884 0.775563379970126
759 0.362371 117.401155386669 2.021747 0.815425382862189
760 0.536805 110.808225679324 1.771762 0.737086950231448
761 0.416345 114.317209283542 1.972169 0.801408900398869
762 0.159217 126.525873786483 2.257638 0.825898189110815
763 0.508393 115.435405898407 1.84811 0.763116039185598
764 0.27241 124.942617166099 2.181446 0.816275146426609
765 0.301273 122.054185157237 2.136634 0.827335206361699
766 0.245782 127.764552444373 2.203467 0.849262202621489
767 0.213509 131.6734267871 2.230003 0.839399683102961
768 0.488382 109.675918918783 1.827165 0.760554080036734
769 0.420145 111.788168414889 1.96612 0.787411715848108
770 0.472182 109.733985201891 1.894392 0.766453575406218
771 0.306935 126.071605385014 2.124116 0.823087147270067
772 0.277427 125.832755134343 2.179079 0.82852712367713
773 0.195963 130.738560409169 2.240091 0.857268219865719
774 0.477941 116.047613289559 1.886634 0.810344521800824
775 0.435499 116.783077710712 1.943083 0.778131853859571
776 0.502314 111.178121153509 1.816656 0.775713576357274
777 0.241095 127.862707748667 2.211023 0.839046409314472
778 0.427971 111.965730817535 1.95629 0.78260180211267
779 0.346189 117.529064477297 2.053213 0.796044041285834
780 0.379007 123.624218087685 2.053116 0.822213612203777
781 0.690317 108.178762008662 1.380607 0.722828701211646
782 0.411688 117.695094670965 1.966661 0.801255395905698
783 0.481555 113.086777615764 1.847912 0.786042535023181
784 0.494593 107.251397755302 1.842445 0.786232088365744
785 0.45888 117.103266869102 1.933322 0.786468681469246
786 0.439125 115.798510435579 1.910968 0.791401725294054
787 0.587821 115.335218718152 1.66903 0.741029997001327
788 0.366231 118.311474247987 2.028331 0.79740597776125
789 0.416338 118.312467324955 1.990136 0.767058374543256
790 0.292406 124.538267599171 2.163071 0.791792327079715
791 0.401108 117.198722256095 2.018979 0.778665986432818
792 0.263582 125.486975655928 2.182837 0.798553908274834
793 0.551105 113.892271477773 1.738848 0.742787342562689
794 0.289505 128.768707950243 2.160209 0.847617798837359
795 0.186721 135.106971021054 2.245469 0.855797893872288
796 0.423191 118.535610335522 1.99213 0.798043663852292
797 0.439333 108.664296488704 1.899306 0.759252896865541
798 0.285259 127.304203784022 2.153347 0.804667537285147
799 0.486134 115.661836893925 1.895334 0.740238500552216
800 0.349417 124.362450554991 2.070582 0.82685122609227
801 0.542003 94.7198183987348 1.717523 0.724906108820072
802 0.330766 120.672802502821 2.098985 0.802203392295448
803 0.441987 119.585454309546 1.968459 0.791757006836414
804 0.455578 122.002317842585 1.929287 0.784810876272766
805 0.497638 125.5492693523 1.886139 0.81702022249587
806 0.305844 126.765465676888 2.149598 0.847921887186645
807 0.425775 122.433422392081 1.991881 0.779935155740122
808 0.305718 121.171123671408 2.139555 0.788443415816205
809 0.312667 125.375007449189 2.120556 0.802896150765016
810 0.395684 120.130476124354 2.041076 0.744539119414652
811 0.500478 106.950404493846 1.836125 0.753752847612227
812 0.474998 109.229134278329 1.877991 0.702340236756051
813 0.400168 119.086503652574 1.975881 0.798462804549975
814 0.49877 125.566872344142 1.860339 0.787535639045873
815 0.483303 111.552477114192 1.864208 0.75163718266143
816 0.435536 110.137867263327 1.970016 0.775556837766879
817 0.368939 121.743826177722 2.025288 0.801458734024855
818 0.543559 114.626792930705 1.784345 0.80796617116341
819 0.475253 115.307197962073 1.900561 0.779924843495289
820 0.34497 119.937008941768 2.105007 0.808400670205194
821 0.407083 131.920653839089 2.031037 0.829905573369484
822 0.296383 119.711955460952 2.10471 0.815857925531808
823 0.42117 112.164411313891 1.985471 0.790166734153855
824 0.418229 109.458602877233 1.938579 0.741375457994176
825 0.42237 112.091618350406 1.939109 0.774831997770738
826 0.361844 107.916778980058 2.041101 0.771916776957586
827 0.406869 116.575246523556 2.024545 0.810889174791537
828 0.331497 126.205318594676 2.102977 0.820853740592827
829 0.491071 115.377750945453 1.849598 0.732921559207556
830 0.365685 117.177671268476 2.067865 0.762864401848156
831 0.508205 108.875650189174 1.850714 0.752904636887305
832 0.419007 113.661017758603 1.992302 0.784938018272775
833 0.474561 107.905712126187 1.877177 0.778552841350236
834 0.382934 118.607485800997 2.055357 0.779480389941793
835 0.511248 116.843950649259 1.824022 0.765996379727769
836 0.577009 108.459944901597 1.685239 0.747096421818606
837 0.341646 130.116218608089 2.105995 0.815458410361017
838 0.490223 124.150826477863 1.860467 0.843807383351873
839 0.403696 111.426084956654 1.997324 0.765903189606154
840 0.373835 116.579427108154 2.016443 0.804024124093639
841 0.417346 117.718648649872 1.951503 0.77105688949713
842 0.383588 124.440744918698 2.055975 0.805370490059157
843 0.451826 114.360800215591 1.903205 0.787689471768167
844 0.547016 107.780460984061 1.739853 0.750253989654401
845 0.391598 114.917998479555 1.992306 0.771244438637595
846 0.409574 111.281817918569 1.942366 0.791874366515265
847 0.515153 106.721633846709 1.830518 0.752728886557532
848 0.181762 123.759572219227 2.235522 0.837926992363456
849 0.220001 126.876865941761 2.216351 0.834737319093029
850 0.538517 113.856435336938 1.732663 0.777870003526349
851 0.402555 119.179504347602 2.024416 0.807106173221047
852 0.34653 110.225568339754 2.080643 0.803424021356113
853 0.48421 116.040644354715 1.861332 0.790644248910901
854 0.460478 115.177346034697 1.905942 0.745117736308198
855 0.295033 122.510053480432 2.15257 0.808474113252378
856 0.416756 115.577959847406 1.928501 0.798375472554407
857 0.455051 110.040469234737 1.933117 0.759194338547976
858 0.458727 108.264291059806 1.887896 0.770013595232646
859 0.365474 111.32948637756 2.019534 0.80453439486137
860 0.465721 109.618794370382 1.905791 0.752652327760816
861 0.368523 112.39282451553 2.055316 0.766026529515232
862 0.572118 115.699583780779 1.710156 0.796423678913788
863 0.54421 114.639483106226 1.782906 0.768383595186427
864 0.616274 110.79447051051 1.593615 0.762521940636074
865 0.419326 121.466194124624 1.994987 0.811904510710542
866 0.231642 118.522380531266 2.203759 0.820871809016934
867 0.428609 120.938465588995 1.987817 0.818207093268279
868 0.535961 112.386797750952 1.781428 0.764602399524418
869 0.385754 111.887252933458 1.99107 0.790514667942354
870 0.353092 115.519537462629 2.089952 0.794172184629981
871 0.356198 115.681764686622 2.030542 0.804440562534106
872 0.491998 113.847641996436 1.86128 0.784325381850619
873 0.576657 111.443911327747 1.711944 0.749026352253309
874 0.358155 115.279934209295 2.060617 0.795235399052472
875 0.545125 108.195536909572 1.725688 0.739829647429883
876 0.413096 117.009964052706 1.988853 0.779129579800044
877 0.433498 100.562490961885 1.93343 0.748063348145114
878 0.335374 114.881331813067 2.099641 0.815277450107776
879 0.558852 117.04701577413 1.74066 0.795641736479136
880 0.336799 124.973320918715 2.095601 0.814513160237979
881 0.455934 110.702650536816 1.893385 0.785009136174801
882 0.396282 108.26357616955 2.003086 0.778222042976472
883 0.399761 115.823250904151 1.991985 0.794574244316355
884 0.241318 118.885033010246 2.177923 0.841065890521507
885 0.492279 117.9102859206 1.839194 0.812732846919027
886 0.399806 118.950411159645 1.955817 0.806158743807992
887 0.407826 121.978531229032 2.010051 0.780531551306333
888 0.331962 123.19000390844 2.125994 0.804274097755069
889 0.448838 121.606620128811 1.957614 0.786081006641892
890 0.381084 118.713705475839 2.013227 0.79963824099356
891 0.365174 111.169375742422 2.018862 0.826499494512482
892 0.470635 125.19413854152 1.932849 0.832763027044516
893 0.367752 121.041701460608 2.01951 0.810117750107442
894 0.343793 113.887385777897 2.066883 0.727575946770183
895 0.383242 116.027915337279 2.036035 0.795163483970082
896 0.401309 122.671298702515 2.01487 0.782797395580654
897 0.323667 116.852792398063 2.127421 0.823204582961111
898 0.408059 110.085131558595 1.971959 0.784053882023913
899 0.380434 115.160034858409 2.021388 0.793870353841193
900 0.435477 117.292753965532 1.96098 0.77191776360868
901 0.381144 114.388881706122 2.012156 0.809141431399337
902 0.196075 124.022272390021 2.227541 0.808879474704695
903 0.391825 116.232366622894 2.007713 0.779120992702429
904 0.478523 106.867592840516 1.842955 0.775439184607143
905 0.324133 119.008188329374 2.127207 0.815755854404693
906 0.452771 117.181266181318 1.93859 0.781508226577477
907 0.407882 116.650399367653 1.993309 0.807733005621949
908 0.452695 111.347779499141 1.953987 0.794060269455538
909 0.511703 121.828361048671 1.834573 0.812551330223905
910 0.403834 114.393997813722 1.965475 0.781935223575134
911 0.5797 108.295055818505 1.705322 0.766927458875921
912 0.159793 133.424912831804 2.258808 0.853421611149535
913 0.336766 115.643146959551 2.032656 0.790712045837956
914 0.399118 121.555418496901 2.038375 0.842154628922024
915 0.365816 123.780977364948 2.080273 0.802459103377883
916 0.226257 123.218965955387 2.218838 0.789766627696749
917 0.37431 119.181692358278 2.059654 0.794324492368782
918 0.404636 111.952243047274 1.980184 0.78591634794176
919 0.491393 112.185979805446 1.87771 0.764908528880153
920 0.464238 117.433321800157 1.873829 0.771535916217392
921 0.595044 114.960005354806 1.662244 0.77461474489824
922 0.479408 115.927256959921 1.900265 0.775076305005897
923 0.353306 115.957355187627 2.063834 0.79970196254637
924 0.409429 119.248435394714 1.979409 0.806188978020604
925 0.319398 123.574760325643 2.13647 0.782059264593307
926 0.419512 114.809127100277 2.004283 0.786332621737195
927 0.432683 117.376410293748 1.984715 0.757341918536365
928 0.313307 121.863919695229 2.115611 0.817718622639139
929 0.378067 112.122032568439 2.042204 0.805326726659814
930 0.475988 117.539365778838 1.907474 0.771983046750692
931 0.385195 115.970269991767 2.039298 0.785570006940522
932 0.344852 107.739422452773 2.073996 0.765730883522236
933 0.185432 124.717023346215 2.245891 0.778820854751346
934 0.483724 115.960656288978 1.863369 0.772208780027075
935 0.432798 118.832945506941 1.965323 0.803044110980266
936 0.468013 111.904131731084 1.874158 0.75763560344775
937 0.452914 110.559083592641 1.926562 0.768586614227563
938 0.541844 121.447756487746 1.740989 0.777181136896484
939 0.380949 121.281756295734 2.038785 0.808275258615701
940 0.46298 110.207118737403 1.928687 0.751444083614787
941 0.514879 117.006869964264 1.79409 0.746641282480371
942 0.533627 124.993222724138 1.796244 0.746401343839829
943 0.439263 121.881711826105 1.926103 0.798561696937263
944 0.472648 105.06579784852 1.874377 0.760966263309166
945 0.415618 114.369177773566 1.962761 0.786006182671662
946 0.452253 116.081799981837 1.93207 0.767646994118909
947 0.411448 117.554417608929 2.010544 0.784783192518945
948 0.406996 112.628309410212 1.996108 0.774028250965335
949 0.41121 122.56602809796 2.011541 0.79606970837724
950 0.356814 116.512688206606 2.058043 0.800049785076683
951 0.38331 127.558066545406 2.052241 0.821610660705982
952 0.352043 122.504967879238 2.094698 0.780504591513995
953 0.464867 111.492666184555 1.912453 0.765730295587878
954 0.36958 123.382081177776 2.072201 0.807882246178707
955 0.525223 114.095381381075 1.828791 0.773060580730505
956 0.364783 119.29041339829 2.041596 0.799704362056312
957 0.14157 130.159029442377 2.269949 0.840624064172886
958 0.587159 101.788861765678 1.670843 0.744453663543283
959 0.174623 127.961559883055 2.223823 0.816737404726272
960 0.301624 122.653717721031 2.11702 0.832263716288367
961 0.308917 121.652204128114 2.145411 0.767018009705637
962 0.276198 118.828436760715 2.160458 0.793056207009134
963 0.372916 110.485209554191 2.039729 0.779847357003889
964 0.283016 121.521991679829 2.164248 0.825072329566708
965 0.462625 110.294548403249 1.92507 0.745518794322095
966 0.30739 122.22922489455 2.144161 0.832586863888908
967 0.593709 114.275270991602 1.644563 0.754981453178881
968 0.501961 106.05715102464 1.832143 0.765063589868389
969 0.41811 110.033452874994 1.981041 0.779367769401135
970 0.471043 121.647191868155 1.915617 0.783476320375931
971 0.447318 109.043456762871 1.961726 0.790992182641291
972 0.594882 108.995416816119 1.675425 0.772843397907223
973 0.63 112.234602209843 1.559731 0.798154854008506
974 0.290645 120.230155022479 2.162232 0.8141940662551
975 0.418082 120.771244647281 1.993114 0.80699907776739
976 0.425265 110.417823022223 1.954515 0.796891321749128
977 0.326614 123.171305158534 2.121332 0.830022005203075
978 0.302083 119.677673169975 2.103491 0.811252014037043
979 0.589982 105.942147215165 1.643041 0.727069712008616
980 0.534368 110.211307454018 1.797693 0.786720459320454
981 0.462702 120.153091406291 1.904334 0.768442727065256
982 0.364335 121.996590897326 2.086657 0.821450843592707
983 0.448516 119.638676063593 1.932944 0.761912122082906
984 0.581649 117.281071892565 1.668706 0.761262756235598
985 0.332378 112.174589454433 2.087563 0.790634159357368
986 0.48836 112.578691818445 1.870466 0.777408540290932
987 0.5099 111.983773297802 1.844524 0.761376398206524
988 0.280062 125.968452103094 2.16947 0.842847300942921
989 0.336477 120.10324676483 2.111601 0.834992367965922
990 0.401014 119.794917728165 2.017793 0.796567578817166
991 0.364898 119.061458052384 2.085301 0.811831859619779
992 0.404096 119.282803019797 2.033761 0.761957757952161
993 0.443494 100.967420907923 1.87859 0.765036876768343
994 0.340806 114.995961176283 2.104504 0.792131768224704
995 0.470027 114.481253983361 1.891727 0.764622265491874
996 0.322892 122.517438353455 2.115806 0.805989710386226
997 0.385857 115.792070670916 2.006333 0.783023469890208
998 0.226235 117.969599103022 2.180211 0.805791706150983
999 0.271715 114.462375795744 2.172371 0.820026276033567
1000 0.306977 120.559851174209 2.143918 0.826330699647555
