rep aei_left left_area adi_left H
1 0.427072 115.910146639843 1.994096 0.748409502480326
2 0.455683 123.249036488399 1.88328 0.790828448495345
3 0.476328 105.699364567866 1.874981 0.716060818989219
4 0.582714 106.912034959289 1.689584 0.717256125901437
5 0.319458 119.526349206493 2.091855 0.792412324271335
6 0.559721 113.050286619777 1.721207 0.755953188816586
7 0.475935 119.940143132083 1.88832 0.779930396298745
8 0.420176 113.76776178691 1.922827 0.793690625750883
9 0.518134 118.471458671851 1.807131 0.753529225384587
10 0.540042 114.307687920763 1.788649 0.750857509651716
11 0.443921 119.365586342546 1.91743 0.752960639209724
12 0.464535 111.498869699046 1.878726 0.798005309761468
13 0.457405 109.065152366869 1.910322 0.764147084306944
14 0.365279 116.511229677074 2.035498 0.750289428051886
15 0.512743 109.038509502546 1.814616 0.741961337337538
16 0.369666 113.083451098178 2.020757 0.783191855643022
17 0.494759 108.618623684008 1.850998 0.79046549046075
18 0.45046 119.991933334498 1.920081 0.824509860443562
19 0.393916 125.258203111375 2.00923 0.81690227009841
20 0.524602 111.397078723241 1.805421 0.782366774766691
21 0.543489 117.103172536777 1.74939 0.793191689527757
22 0.470616 115.735183178482 1.877221 0.72843611426985
23 0.418665 114.67042664528 1.96279 0.810066494061019
24 0.238062 130.194683910276 2.212844 0.83575038660993
25 0.442031 122.089170998345 1.949591 0.782527644863906
26 0.281208 118.920514097576 2.14473 0.82909119454673
27 0.484626 115.443855846736 1.865457 0.756528292468073
28 0.44774 122.04483879067 1.964715 0.793707292545824
29 0.343058 126.667334004703 2.093759 0.821829991493119
30 0.590789 114.826472745574 1.659943 0.75816039795122
31 0.407156 125.28192461969 2.005726 0.77137364085391
32 0.484439 110.419204092079 1.870784 0.782212607421006
33 0.296899 124.708976627948 2.153487 0.810588565325582
34 0.365888 126.453359832417 2.047556 0.82262267204532
35 0.434283 112.237958599405 1.903026 0.791003210275897
36 0.386069 122.274377500634 2.004252 0.815531584475712
37 0.148909 132.819522479152 2.265736 0.87473369687962
38 0.199792 129.07889218495 2.234171 0.857675774143608
39 0.341306 118.014141684071 2.071137 0.787398735908439
40 0.30538 116.035335419549 2.111403 0.764559132323555
41 0.329734 125.996887414069 2.126107 0.839441230577076
42 0.360238 117.070137590402 2.044344 0.791842150548985
43 0.350706 116.229053873826 2.031662 0.806514883529689
44 0.469408 112.804089894571 1.87882 0.783954297548101
45 0.371973 128.936574817832 2.050254 0.822684230113571
46 0.389701 123.407813061999 2.039059 0.818837984760629
47 0.536293 108.956077007683 1.774422 0.707469200360846
48 0.317502 119.068419820334 2.101146 0.773896962436226
49 0.462081 116.302553669152 1.931921 0.771642171547511
50 0.291702 124.130435584087 2.141781 0.823964241415815
51 0.358679 124.414643068882 2.073677 0.810530325614424
52 0.373037 120.583701307933 2.024451 0.806366595046563
53 0.339954 123.143069149567 2.10653 0.854440578178679
54 0.556986 111.643616818219 1.753636 0.774219632630827
55 0.543153 111.1010330177 1.76409 0.772056400761656
56 0.388322 119.478431795252 1.980707 0.809175656482796
57 0.311136 126.220255288484 2.123519 0.827914388531518
58 0.487785 113.759212343549 1.845202 0.793403680889341
59 0.320804 121.693177280908 2.114763 0.817755380457801
60 0.360804 115.467749123497 2.080892 0.776035385760266
61 0.268804 120.73135311066 2.146066 0.809159571480022
62 0.440709 116.260691915155 1.949466 0.810411953461192
63 0.462441 114.152614159771 1.926911 0.75151559777645
64 0.40917 116.546834998096 1.988352 0.787391872589082
65 0.331507 123.30273974147 2.112974 0.812285192415338
66 0.376535 125.5604860154 2.045051 0.814581154588295
67 0.326195 113.509380306253 2.073232 0.820932839685864
68 0.386264 120.094639534653 2.025559 0.84143912410695
69 0.426966 108.891656191046 1.92097 0.745413128127756
70 0.483974 121.477205958889 1.90513 0.809981169953139
71 0.35987 117.467220111325 2.010625 0.796669615666293
72 0.555597 111.189632820323 1.737659 0.802044262289662
73 0.329047 121.093928558841 2.068106 0.808597599353589
74 0.254305 110.772138542252 2.147917 0.804151431227141
75 0.485429 109.05440210781 1.826544 0.794724286686442
76 0.433941 113.263028766815 1.942504 0.778119932469223
77 0.376201 118.730859932382 2.03636 0.808523572508652
78 0.386139 119.484277932375 2.017698 0.805635764082821
79 0.45137 108.264584550747 1.92859 0.771358532585806
80 0.402248 123.221025845166 1.986571 0.769384375476599
81 0.478127 124.278540484675 1.893535 0.805457667110723
82 0.394199 113.922813312292 2.030903 0.816446529933331
83 0.383057 118.089721196062 2.02545 0.790883903249942
84 0.323515 115.991997901256 2.11175 0.805486262378719
85 0.385642 122.901753006747 2.062842 0.816185609270898
86 0.434733 120.244285048033 1.955842 0.778253454577136
87 0.481971 122.095385108178 1.905658 0.811114931426835
88 0.367328 118.498177880978 2.071072 0.813197103740175
89 0.378758 118.855599786006 2.053754 0.824380691150388
90 0.281455 114.664781119293 2.137209 0.814431024175733
91 0.38998 125.758452487982 2.049652 0.82668274831465
92 0.262955 114.815608398124 2.166115 0.791952363279211
93 0.357985 122.120435141488 2.066348 0.816919484902496
94 0.274812 129.20418028764 2.179746 0.832642200982696
95 0.435029 111.537200602354 1.953039 0.790542035645102
96 0.453711 118.373212208429 1.957345 0.774526545461467
97 0.359823 114.738143113858 2.030916 0.812125040332928
98 0.678197 107.026955223669 1.443175 0.780416194255766
99 0.383537 115.339506505013 2.030142 0.794021870038227
100 0.400173 112.915741341979 1.974667 0.787059005441542
101 0.309046 123.340140073505 2.136839 0.830070443637596
102 0.416703 112.826250345493 1.995297 0.766441495057706
103 0.327532 121.113305116609 2.105165 0.786679559151395
104 0.333734 123.819111906695 2.088082 0.814197203045056
105 0.470654 110.30877189967 1.838228 0.771334083021222
106 0.386288 122.178788083783 2.033502 0.813242495350131
107 0.409962 121.464433318874 1.954535 0.813827527977027
108 0.202318 127.247562628851 2.228573 0.851550974743151
109 0.399827 112.29248535751 1.962697 0.803735146323984
110 0.398868 114.344602893809 1.9413 0.817363975219837
111 0.188755 128.798667305233 2.239422 0.851655467267546
112 0.459896 118.296118478749 1.899219 0.794771448855118
113 0.49484 109.265521675519 1.842898 0.723097300077131
114 0.343208 120.843350766424 2.092123 0.812427851457306
115 0.577867 108.395149592115 1.69076 0.746763467528335
116 0.477449 110.648192580735 1.904112 0.768320596145626
117 0.483711 117.128186379759 1.879074 0.765547557452645
118 0.451626 115.100868250556 1.873712 0.763634294861196
119 0.599387 103.919424345983 1.588497 0.746347106068143
120 0.347893 116.24493282068 2.035713 0.819484738554784
121 0.418977 111.151054438195 1.949469 0.786214215473797
122 0.390982 118.273574828973 2.038491 0.814453365474052
123 0.50914 112.446987352644 1.834784 0.715214640316211
124 0.495699 108.713101506607 1.805231 0.746587768533224
125 0.184772 129.919845762187 2.247913 0.852380702269978
126 0.540835 116.321079896682 1.78158 0.822424359306072
127 0.581853 115.938510273519 1.699031 0.747424922095296
128 0.457936 113.360447254411 1.913751 0.787631253301539
129 0.565652 121.295437600458 1.719427 0.779400221843179
130 0.390622 119.702119287964 2.046178 0.797292845824008
131 0.240185 120.747078199207 2.208367 0.836865035823008
132 0.467845 118.954702417956 1.894053 0.804056527981546
133 0.343302 112.644732764805 2.103845 0.823361700785091
134 0.334167 117.038537442129 2.102249 0.789594276820265
135 0.437878 102.988720275178 1.911123 0.755742102809742
136 0.501466 115.565873812831 1.854053 0.805196857622552
137 0.355144 120.397461877136 2.051432 0.817760952103395
138 0.433691 112.607394689219 1.956587 0.786404355114039
139 0.287469 121.603277088307 2.158811 0.822591032674813
140 0.423835 118.077383741745 1.986654 0.753590237168062
141 0.350182 119.077555055694 2.07795 0.805585994405596
142 0.384901 112.298044518551 2.010863 0.783578305501805
143 0.310291 127.638656240676 2.138562 0.831699495260166
144 0.281983 118.7411897641 2.125575 0.809895615682033
145 0.456028 117.905347357164 1.945274 0.768453892647722
146 0.569662 100.513357022065 1.674581 0.689343856064612
147 0.39885 111.233750620732 2.025292 0.77385951190559
148 0.324693 125.700823465385 2.090508 0.815536073420381
149 0.449798 111.987855606447 1.932166 0.724022507281919
150 0.470535 108.65706563859 1.877147 0.791425467998068
151 0.401605 115.384014367281 1.984305 0.808736996818379
152 0.569396 115.934931176545 1.673853 0.780126979101994
153 0.355579 115.461120320468 2.083378 0.775063812906782
154 0.5201 107.313059472402 1.797686 0.702706400195981
155 0.384611 111.485569110289 1.999975 0.794745808322961
156 0.464569 123.949718866791 1.94399 0.772395290352254
157 0.396174 118.149160519055 2.034038 0.808720599986968
158 0.391085 121.508986893282 2.024804 0.796384013405973
159 0.434873 102.89837972618 1.972357 0.749351530658832
160 0.483959 113.167836789334 1.879297 0.745474063435025
161 0.187733 132.955350885648 2.241046 0.863902157723826
162 0.535469 108.302417861914 1.790329 0.76761239354463
163 0.355111 111.399870551376 2.054645 0.793964746521913
164 0.587192 106.554375067387 1.671102 0.736960253155226
165 0.470008 122.723932171815 1.934146 0.781027966920027
166 0.522923 111.085055234053 1.774619 0.734471592343546
167 0.457412 113.174878855577 1.882042 0.765679718185368
168 0.352963 120.642390309371 2.071016 0.79672445478422
169 0.323197 113.525831103412 2.059606 0.806119898854869
170 0.255031 116.681118197174 2.158241 0.784016616311972
171 0.232811 121.578226006458 2.148204 0.830683459979147
172 0.39078 114.277714791409 2.00327 0.814682165125453
173 0.416206 117.101061179381 1.975061 0.790359723890233
174 0.317167 119.259547365949 2.127441 0.792458822479961
175 0.552386 116.359059389974 1.718219 0.796258842717434
176 0.498641 104.956973009463 1.806569 0.773665590683043
177 0.407137 118.317626055453 1.988639 0.800012008521022
178 0.41314 114.710702293186 2.002325 0.777813198853785
179 0.383127 119.213215107172 1.984646 0.809061391247475
180 0.266613 125.744101448574 2.170279 0.801733863411243
181 0.500562 109.370018846029 1.82562 0.727089050347722
182 0.320958 119.625093416664 2.133761 0.801368157249196
183 0.448193 119.008165413016 1.948527 0.794450419029139
184 0.509587 106.899728096828 1.811005 0.803822478733738
185 0.340953 125.539076752966 2.086631 0.839590381455088
186 0.31016 120.113230808536 2.128102 0.805206308669397
187 0.497199 120.933642305067 1.869401 0.802227678682583
188 0.457567 113.067878997325 1.934692 0.732391154416122
189 0.363754 115.563719482274 2.045815 0.771871565342616
190 0.346654 127.041375319822 2.072033 0.815549269585351
191 0.429264 120.387379504615 1.966473 0.790097010676794
192 0.35644 119.43348816475 2.084183 0.801463139290432
193 0.491181 114.887456776685 1.864369 0.765717737249873
194 0.318242 115.318350888709 2.095 0.8074101372438
195 0.510558 117.211727929269 1.817833 0.786411835770022
196 0.393712 115.024725730253 1.972264 0.760323792962397
197 0.407621 116.5097925203 1.975863 0.786129717146415
198 0.441764 113.306939063781 1.941712 0.75054113536763
199 0.4 117.851466571296 1.983499 0.783910453804691
200 0.561402 104.042136646429 1.705638 0.737010581146128
201 0.561654 108.800012957832 1.745452 0.709115652567323
202 0.489576 106.400571802083 1.887924 0.76357377339893
203 0.32036 119.698561208337 2.110604 0.827079319031201
204 0.47399 117.220576367541 1.92117 0.772872028880734
205 0.32477 122.949068052509 2.07268 0.823179975302316
206 0.38669 115.988047046344 1.986882 0.758042971394348
207 0.507453 107.476932420262 1.808511 0.793713589147656
208 0.341278 125.484639570851 2.09179 0.821293155640321
209 0.318331 129.950577827711 2.1296 0.854190110619461
210 0.423226 117.959647441274 1.970649 0.775544126896948
211 0.258894 126.610923735458 2.169808 0.85722117784863
212 0.335076 118.958407497248 2.080367 0.787801995324273
213 0.535042 109.123178393509 1.795778 0.782789159364276
214 0.450703 111.922018898339 1.937645 0.781892326556387
215 0.473556 111.146929133328 1.922057 0.779749133795559
216 0.557223 111.676866025893 1.762462 0.74530630079561
217 0.392697 111.773541848744 2.050288 0.801421567661746
218 0.477162 112.656637002912 1.874624 0.785024191865826
219 0.573397 117.478544977813 1.678806 0.779401241869846
220 0.667079 107.442278820662 1.454132 0.72769291040019
221 0.374131 114.325819042687 2.036734 0.775567633979738
222 0.510827 113.575622809771 1.804085 0.782633414679788
223 0.275079 128.017322784423 2.176878 0.829640750360712
224 0.378176 123.721216410218 2.043707 0.80196624810957
225 0.400715 120.492314832924 2.038274 0.813536644752778
226 0.458583 121.569803665743 1.947915 0.812093187149878
227 0.39595 116.327866132108 2.005893 0.767683668716634
228 0.464353 111.403641513358 1.900216 0.783024965107267
229 0.314311 128.316523064508 2.145635 0.829883811454864
230 0.289933 124.11840930667 2.162 0.83142641378823
231 0.351031 108.337410810429 2.047151 0.785324624673918
232 0.412929 110.348066335924 2.003995 0.771029395865125
233 0.358594 122.59385365982 2.036624 0.810111772036506
234 0.434527 118.215023400834 1.970141 0.786496914686128
235 0.205775 127.078077984085 2.235657 0.801352799705694
236 0.439829 110.46371262806 1.949602 0.780297296574905
237 0.264224 120.163075529523 2.15639 0.811830103212999
238 0.39271 120.758706032352 2.024076 0.784958080609787
239 0.531508 111.15578246968 1.755128 0.769236773033293
240 0.600171 114.617903912906 1.641887 0.764209389644338
241 0.172135 130.57747831744 2.253974 0.8610630412136
242 0.358487 117.66124636173 2.027658 0.789761258058083
243 0.430644 126.383668509766 1.982279 0.822883541144244
244 0.397468 118.611291900879 1.995503 0.808270357254051
245 0.48125 120.379957773083 1.887495 0.818850535996557
246 0.260997 115.867720132771 2.187883 0.831452626043618
247 0.410029 108.468049819894 1.957778 0.764526730505868
248 0.471008 117.812610162215 1.927623 0.799509503427681
249 0.387166 122.765980448565 2.041773 0.795893151803252
250 0.397684 112.684577369632 1.996658 0.803099510269149
251 0.419832 112.523921275065 1.939263 0.73242620717351
252 0.352089 119.262422687857 2.054351 0.771325050655141
253 0.407776 118.569822236037 1.992549 0.775818288107857
254 0.535325 117.693664669829 1.734601 0.762395984803412
255 0.471433 114.527239969848 1.851586 0.814137548450339
256 0.484891 118.666423035788 1.872574 0.798947990117625
257 0.498134 120.447604883815 1.855943 0.765289575871621
258 0.314591 125.771735555493 2.131513 0.827411125868791
259 0.351068 117.621966734102 2.06035 0.804828500701428
260 0.450809 119.916945309288 1.924036 0.763202919454646
261 0.561468 120.040599974271 1.750058 0.796657773528082
262 0.452647 114.970571785885 1.943951 0.782117129377295
263 0.430131 118.902067838844 1.969864 0.76914292552311
264 0.387815 113.11269503989 2.006897 0.748619502812576
265 0.462982 115.066448489713 1.859529 0.820989730124662
266 0.387549 121.375164680938 2.023294 0.83174129782791
267 0.394517 119.82044749154 1.973028 0.790240162230453
268 0.431987 117.334144485433 1.972384 0.797463436476288
269 0.316878 123.699160997042 2.121193 0.813676540997928
270 0.432532 113.486837388214 1.953042 0.805865169149529
271 0.543482 108.618225314967 1.777772 0.711297791766635
272 0.457689 116.355539574624 1.865541 0.822505319804296
273 0.53196 119.405308560128 1.798776 0.795778928499929
274 0.305895 120.530669784417 2.120432 0.828683903732274
275 0.557864 109.602181434025 1.745209 0.77256570863486
276 0.309493 116.811019495343 2.122863 0.804894687553874
277 0.326332 120.706863189939 2.129185 0.826511763880985
278 0.414478 116.22568063375 1.945462 0.774964149998832
279 0.264367 122.079359760125 2.160987 0.81864754763466
280 0.341373 117.338842541454 2.095132 0.813944635948757
281 0.393734 115.75188807627 2.017139 0.802705902229067
282 0.246527 121.881115406227 2.185637 0.826221950645758
283 0.406772 121.776929571566 1.991442 0.8094861077012
284 0.523647 112.736912467175 1.819875 0.793884733330425
285 0.355749 117.828348581771 2.064231 0.804660707719769
286 0.455312 122.92189956576 1.954039 0.813037640650069
287 0.383142 121.589691478121 2.026046 0.773306629994552
288 0.431507 118.146868577361 1.956612 0.792997699723009
289 0.486211 117.386166791049 1.881509 0.806178330610463
290 0.456465 121.588080544905 1.909241 0.821451918204958
291 0.524114 111.628315489003 1.810186 0.775142603372011
292 0.438896 115.932435652334 1.914029 0.799502107028996
293 0.391763 116.719794334046 1.988905 0.809595188641367
294 0.387148 121.374408721582 2.041139 0.807759447329518
295 0.447281 120.016329310824 1.893047 0.773203762669917
296 0.449463 113.138290846426 1.911873 0.777318126345703
297 0.357269 109.018179121551 2.029331 0.788428913462991
298 0.331265 104.925839273587 2.089072 0.785635064415052
299 0.559973 106.417923679072 1.724576 0.745534513659322
300 0.442326 113.072716625212 1.934985 0.776268103148815
301 0.454001 114.433891856767 1.909932 0.776455287496204
302 0.533115 110.835673871248 1.799863 0.74545424282774
303 0.465264 116.035708773623 1.887491 0.801811216235087
304 0.449635 123.6293783026 1.9541 0.811540724779189
305 0.462028 110.129118788876 1.917188 0.765241208795261
306 0.395739 113.547061309198 1.964639 0.793457070869067
307 0.325682 115.510201193965 2.093011 0.818401073823221
308 0.3029 119.371511782001 2.11635 0.810924731419818
309 0.381707 116.856464554886 2.020845 0.816709067449922
310 0.30902 125.396606963063 2.140519 0.845538407977174
311 0.275969 120.722149749156 2.173713 0.791659424410611
312 0.39067 117.907274685097 2.023812 0.816576997406787
313 0.498782 109.024594585484 1.817301 0.787087482310044
314 0.476135 107.436714556168 1.850982 0.75617539024391
315 0.529654 119.317210387523 1.772005 0.72884248602705
316 0.345216 124.129025306057 2.087202 0.831975115643329
317 0.278452 127.105550784183 2.140434 0.826262178099092
318 0.390003 115.005258605858 2.035985 0.815297310591842
319 0.325583 117.526505259843 2.094198 0.806553217417119
320 0.388681 126.66766861959 2.01507 0.82149022414258
321 0.24717 125.984548457376 2.186714 0.823395867073036
322 0.298748 120.385461268047 2.129615 0.796130290181973
323 0.590618 113.694447632158 1.663154 0.763300655520268
324 0.344286 115.616621315328 2.067208 0.808276910838929
325 0.40503 121.988499481603 2.007739 0.811902140273412
326 0.357511 117.048313561439 2.040735 0.797320271571662
327 0.530139 110.830653702777 1.792944 0.760178650726871
328 0.261973 115.16799615565 2.177508 0.841469175298907
329 0.216092 119.520354312816 2.206597 0.837244130844751
330 0.492397 119.755742572334 1.874131 0.767456414910101
331 0.451761 109.074672132663 1.949414 0.779206361214391
332 0.377283 119.81227794546 2.059886 0.79273569088243
333 0.361172 117.537718942831 2.065162 0.812147604577961
334 0.282782 124.722119815297 2.124638 0.822076599590382
335 0.422445 118.465958834856 1.925305 0.753344655182279
336 0.369056 112.565527268709 2.02249 0.79048129651693
337 0.417438 119.934738351744 1.958088 0.783886983381903
338 0.532743 108.825560767409 1.773419 0.771344152595098
339 0.434905 120.453349711007 1.985355 0.782038393587113
340 0.369735 114.300817902691 2.068612 0.827059217594612
341 0.549931 106.249950366404 1.769145 0.722351229812039
342 0.495022 119.788926788988 1.846956 0.779260074502912
343 0.521368 115.711043271139 1.825711 0.74603803854222
344 0.408439 113.834903623569 1.985441 0.791104015093342
345 0.296209 121.698753162171 2.143376 0.790889597577069
346 0.514494 112.071827617623 1.819272 0.794548645859917
347 0.397552 123.623796964046 2.032852 0.805272618569736
348 0.476228 105.78381473413 1.891283 0.732028548838615
349 0.480206 110.632692867435 1.845984 0.803301307588386
350 0.409343 114.534784290412 2.010422 0.802235849184476
351 0.464262 113.104266057923 1.935398 0.780622428314776
352 0.300095 124.575157569955 2.127989 0.823082125150643
353 0.437101 116.688492443186 1.977298 0.751453001894231
354 0.394623 122.356311274488 2.02247 0.803920345164756
355 0.387089 119.371880779067 1.998259 0.703076443251716
356 0.407101 117.036745312466 2.001074 0.799353038251727
357 0.511969 115.712690077524 1.841416 0.753581810553337
358 0.386201 121.032662547754 2.011527 0.780982781969605
359 0.469502 110.493449027184 1.882621 0.775005088071772
360 0.322658 128.062746782811 2.127415 0.840848970974931
361 0.329445 123.667628861084 2.121529 0.798904228735099
362 0.258794 124.437470779483 2.191212 0.821594215549622
363 0.586025 104.280901335241 1.686015 0.710458593275904
364 0.447842 108.308942766831 1.954234 0.755440848270291
365 0.244418 119.483813336844 2.176851 0.835836341218984
366 0.262158 113.063988005493 2.146392 0.80728799088717
367 0.304922 123.030643728811 2.131298 0.833035675372125
368 0.522695 111.973183733824 1.824901 0.784164613768683
369 0.514348 108.443245712432 1.808255 0.798285357420109
370 0.599665 109.802933962435 1.581971 0.743459357853791
371 0.178526 127.208122437864 2.251595 0.847658114729203
372 0.21956 115.948237017755 2.206389 0.813136753635453
373 0.543889 121.496510232494 1.769863 0.775597917725032
374 0.396136 120.692690785765 2.010938 0.806145923946252
375 0.36845 112.545090631068 2.026201 0.778717870372369
376 0.284009 122.53259101549 2.140479 0.823041785774942
377 0.455839 112.966066579027 1.881432 0.798085255108729
378 0.432226 114.652461202387 1.915771 0.772363725674351
379 0.293087 117.759297919717 2.119651 0.806581762996604
380 0.507021 110.975259924198 1.833864 0.772284537035061
381 0.287962 120.887191246435 2.138266 0.816822637351915
382 0.24164 126.36848034661 2.182889 0.819505966522408
383 0.370871 115.463585504684 1.990372 0.792321529621656
384 0.389027 115.182754596728 2.02719 0.787929351603699
385 0.23495 115.322231909041 2.203186 0.785649888788224
386 0.364342 123.762700495749 2.086084 0.810657077846146
387 0.28262 122.619196644488 2.167857 0.807140068159405
388 0.53001 109.932016431119 1.77776 0.748628606683686
389 0.367098 124.922479562646 2.060992 0.795655234901398
390 0.392788 124.58084933263 2.044637 0.819740181453922
391 0.54556 112.113781398113 1.779487 0.778368390272816
392 0.329821 116.305379072848 2.128486 0.799031970667761
393 0.304608 127.470540496719 2.11637 0.807695339718011
394 0.420138 113.508030550606 1.991695 0.71729470798939
395 0.315096 119.575658887152 2.123624 0.813982390413979
396 0.340469 117.954167858397 2.094177 0.821924935532489
397 0.513601 124.682009147284 1.849981 0.805761861585497
398 0.497981 107.945245290803 1.786259 0.668192193617894
399 0.371869 118.571067144813 2.067707 0.804912742611851
400 0.578453 109.854883947458 1.665497 0.765939580427309
401 0.4027 115.989987100385 2.022479 0.820785172582496
402 0.386652 112.923409490141 2.016417 0.78236753595032
403 0.358765 126.218629782266 2.030373 0.762774579307755
404 0.514849 107.448002275352 1.808426 0.754270299102446
405 0.362672 121.676081369763 2.043319 0.822092928528629
406 0.387229 119.518147491315 2.04365 0.776005650158259
407 0.324162 124.670729865442 2.134995 0.817566451043712
408 0.60062 107.529214378771 1.642032 0.736232649966506
409 0.445745 115.606950440272 1.94718 0.791178444340381
410 0.395969 113.398350269303 2.029146 0.767685250393873
411 0.519287 111.487331396701 1.80914 0.774644764263312
412 0.458217 113.178607984828 1.940897 0.79120996313113
413 0.354504 119.802305599057 2.042044 0.788288385090986
414 0.332481 129.423185299132 2.121698 0.82807993609025
415 0.574413 115.809755895544 1.694975 0.725518751553385
416 0.380214 118.761216900628 2.024229 0.816590798755309
417 0.394755 114.72830077645 1.967992 0.78953528719371
418 0.444534 119.89398158643 1.911629 0.788973144355835
419 0.298081 114.666440743356 2.112902 0.840724614585177
420 0.21259 123.974972279871 2.191742 0.806769995860848
421 0.527738 110.315322858412 1.801302 0.73759667586584
422 0.42056 111.216415030464 1.96006 0.786332428922194
423 0.515551 120.770135799179 1.843338 0.794610811649172
424 0.380115 121.382544298709 2.06149 0.803452568143406
425 0.368369 118.346420198496 2.044518 0.795295078446401
426 0.479348 117.875974819295 1.890901 0.789840759871926
427 0.433358 111.511154099383 1.942478 0.795538674258639
428 0.317941 114.806602055116 2.1145 0.809331122507167
429 0.425323 110.125771812742 1.923478 0.785110880187496
430 0.367865 121.635311774942 2.040598 0.828856036306958
431 0.438959 111.28313957718 1.922131 0.781609902888845
432 0.655909 108.348291655902 1.485518 0.718658679708668
433 0.579247 112.572178330264 1.653907 0.729164467768982
434 0.475707 111.175500185662 1.888492 0.76707873363204
435 0.1955 129.026670966265 2.237861 0.858770567782003
436 0.246495 124.978925128098 2.18096 0.808395022044868
437 0.462133 118.630875366305 1.893382 0.755677238862779
438 0.44562 113.927599775639 1.951993 0.78906776426533
439 0.325302 113.736967814065 2.072765 0.797281686238229
440 0.349602 125.067182307849 2.072099 0.81593023510389
441 0.455086 113.36037230426 1.917769 0.787467003956329
442 0.500804 113.745791049418 1.842793 0.775981835573829
443 0.436645 114.601379725304 1.979146 0.780006593819967
444 0.535242 105.331611369337 1.735074 0.75029169274717
445 0.427672 104.900476692442 1.941317 0.786992731879435
446 0.430411 114.803324349597 1.960534 0.812973434714869
447 0.445034 114.274157866116 1.939555 0.758045351578499
448 0.576155 106.607698885966 1.641263 0.768689699861585
449 0.497085 123.523671332747 1.879708 0.731964542417743
450 0.448555 112.046977428287 1.94528 0.74046810419886
451 0.337307 117.59038023531 2.073905 0.805496958138354
452 0.535853 109.294606107091 1.762951 0.751314469950892
453 0.636587 104.490943996855 1.558115 0.702559650965168
454 0.382806 108.563216031049 2.012831 0.786228586870194
455 0.551647 115.500406719043 1.761963 0.780596907791612
456 0.252089 128.872401365517 2.190123 0.852016711987413
457 0.494329 124.034831018112 1.886225 0.75815065897403
458 0.427746 120.344913366137 1.983783 0.82046886137703
459 0.627668 110.681942846391 1.576518 0.764885895065222
460 0.50101 114.754373776722 1.816286 0.780791105545194
461 0.274235 126.358998143104 2.166344 0.772435393565905
462 0.29648 123.420737481905 2.11183 0.825666735126116
463 0.493154 119.293289958154 1.844194 0.799455276809308
464 0.385501 117.563658976926 2.01734 0.815410160494664
465 0.390495 113.255400444473 1.996518 0.80158170126384
466 0.443181 115.965004183667 1.921847 0.782515754655442
467 0.359592 119.596188811836 2.025863 0.818086502033487
468 0.436378 108.349089558219 1.949771 0.764513725276106
469 0.452912 118.097525551462 1.954825 0.762868670172938
470 0.301687 119.37055732901 2.095747 0.814561320427316
471 0.294256 126.783713026293 2.162208 0.8062472820528
472 0.45867 118.042554843286 1.940951 0.807811788013595
473 0.482897 112.347384827706 1.835932 0.752686788216731
474 0.463163 121.157420078609 1.930089 0.820477118767005
475 0.450357 112.785271046284 1.942603 0.773990570777136
476 0.687831 107.443814986939 1.413249 0.721552853866857
477 0.551254 121.220544056169 1.741985 0.805474628460503
478 0.23059 121.616466029804 2.2183 0.824908058302637
479 0.420063 115.098258252375 1.955132 0.790373184078269
480 0.297603 124.913000523789 2.108771 0.801157348867191
481 0.511783 109.444572330946 1.805886 0.759826230749239
482 0.529364 111.81903583002 1.789475 0.768268184354072
483 0.38302 113.183845505528 1.998954 0.789042261397611
484 0.265821 127.932246588244 2.163615 0.834071320964041
485 0.338083 115.622471727364 2.097148 0.808550677514169
486 0.453846 119.441959779095 1.90185 0.788116534443254
487 0.280438 114.556710351911 2.153965 0.827361968181737
488 0.346671 122.122183570898 2.101931 0.796562476389506
489 0.373791 113.622382987687 2.031725 0.806796808287426
490 0.356679 112.253134514172 2.063896 0.794904927524894
491 0.440457 125.327915726713 1.974685 0.807272968464936
492 0.366324 119.022242550945 2.061879 0.800503543665945
493 0.225759 126.859952249772 2.214539 0.822253508073392
494 0.497826 114.659240793673 1.85492 0.777318260034823
495 0.329748 122.510656294615 2.121369 0.804455549729853
496 0.50306 111.405386967312 1.830332 0.772902445136767
497 0.46542 116.575717917798 1.910457 0.788331183828123
498 0.312222 120.483526185438 2.112647 0.811784147875702
499 0.543459 105.016928013321 1.767192 0.710614590970036
500 0.616384 109.283294319561 1.560175 0.724479869626488
501 0.462017 115.244711843692 1.904803 0.784458350477793
502 0.399729 118.405889280553 1.984421 0.816060496888014
503 0.356294 117.310847511869 2.027205 0.796330193138555
504 0.506414 114.142163704996 1.840346 0.78211919388967
505 0.509869 113.568920721154 1.837174 0.770303756712122
506 0.452224 107.883922764432 1.885861 0.765441710095094
507 0.457328 123.471670023565 1.918779 0.781679327115114
508 0.274407 121.977176844205 2.162065 0.827326551300598
509 0.255783 123.082194366391 2.148683 0.827098669749839
510 0.285561 120.268665432794 2.127183 0.784667766359927
511 0.331336 121.980438520617 2.096882 0.804783426470332
512 0.339851 115.605648522792 2.093009 0.808629115728057
513 0.309874 117.570458298498 2.085963 0.816469130728556
514 0.456698 109.201209753846 1.921106 0.749507404058114
515 0.45324 115.723023364879 1.923105 0.79009022016759
516 0.427034 114.911948642686 1.952236 0.76571934176786
517 0.348139 117.802140517552 2.089853 0.789141461983837
518 0.341471 123.431437835777 2.094309 0.816048529856655
519 0.314014 118.862576465781 2.115436 0.824365223192681
520 0.496833 117.399480863016 1.829798 0.772389420406338
521 0.496063 116.763791141289 1.841081 0.812727501535204
522 0.438059 123.064602829408 1.985064 0.799804717666328
523 0.628688 96.4444549659719 1.554979 0.690678306020046
524 0.387112 103.324103241498 1.967187 0.754034309887655
525 0.398281 115.547498993946 1.994419 0.823644010193715
526 0.494095 121.278492524573 1.867321 0.815024453935402
527 0.555722 111.170751604422 1.741999 0.776212029647877
528 0.491355 113.51271603274 1.859765 0.795585548258866
529 0.493556 109.622476323755 1.85234 0.694887738737869
530 0.332318 128.091914646936 2.092382 0.824413752997638
531 0.324835 121.914275590456 2.033843 0.775347807970113
532 0.5209 113.713402412981 1.805838 0.78179844535716
533 0.271269 115.520270312181 2.138919 0.800888463280676
534 0.432884 121.046894722528 1.96681 0.767647419334052
535 0.326322 121.879360376976 2.106875 0.825643458968959
536 0.472309 116.184194663188 1.908264 0.788440682950377
537 0.512084 113.957482959044 1.786451 0.776614313723288
538 0.272917 129.374403662081 2.17011 0.83879396204342
539 0.242261 123.940939552879 2.204824 0.805490163870476
540 0.409323 117.195421454814 2.004401 0.770863652268312
541 0.533184 115.732233624709 1.77767 0.763444973852487
542 0.475608 117.794443210659 1.892382 0.776453254662129
543 0.256867 119.798070987992 2.182569 0.828260888815239
544 0.459862 109.262348387295 1.910486 0.784323855899624
545 0.487194 110.991844986871 1.856314 0.779048853780059
546 0.194884 122.52715126064 2.204066 0.803685409582323
547 0.425546 114.720276182342 1.962186 0.793292183010117
548 0.36151 113.347187877192 2.056012 0.793311435612345
549 0.497879 118.17751404448 1.843335 0.795631219316197
550 0.260465 124.51406616981 2.184516 0.8380317576828
551 0.220088 124.403968628211 2.198162 0.805626709435424
552 0.428505 116.987228006688 1.979043 0.774435580054707
553 0.441381 126.767517940617 1.950148 0.83830753545582
554 0.301171 114.669753710069 2.115482 0.809340945446657
555 0.297708 128.833352004693 2.14772 0.79054543681107
556 0.378269 118.209943983615 2.022704 0.819365772332394
557 0.280235 118.542274366502 2.158501 0.821468619975565
558 0.411302 113.257458047339 1.965063 0.782637772138719
559 0.173751 124.354135858768 2.243772 0.824796582742504
560 0.391542 123.145149502086 2.021308 0.833612147446634
561 0.339115 117.793916300815 2.058595 0.815730759422087
562 0.344619 120.364786927962 2.070766 0.799003015636157
563 0.578832 107.691454955472 1.677492 0.691844652062294
564 0.454981 118.319296266909 1.869481 0.792006673805464
565 0.397853 115.987535988098 1.998791 0.795859430214932
566 0.381792 119.104774657099 2.061512 0.809113908933027
567 0.300273 125.134852078117 2.158661 0.820627231871274
568 0.34266 124.538234970144 2.077367 0.808381678250628
569 0.505214 111.654821002931 1.842805 0.779424206191251
570 0.417759 120.42302553272 2.015748 0.798769318133318
571 0.360789 115.859803686289 2.050504 0.810926873246299
572 0.459047 114.526697378192 1.920983 0.76777316618158
573 0.487405 111.455771724875 1.908495 0.782544627777421
574 0.48871 113.206553431011 1.806362 0.769258521422083
575 0.351407 121.643464449014 2.044888 0.823428003586926
576 0.330365 114.648250415714 2.081481 0.791550068298574
577 0.428167 111.404861431762 1.942798 0.803013564626782
578 0.539349 113.75178866689 1.770653 0.778332654222022
579 0.328277 116.386869944939 2.086374 0.800104274225043
580 0.37651 117.468242166575 2.037793 0.805718158222706
581 0.448665 107.234361555389 1.933941 0.764149373362368
582 0.315583 120.823735121342 2.101145 0.811004443085113
583 0.530203 113.867891391642 1.790769 0.772415474594959
584 0.328635 122.098591231929 2.092731 0.784808909286958
585 0.327623 119.478143344545 2.106133 0.829221424062962
586 0.385441 115.829434246374 2.044139 0.783098168110408
587 0.348173 118.33684820975 2.073466 0.773939604902018
588 0.424481 109.013256905285 1.976844 0.786969199810154
589 0.431462 117.100161638157 1.938046 0.80882753443086
590 0.383504 120.190658256113 1.98626 0.795837170777735
591 0.347328 122.346758165755 2.0833 0.824039088609066
592 0.558089 118.943772148245 1.763467 0.731672133172945
593 0.419429 117.41208046936 1.947726 0.814906954556967
594 0.256607 116.059736850114 2.181114 0.805541588625554
595 0.40328 112.426253131968 1.975645 0.773101959380611
596 0.244549 125.149031542202 2.205753 0.836288189351857
597 0.425715 116.999698177894 1.913301 0.823006489708449
598 0.482611 126.850095909777 1.860443 0.823719121321644
599 0.466669 119.223102519097 1.931525 0.780577713370251
600 0.296063 131.455812206539 2.149659 0.811389394725702
601 0.395177 124.761697216641 1.998543 0.775243157197166
602 0.400306 112.391746431527 1.99199 0.810247023352022
603 0.347076 115.291854127977 2.061305 0.807371994668466
604 0.380973 111.836432542634 2.021929 0.762753053699207
605 0.265273 120.434699648516 2.180844 0.808339326990179
606 0.464578 113.232875483472 1.889831 0.747075184240731
607 0.354557 126.510740045815 2.058726 0.817671650501151
608 0.384702 125.104710813936 2.058644 0.826426679356815
609 0.41064 116.261034228687 1.976296 0.800708403029724
610 0.434772 117.038063597729 1.942786 0.773175358272449
611 0.367851 118.57304380269 2.054881 0.800191612305375
612 0.416301 121.049385404279 1.98323 0.804703538946404
613 0.390538 110.148491682585 2.015959 0.756947803304265
614 0.361654 109.830635298574 2.056941 0.778917302213958
615 0.422645 115.811732885662 1.985005 0.7929035433303
616 0.345014 119.401421962623 2.068212 0.835942833948956
617 0.235269 116.809670043933 2.184267 0.796542029736584
618 0.293159 118.14014281504 2.157666 0.828334094671139
619 0.515631 111.504892857335 1.822463 0.769485282263085
620 0.347314 117.460708513001 2.097244 0.812221859330224
621 0.351461 119.497121556875 2.0434 0.798991397656905
622 0.359911 116.363706057853 2.050412 0.79792919720466
623 0.311768 122.258735267469 2.114421 0.80602788853965
624 0.363585 121.583870796857 2.051853 0.807111258297248
625 0.466818 122.766363974064 1.923596 0.81204693169157
626 0.301837 126.144405665125 2.132145 0.817602988523837
627 0.391409 121.164148579146 2.030847 0.797542665237316
628 0.327312 115.776819502468 2.11801 0.808570876681182
629 0.304829 118.739038931409 2.123332 0.803948805580814
630 0.437539 124.067900793537 1.945893 0.82136656379686
631 0.310808 120.439681785383 2.127425 0.81833802153355
632 0.441173 119.851170164895 1.952606 0.804374933323336
633 0.596488 108.026084396071 1.640241 0.726546575292749
634 0.42829 124.848885931148 1.993032 0.79717678176782
635 0.36363 119.57040537036 2.002681 0.822149768728847
636 0.547364 116.641612373134 1.69732 0.784587033812406
637 0.325654 117.916687384052 2.095781 0.814488722717226
638 0.444107 117.446124602829 1.934427 0.789586566629144
639 0.534653 118.979895247573 1.751137 0.762772220033257
640 0.451129 110.263317551216 1.941863 0.744183412921708
641 0.360989 119.117928723996 2.074025 0.801121033086876
642 0.228225 134.882936190127 2.219428 0.857871053357721
643 0.466212 112.473542425669 1.905081 0.768528669104575
644 0.341708 117.954415943306 2.105994 0.822639479772695
645 0.413131 115.030456511529 2.003101 0.776415653832411
646 0.414083 122.167647037917 1.9806 0.819835292145137
647 0.332064 120.99893575972 2.094345 0.819520268248055
648 0.485038 110.828403238025 1.865862 0.760575867157484
649 0.394661 124.190150363798 2.042065 0.799817141136289
650 0.384922 124.415094902817 2.020761 0.823308476675012
651 0.30712 117.196789190665 2.114039 0.783206249798425
652 0.410898 116.130938700608 2.024415 0.803721775994288
653 0.252197 122.263929355566 2.178971 0.810552801719696
654 0.507623 106.509095916996 1.800636 0.767105801092313
655 0.528809 112.892637073997 1.805686 0.779527031435627
656 0.421638 121.102888956083 1.962674 0.798519897169679
657 0.515541 117.379211410423 1.822157 0.734838082915825
658 0.479927 112.368315699986 1.870161 0.756651776950048
659 0.34966 119.798133614976 2.060317 0.805857485433564
660 0.327883 119.328349003985 2.113192 0.819566495831412
661 0.429364 122.897997159846 1.97421 0.806751539713869
662 0.261496 126.763791708299 2.165433 0.850969245481897
663 0.461892 118.601948158881 1.888641 0.764647333337538
664 0.371496 115.514115536343 1.986632 0.786087966533653
665 0.456767 115.681870455064 1.900425 0.791482165791383
666 0.43884 112.27211968387 1.907057 0.774817748133095
667 0.44646 111.732559356188 1.946351 0.780632501496502
668 0.470123 115.759655475301 1.933039 0.766717424347498
669 0.64447 103.975207114494 1.52425 0.720408250624251
670 0.507315 117.989803617603 1.808669 0.786415061618383
671 0.361013 112.410591814155 2.045763 0.761712530547901
672 0.493959 109.661091192554 1.848684 0.717276168489554
673 0.384147 117.273861730293 2.01678 0.80005874214881
674 0.191285 123.547548473298 2.230375 0.834641384957558
675 0.282169 126.629037992907 2.172874 0.823500201359297
676 0.33927 124.610823265586 2.096429 0.804686054463609
677 0.491814 110.521145679342 1.890731 0.752924097918219
678 0.459701 111.283278094975 1.907184 0.765187232371029
679 0.465357 121.105438549487 1.870095 0.798346383037342
680 0.263528 124.392025575288 2.184853 0.825093298972876
681 0.47295 114.498286203832 1.879776 0.794941125742172
682 0.416432 121.787779281037 2.006239 0.820135049287715
683 0.530881 106.078258990493 1.807602 0.755016539484606
684 0.528287 114.167778531408 1.782858 0.779396498722843
685 0.273426 116.764861199323 2.142213 0.821520132658716
686 0.514196 105.574943843794 1.800562 0.737801931225691
687 0.551483 111.134444714898 1.756411 0.767239005534508
688 0.46028 116.716619939082 1.864292 0.785480291620145
689 0.291454 119.78675325893 2.150955 0.799557734033643
690 0.499643 110.554659277665 1.85765 0.760054993064601
691 0.354412 116.119583826295 2.010479 0.793843871520152
692 0.361928 117.737322496356 2.067231 0.810880112300563
693 0.401814 115.843684792783 2.000881 0.80678363299835
694 0.262702 118.287366092969 2.190206 0.812577551720483
695 0.472656 107.84899316026 1.87981 0.789535193325656
696 0.360368 116.524624786734 2.075802 0.774452894276616
697 0.52715 114.694200864505 1.821494 0.81395177615606
698 0.299707 120.272016725472 2.138122 0.807505771535897
699 0.406882 112.456910385496 1.998727 0.797095865807724
700 0.383507 122.287901280458 2.017308 0.784680053702596
701 0.358516 119.560029704632 2.053698 0.779197361646811
702 0.303677 116.322211264457 2.121261 0.80176089584582
703 0.281713 126.910422931725 2.174127 0.85680081280701
704 0.413529 117.605597256165 2.001133 0.786216123742651
705 0.432542 108.988623684323 1.934708 0.793001010846443
706 0.302481 114.093049988942 2.099667 0.792432179743359
707 0.377236 111.336464181764 2.029511 0.796824684362991
708 0.465781 115.011673436221 1.888029 0.759081707246579
709 0.411202 119.297452616335 1.939669 0.79608999559541
710 0.314495 117.96869390362 2.107356 0.809259395698519
711 0.400291 115.817862135259 2.035186 0.817897286348286
712 0.608171 104.807683702146 1.618997 0.739944765871733
713 0.534397 111.272272170469 1.795387 0.753754368761585
714 0.387196 122.286341429088 2.025322 0.78946613365794
715 0.599693 115.542069838919 1.648716 0.771272370622832
716 0.308158 113.490140603924 2.108925 0.805485474944925
717 0.396508 121.744897241218 1.99023 0.81040003082232
718 0.321152 125.144306257433 2.092117 0.771421509062866
719 0.313015 119.185615381721 2.136797 0.772485705117938
720 0.475342 118.14856544936 1.885195 0.777782632510703
721 0.410395 116.123792599262 1.960505 0.732446273818797
722 0.410461 124.371716680643 2.024927 0.832686119046453
723 0.409849 120.825643364628 2.025177 0.789938741265922
724 0.428249 113.480807881274 2.001767 0.752315768363997
725 0.46385 115.761976250539 1.917741 0.787357021082455
726 0.651318 100.174876940591 1.488681 0.721332439650505
727 0.312467 125.515851326269 2.119886 0.801835391865608
728 0.372458 115.178428942334 2.032277 0.815942933385834
729 0.495425 114.515089297478 1.867732 0.780270779604202
730 0.363988 124.486475690171 2.047737 0.794452102025555
731 0.394876 119.193126410716 1.977307 0.810527228518258
732 0.345031 125.626973124763 2.103706 0.813265532354781
733 0.435995 121.918836138862 1.967035 0.79564517382187
734 0.316063 117.340390205663 2.081962 0.78802304567652
735 0.468619 113.680513889982 1.920158 0.75565946521882
736 0.501798 117.072903780768 1.829049 0.79031035775017
737 0.448133 114.524762204939 1.91129 0.798027146248553
738 0.210082 133.226795969698 2.232772 0.840020488300063
739 0.339858 122.717971880158 2.08361 0.815896126776069
740 0.35651 124.514712944426 2.06825 0.843213184605647
741 0.392227 118.273386794298 2.006755 0.786324440488632
742 0.277691 118.053391106824 2.16412 0.809866607389031
743 0.374195 122.987507659508 2.048777 0.816445541186474
744 0.448199 122.104142476936 1.960912 0.809337563567903
745 0.309618 124.437644329307 2.137176 0.817261949336293
746 0.430159 101.956937133288 1.919212 0.784006031242336
747 0.298207 114.698439868021 2.13487 0.801814870960893
748 0.277814 126.696957236561 2.163259 0.815396405225419
749 0.269786 120.898697597392 2.094577 0.808526156008138
750 0.428723 109.324994394874 1.939701 0.78374963093076
751 0.439097 116.955424127245 1.977917 0.760197463829952
752 0.533937 111.332244224267 1.791174 0.764188768852749
753 0.328205 116.938091060479 2.120822 0.794814035521997
754 0.396362 124.540348903733 2.035321 0.815214251670423
755 0.392884 111.642512078759 1.942798 0.768364159798807
756 0.430537 118.062963983848 1.985473 0.766727536416018
757 0.39036 111.135725829977 1.963528 0.795261420878097
758 0.510975 104.587391653897 1.839498 0.739510687228148
759 0.524324 118.587778225907 1.812224 0.816211746112684
760 0.513722 113.076008506854 1.819531 0.799476144619726
761 0.361342 111.935098981884 2.021189 0.797888387948581
762 0.279074 119.364979627818 2.151859 0.816794904376831
763 0.530265 104.422299750832 1.809543 0.71326959358524
764 0.429381 113.324485596044 1.922526 0.802858632655545
765 0.397499 115.578337371903 2.008297 0.805996715752159
766 0.49367 111.701163465336 1.865373 0.775019384580878
767 0.392951 120.786242048267 2.038058 0.792343326123701
768 0.339964 128.45309559197 2.110861 0.820125130045967
769 0.374727 118.078211841726 2.01864 0.798858924165995
770 0.311178 112.080515654871 2.077963 0.781231321205947
771 0.346043 120.574957155109 2.100284 0.809469171809562
772 0.410385 119.770112123466 1.991647 0.821300051084257
773 0.310677 124.49840831862 2.139608 0.825308313990375
774 0.15963 128.576577833638 2.260734 0.848616921132264
775 0.412195 123.108761113755 2.006032 0.796255909554911
776 0.42082 115.020009398927 1.958741 0.803300493697935
777 0.550607 112.45170359211 1.731609 0.779219437523385
778 0.372211 110.397404723617 1.998237 0.780467762076278
779 0.231077 127.438370893473 2.212774 0.843650004356163
780 0.429695 116.063927610085 1.963823 0.782695320566976
781 0.263666 122.567259746303 2.166431 0.822774594257603
782 0.300345 125.400683813257 2.157392 0.826924656774259
783 0.442399 112.690575965613 1.928924 0.7832664095091
784 0.395042 113.539917345608 1.968541 0.780103316267383
785 0.465598 110.637288326438 1.877119 0.792732944963408
786 0.245794 128.757730631741 2.188949 0.831729425780812
787 0.371598 113.363371011395 2.030902 0.786888768790579
788 0.65568 101.569319438483 1.491905 0.722463258394786
789 0.357229 120.922942397256 2.055325 0.809648217103185
790 0.435941 120.989346848079 1.980828 0.786110337921971
791 0.603016 115.268030327735 1.617146 0.777455388891513
792 0.383893 112.703288883925 2.006517 0.785239671479948
793 0.206846 115.934727877712 2.19568 0.800664262750596
794 0.411898 120.48726427801 1.948921 0.78145888768043
795 0.37043 114.409336849976 2.045153 0.778524525605793
796 0.527054 105.246281714587 1.758982 0.744662428846891
797 0.293788 119.791420970072 2.16437 0.828678393457556
798 0.328612 121.132016394656 2.129142 0.787742495487712
799 0.364478 114.634937154939 1.999024 0.78419765468244
800 0.421793 122.935973912224 2.005346 0.821959765999561
801 0.299555 113.854402816961 2.114729 0.803723876267858
802 0.28543 123.561423249393 2.13676 0.841762866102885
803 0.381493 115.805727522619 2.034954 0.819688043754829
804 0.274327 120.415006850351 2.168782 0.829859475851304
805 0.402103 113.864801492793 1.98194 0.78681891715259
806 0.365262 120.638005867224 2.027033 0.818754403791392
807 0.36288 119.543306656362 2.050165 0.812824873758867
808 0.442227 117.458506091248 1.964772 0.810283534905753
809 0.418725 111.591652431466 1.93198 0.798141646039756
810 0.280581 124.425171643843 2.164922 0.847245605906311
811 0.474459 110.156059866967 1.895971 0.754348564289236
812 0.359686 127.849921256982 2.082505 0.812515900341311
813 0.23896 124.892626223409 2.195077 0.814466215966182
814 0.470946 115.27407204291 1.928044 0.798225430497895
815 0.35517 125.228079636714 2.078769 0.819814069180383
816 0.257631 122.580339389725 2.194788 0.820943673063313
817 0.445 111.648640831077 1.939489 0.782077019668359
818 0.323472 113.665571111312 2.083179 0.810286925776461
819 0.338635 121.092722791503 2.09115 0.816948324220238
820 0.362665 115.624943179525 2.080743 0.799320698384489
821 0.310844 118.974586661632 2.104928 0.823459988742972
822 0.446927 122.718570315213 1.95155 0.813311102851457
823 0.412065 123.25780677362 2.013295 0.799741511277692
824 0.40449 118.920790208644 1.988287 0.799799326758809
825 0.497961 113.180544422552 1.851293 0.731820287361204
826 0.511832 110.854668705007 1.781892 0.764909963897333
827 0.307132 126.257587671664 2.138502 0.839594473846159
828 0.439685 122.337798686476 1.964501 0.786252104935877
829 0.318606 120.391216509271 2.140451 0.807950539160421
830 0.282797 133.204621935767 2.163415 0.83071787944786
831 0.461511 115.472166928554 1.936517 0.780431679051376
832 0.425202 109.316594159662 1.991258 0.792811923512171
833 0.168036 127.281979262064 2.258759 0.848389960106386
834 0.42058 111.354810894918 1.967352 0.799402810761158
835 0.465071 112.72788672295 1.866569 0.783019248239028
836 0.413089 117.073966265417 2.019434 0.77368808851782
837 0.377637 112.123833489067 2.037724 0.810061553391068
838 0.482945 115.208149716597 1.904509 0.761888180137647
839 0.417706 106.461771462558 1.939505 0.780657970293464
840 0.414298 116.238035270094 1.980201 0.790471471219632
841 0.507346 109.775425551281 1.830223 0.785532164469164
842 0.430558 102.936951054899 1.964612 0.744752149086596
843 0.411482 116.191272058644 1.990409 0.800561251042801
844 0.497477 119.004917367224 1.838212 0.77243910234925
845 0.457282 116.490723191926 1.904856 0.822456259858821
846 0.359603 114.917393174549 2.088705 0.807995459202969
847 0.406794 116.904924606502 1.987503 0.769934368528615
848 0.387913 124.219881517155 2.010643 0.799853278097426
849 0.342593 120.553774262602 2.077658 0.807847656996629
850 0.29942 126.908428936916 2.14567 0.837452248440995
851 0.471549 117.752670438094 1.92692 0.755874128605833
852 0.331835 115.463304918981 2.099448 0.796696394970905
853 0.335151 124.254620160124 2.116646 0.833977909734528
854 0.466288 114.512315441213 1.92505 0.792234673701535
855 0.381704 115.823355918233 2.045659 0.770321960475164
856 0.350525 123.692272919876 2.103542 0.832669659675014
857 0.323824 118.289500665167 2.113984 0.813845287809667
858 0.42061 113.412098402591 1.94767 0.798780939112308
859 0.21441 122.569075295681 2.213285 0.83530791710316
860 0.378302 114.77614327749 2.048953 0.786609928709291
861 0.399609 111.524702436598 1.999545 0.791182131670275
862 0.297834 118.763885892011 2.128927 0.813865404484213
863 0.425258 120.132360576382 1.974725 0.798581400814144
864 0.350365 108.390060797283 2.017545 0.784439182130948
865 0.245959 124.731891915123 2.201581 0.850157294073135
866 0.427452 117.01545034117 1.959009 0.794802296605047
867 0.52517 117.366094616466 1.811483 0.769858030622396
868 0.305423 123.377414050123 2.113585 0.813199458338701
869 0.456245 118.91804657291 1.911968 0.801398308783785
870 0.40029 117.182015203904 2.006592 0.8036368457518
871 0.474599 118.64391995519 1.89258 0.792840380913572
872 0.407832 117.45806112634 1.985428 0.785527963546295
873 0.507275 110.059112298244 1.748205 0.679609660021203
874 0.290809 120.475301181444 2.14841 0.826625068007855
875 0.423684 111.12607961365 1.931168 0.803178215631114
876 0.372965 121.01850543217 2.043521 0.812360235911099
877 0.225096 134.251488159187 2.222685 0.822417070434137
878 0.344205 122.592224892592 2.072909 0.819067668598659
879 0.433914 111.730878818464 1.951048 0.741402290009837
880 0.331981 125.977214946637 2.080558 0.834917487176462
881 0.468738 121.701648702209 1.901262 0.789433957771066
882 0.503058 116.64933388092 1.862462 0.809238535479707
883 0.237094 133.58155005805 2.212926 0.85068792747686
884 0.402821 121.096321939843 2.032697 0.809098716817173
885 0.407585 120.12893234116 2.032436 0.767865880459256
886 0.413007 115.243738958896 1.978806 0.815906849994899
887 0.324028 120.62257650803 2.061411 0.759381003993737
888 0.453127 107.62882929373 1.917102 0.758196384023678
889 0.33536 128.648507538927 2.119536 0.780994722168086
890 0.51029 100.214268618387 1.826752 0.755356803958512
891 0.555442 113.884797905702 1.735766 0.768950898130383
892 0.539064 122.279998640666 1.804731 0.807416982020822
893 0.484601 113.919882711786 1.846582 0.759530351775992
894 0.518682 111.110642047502 1.803873 0.766219615064547
895 0.335529 122.58421256189 2.090873 0.80720481722914
896 0.526374 102.43285004384 1.823049 0.735911996302321
897 0.429595 114.017563043624 1.944747 0.791388488025118
898 0.310192 123.403673137833 2.146551 0.84465532727581
899 0.439086 109.11246712484 1.933852 0.769131818314531
900 0.238138 120.973526067924 2.211383 0.8297383172109
901 0.30154 127.3262345412 2.150516 0.835879171284977
902 0.534455 110.543965827628 1.785905 0.753312763721086
903 0.391023 106.676555536587 1.953902 0.770495712901331
904 0.368241 124.644876318981 2.028702 0.805898514757322
905 0.399798 108.337591996488 2.0275 0.773348110741042
906 0.315381 123.291584400874 2.140582 0.82446092182312
907 0.537787 126.815187112668 1.762428 0.804139014226768
908 0.392309 110.974258998372 2.013218 0.785253345184878
909 0.327876 115.768554578625 2.065211 0.813129789879174
910 0.465016 120.775791079261 1.901352 0.831367577459756
911 0.224315 129.538232044021 2.218351 0.821982562261885
912 0.567001 104.99734277408 1.696238 0.742356176852729
913 0.484665 107.783360767129 1.850407 0.766137688533112
914 0.403744 119.033164478 2.003716 0.796622750246502
915 0.395992 121.399629527439 2.005214 0.778015596568529
916 0.551991 103.944423096068 1.723788 0.744784669367309
917 0.369151 128.153883595032 2.067347 0.841581565468157
918 0.463415 113.138896640707 1.913295 0.789665559262745
919 0.492718 115.006886777646 1.844524 0.766921317652955
920 0.572776 103.485684521283 1.694291 0.711815226227649
921 0.531942 115.919431709374 1.782843 0.784104668273326
922 0.375193 114.735755088141 2.023748 0.797819222506903
923 0.436188 111.468320930352 1.982495 0.758011829601713
924 0.418182 116.844030955385 2.002355 0.787419653340383
925 0.375236 122.626595604837 2.038236 0.808098037919348
926 0.497499 118.616193649849 1.883271 0.765610875476788
927 0.356631 114.965645821835 2.077414 0.795185420204746
928 0.424026 118.612171922768 1.992046 0.780418249135312
929 0.457941 117.965682336132 1.932734 0.779547739745146
930 0.459034 114.485415365282 1.859796 0.773857949097161
931 0.398178 115.219195828933 2.029181 0.793470043373727
932 0.412854 116.531393121496 1.948538 0.804425311955266
933 0.429324 116.249985898452 1.927135 0.763199593910722
934 0.421508 121.02267515302 1.999295 0.796539947512138
935 0.301001 124.289553226439 2.154249 0.815457707826277
936 0.344545 123.498449808038 2.093627 0.804848143553534
937 0.440903 115.232739378807 1.946547 0.774679857668436
938 0.413784 120.111285576194 2.005813 0.811760414848008
939 0.270445 128.273441012348 2.152722 0.8231233846081
940 0.605037 102.187770264661 1.636219 0.720532373940356
941 0.341499 118.659437162322 2.026401 0.818481498410822
942 0.350756 117.165806909479 2.092646 0.803338369542963
943 0.415838 114.952481019888 1.942699 0.795749424552683
944 0.290564 116.739901020714 2.153894 0.816249054316122
945 0.424567 118.642870861295 1.942521 0.776994036592785
946 0.342664 124.781587100154 2.093181 0.842100433772148
947 0.463834 113.601671549174 1.877289 0.767979243432864
948 0.498852 114.286503174001 1.833307 0.784021335494097
949 0.280589 126.820725224934 2.163586 0.822326683783619
950 0.365294 111.133746418224 2.04469 0.804018912221151
951 0.384861 113.569482989999 2.038077 0.794871698799591
952 0.351253 116.056880695716 2.016063 0.801362276510698
953 0.386999 116.08222655212 2.023886 0.782729617318381
954 0.550157 116.443461183425 1.754362 0.766981450501618
955 0.463583 115.241043289269 1.898907 0.792565725998393
956 0.57838 112.694210700277 1.686313 0.741733660429552
957 0.487432 110.087056744231 1.883066 0.727574555370136
958 0.29691 116.399079591934 2.139628 0.811757409876212
959 0.421046 114.225573247467 1.949059 0.811921807605952
960 0.321579 124.684399277172 2.125796 0.800571590835968
961 0.351241 119.960063979802 2.078273 0.799873612666025
962 0.236506 132.670920776505 2.184124 0.840229535456756
963 0.479323 110.309843619327 1.8895 0.749870892486534
964 0.371887 132.240102109121 2.074057 0.835740608844599
965 0.368537 120.478211679933 2.060749 0.805639793393296
966 0.485881 117.141250231537 1.878748 0.804591148400053
967 0.453743 121.526201620583 1.911257 0.751121660719095
968 0.430974 111.436988622585 1.941349 0.760551744519955
969 0.457423 122.491053568098 1.94585 0.802239507260296
970 0.45489 110.480491090269 1.885726 0.791637488239351
971 0.373533 126.31234702352 2.0572 0.830241457588381
972 0.358951 119.331181894204 2.034814 0.781132500480087
973 0.509493 113.328396138711 1.859938 0.724521239899006
974 0.449704 120.78777940397 1.952899 0.805054360403954
975 0.409973 107.896540602431 1.977975 0.755125164533511
976 0.361001 123.882998392188 2.091894 0.802018593857865
977 0.272815 124.150236054321 2.183182 0.81936525850589
978 0.416087 121.436477238046 2.005423 0.770485525756967
979 0.40932 119.580919356566 2.006755 0.783821422607361
980 0.331898 113.293234360923 2.103916 0.773497049085824
981 0.490667 113.951613470393 1.892463 0.805815004843848
982 0.299609 122.435687870901 2.087212 0.806251611526313
983 0.509446 119.454182933533 1.859217 0.792809101965421
984 0.419094 116.771092090853 1.974991 0.794485211381111
985 0.470571 118.542924694439 1.845776 0.774595689590588
986 0.261153 130.272039544176 2.196014 0.835903856043983
987 0.424236 116.254257224553 1.964584 0.788651950617068
988 0.373512 118.513979804602 2.037969 0.790262134557195
989 0.247204 119.106410037686 2.174903 0.814885684953201
990 0.401472 110.414077265795 2.006082 0.766258082341168
991 0.571838 112.042260930237 1.719659 0.734805471478667
992 0.195302 127.248279418739 2.239265 0.854408852662305
993 0.286252 122.401666347005 2.149215 0.784091570127664
994 0.465033 109.373129055573 1.877085 0.77141475993718
995 0.538191 116.714555167317 1.789725 0.777965324211371
996 0.422177 107.255737982499 1.938436 0.781791372442463
997 0.344024 124.923918804272 2.110664 0.807808281841324
998 0.360279 121.487139705905 2.05063 0.821871087454978
999 0.421033 115.963605244875 1.987405 0.819413731678492
1000 0.378612 116.734559756808 2.045515 0.810145338598841
