rep aei_left left_area adi_left H
1 0.490666 100.388970421503 1.890705 0.726706729393519
2 0.494241 97.2552330988767 1.881543 0.692519085938102
3 0.281305 120.084176542279 2.161802 0.697744517347084
4 0.306576 127.203514715038 2.149274 0.757066744295904
5 0.509647 117.989574298363 1.838964 0.710719704603005
6 0.411652 106.35150506368 2.01351 0.65849902598299
7 0.46025 96.2448522654151 1.902117 0.697563370952988
8 0.562324 122.361620231073 1.747989 0.747918430495254
9 0.448187 113.920140863118 1.937637 0.694403063159564
10 0.389252 122.434001015754 2.016751 0.762323348570382
11 0.44621 92.6675063565228 1.952802 0.703528416231388
12 0.310177 113.388549480639 2.060517 0.717950120268883
13 0.35699 113.753117080306 2.088331 0.728555307060954
14 0.411746 111.71828314452 1.972135 0.727712367412606
15 0.438184 118.574920510515 1.962117 0.756983141810499
16 0.431326 121.950374896059 1.999555 0.714706063960167
17 0.425896 124.757862136153 1.998584 0.75632526027282
18 0.425257 104.146058637409 1.924154 0.705301546856666
19 0.338754 108.192484277978 2.098041 0.688759645225895
20 0.303863 113.401122292943 2.133786 0.692425224805714
21 0.461889 112.869056961995 1.909824 0.611197842062129
22 0.51871 118.825218723531 1.753623 0.700599950651877
23 0.589181 97.3365594657025 1.661032 0.721336107543043
24 0.425014 112.576007410914 1.978138 0.651069995408895
25 0.52844 105.552469300917 1.779661 0.642458773316934
26 0.453753 97.9252551037893 1.925165 0.66900352721976
27 0.219761 136.209493464856 2.223487 0.798386044559715
28 0.535553 108.443618692862 1.806843 0.633423178097587
29 0.496811 105.862105419443 1.806675 0.725602279996703
30 0.4928 103.997485631189 1.852313 0.721082064076422
31 0.318896 119.145671342106 2.134362 0.737774897127916
32 0.458509 115.829087959959 1.931835 0.735082357612987
33 0.491879 110.282699528194 1.860606 0.695003428861437
34 0.53909 116.75166857965 1.790884 0.722746568021574
35 0.502018 103.502695762248 1.858532 0.627583770257469
36 0.527634 93.6044392898824 1.774703 0.713038671369883
37 0.365503 112.251943751479 2.059274 0.731932598184893
38 0.450946 109.986178607216 1.960384 0.659424098229241
39 0.241717 121.196969491149 2.207808 0.80428578658966
40 0.569182 93.2426973914299 1.671613 0.658985612323
41 0.521812 108.869043412833 1.812073 0.669015472387084
42 0.557795 96.4194644886853 1.634788 0.637366363519677
43 0.545551 118.957964454986 1.758174 0.73011202968195
44 0.60073 112.468402472114 1.654917 0.639576068850117
45 0.417518 126.86463556446 2.009166 0.752435340884694
46 0.447668 104.343592134391 1.873281 0.696772197395964
47 0.384728 110.741286813828 1.998148 0.729088275554527
48 0.517841 102.285306824908 1.832677 0.686598425823807
49 0.463482 109.730599149826 1.933995 0.633220234294455
50 0.395706 111.585234297798 2.042048 0.749578881910456
51 0.542434 115.250580555055 1.75426 0.707181877687108
52 0.446446 93.3839146221674 1.906884 0.683114346366163
53 0.536267 110.880140928379 1.804639 0.73126287283114
54 0.503642 118.634306869124 1.808225 0.786689102356556
55 0.446329 108.139851037995 1.921477 0.688716166265162
56 0.360597 112.5834736023 2.013938 0.715118994686071
57 0.280877 107.33537986916 2.165377 0.731531449876343
58 0.394308 113.345629165601 1.998781 0.709997596403028
59 0.223526 124.098113927861 2.208327 0.771805142477425
60 0.223495 108.148163196006 2.210432 0.749120901464756
61 0.518586 102.811081896331 1.827977 0.693324691497537
62 0.352139 122.549097022307 2.076334 0.744339425776024
63 0.300666 112.31036260525 2.154659 0.680814091205606
64 0.519179 114.17166003821 1.794569 0.685138912701478
65 0.480533 121.564815436312 1.89103 0.706056099078662
66 0.345504 104.463062138629 2.032305 0.739853797124977
67 0.518309 99.0508524943677 1.758094 0.728569806071927
68 0.243606 127.998271290626 2.202839 0.764781790904864
69 0.379025 114.939706313927 2.008888 0.713957650279766
70 0.467577 119.673577590505 1.920741 0.640564146798063
71 0.429948 111.59247854402 1.988149 0.714978428891325
72 0.410616 111.514330389533 1.998173 0.707013641302454
73 0.304796 128.527826995434 2.152043 0.785292411010478
74 0.220399 125.126048016393 2.225468 0.778957006435507
75 0.297768 124.669954420171 2.151868 0.779875560907154
76 0.833297 86.0256265629474 0.742941 0.526731725167095
77 0.60098 93.9992756212289 1.656902 0.638621870221716
78 0.352639 124.898922048012 2.096812 0.758551330099126
79 0.20682 120.475968125301 2.231989 0.776142168400694
80 0.286994 123.681492893696 2.15774 0.757939472553304
81 0.382781 113.824168258458 2.054329 0.749664447045597
82 0.655296 97.6028698000342 1.496342 0.694296895059788
83 0.363495 119.431222587975 2.05393 0.759490214013295
84 0.47206 90.0697152453792 1.901066 0.668771413382959
85 0.51045 105.414653812861 1.834164 0.623394491812261
86 0.399712 100.37885173442 2.020333 0.694922122660864
87 0.376765 115.357631562336 2.024889 0.669604374546961
88 0.757613 97.3539731367612 1.120849 0.603124712364763
89 0.381741 108.663694574495 2.033836 0.749482616171089
90 0.667096 104.078589990292 1.482366 0.624784700688035
91 0.420798 101.268789597054 1.964746 0.719032269606709
92 0.540466 87.5120977890306 1.776539 0.58665748670142
93 0.641504 114.565992847465 1.552755 0.698060731978924
94 0.477785 122.120496515022 1.855149 0.723726880779549
95 0.316199 125.837046797939 2.141274 0.753762690958001
96 0.313064 108.274644323047 2.081717 0.726389889052092
97 0.63601 103.91750422516 1.568759 0.59110864768246
98 0.436379 111.238744380084 1.955122 0.706133888741861
99 0.332413 108.757913708195 2.097595 0.751420044845964
100 0.369561 106.06043166653 2.050106 0.620643886737163
101 0.562715 107.122509730843 1.748764 0.709704330402534
102 0.42552 108.847767710536 1.968146 0.704279026562075
103 0.344478 113.802535161282 2.040438 0.738531789099554
104 0.32794 104.204307952022 2.103078 0.706048452483112
105 0.393098 116.619494951153 2.049241 0.734669581310229
106 0.388905 109.897970441519 2.02796 0.699271565996045
107 0.230497 115.783548474768 2.216739 0.738091419540251
108 0.556689 103.787476755738 1.680347 0.71233007804145
109 0.164455 119.299726893306 2.25796 0.708643736300875
110 0.356911 114.359143062137 2.062509 0.732805065417964
111 0.415486 93.1819648335804 1.926894 0.694358642778698
112 0.34847 114.031627213901 2.071213 0.718404427712384
113 0.384406 111.019841626541 2.023826 0.703696519404396
114 0.454056 111.254526123111 1.897319 0.712987034448464
115 0.47645 109.62180314864 1.916908 0.707088260208626
116 0.234715 123.035539693231 2.214472 0.719770612894349
117 0.508155 116.97600962867 1.856122 0.718079543063167
118 0.61154 104.585697597806 1.546227 0.677267176595599
119 0.557378 102.701946526681 1.755012 0.657022516920532
120 0.489132 115.047310627683 1.868659 0.717544948818738
121 0.376653 108.498946484677 2.014633 0.70614808227223
122 0.472981 98.5735948995818 1.899375 0.640511683884503
123 0.513894 99.412718262982 1.827714 0.632349015708259
124 0.644765 109.537578673395 1.54275 0.629545047624038
125 0.368876 127.226261289243 2.064802 0.757774557135912
126 0.481584 98.944289213021 1.875852 0.655826796346996
127 0.343379 106.903098765748 2.096449 0.716992838118758
128 0.573792 109.069081185582 1.71828 0.683417803668894
129 0.4468 111.656409097302 1.937808 0.728124660942957
130 0.560536 117.813408036024 1.704635 0.664234403246927
131 0.726292 103.792667425849 1.212837 0.542807062358172
132 0.542056 99.7509385317219 1.76529 0.691301965339767
133 0.5136 98.4460332101305 1.796091 0.680185951972317
134 0.518318 121.496401015143 1.822931 0.698476868066115
135 0.515665 99.436182006889 1.820637 0.61212701623767
136 0.749356 105.540497430784 1.179837 0.630828807969847
137 0.357281 107.068657975127 2.068104 0.729670772479167
138 0.4486 91.4404942335566 1.914605 0.663059200765945
139 0.343235 116.961838876964 2.113026 0.740327889167726
140 0.552355 103.928244684169 1.776688 0.678119037001948
141 0.454862 102.420244605338 1.888322 0.65982358041309
142 0.301682 108.18452135736 2.139568 0.704067035720278
143 0.508665 106.020262848449 1.850666 0.634318857404759
144 0.429023 118.458671181865 2.000001 0.747562259809608
145 0.519847 87.1816855389115 1.771037 0.685309429689439
146 0.47097 112.010158995998 1.89906 0.731570011390965
147 0.555268 98.3421851047679 1.758099 0.666573661195591
148 0.583103 83.7290460923275 1.612539 0.668822347398893
149 0.367529 95.5792359709094 2.074017 0.651459192966906
150 0.274977 126.661810241619 2.17028 0.782305567525154
151 0.656056 94.7961277986566 1.491183 0.607508209493849
152 0.523401 105.720078437716 1.805181 0.680695588857388
153 0.653103 101.912586806018 1.510384 0.581573673320555
154 0.490376 106.751308052096 1.846894 0.698402544183482
155 0.49931 112.8492146387 1.871033 0.64115336534053
156 0.3476 119.978437905412 2.067334 0.794252359943794
157 0.46273 109.94650449227 1.896991 0.732535500635225
158 0.461933 105.111178397289 1.905918 0.612820058076797
159 0.371493 116.590181558518 2.070254 0.738615743138342
160 0.425055 108.84434618013 1.988486 0.740921807376251
161 0.198451 125.167286443478 2.240676 0.759595535111423
162 0.425698 106.079110602997 1.988312 0.711607035247598
163 0.418527 101.218681791726 1.935423 0.583661873878503
164 0.428542 101.582929918331 1.932701 0.710401243130512
165 0.447523 106.65673801411 1.905214 0.689376165283097
166 0.359528 103.397684467446 2.02989 0.685651040793772
167 0.069754 138.222838298759 2.294875 0.797220446523945
168 0.332091 115.226954585585 2.048597 0.701771596948552
169 0.50047 121.878152187505 1.860325 0.774910323490289
170 0.276581 113.018219563673 2.182186 0.75329956059137
171 0.499895 105.5125841701 1.874671 0.746416269866439
172 0.449594 95.7344581967676 1.898617 0.694955995031995
173 0.660474 111.51404833441 1.476317 0.575406339812229
174 0.167619 121.640783066975 2.253287 0.746787038643083
175 0.410785 110.543281615564 1.989521 0.765139968658046
176 0.720782 110.047124380877 1.285647 0.611435549010525
177 0.575546 110.190808522998 1.696157 0.723699661880693
178 0.323006 117.041101405189 2.120491 0.756929943129522
179 0.351321 114.207625247327 2.068618 0.698268333974021
180 0.405239 106.18078899339 1.994919 0.718681663653358
181 0.550547 100.427856650355 1.720202 0.654589735830253
182 0.498585 103.448579812221 1.831167 0.716164189365822
183 0.469839 105.954555558715 1.910642 0.688890509244146
184 0.297457 109.63977034269 2.155516 0.775443276204613
185 0.45808 120.113679229014 1.901149 0.756366098876636
186 0.417643 100.165925307902 1.944214 0.711057658997388
187 0.556005 106.928810584353 1.734194 0.687870724747848
188 0.441428 117.532338932242 1.952956 0.72467879472678
189 0.583005 102.197666739523 1.687995 0.67554412081308
190 0.642742 103.178865225006 1.528053 0.701078845771693
191 0.644598 115.315913246826 1.490818 0.605558082509216
192 0.255006 117.759185970162 2.18354 0.739851841346022
193 0.511136 110.06119950341 1.823456 0.673297030798863
194 0.346449 126.961357941558 2.083197 0.730869591336974
195 0.418827 114.240136365971 2.001583 0.731030519570394
196 0.333067 108.852219605647 2.108584 0.701145293799021
197 0.398942 106.608266035245 1.984735 0.655066510475935
198 0.475441 111.519624899263 1.872907 0.720266568615378
199 0.649501 102.601903108448 1.472773 0.695856306392799
200 0.392864 126.350494407798 2.02033 0.759160821661445
201 0.462436 103.229325533084 1.878099 0.525627763799007
202 0.398898 121.624040175646 2.031608 0.72911954744736
203 0.40429 113.728373995422 2.000285 0.71106136675286
204 0.474097 114.896071934057 1.917057 0.769409691477056
205 0.465823 119.261732653358 1.94182 0.703723858923022
206 0.521278 112.388773344364 1.80734 0.640262559312036
207 0.664945 94.2719000796876 1.432232 0.578185229882971
208 0.205745 130.286254789098 2.225719 0.767841395493184
209 0.289716 118.142112676975 2.163571 0.736061220385094
210 0.434839 103.926645554504 1.954554 0.700390528632041
211 0.430597 111.187724075937 1.991502 0.717990645519132
212 0.356775 106.15545580979 2.046631 0.728536866860176
213 0.445149 113.828623862585 1.934512 0.705527608074292
214 0.212042 124.735316081207 2.219949 0.748721819762115
215 0.197383 131.682002533231 2.239551 0.722122672801031
216 0.343964 113.739394076335 2.103444 0.74424715070547
217 0.455515 120.5792038306 1.957454 0.752531682562747
218 0.407219 110.592854183621 1.99371 0.730567869405357
219 0.507976 103.548762442919 1.823605 0.715888777273372
220 0.340484 120.491475588668 2.118298 0.73464374538536
221 0.517884 108.017648347721 1.780659 0.625771561804143
222 0.23205 120.796757958928 2.189378 0.732163187934481
223 0.49151 123.52942862125 1.885537 0.749767143165022
224 0.431805 111.683377674061 1.959344 0.736358673834229
225 0.574857 103.379175267578 1.666169 0.651534080672906
226 0.425513 103.438767834863 1.988499 0.685442484030498
227 0.459909 123.985926490501 1.949808 0.75349033948419
228 0.263413 141.126327543863 2.185273 0.768192846893835
229 0.318251 113.260869816644 2.093544 0.738189259555071
230 0.358438 114.7562842762 2.043706 0.744467320703899
231 0.401815 107.471774721498 1.924694 0.684967226165681
232 0.348829 98.5700751859513 2.0454 0.669414012510029
233 0.104494 129.343750526426 2.285608 0.825598177750451
234 0.422986 109.542531028731 1.980423 0.745254303843366
235 0.415749 109.164757729484 2.005759 0.687116623555648
236 0.410276 120.84077376715 2.000856 0.73160231971469
237 0.317371 113.442212448203 2.084123 0.732924213051618
238 0.581575 114.069478805707 1.667895 0.720734557458979
239 0.498828 107.326305468762 1.872602 0.668152268687546
240 0.411248 106.019833828123 2.019274 0.617184019557906
241 0.498274 98.0879352880266 1.824791 0.664878784797768
242 0.47253 107.139710519017 1.932409 0.685102508528092
243 0.255153 105.758584537348 2.193229 0.680924117638455
244 0.398317 110.275574419553 1.977946 0.682481229368903
245 0.376234 127.222727351648 2.068806 0.753609809753518
246 0.51082 122.859706230479 1.776344 0.707212466019764
247 0.513238 110.373522948114 1.845654 0.660503977928208
248 0.437302 112.239067467812 1.932778 0.695552079011834
249 0.316486 117.556568405348 2.118194 0.734801275199123
250 0.45523 94.5698581001949 1.902596 0.735040080013892
251 0.459001 105.388055824506 1.93403 0.687662680535129
252 0.430388 115.662578136888 1.932582 0.688636378355888
253 0.354612 107.784102809616 2.047336 0.699483498287295
254 0.520471 99.5203766415439 1.821266 0.693312436375253
255 0.487052 112.315599462222 1.883103 0.7362054060668
256 0.379289 113.978835812158 2.055653 0.736840159392914
257 0.622542 117.501554484737 1.595293 0.680311498910996
258 0.562734 103.211319642581 1.72729 0.681038550843899
259 0.396132 109.443871299312 2.025681 0.727004738655375
260 0.698048 102.944709611448 1.361766 0.676969266474379
261 0.404732 107.911947569851 2.015446 0.682718029492562
262 0.166753 130.291395339371 2.253202 0.737365152875529
263 0.148217 119.784386862318 2.268487 0.748353682896781
264 0.183099 124.610899085395 2.249058 0.758905540201468
265 0.210734 125.189878231558 2.233602 0.777566449316822
266 0.488433 103.009473283281 1.888195 0.680748327792586
267 0.353056 111.099878063051 2.069412 0.744265416621544
268 0.482867 106.724706713608 1.827685 0.691713175539638
269 0.492716 103.787552723667 1.890436 0.669069985798077
270 0.416064 128.133777231989 2.003188 0.786681661843368
271 0.570623 98.4356194448938 1.691665 0.692916545228183
272 0.568404 111.736727525459 1.738424 0.703688821265667
273 0.35675 122.809288974676 2.085474 0.739681656379271
274 0.282971 120.825602438717 2.137758 0.767729246731472
275 0.368248 111.706038363002 2.004139 0.639637409497061
276 0.331571 125.975950002687 2.114459 0.728419731759603
277 0.489585 107.044150201501 1.809386 0.664708200139896
278 0.595588 100.763010074983 1.628412 0.688258176570074
279 0.557601 97.8174673487861 1.757518 0.702278218578442
280 0.513017 105.299235883889 1.854533 0.715238531024504
281 0.548173 113.297481081677 1.73529 0.769272666739618
282 0.529307 115.308877399327 1.802275 0.64258919653745
283 0.591313 97.9372336244648 1.643711 0.645567830359541
284 0.478794 111.264126989772 1.917767 0.640141262433779
285 0.578157 103.367707633097 1.684511 0.711393536127761
286 0.440147 106.459593534117 1.93229 0.618248662263949
287 0.544223 96.4570488983092 1.732455 0.695791046319224
288 0.333992 117.206198045004 2.114466 0.698223215120989
289 0.414773 88.6262482832505 1.980847 0.707513133417966
290 0.313421 113.964252957331 2.099976 0.71615058874036
291 0.513742 105.356074893586 1.844648 0.707749853851179
292 0.447313 83.7920804981002 1.880976 0.650771543519742
293 0.426001 112.141576891028 1.973647 0.716001212974835
294 0.383542 110.970607574932 2.021531 0.742944234964486
295 0.418876 118.663651864162 2.016316 0.751076004282129
296 0.467865 109.416055129455 1.91369 0.727224823297532
297 0.516204 107.783358908673 1.807764 0.702814905553414
298 0.381616 110.587268576557 2.012251 0.708752864111287
299 0.374885 120.642727688284 2.062284 0.72315682554801
300 0.559576 97.4637431235582 1.741822 0.636375288205485
301 0.480328 103.093625187378 1.883346 0.615194497901695
302 0.484201 98.7715325252699 1.874656 0.710959764500586
303 0.311798 115.912360169328 2.14674 0.764813337438291
304 0.744269 109.072346287414 1.172939 0.575553127147786
305 0.46065 116.154157132817 1.945616 0.684961644896647
306 0.349084 111.803895514899 2.077256 0.703449764991191
307 0.19703 128.073639067224 2.241661 0.79241161968913
308 0.534967 88.7139129758823 1.776255 0.680294085725469
309 0.307129 115.757999328908 2.121587 0.74873879189854
310 0.368043 113.368162805188 1.988419 0.626787204562961
311 0.687986 90.8479026498629 1.402857 0.657760868821484
312 0.168727 123.897443668941 2.253892 0.747332979043908
313 0.50218 98.7361808162375 1.833923 0.657631071887815
314 0.409495 117.168166493418 2.020936 0.692627756249358
315 0.381712 109.178601438337 2.021244 0.704163450131238
316 0.403969 111.467650775892 2.024621 0.725012070289296
317 0.481452 102.854864582087 1.862562 0.671657377452174
318 0.252681 117.212873096974 2.151254 0.708786763946254
319 0.411282 109.993305185117 2.012543 0.720663801553168
320 0.525982 99.6254291255605 1.788489 0.707372834806222
321 0.338327 129.049686308546 2.114121 0.7548797495121
322 0.577914 100.281303021714 1.678895 0.645099223467707
323 0.434205 101.54125653694 1.949035 0.727927509010546
324 0.633462 113.915605559902 1.569086 0.699373470967398
325 0.327626 119.845685671216 2.122741 0.774992281799392
326 0.338259 121.743939353597 2.105675 0.753574741390143
327 0.55863 101.959410848293 1.730523 0.682115626817988
328 0.323998 107.315130045433 2.120117 0.705209993790894
329 0.552725 100.548359972311 1.724341 0.661812384143999
330 0.562887 88.915117948733 1.723958 0.665714464982965
331 0.533253 93.4674470810257 1.785854 0.685201206084717
332 0.303546 126.49926437823 2.155529 0.77588054772282
333 0.438113 104.537317987473 1.953977 0.702293204874045
334 0.493744 98.9180558532573 1.840709 0.668525379074977
335 0.47829 102.336279216229 1.8553 0.667885181482193
336 0.135666 122.268253012362 2.272539 0.770224359029598
337 0.1887 117.930477299072 2.24471 0.776150158101465
338 0.56427 106.489976472835 1.67611 0.666034988607515
339 0.222005 102.505200607494 2.222776 0.716139691450733
340 0.384569 116.453538609236 2.063414 0.715774978249403
341 0.506442 96.5677407642142 1.817217 0.66311745985609
342 0.469044 125.329280450866 1.938522 0.776071756066514
343 0.495009 105.245018639479 1.854454 0.659475223432357
344 0.462294 110.102551838279 1.919473 0.704876398101283
345 0.45049 91.8405677804249 1.893687 0.662328834296729
346 0.307815 115.492290987064 2.120483 0.646734565581002
347 0.493922 119.18149617875 1.865674 0.686947951136588
348 0.338005 115.358455532333 2.066571 0.762403972903067
349 0.314864 128.130261921042 2.132563 0.754494777408937
350 0.655058 92.0437509072493 1.494175 0.668568501817202
351 0.210226 132.111937443689 2.229412 0.775308603426221
352 0.30521 127.369388767749 2.136695 0.714305394477126
353 0.420536 111.552853214572 1.983207 0.732405813460096
354 0.452599 105.98581383194 1.961086 0.718551010041983
355 0.471736 103.621733709099 1.889789 0.705293780725123
356 0.462355 118.559203414234 1.946899 0.69572851351247
357 0.34349 113.312365540809 2.094211 0.724959104927708
358 0.342341 108.258728571648 2.049433 0.703551828985467
359 0.613358 101.984798229448 1.59278 0.669575848476337
360 0.662039 101.742687356024 1.488747 0.634308699122515
361 0.335937 116.405575439598 2.097722 0.756864158890125
362 0.282064 125.547896961244 2.159931 0.744083994539056
363 0.445381 114.444528703236 1.952685 0.752751616200581
364 0.540087 97.7520321742339 1.759402 0.663391011765168
365 0.33662 115.441273280305 2.098255 0.713466483539443
366 0.395884 102.177489867594 1.991292 0.673810694486147
367 0.53462 103.628482758782 1.752903 0.705067362847851
368 0.430067 118.29787253746 1.969759 0.712325891709626
369 0.302629 123.188574522036 2.12188 0.705483985671735
370 0.071902 140.176401371349 2.293637 0.75286221147438
371 0.550381 110.337456467669 1.771998 0.755972377904487
372 0.399138 109.814707756444 1.985435 0.68263636702727
373 0.493172 113.256173306481 1.892671 0.722554381448158
374 0.527822 111.335361613361 1.808152 0.685759927227662
375 0.516244 95.0995294782192 1.832464 0.710539947596264
376 0.493439 92.1426859824374 1.84431 0.614745108612095
377 0.246072 115.133561415541 2.17844 0.724427391774011
378 0.524276 98.4360477932624 1.764295 0.528828178820395
379 0.353453 109.532458650601 2.046989 0.738733898509221
380 0.524986 114.815650060941 1.816065 0.747029470896786
381 0.599444 109.04878233289 1.65754 0.636176232584633
382 0.329561 118.828617492133 2.098511 0.696902301781177
383 0.324532 113.444790209856 2.099845 0.733436271305848
384 0.608964 86.5109756970513 1.577591 0.635171169126966
385 0.137658 121.419573665801 2.260359 0.757298976618819
386 0.50034 112.624394230529 1.872846 0.754610727875006
387 0.568348 107.407889015496 1.724984 0.7092837015053
388 0.189737 117.981271984657 2.231957 0.787273961821053
389 0.465593 101.64708980932 1.916921 0.75338750179372
390 0.451526 109.496397497524 1.937804 0.740965441172834
391 0.524314 113.894640545361 1.778931 0.687346106694139
392 0.480464 112.406758672837 1.875133 0.68242409263994
393 0.394626 117.895962466166 2.046809 0.728593770182485
394 0.620249 108.109931516891 1.604045 0.710102049897582
395 0.183586 124.776860359761 2.243875 0.776232839195344
396 0.543907 112.853361131299 1.764934 0.726090164059518
397 0.46556 111.835497084804 1.913985 0.742380794196331
398 0.629971 98.5057940243193 1.562688 0.660284785436689
399 0.122938 133.930371947665 2.278764 0.783263401591625
400 0.430856 92.5666325227265 1.971015 0.670944803628181
401 0.416086 110.456398327377 1.976014 0.713023205298651
402 0.497085 104.176671219065 1.771241 0.734046517750396
403 0.325886 123.131501969291 2.100152 0.740158315066049
404 0.512701 113.063780672048 1.85788 0.687780999382356
405 0.283519 114.858888829668 2.144794 0.699382649372177
406 0.519303 119.135374332912 1.821548 0.745077350282361
407 0.566856 102.587640082961 1.739172 0.636173505338082
408 0.37298 109.212650559236 2.005083 0.718058379414112
409 0.301869 123.232578985907 2.144786 0.72204074510568
410 0.489248 107.340122380962 1.865134 0.706185173070713
411 0.348517 118.489805024797 2.101245 0.760553287056934
412 0.305045 121.374440486673 2.145176 0.729033261767229
413 0.56413 93.7453877437733 1.735898 0.631020996414456
414 0.18535 107.153981004469 2.239715 0.75879658299783
415 0.462397 107.089911408605 1.888442 0.737710851818312
416 0.273876 119.289168491445 2.180742 0.727640109932575
417 0.123546 124.244350013647 2.278877 0.773483078027636
418 0.321372 111.830875231427 2.127228 0.776088715763292
419 0.509515 110.873702476734 1.847485 0.660651136343781
420 0.482424 105.26535267634 1.829155 0.673932392811919
421 0.495001 109.856314554553 1.881838 0.689877047347184
422 0.321419 111.610345329619 2.115242 0.737496629532424
423 0.518727 104.589821350548 1.827723 0.654056102791126
424 0.372992 104.954429640001 2.020875 0.702110381425486
425 0.271185 115.493278754556 2.168895 0.771991433661912
426 0.55431 110.924079318191 1.745315 0.712833651186548
427 0.254794 123.672931890503 2.196276 0.746744370355969
428 0.181884 120.531617869853 2.246772 0.792693653828786
429 0.556864 103.899662004239 1.749315 0.683570590701567
430 0.574164 108.017837041539 1.700047 0.590484201106785
431 0.56382 94.0935088956732 1.657818 0.683285724591167
432 0.483904 104.9974618165 1.858534 0.716393644744023
433 0.509596 106.206279382735 1.814502 0.695085412593063
434 0.338859 112.850359163517 2.054249 0.735369746742016
435 0.624385 95.1499311081711 1.565238 0.679936344897597
436 0.408204 106.08925372933 2.026615 0.704409779178949
437 0.367022 126.140818422942 2.058564 0.711808090371658
438 0.472382 104.687695631066 1.895099 0.738156838322049
439 0.553739 120.042662258237 1.726942 0.743448541532805
440 0.384863 111.384357425802 2.042177 0.714761475585964
441 0.292055 126.414483742838 2.161603 0.760918537644418
442 0.325373 122.538845991677 2.121293 0.663051843186627
443 0.486908 111.142709548029 1.860253 0.710460440253288
444 0.419185 99.6080208856398 1.950454 0.71299750790559
445 0.266402 111.730567520354 2.180346 0.762003253983091
446 0.607952 108.958941357344 1.622397 0.484339704970458
447 0.535421 107.782723787243 1.796074 0.68252892473271
448 0.563591 113.719277266587 1.723057 0.696190741981896
449 0.380634 114.664536936918 2.039004 0.754854048481046
450 0.554955 97.5483129911695 1.752775 0.646552798577831
451 0.498835 114.453459474713 1.869198 0.670879397495883
452 0.425666 115.693644155132 1.972913 0.745417404258412
453 0.379751 107.507682728583 2.059424 0.66347028644997
454 0.525288 100.510527364804 1.787811 0.691760926243389
455 0.409115 119.079250329187 2.012084 0.654384365092822
456 0.535668 113.03029432916 1.793232 0.683977472651372
457 0.332352 117.146439248177 2.113676 0.772366007350564
458 0.549879 108.38833429487 1.707556 0.71422322975055
459 0.442201 128.120942582398 1.978604 0.762318708590499
460 0.169033 135.71994275968 2.256422 0.788484226833019
461 0.699774 83.4232971348703 1.337962 0.56478684343916
462 0.579246 111.780893360499 1.709684 0.686791970850991
463 0.27935 131.061352958152 2.166538 0.73839045251584
464 0.514489 118.318236202376 1.847416 0.783263758981034
465 0.174084 121.271560271071 2.253599 0.70783455262519
466 0.613343 102.265922564539 1.625089 0.643243355673564
467 0.51704 116.792018549802 1.83106 0.689801926168328
468 0.438972 95.6676787217606 1.940623 0.69667269536121
469 0.355088 116.376664804338 2.076772 0.752595472088355
470 0.535579 96.9115660442547 1.735307 0.657997233102102
471 0.278335 124.178478545059 2.178699 0.762779429363588
472 0.131072 120.404783912593 2.274496 0.725395652955058
473 0.353815 120.560957407812 2.048083 0.676734268087722
474 0.155279 133.38893248203 2.256111 0.748252576757101
475 0.41061 114.357880931028 1.989882 0.768640221174793
476 0.468294 117.960002841665 1.936798 0.688451320831671
477 0.315843 102.610811490033 2.082613 0.703189197067784
478 0.422308 115.647721911481 1.984571 0.719677186301856
479 0.204197 128.524820553778 2.238262 0.761881051358295
480 0.403492 116.288024422771 2.039619 0.730468714206705
481 0.577035 104.013350581112 1.70403 0.680563463158338
482 0.481498 106.178351281167 1.846609 0.684582916373973
483 0.581285 101.547260423234 1.701125 0.697039005566342
484 0.336726 114.652230527306 2.087171 0.769295175819088
485 0.320321 109.935855958298 2.085431 0.686220321662819
486 0.528533 97.9789750021063 1.755025 0.678315699504086
487 0.447067 111.392309468871 1.917838 0.707276152739466
488 0.564537 101.055422532098 1.678686 0.584489970340284
489 0.443539 118.996521797671 1.953238 0.734329254638625
490 0.524889 107.141163956299 1.794685 0.688343869642876
491 0.146819 134.967739864475 2.267982 0.786328505794986
492 0.45024 111.854463335974 1.942362 0.725534752266597
493 0.522432 104.243754713304 1.75199 0.656702374249262
494 0.31441 115.681736698415 2.111011 0.764597704187388
495 0.683134 110.722745895374 1.299457 0.628854368766712
496 0.374583 109.731933213384 2.043605 0.747077700820468
497 0.283387 126.731498179493 2.153695 0.757231526380882
498 0.061819 138.069504501949 2.296652 0.768098768344241
499 0.815397 90.8563200650919 0.730198 0.60161885359707
500 0.484978 112.296857328412 1.899083 0.648622497154232
501 0.498161 110.299053590229 1.856876 0.681760187817317
502 0.247787 119.000149340517 2.200384 0.655809765020463
503 0.470952 109.819600693007 1.897792 0.711948554135831
504 0.259124 124.572255688938 2.18917 0.758883622069023
505 0.407977 104.040990849836 1.987252 0.71619347114347
506 0.356604 112.057507738056 2.074524 0.677403718813515
507 0.333251 115.482865293757 2.108952 0.762910993320288
508 0.409329 122.675029543161 2.004898 0.701638294482997
509 0.43516 105.271319691934 1.954869 0.723616768452299
510 0.535244 102.73123933847 1.798849 0.688619654270044
511 0.141623 125.754795128963 2.269774 0.78453631443314
512 0.477773 96.4654677534163 1.888673 0.607092108005892
513 0.410111 108.762109341819 2.003562 0.731347235444573
514 0.457435 104.91040580451 1.903437 0.653094140045094
515 0.436314 110.796895729069 1.923171 0.721639226101482
516 0.518033 105.51407586819 1.827361 0.694839512936382
517 0.481534 112.369999344074 1.901687 0.680937227936467
518 0.571354 89.0722554415739 1.706154 0.635327907211288
519 0.670276 108.959321762956 1.471903 0.684728338050649
520 0.174573 119.302571330666 2.254587 0.76826515041738
521 0.535959 105.383521743182 1.707366 0.669271373067966
522 0.408385 107.859660505485 1.942337 0.716920196428559
523 0.438082 117.984279610039 1.975439 0.727255667823392
524 0.259504 103.197616386817 2.178905 0.711467860141105
525 0.485325 90.7373019210647 1.855131 0.695743948891781
526 0.303737 117.13995277214 2.143226 0.745895115752952
527 0.497276 97.7882509027953 1.868236 0.635241100250308
528 0.383175 114.663730920187 2.003212 0.725560027758307
529 0.231726 120.833836957824 2.176365 0.757850807181571
530 0.302093 109.33120200479 2.145008 0.692444946084091
531 0.315736 121.559942725976 2.141492 0.761970389332082
532 0.585938 97.0333023833013 1.667024 0.699394377783906
533 0.500564 117.742666218111 1.873269 0.689584046070459
534 0.529702 110.78230776682 1.779505 0.669689952510941
535 0.380908 114.343949938627 2.044813 0.77072471443944
536 0.334495 116.17088169599 2.098366 0.738554544956815
537 0.402481 108.48535853965 2.018139 0.603950107299077
538 0.545436 117.271052495543 1.75529 0.717749591400227
539 0.506272 100.552725108868 1.815399 0.675564784261924
540 0.494734 87.3643256944038 1.836535 0.692358280976376
541 0.412928 120.154269736109 2.015556 0.769584498834628
542 0.603859 104.798044276517 1.615416 0.581727096823932
543 0.473875 118.6969160987 1.903835 0.731490959042416
544 0.253764 124.58928985367 2.19954 0.764401658609804
545 0.494292 107.764018795223 1.886056 0.660025201434822
546 0.464809 113.845337081126 1.875667 0.68260138031012
547 0.316764 112.707040991059 2.113504 0.74656363604686
548 0.563452 101.766734545171 1.715737 0.721254531751277
549 0.393752 113.962229430386 2.043208 0.700505209668184
550 0.341793 115.456343561999 2.105476 0.766003332429615
551 0.47524 98.1896457290868 1.85519 0.70203660317498
552 0.204234 114.386487370965 2.234172 0.683614308987728
553 0.393111 120.464732929439 2.034816 0.7161005603573
554 0.676733 110.82752279187 1.432926 0.607076556784742
555 0.227426 115.748257173859 2.215184 0.731021781894352
556 0.367543 121.972018795198 2.078919 0.704214341389156
557 0.494766 102.489790540939 1.815772 0.688962202642514
558 0.507417 114.377338947427 1.831121 0.682011579916078
559 0.302923 124.141825865187 2.108491 0.77372047245564
560 0.36017 117.046247905901 2.052552 0.741776244404294
561 0.101685 131.06515095809 2.284749 0.778827710227235
562 0.559632 111.213750991832 1.707571 0.675479377333057
563 0.436489 107.053636201828 1.926491 0.749565248842149
564 0.558786 101.117753776354 1.750187 0.695508207448659
565 0.254614 119.960954363577 2.194249 0.755903592129734
566 0.393228 102.53647286403 2.002479 0.732505262252664
567 0.283326 113.666598641962 2.155635 0.733820967877563
568 0.154127 138.796572956182 2.260523 0.772580128279311
569 0.664826 99.6053958402686 1.467044 0.585046421137303
570 0.410138 105.030607867297 2.016889 0.672202417255305
571 0.464854 109.299532296304 1.929935 0.706712498267936
572 0.558759 119.556279834978 1.769305 0.7153218031138
573 0.569277 104.056813465145 1.676716 0.719045539532968
574 0.187356 122.941448021417 2.241605 0.742413790570621
575 0.59042 105.89080666745 1.618127 0.677999106841956
576 0.728499 99.4564498648589 1.261506 0.582579873785203
577 0.656481 111.334970030848 1.498474 0.670975905183389
578 0.4204 97.5411027788351 1.931405 0.690083877111796
579 0.268061 122.889292367065 2.188898 0.771207162312733
580 0.315675 119.60872695339 2.119261 0.678844485269583
581 0.156542 126.376773483713 2.264205 0.781843268449248
582 0.58471 95.7436317588643 1.652727 0.6016801791015
583 0.56651 115.915310605881 1.73116 0.757689173912567
584 0.439644 116.550617742871 1.929816 0.698877234373756
585 0.500449 97.3990523682462 1.845156 0.629317175904532
586 0.378398 115.392553074523 2.028506 0.758285367073021
587 0.439038 118.225192452388 1.922025 0.661610106334748
588 0.396437 114.161109225491 2.004896 0.705139114908567
589 0.308058 114.032801644659 2.104831 0.727855117808543
590 0.47893 105.574879150921 1.869827 0.67991058260248
591 0.553653 99.7940903285879 1.748145 0.651246527868693
592 0.441092 124.10577779133 1.974894 0.734569531674556
593 0.615965 110.325739294414 1.627243 0.679827725629063
594 0.380962 115.421950612226 2.059087 0.753593462870855
595 0.173476 123.79000657256 2.255529 0.78859792797785
596 0.282166 110.456426629162 2.136272 0.731017247731168
597 0.631507 98.8392160759347 1.572183 0.696203681539389
598 0.391436 104.013889625273 2.033169 0.705656889460603
599 0.636375 110.427113293438 1.566066 0.708006676405266
600 0.44038 108.762110444182 1.940761 0.698016347884889
601 0.6977 105.837088497605 1.37494 0.403616307926314
602 0.452999 96.1544666073139 1.883128 0.685025996180948
603 0.567204 96.0726815874622 1.673792 0.662521703586614
604 0.417548 100.687640296263 1.961158 0.724298962094771
605 0.554838 111.323828204352 1.757785 0.742266662157906
606 0.682554 97.9104563616586 1.379979 0.631045412011241
607 0.32519 120.81342487646 2.122769 0.731930795324402
608 0.469494 112.361181582709 1.933246 0.697766519726667
609 0.305532 123.892299361325 2.112766 0.710586450560239
610 0.423902 97.0262114323157 1.933117 0.721162245457783
611 0.51337 108.555852771798 1.834734 0.62906889692846
612 0.328849 122.382641239041 2.111165 0.747965616679966
613 0.280744 113.396210212156 2.17641 0.756482524715556
614 0.329941 113.213892229485 2.073952 0.709211972767363
615 0.590929 99.0464084726422 1.679152 0.673497080333757
616 0.387078 115.349208159235 2.009956 0.715841036988061
617 0.384266 113.948587039947 2.036162 0.736151093168282
618 0.229059 119.770870216701 2.205138 0.736183798027278
619 0.572961 93.4761057130909 1.692213 0.67269683648323
620 0.452211 98.4546788796008 1.92978 0.710643071356576
621 0.253951 108.164336701244 2.170418 0.716902903494528
622 0.383143 117.805925795262 2.057006 0.699010099571218
623 0.372785 115.982578362606 2.062943 0.754620187824678
624 0.123622 130.356531015105 2.2766 0.767057502530165
625 0.585595 104.369495030238 1.687153 0.647374205094321
626 0.514682 106.916955235199 1.837422 0.686679434631111
627 0.455404 109.588747464036 1.926729 0.724350229415389
628 0.393263 112.462082412287 2.042041 0.718794691274218
629 0.720395 112.424122784326 1.211337 0.722256762779798
630 0.570325 102.20634958146 1.716438 0.686013984449474
631 0.627311 110.111730438768 1.550001 0.732550749166813
632 0.480513 116.135584960841 1.870612 0.720769085131258
633 0.476521 104.621917850337 1.875662 0.682914554332844
634 0.219195 120.022566771883 2.223645 0.719198290013173
635 0.405363 93.7621556216126 1.963228 0.69465167206898
636 0.575554 105.345497651951 1.691414 0.666513261923545
637 0.375574 126.112528074402 2.068411 0.684307202042832
638 0.17458 127.552783456275 2.252027 0.784362081058295
639 0.448467 99.7095229961707 1.859214 0.695910317151462
640 0.399214 116.595258465335 2.005673 0.587103803202676
641 0.337875 116.529435130946 2.095697 0.740955618029414
642 0.471313 111.471106084287 1.897508 0.717534625853106
643 0.382777 121.857861404091 2.040548 0.719535838609925
644 0.331002 94.2614697830183 2.063604 0.665549043104329
645 0.471352 92.4111724382587 1.845931 0.682913633209622
646 0.488045 121.582783554998 1.8719 0.732819719832085
647 0.465822 112.127854540088 1.926648 0.69935867121894
648 0.422032 107.618907776653 2.007697 0.713365115765515
649 0.382214 118.580159677262 2.064463 0.683447640473958
650 0.601174 106.076751615177 1.589413 0.697716329810938
651 0.224986 123.583008831238 2.219193 0.768297266949152
652 0.392545 123.343251435135 1.996496 0.745971599022285
653 0.485552 114.23791765709 1.851616 0.66944622756229
654 0.352582 118.856562827932 2.083987 0.7710461050653
655 0.585623 119.000849063821 1.580043 0.720173301498927
656 0.483614 114.698194361751 1.843383 0.740505690135744
657 0.129098 132.210516932997 2.271063 0.762928215087271
658 0.466688 113.937641124262 1.92235 0.767380131170447
659 0.57996 99.0863743033224 1.694748 0.681223234348508
660 0.254365 120.263623611436 2.201711 0.758368224809973
661 0.383039 120.306476202305 2.055057 0.717541642120451
662 0.476284 106.491077016049 1.845626 0.678087259789315
663 0.42585 114.138612863249 1.988934 0.647338951575104
664 0.656727 101.365116699147 1.481459 0.658021101898698
665 0.298394 118.447285033146 2.152266 0.749251390026127
666 0.433576 113.231412145365 1.929543 0.750431939901847
667 0.47063 98.4239191313116 1.915232 0.668809028052831
668 0.448701 118.382148638383 1.9258 0.736226160070293
669 0.474836 108.24590155321 1.900295 0.728613462148132
670 0.431554 118.907171259449 1.959004 0.730756883232077
671 0.337255 117.31408095948 2.117057 0.731088658023515
672 0.383506 117.623932021471 2.027989 0.734794181377953
673 0.513951 106.268412741084 1.820576 0.692156785678019
674 0.210222 122.526272910955 2.231594 0.73090702370661
675 0.461697 94.7608759513421 1.90711 0.644004554168061
676 0.43509 109.108044567765 1.961392 0.695304636648932
677 0.283226 115.272051656744 2.170497 0.749137953905333
678 0.286281 120.996070951386 2.17325 0.75114777326102
679 0.676422 102.708793286998 1.430431 0.608642669407333
680 0.518647 94.8172308267105 1.834455 0.649387101480102
681 0.429413 112.371985347021 1.978704 0.730924104628158
682 0.536511 113.169342255874 1.772657 0.721344290600429
683 0.391022 118.800846001789 2.012243 0.725132203272806
684 0.455474 108.918055441074 1.936209 0.716616095717649
685 0.687369 109.147035877897 1.415469 0.737705515701803
686 0.582584 94.4657537400381 1.685453 0.627354549934644
687 0.236738 112.486895565481 2.201118 0.743320491451278
688 0.50034 106.329219674221 1.816452 0.682265049388049
689 0.441081 107.902116949769 1.964644 0.760869178150791
690 0.488686 106.388329767403 1.874876 0.702851661377317
691 0.35349 128.157754464498 2.078107 0.733841633795186
692 0.539071 100.106523734271 1.777617 0.674728806900796
693 0.509939 106.067558991991 1.840774 0.715999691273051
694 0.337475 117.356595680468 2.098079 0.748614576155002
695 0.467155 89.6188497787001 1.901623 0.677635080685751
696 0.540635 108.986944575109 1.800084 0.727910629656834
697 0.392546 112.515830977938 2.019713 0.720794818280629
698 0.488748 114.387127024301 1.871696 0.686682853007235
699 0.448161 105.046918406637 1.96393 0.713776640920963
700 0.472247 106.634386680547 1.907992 0.651740601710257
701 0.349822 106.677826298405 2.083249 0.718413715049812
702 0.408329 118.922829260028 1.975751 0.725442201943922
703 0.085149 140.917348039113 2.291088 0.759039383843255
704 0.715201 91.2185465779097 1.304626 0.592897221502522
705 0.350319 119.799103092785 2.093091 0.776170174955463
706 0.185589 117.603547419168 2.242782 0.746949717865604
707 0.523361 109.319739992991 1.832116 0.743886113674793
708 0.612027 102.15451833641 1.584949 0.663684938985562
709 0.54419 95.1827735595961 1.748952 0.676813029109069
710 0.341871 123.268718490529 2.089752 0.763409492090583
711 0.465905 115.282731782731 1.902181 0.691753611339966
712 0.392152 116.240073680715 2.022413 0.740891024161254
713 0.583775 104.896299790194 1.657151 0.670617353682548
714 0.422232 107.148759941964 1.954024 0.701503847130631
715 0.345682 106.042425115578 2.070673 0.711057108869338
716 0.466611 113.744317272098 1.903073 0.678235936831606
717 0.408608 110.468428510978 1.999351 0.703959386666746
718 0.509127 110.613136452712 1.798292 0.621546891116052
719 0.528786 110.262807334162 1.820068 0.678673052953778
720 0.352604 106.293283685404 2.059195 0.709304298749484
721 0.38644 116.56518384341 2.021408 0.757664253540903
722 0.422146 109.328862912302 1.9896 0.722398539160308
723 0.361932 129.728099977961 2.090922 0.728236902247913
724 0.185984 122.092677941297 2.244907 0.77350138694108
725 0.518742 112.05920059306 1.792124 0.67777559252903
726 0.359256 118.846841222859 2.073833 0.711017161336896
727 0.659905 109.987162392202 1.423558 0.627386308135531
728 0.557021 97.1202231365147 1.739267 0.655069598531693
729 0.356177 111.88150737174 2.040072 0.734542772207734
730 0.396072 107.382145798484 2.037898 0.70997057796911
731 0.56098 94.9370231469414 1.684199 0.624292004579837
732 0.480896 115.339461949853 1.909371 0.6891741717258
733 0.460484 104.366386764633 1.932632 0.712277988158131
734 0.506417 110.876363834077 1.857601 0.691373907231399
735 0.537302 114.346986784168 1.765361 0.728925456979352
736 0.517053 101.295626790216 1.784519 0.698269182199382
737 0.356067 90.1549696226316 2.044015 0.715661801855489
738 0.625465 100.287029735743 1.567663 0.653511794485792
739 0.396131 125.467895740394 2.045735 0.724491401384234
740 0.430309 107.213690439007 1.961249 0.706392330332108
741 0.299085 135.243303028503 2.155415 0.756424343923961
742 0.303976 96.4924604725614 2.111572 0.685571519957192
743 0.470644 110.175946534377 1.868553 0.628914197761546
744 0.567475 99.8345535175545 1.686638 0.673914227897369
745 0.267523 118.88159745966 2.170663 0.774971170621637
746 0.387114 124.701604289981 2.054717 0.737803131673387
747 0.415359 105.926115479613 1.973998 0.720775924929265
748 0.376293 101.664437056602 2.007672 0.697906654060378
749 0.514606 106.286064403961 1.849074 0.667620570816406
750 0.314757 106.098288233742 2.12992 0.731374381353673
751 0.395141 109.734723023753 2.050447 0.707023462831728
752 0.6243 96.8229524394481 1.566717 0.669879871246169
753 0.417223 119.067038666746 1.948973 0.709671507446517
754 0.203461 125.84621445103 2.22797 0.766619800639053
755 0.591951 93.3272250087858 1.668505 0.743014986406382
756 0.506261 105.887247766444 1.841819 0.653334425348877
757 0.558007 101.496658953911 1.729263 0.526782189545864
758 0.51305 92.9305338903197 1.74484 0.641917028026516
759 0.425764 97.8198094162538 1.903174 0.71044209247235
760 0.410178 104.113164441425 1.994983 0.698740592660195
761 0.274115 123.129805969042 2.17877 0.681913365084121
762 0.575322 108.64036364041 1.70742 0.677509577748573
763 0.575999 105.536910041857 1.691961 0.668812271132301
764 0.650763 119.914812564271 1.533172 0.741875654079917
765 0.595481 100.655862359542 1.643013 0.696375643510364
766 0.447476 110.695059189208 1.939548 0.741546947244489
767 0.480406 111.16336585611 1.910877 0.659209556028254
768 0.51745 114.497206739857 1.846419 0.700110225222564
769 0.587586 113.224125010682 1.687278 0.714913284235698
770 0.427356 112.631361108455 1.973332 0.724460761227326
771 0.344218 108.033160077542 2.092225 0.722741759240526
772 0.466581 116.703030609414 1.937325 0.762983461165519
773 0.485661 93.1396143540851 1.887194 0.719006007145051
774 0.59624 107.468954000134 1.634881 0.680061999323136
775 0.384403 114.840570943654 2.049642 0.749998316492659
776 0.405148 104.564527500234 1.985752 0.685483146080274
777 0.45163 110.988681744034 1.954874 0.725316024445609
778 0.563822 113.058807727299 1.649497 0.606260912336108
779 0.481065 107.643055490076 1.872744 0.70356056452326
780 0.421882 108.826465710926 1.950665 0.701970797885048
781 0.54531 105.857417131435 1.794123 0.71820974254156
782 0.615103 96.7178773671723 1.585613 0.661873919461856
783 0.282979 111.988751448029 2.161994 0.749141517242504
784 0.28265 127.381883976217 2.165176 0.776214369103682
785 0.517339 103.393979868914 1.820413 0.658909083551091
786 0.558272 101.192321763249 1.754999 0.664486995833487
787 0.569 106.719277667715 1.696101 0.705689469130892
788 0.474419 109.23421362468 1.876679 0.69901287271196
789 0.446438 110.044031122844 1.921983 0.704206322230534
790 0.531327 109.31726344763 1.777973 0.700002350817367
791 0.540412 115.413355879191 1.747268 0.698805901736318
792 0.459642 119.952720622088 1.941018 0.69630764754241
793 0.594148 114.404649235968 1.677391 0.727342547652704
794 0.379883 110.755784482474 2.030492 0.73167254975186
795 0.448069 118.168502235994 1.920723 0.726396269904764
796 0.635774 115.537292070974 1.558842 0.64877476672714
797 0.259602 119.503594369125 2.171989 0.765392492349192
798 0.476379 110.821953246293 1.866811 0.697863287783681
799 0.20217 114.344082345643 2.233751 0.768545225244724
800 0.615302 108.752001943961 1.612262 0.6996996947039
801 0.236987 124.151742181127 2.21462 0.777560880596773
802 0.542896 116.427787358398 1.776463 0.739995650997949
803 0.51538 88.1707528949111 1.723296 0.662821089309576
804 0.281615 119.905841958409 2.177609 0.746612953360127
805 0.531318 105.147281861321 1.804952 0.708913386602442
806 0.447239 112.113621223571 1.937128 0.697411416045149
807 0.212039 116.614408637107 2.222506 0.728432055980189
808 0.353542 104.678229355799 2.075272 0.738233823147893
809 0.582613 110.823220437008 1.705965 0.666979884128055
810 0.245633 123.656994219168 2.202397 0.7505041910201
811 0.46241 96.4628892895537 1.867941 0.642959114807195
812 0.523456 106.524702726969 1.790541 0.700770167403337
813 0.407111 115.786572559143 2.018657 0.766960872838433
814 0.321567 122.491550937229 2.117714 0.765325539490003
815 0.784264 96.1296648117729 0.978971 0.586150804052441
816 0.382552 111.366032543971 2.011197 0.71692239596462
817 0.335837 129.682245070764 2.106287 0.741557122139579
818 0.525844 100.832735598285 1.798864 0.643417519464098
819 0.214925 130.304043274394 2.226668 0.785247386412591
820 0.551371 113.660132817009 1.747531 0.710351664466285
821 0.516732 105.155446685211 1.822823 0.683499367711053
822 0.591725 110.983155413342 1.621827 0.576456850632596
823 0.459102 118.793693725952 1.905226 0.712337340956389
824 0.630603 92.6651353179153 1.514568 0.651113628802069
825 0.508256 102.441458952725 1.82746 0.668395024891036
826 0.415953 114.828192419715 2.009631 0.731503502997135
827 0.563513 99.0493793304603 1.726842 0.726067622003632
828 0.240605 109.431494017667 2.20395 0.752925282469548
829 0.373547 132.195536827376 2.052552 0.747127745296868
830 0.495495 106.884616621319 1.85659 0.620131022805366
831 0.446715 108.346269794492 1.925123 0.744827669525224
832 0.530627 112.536126954897 1.77745 0.731777984602087
833 0.540956 113.127730429431 1.760623 0.708574354487101
834 0.357742 111.307326733492 2.070736 0.713843934846679
835 0.290735 123.598157325769 2.167483 0.755291762275312
836 0.600195 106.372233014467 1.63576 0.707354852462905
837 0.489599 120.433702283706 1.899471 0.76155569339912
838 0.484003 103.376730672287 1.89239 0.613520189517261
839 0.369058 103.330231214922 2.057513 0.741734428810578
840 0.484622 108.774310505824 1.851134 0.692609980233957
841 0.350801 112.50256195054 2.068261 0.654003271719929
842 0.477901 114.413465021237 1.891488 0.715116539440284
843 0.457517 114.277758444337 1.901636 0.718619687227429
844 0.323825 127.076619921793 2.133767 0.734425462863458
845 0.495567 104.233467731383 1.845329 0.702686158728439
846 0.409452 116.105955328287 2.00917 0.734763998236587
847 0.553349 105.009018383814 1.743547 0.646609975291084
848 0.402964 118.133359720752 1.987897 0.664195353364049
849 0.515536 97.5615562344021 1.794523 0.67551182552172
850 0.430395 117.76252478812 1.98266 0.735082907858631
851 0.561291 83.2507048224426 1.714795 0.655328668281121
852 0.533497 111.745939823153 1.814029 0.698901661591853
853 0.478001 109.941542561732 1.858013 0.723818503851563
854 0.464837 109.783273214824 1.872508 0.704317784205521
855 0.513683 104.392017801105 1.851281 0.602659608519853
856 0.333271 104.900591995406 2.04358 0.718940619405761
857 0.239606 113.593121186772 2.184915 0.748841611950961
858 0.603951 91.3714094161956 1.609647 0.671190336288079
859 0.46507 112.390198193573 1.912263 0.610062334041329
860 0.294714 109.314946069927 2.163031 0.737431850158877
861 0.555659 100.8475859089 1.719753 0.646396747716139
862 0.480645 97.6510985987912 1.857939 0.700655840519711
863 0.343032 120.24996700233 2.10532 0.79019854373476
864 0.460222 92.1995365819862 1.928439 0.696695436029257
865 0.433649 104.806299714438 1.930186 0.712011030705426
866 0.491641 102.500019434318 1.86106 0.702120517264697
867 0.106936 123.195888835469 2.284272 0.761786565612292
868 0.506061 103.951126493404 1.852527 0.683774047804941
869 0.574699 98.5398082713334 1.678923 0.651167861260641
870 0.420335 105.833389821068 2.001961 0.756240980432736
871 0.452296 106.12352814147 1.93153 0.693463743111267
872 0.462547 119.827502720066 1.928048 0.72589072980308
873 0.443988 105.267386317782 1.928163 0.698949129487838
874 0.415206 121.619233467673 2.019569 0.725926516957483
875 0.350569 110.262004289391 2.049426 0.705918710705359
876 0.580247 108.112905420077 1.711251 0.616334990145925
877 0.497161 113.002944749762 1.857101 0.695334538286534
878 0.273469 119.188183520829 2.165398 0.767862418366385
879 0.225543 118.984486315384 2.215361 0.758039907873904
880 0.540011 112.253869371797 1.79068 0.667285422781091
881 0.435574 108.179384576919 1.907054 0.717259203234027
882 0.49712 125.455855701277 1.839849 0.717624526663681
883 0.25208 115.174389018588 2.183679 0.728480104586634
884 0.485934 114.003420335762 1.900826 0.751216973478071
885 0.100199 138.512788690279 2.283414 0.773212649973454
886 0.52142 90.890160346965 1.77892 0.649013266672738
887 0.201962 116.683495068177 2.239459 0.804259507452371
888 0.670294 107.725540591456 1.429391 0.664997697022616
889 0.47111 117.428455630182 1.820761 0.73217098755088
890 0.483112 118.929814025757 1.873051 0.713567396346665
891 0.454589 113.194685310119 1.908367 0.706831472255376
892 0.448349 115.131715534297 1.95672 0.708837874668281
893 0.363338 111.707048868586 2.05037 0.746341816880062
894 0.532105 102.975437150739 1.772274 0.692376778696679
895 0.393871 110.920118324723 1.969454 0.734003775767674
896 0.675367 104.829727740736 1.43794 0.669715085408381
897 0.466549 102.962538649504 1.913341 0.695836532836966
898 0.430682 109.330556262133 1.997131 0.726541926700088
899 0.474795 93.9675953296547 1.89561 0.672422862653659
900 0.55588 100.180398334925 1.762866 0.663953190109027
901 0.482296 107.465450213261 1.855859 0.700325761954153
902 0.406189 108.504690648077 2.015157 0.687117254836051
903 0.275642 110.784783244118 2.169572 0.736200662624055
904 0.532196 119.645912663095 1.794576 0.656263204960264
905 0.354954 116.323580490694 2.078046 0.763607492855409
906 0.524306 104.10895283851 1.821411 0.685106714608946
907 0.453436 117.321368456866 1.898162 0.733398008181678
908 0.240891 96.5239671382689 2.159607 0.739781434552782
909 0.189804 131.451576127476 2.245167 0.768633659752449
910 0.440873 112.944092549858 1.959353 0.732347915493006
911 0.367056 111.994152736653 2.085732 0.748046177954625
912 0.313586 109.889044109286 2.076856 0.693911382448382
913 0.575606 104.76898758624 1.694286 0.700977448485295
914 0.409328 117.127365879698 1.988799 0.730767795105867
915 0.42472 109.255565995102 1.990433 0.725595914007312
916 0.204282 127.415155500615 2.233319 0.771285811256885
917 0.470422 114.949061309504 1.908521 0.736200970093273
918 0.264595 120.458995991511 2.191223 0.758649239535714
919 0.175507 124.90859376536 2.254584 0.759699187253458
920 0.450939 119.386509190332 1.950959 0.735400358185263
921 0.065085 126.775019442335 2.295366 0.763701981255249
922 0.402954 105.624802495598 2.001565 0.740178951908245
923 0.387212 109.447805820289 2.050154 0.691634424394707
924 0.492567 107.092107819815 1.830994 0.716813008755781
925 0.553442 101.974991450352 1.726283 0.739460832182526
926 0.581298 95.8047631868519 1.703624 0.67236069402989
927 0.401054 112.954389520958 2.030217 0.729922408967165
928 0.56581 108.494320519499 1.734011 0.644771545875335
929 0.398159 113.44054077529 1.9911 0.696307644437369
930 0.457897 114.506374964194 1.875418 0.715538713560912
931 0.511181 101.436485475539 1.823372 0.689225714595914
932 0.396031 112.360092467568 1.984299 0.697131439684865
933 0.617865 119.510958896049 1.594501 0.67061589876409
934 0.517498 115.268188496364 1.780581 0.635424582495323
935 0.309633 102.076854033143 2.137281 0.727874336177759
936 0.373577 125.874732071583 2.02339 0.697557193600132
937 0.501723 119.946094675974 1.881075 0.734026165602187
938 0.479904 108.741121890227 1.897783 0.724179435642352
939 0.456085 112.313251060559 1.881831 0.701552123846193
940 0.387392 111.398282751512 2.032674 0.72340712396955
941 0.476595 104.276745641723 1.861266 0.71716424868401
942 0.423599 102.39926130343 1.990496 0.685790882131677
943 0.238983 110.138068537999 2.208659 0.765492526873645
944 0.565485 115.975170121867 1.688339 0.657749799271505
945 0.222437 127.996710439791 2.219007 0.685179783938161
946 0.52081 88.1105346965694 1.790948 0.640266160063436
947 0.569161 109.503039154251 1.69766 0.698361810149985
948 0.214104 129.069075543209 2.229736 0.789958273761466
949 0.182139 126.441663823942 2.250399 0.782445319236719
950 0.431014 102.344926987131 1.945872 0.677974518139294
951 0.400069 106.097176774813 2.03034 0.720046968510564
952 0.122294 123.703667932556 2.278969 0.758857294672033
953 0.351494 111.33532532165 2.077428 0.725186490025685
954 0.338133 108.481881092132 2.073415 0.740537305005758
955 0.460246 106.09271310083 1.907339 0.713161370901969
956 0.427216 97.8913260366933 1.966191 0.671026334572612
957 0.349669 120.431306184292 2.080046 0.749958272560665
958 0.618005 111.11260894677 1.612495 0.646718208125511
959 0.303303 125.664839830682 2.141446 0.744432302568567
960 0.527077 106.418657528253 1.816257 0.667299969013211
961 0.278164 110.193209482237 2.172829 0.695257990045378
962 0.436157 125.289466369449 1.982919 0.683124981290113
963 0.27517 100.178475112365 2.075458 0.722068548133371
964 0.18138 131.44826441381 2.247415 0.769316322733891
965 0.30816 128.741753399388 2.149325 0.736987479515427
966 0.616885 105.174758506233 1.615683 0.626268668614523
967 0.491685 99.0019137507465 1.882164 0.620208813767605
968 0.459386 111.781872150491 1.923016 0.661337379794634
969 0.261541 126.244135977067 2.194874 0.760745431215189
970 0.494725 105.417689809943 1.827608 0.71245160208825
971 0.424931 104.633741172677 1.935989 0.658277962447497
972 0.32564 125.219444244761 2.132916 0.757871171675624
973 0.270692 98.6077266364943 2.177974 0.698358856709706
974 0.530658 107.7994366401 1.736695 0.711650477379605
975 0.401356 103.353456561192 1.996099 0.725334296279463
976 0.565818 106.605162397751 1.71446 0.668222934679363
977 0.395057 98.1697673825416 2.013234 0.689621993553123
978 0.295406 107.451936864092 2.111784 0.713857283507199
979 0.335817 121.285033302124 2.119584 0.734648252147101
980 0.451658 107.367775374685 1.940035 0.725594584630613
981 0.207492 122.655211326975 2.235258 0.753322466161842
982 0.761813 92.7878325835269 1.130644 0.668426915804565
983 0.417749 119.183991898519 1.981286 0.735013415624622
984 0.598247 114.820120494141 1.65031 0.604414300547789
985 0.649968 94.9363041186766 1.514383 0.651857109123214
986 0.452513 124.471173096218 1.883676 0.770834683787532
987 0.550093 113.367659872248 1.753548 0.707121153480841
988 0.421156 112.73760474945 1.965461 0.714054834466937
989 0.486415 89.2560473847911 1.813719 0.679704548492002
990 0.233821 107.888225149605 2.216735 0.765371971594028
991 0.595486 107.997002544201 1.626092 0.631602922239165
992 0.472058 101.156409719334 1.890912 0.687140084887489
993 0.402538 111.9038289001 1.972051 0.715475412633091
994 0.406283 111.065158308499 1.945204 0.709807750219893
995 0.489876 111.116610090476 1.839513 0.70992503695249
996 0.451525 116.083478059933 1.965596 0.692052519743065
997 0.295196 115.905212219588 2.129175 0.747818683778792
998 0.590359 115.044488804435 1.681135 0.766584838348632
999 0.41734 101.125005770393 1.950094 0.711053152107
1000 0.405406 110.308680040155 1.992803 0.71259510120033
