rep aei_left left_area adi_left H
1 0.429902 120.822454474136 1.995406 0.809806931592965
2 0.298829 123.315445972235 2.153858 0.79723414314048
3 0.442111 104.785232098984 1.937371 0.765657671174016
4 0.433942 111.452323277187 1.97548 0.807890980920128
5 0.36354 116.371230690038 2.019256 0.749202728016118
6 0.237503 125.345067645752 2.212824 0.816769618347049
7 0.435394 116.651871431961 1.943679 0.739781809029181
8 0.37111 121.84476437042 2.038405 0.801596514679681
9 0.464394 118.580828531176 1.887484 0.770196817044845
10 0.362475 109.399176006389 2.045935 0.758674863956289
11 0.225722 123.696255061073 2.210207 0.803532934785592
12 0.424681 115.109488136717 2.000281 0.773167447921831
13 0.547784 109.647232573577 1.755727 0.784792517170836
14 0.422769 115.953611205529 1.963219 0.766223084584332
15 0.405126 118.95123345205 1.981028 0.733267443232133
16 0.662578 100.759800747292 1.476119 0.693033008261137
17 0.383074 113.968682235887 2.018784 0.763690080582818
18 0.44125 123.136452341357 1.97276 0.783812241164251
19 0.333652 107.950589669292 2.052344 0.775691137088187
20 0.261067 132.234740375579 2.191591 0.817593879013273
21 0.470188 107.36071080846 1.91562 0.761226440952148
22 0.463629 118.86471944492 1.889829 0.826486968713441
23 0.46079 111.844463911531 1.902016 0.7539676545324
24 0.552467 108.21331750373 1.698739 0.780579660769113
25 0.231195 126.223106823935 2.197923 0.794710739041436
26 0.320047 122.607989144294 2.121846 0.786796446267594
27 0.500788 109.16363262055 1.868701 0.745119257184927
28 0.402669 115.491135561422 2.036435 0.802556515742761
29 0.317584 118.968485478507 2.122767 0.812515949016982
30 0.376592 105.193116830435 2.000023 0.763242477858216
31 0.491323 113.349547341984 1.884679 0.758124821851258
32 0.329971 111.074281413154 2.076219 0.748783663792836
33 0.352706 114.109022994893 2.055225 0.785856658946579
34 0.383578 124.482760002319 1.997225 0.785273512269133
35 0.483227 113.983061594343 1.902193 0.779468686161811
36 0.323512 119.19485207331 2.072833 0.766735076746611
37 0.346981 123.837655200412 2.088751 0.816631292006748
38 0.297952 118.891721206207 2.148054 0.782440450557276
39 0.371323 118.955083705444 2.008397 0.784074566554906
40 0.447736 119.733303300125 1.967578 0.75753728220568
41 0.458579 103.046704256506 1.92026 0.716136337457499
42 0.35101 122.029075439235 2.105394 0.779061230301303
43 0.54549 105.686655029704 1.759278 0.741446641958117
44 0.400531 115.193950989409 2.03288 0.773615008441682
45 0.509551 109.264549451847 1.821069 0.755260518860829
46 0.340601 121.371456150903 2.10903 0.808680355957692
47 0.412079 118.861684437523 1.977692 0.773439364490902
48 0.475218 107.633336874158 1.892952 0.748735165615045
49 0.316493 115.721708429043 2.09618 0.730949166709893
50 0.484154 120.119682377196 1.880182 0.813573147080881
51 0.524051 101.066268400368 1.779719 0.730161047300308
52 0.396662 120.572499951387 1.965869 0.761091203955226
53 0.524516 107.867852687954 1.808406 0.725555489658969
54 0.505466 107.407717002951 1.830835 0.708349473076364
55 0.468561 112.635798913771 1.881407 0.771483720553104
56 0.395002 112.25545561708 2.003918 0.736321351129561
57 0.532755 123.363253527194 1.756572 0.813867371786172
58 0.435626 116.107077072408 1.942199 0.798204835920025
59 0.256962 127.858124985735 2.190893 0.811751316822243
60 0.500292 118.738203426425 1.839852 0.78431155076261
61 0.357891 117.399680765251 2.065586 0.805740172112421
62 0.411434 110.084517407502 1.945254 0.754082906481869
63 0.42332 116.861234373045 1.982138 0.794734705691531
64 0.443677 125.540744334486 1.944582 0.778979902769703
65 0.438117 119.078095062963 1.960798 0.766685627787428
66 0.424849 113.213786831013 1.915926 0.788479714280366
67 0.447858 113.047911472329 1.929026 0.758373544290678
68 0.434326 112.463773233899 1.95083 0.768459172725782
69 0.498368 118.276702774756 1.839615 0.766945767102423
70 0.385103 117.234709004292 2.03609 0.762915525974692
71 0.366557 111.709070211149 2.066908 0.766014343366137
72 0.262452 130.727300264605 2.185006 0.822235599326058
73 0.414001 119.562738613642 2.01678 0.794382634074026
74 0.398891 112.643493779792 2.019245 0.766999643835317
75 0.456596 116.847424268849 1.931185 0.784059830076475
76 0.437583 111.362587107979 1.941427 0.781240237761638
77 0.586249 107.21530440376 1.677249 0.700018252551953
78 0.466111 114.980361880811 1.90463 0.754099250079298
79 0.445775 109.822009337532 1.899378 0.741903302852902
80 0.277617 114.71756849282 2.138913 0.774932816900955
81 0.432844 118.39148428183 1.954104 0.785896411127162
82 0.448404 113.919088675624 1.951469 0.75749788440068
83 0.353458 106.913415901404 2.050957 0.758574531290386
84 0.481436 111.569147251928 1.884088 0.756392049073686
85 0.569909 111.630192476169 1.726803 0.756444546943341
86 0.410179 111.864182152012 1.943735 0.743636772020546
87 0.494387 105.949608933299 1.854094 0.759720376264463
88 0.662765 106.637234196837 1.478416 0.760830759354686
89 0.522041 107.199012582912 1.803495 0.736996484313435
90 0.39708 107.735610648593 2.016592 0.774222708484815
91 0.451884 113.254315521503 1.922929 0.745392023656548
92 0.481991 107.135929015535 1.872795 0.734047987600639
93 0.234884 129.867947068875 2.207904 0.808901808058072
94 0.191545 128.376800929003 2.237541 0.823895133513741
95 0.332595 121.32408419608 2.05525 0.784956473759169
96 0.385802 114.373159654928 2.02938 0.745561606909708
97 0.458815 111.116033405477 1.944967 0.74849224883181
98 0.459114 111.838860399125 1.92844 0.781197994623178
99 0.38129 116.200061752384 2.057799 0.77707395599244
100 0.384937 125.320555756433 2.002791 0.74949659749169
101 0.212846 116.075634927033 2.22974 0.77036647136397
102 0.365299 113.509099686592 2.022172 0.761301303155597
103 0.527488 118.125296101659 1.80996 0.793323103401853
104 0.361637 122.354669276107 2.032925 0.78871202680535
105 0.556487 104.521123166296 1.744891 0.740987966463509
106 0.418948 117.325540952768 1.946728 0.767760374189672
107 0.413334 123.687384146226 1.994649 0.798282881658375
108 0.269429 124.674927573488 2.180427 0.838311727526953
109 0.58745 104.397124676758 1.639075 0.727614686606576
110 0.422089 115.763239395294 1.994668 0.76612175849104
111 0.260462 110.414912939217 2.175562 0.782047830012239
112 0.518923 109.419202572219 1.828766 0.708356791546904
113 0.508005 112.527810469189 1.811957 0.779596568998312
114 0.49089 113.805855510096 1.890846 0.768536845495487
115 0.374123 112.114555929554 2.032835 0.742055841675133
116 0.539419 116.887300158712 1.756212 0.772658992202613
117 0.474489 115.67597246939 1.874956 0.70456620900577
118 0.347029 118.314839254282 2.108229 0.774097290887849
119 0.362824 122.377058897189 2.068216 0.818761622233696
120 0.494809 108.397168080282 1.857562 0.77752397392443
121 0.42074 112.086076663045 1.963756 0.730766631837637
122 0.39742 121.138129550127 2.043449 0.792222363922072
123 0.420971 114.56876097028 1.981845 0.762282597636554
124 0.477089 112.12876298073 1.853737 0.768073729044616
125 0.312279 114.858346398928 2.104103 0.783328316047817
126 0.452489 115.191850405485 1.9252 0.750408058901989
127 0.554368 108.667343823119 1.723341 0.745636200578298
128 0.581086 105.662851286839 1.716133 0.708893914709132
129 0.410134 116.396190119569 1.960169 0.763753413298238
130 0.281108 121.392450592713 2.141804 0.81408605474187
131 0.372851 120.723540344465 2.009069 0.813862643898756
132 0.410262 107.5136583519 1.993051 0.766200174520858
133 0.453716 112.045683614884 1.936883 0.748661541601872
134 0.387048 115.434631750343 2.040619 0.79584987446303
135 0.393095 119.787276134093 1.993999 0.777140743899066
136 0.367321 112.13875183031 2.034214 0.771435808646221
137 0.223369 115.178429438883 2.223421 0.788321360667564
138 0.368478 115.098962208438 2.060309 0.77367912030361
139 0.42007 114.905282512503 1.966842 0.79882726686899
140 0.417408 109.728210910792 2.004565 0.758506079139197
141 0.255175 121.756157463089 2.170068 0.824390815723391
142 0.39833 114.93132829362 1.994075 0.798679709592165
143 0.30856 120.900543306206 2.149933 0.757711355040055
144 0.520322 108.852817621278 1.821455 0.75624137846133
145 0.557656 104.246878457991 1.696447 0.712898015035247
146 0.21936 120.962914905737 2.218853 0.780033500426243
147 0.391699 122.908837467078 2.035363 0.794873468481731
148 0.361773 118.927864737253 2.051856 0.749128145584206
149 0.467592 115.575425703766 1.920297 0.759047188627203
150 0.358212 113.565374888733 2.069595 0.790022376091444
151 0.441032 111.807089279414 1.948908 0.775988650804729
152 0.391674 119.276308787913 2.022302 0.723642241761238
153 0.412838 122.290712961403 2.01652 0.766749319569381
154 0.541794 104.224644810148 1.735278 0.755007885840398
155 0.558906 109.537207160538 1.722848 0.771471069997842
156 0.303086 122.435359569619 2.154191 0.78493682574806
157 0.578637 107.110515335495 1.69305 0.732779539916599
158 0.71899 113.994765876863 1.283995 0.720395437571324
159 0.532434 104.491779470797 1.754747 0.751991968868418
160 0.381228 123.415752300912 2.064609 0.785539015987906
161 0.259072 121.634013674098 2.196857 0.780488025869775
162 0.493109 111.195118133923 1.862097 0.779078177075228
163 0.345438 121.986339786553 2.093568 0.779122332935384
164 0.25381 125.789621102453 2.191926 0.815347725229499
165 0.612742 103.279799959707 1.619995 0.729047730645702
166 0.39979 117.600527866674 1.991519 0.752282216311236
167 0.312665 129.834113345796 2.129153 0.871288176232352
168 0.339165 113.758358195846 2.061675 0.772789244038478
169 0.500645 112.901928118991 1.84675 0.733781668277155
170 0.501636 112.21331012852 1.859232 0.754474151127766
171 0.474362 113.245545155928 1.889488 0.753185192709672
172 0.529439 117.872363230932 1.794157 0.786274764311378
173 0.459428 114.587915147959 1.913193 0.796039473071101
174 0.217092 123.518632251468 2.215304 0.781318638997684
175 0.383887 120.857473159426 2.037089 0.800767488980849
176 0.258412 120.856707960559 2.196938 0.80014796427789
177 0.49906 110.237127454018 1.866871 0.72700629051586
178 0.486918 115.058709768489 1.891007 0.781218099406328
179 0.501493 106.685060308277 1.853954 0.719376650856277
180 0.450794 109.777318509123 1.930108 0.753072678590232
181 0.534333 118.736046222044 1.807347 0.759389510748325
182 0.461591 118.547333338916 1.893548 0.792053166905659
183 0.573324 113.50828629974 1.707795 0.757845212397734
184 0.418396 114.122508897039 1.958295 0.744363180510696
185 0.287721 118.881628984437 2.163675 0.803253391586076
186 0.726662 106.678074303772 1.269213 0.68828958853821
187 0.631325 101.356488755152 1.563291 0.69339423962123
188 0.19437 124.853522352373 2.234394 0.826513729959941
189 0.450494 114.359681997567 1.895053 0.793154966512265
190 0.464842 121.778391011159 1.93127 0.775671320920249
191 0.537421 104.842568004364 1.765169 0.744694784504379
192 0.429582 110.347252912484 1.987131 0.781008059940216
193 0.288354 117.305458265217 2.144888 0.812006466067092
194 0.498915 115.163205320184 1.858976 0.803575754431973
195 0.46978 109.94080274154 1.872549 0.808898775305471
196 0.54777 105.461650187697 1.710808 0.753977279483686
197 0.408208 109.198341917984 2.010724 0.756557033293627
198 0.467706 116.62645336973 1.872706 0.782199727795553
199 0.589781 109.334175522027 1.648729 0.696013049950909
200 0.502725 111.814109943061 1.854925 0.767154938784109
201 0.480412 122.41569545779 1.910687 0.747725593646513
202 0.248617 121.844250487827 2.189217 0.823725104581052
203 0.185697 123.561491123679 2.225987 0.819521452631368
204 0.613864 108.860166497662 1.604211 0.757227047346196
205 0.424856 116.32216994008 1.981417 0.765863972287539
206 0.421045 117.902079589687 1.943304 0.78434512593918
207 0.403149 110.216988686145 1.995541 0.743842391864147
208 0.286773 120.719568700107 2.167471 0.832604044743476
209 0.357846 110.598789852785 2.071038 0.771803289625216
210 0.531838 107.409515922332 1.787115 0.726584378664927
211 0.292089 121.957957627847 2.163761 0.794015270812235
212 0.485172 108.862144506972 1.806164 0.700583182126349
213 0.46321 118.799646202181 1.88481 0.775727870290712
214 0.328585 113.7553047323 2.091526 0.801552758676303
215 0.396213 106.576718992577 1.988415 0.775639726467961
216 0.579566 114.02431852394 1.693934 0.700662391069297
217 0.578072 103.182818842187 1.658376 0.689087732144852
218 0.306863 114.20143123382 2.042227 0.796967378898796
219 0.266085 129.447745068233 2.188956 0.822798383208695
220 0.417754 112.958350865267 1.968182 0.765774129472527
221 0.453028 120.415803841061 1.937301 0.785428298260747
222 0.48059 112.117973452424 1.889455 0.762566276640954
223 0.321794 113.071734941124 2.072618 0.754093226035292
224 0.38797 117.958207979496 2.040183 0.7594486719693
225 0.467163 119.63005412676 1.928546 0.75901264479946
226 0.423127 106.078347478237 1.984837 0.740262584692187
227 0.216492 123.457935419899 2.221961 0.805020760867124
228 0.293596 116.886185505398 2.151612 0.768608535727414
229 0.454685 111.83627923226 1.940121 0.772234963238511
230 0.459674 105.853408094911 1.922107 0.714710794017625
231 0.513155 102.109346425065 1.835262 0.753736332740961
232 0.488505 114.17752565294 1.863834 0.760924729258786
233 0.400822 123.281584203504 2.002567 0.819413123888941
234 0.437525 118.989456886161 1.967605 0.767470994365452
235 0.296382 125.509742942881 2.152404 0.78495864182368
236 0.522264 117.693903150448 1.815973 0.76993655114214
237 0.49893 118.596687963703 1.86829 0.784859016935248
238 0.367714 115.384847075044 2.033236 0.789038516033205
239 0.329176 111.817276316428 2.06914 0.739617021801959
240 0.616401 89.9294633077951 1.60728 0.691719673190415
241 0.435659 113.300947872566 1.966092 0.731451856974356
242 0.248645 120.216116388156 2.201827 0.757185689833347
243 0.361386 115.652241973103 2.07062 0.782628117816472
244 0.486553 116.158158275663 1.896792 0.74211626331138
245 0.402344 116.217888468728 1.971517 0.78724485317508
246 0.558023 109.434596392196 1.707728 0.697201802121848
247 0.345218 123.954865912328 2.064375 0.786486883578189
248 0.320811 118.158640141496 2.109015 0.79475149755685
249 0.458297 109.161316280857 1.92124 0.769699538158149
250 0.336818 122.560865919872 2.107253 0.825149360613331
251 0.304797 128.498610829037 2.145033 0.824934876939504
252 0.732274 99.5696579710298 1.190178 0.692896575895939
253 0.499406 121.681527753406 1.851224 0.669539093116445
254 0.472846 114.15508193774 1.910896 0.796352781751167
255 0.417098 117.527425929432 1.997413 0.803220691783938
256 0.176327 129.694269678632 2.241606 0.82126177045543
257 0.584701 110.049761184335 1.671477 0.723072613116379
258 0.44935 112.333513186059 1.929947 0.784932362777666
259 0.400148 127.932909812398 1.998775 0.811313897316627
260 0.543713 106.672641699616 1.754929 0.746273673260452
261 0.518265 115.091268172445 1.825533 0.78683149267711
262 0.345024 115.826075866557 2.106632 0.7908375978546
263 0.491023 117.125947851766 1.802635 0.799820211097119
264 0.53332 114.038014235693 1.805281 0.779839862596798
265 0.306398 121.560384330704 2.145985 0.788683966361333
266 0.616335 106.112714675288 1.601398 0.727914114741804
267 0.335432 117.423491113704 2.084335 0.79424731433713
268 0.368452 118.364214666032 2.056974 0.79647803923114
269 0.394623 112.121000239497 2.013857 0.755196042319039
270 0.25446 126.482950344674 2.189309 0.792128417793685
271 0.381987 115.522075845859 2.054542 0.783500219347427
272 0.477196 106.802417456025 1.851309 0.679210499492449
273 0.426886 106.111102922372 1.962824 0.76905780414452
274 0.441065 110.133386134809 1.944767 0.76810159011939
275 0.27846 116.3684398819 2.150886 0.806927297537702
276 0.448679 119.346542637213 1.922074 0.798325831393545
277 0.283441 124.953612028425 2.167379 0.802251138531082
278 0.542211 108.84468634794 1.758253 0.705732597626111
279 0.472796 110.271990936415 1.87598 0.746775750045808
280 0.465195 108.212007791727 1.891927 0.756064519327604
281 0.458328 102.987193806004 1.913553 0.748366905306244
282 0.35184 115.662998533753 2.053159 0.769942120198182
283 0.536559 111.899940753188 1.7686 0.768020203196252
284 0.407815 112.549493866766 1.962477 0.758848231864239
285 0.392847 114.628726911293 2.004267 0.778631827653661
286 0.209163 124.525490828629 2.233184 0.82751825237237
287 0.392834 110.238074705411 1.936804 0.76341158696097
288 0.609844 106.174361871508 1.630931 0.70641679379892
289 0.44979 104.164000693277 1.924295 0.749146801361171
290 0.179511 129.926424067322 2.247511 0.851326085419419
291 0.600567 113.925707127748 1.657965 0.780949358306574
292 0.425592 119.542559632432 1.980037 0.765560299172825
293 0.277852 122.984217184119 2.158711 0.832526308926129
294 0.317703 127.052172286391 2.129138 0.784944141119336
295 0.239554 118.265843144215 2.203162 0.809946900029422
296 0.360721 110.618409697747 2.039451 0.766495066151054
297 0.340634 106.917130412956 2.069412 0.761873588206214
298 0.455726 108.661618802944 1.952396 0.788736798321474
299 0.426971 115.016648311071 1.983999 0.771077645875497
300 0.308359 112.613802776268 2.112242 0.766099971561468
301 0.422933 126.488190191406 2.005663 0.829741232044214
302 0.543624 117.273512313802 1.758778 0.744334895537067
303 0.254452 114.511295737061 2.178327 0.774023655516233
304 0.508569 125.033327102512 1.842902 0.789938605798091
305 0.503368 116.355944174352 1.80001 0.735732241356005
306 0.406433 122.923226688659 2.006281 0.757735243627708
307 0.397164 107.859326771562 1.948256 0.714853323442218
308 0.431808 123.945349461177 1.957373 0.790767883068128
309 0.567996 108.464381367975 1.703793 0.746114550704778
310 0.540968 103.902649121001 1.78405 0.736217770084026
311 0.310491 118.867920342271 2.121239 0.805102940033588
312 0.452363 109.927744555442 1.942963 0.681178680519125
313 0.33765 122.641698675753 2.078566 0.801358542823516
314 0.380136 122.541355663409 2.069636 0.834923858983395
315 0.487049 110.214878365898 1.877484 0.780123073576268
316 0.574974 105.849427673246 1.677813 0.750230218038171
317 0.528524 97.2273047852719 1.781 0.736101961170906
318 0.510903 110.855189485514 1.799658 0.755810126040002
319 0.458697 108.149965994154 1.932602 0.750609023074163
320 0.366796 117.330024601593 2.054753 0.767558165532374
321 0.449548 119.555080450551 1.925186 0.790741401094487
322 0.364527 118.667847670107 2.082567 0.761834245150556
323 0.504737 104.664623680025 1.790312 0.761013792499607
324 0.433502 111.842962015415 1.938064 0.759955712140821
325 0.414452 119.957331654181 1.954659 0.773918687594846
326 0.187165 126.67114136194 2.239504 0.802620853983204
327 0.452491 111.440242244699 1.935407 0.783185890761213
328 0.271353 115.828556285362 2.176671 0.80762343732638
329 0.460118 113.872833896217 1.911158 0.775140068832
330 0.42889 116.270294893906 1.92318 0.775287023995877
331 0.520447 104.882552001496 1.730399 0.731694869226086
332 0.547069 112.29880722779 1.770408 0.724981325824376
333 0.503889 108.49485932283 1.826709 0.759635823866914
334 0.275285 114.134126312097 2.165432 0.77587312019027
335 0.613088 105.887425081895 1.616579 0.712722611301648
336 0.540434 107.600934594062 1.790427 0.719319117414226
337 0.121527 126.620500616099 2.277905 0.834398274915183
338 0.338904 127.742927004364 2.115487 0.811125499494566
339 0.403083 105.223663507724 1.988219 0.756310782967911
340 0.424699 114.244201728377 1.989392 0.640175818801623
341 0.468654 115.526441142592 1.909184 0.773881494937342
342 0.43801 120.686765550447 1.949673 0.796874238634017
343 0.46051 105.536490893171 1.87456 0.783647663995164
344 0.447131 129.85870860861 1.964419 0.77960459940171
345 0.495512 111.087170280088 1.820024 0.760266147852318
346 0.338653 127.782943393848 2.114397 0.812409137737359
347 0.3775 120.851730340276 2.029706 0.769431177026887
348 0.381961 113.215260163053 2.01401 0.795795666003769
349 0.412217 117.207469193991 2.012307 0.767662373567855
350 0.513839 118.05007074953 1.829495 0.780273940840399
351 0.648552 113.407092789528 1.515818 0.777485431322915
352 0.427861 113.787151436571 1.91623 0.773681822615715
353 0.482117 124.864913307786 1.882765 0.745481614088944
354 0.399172 121.28141071013 2.004689 0.80183653270899
355 0.583849 126.542207084434 1.702263 0.841029771303293
356 0.490601 109.637378448769 1.824999 0.740558741175219
357 0.357428 108.254477782822 2.074338 0.769830707960042
358 0.256962 125.999389396491 2.189132 0.856317902366218
359 0.436146 115.571055773319 1.927041 0.772974100390755
360 0.224694 133.832067350017 2.223137 0.816052077435649
361 0.262617 119.497325980019 2.193182 0.824736675033183
362 0.338301 111.236625939264 2.105841 0.763757198966534
363 0.53123 118.01631838119 1.796997 0.679404640572206
364 0.404287 103.454378189824 1.974059 0.737774885169188
365 0.40042 121.748725188891 2.02651 0.777427556932021
366 0.433651 111.656183521128 1.959557 0.752746107110158
367 0.367386 113.347364995642 2.040599 0.75790933791512
368 0.568418 101.782062305196 1.680744 0.672044146119039
369 0.535381 108.281683597633 1.701618 0.779598458765367
370 0.324362 116.797436146968 2.116802 0.790954261339045
371 0.29697 132.30456137329 2.150007 0.821865298150499
372 0.391623 121.132843008292 2.025405 0.765191216225485
373 0.681163 102.818322336588 1.416536 0.720972417547673
374 0.586147 102.07691983553 1.636344 0.716555039973128
375 0.437209 115.990011983096 1.911996 0.789299013633805
376 0.571415 108.161117122928 1.688409 0.681039738187599
377 0.451074 105.560444546827 1.926699 0.729480365306683
378 0.537193 115.153643344073 1.776264 0.767975187686104
379 0.416651 117.479874990924 1.960508 0.772516114453435
380 0.384073 123.846731677589 2.050197 0.783380784835657
381 0.362648 125.509288332459 2.089114 0.802831892349255
382 0.238855 131.024546746567 2.213244 0.789594675370219
383 0.235194 129.580045258343 2.207694 0.77236810028041
384 0.733492 109.38246345046 1.229539 0.671452964576783
385 0.312416 126.63791227386 2.14199 0.825934658932083
386 0.254026 124.394470846992 2.195848 0.80124746656013
387 0.353126 122.113118784558 2.092287 0.770980030934711
388 0.522588 102.500597361832 1.803645 0.71580027892847
389 0.526697 112.633813427303 1.819271 0.744199968640678
390 0.373713 118.991688974362 1.991045 0.773637279304371
391 0.438686 121.614129486237 1.964003 0.76775810790286
392 0.311409 123.751577976991 2.134672 0.805244851281706
393 0.644023 100.902765905073 1.527569 0.669050438664247
394 0.550874 119.631940968774 1.727655 0.758752716493417
395 0.242982 126.386467498202 2.202436 0.815387003010192
396 0.366236 110.372246833176 2.036002 0.787809204798351
397 0.313392 111.986496361931 2.100557 0.795705115348761
398 0.539746 107.392580302928 1.762868 0.708734132587226
399 0.51658 106.501390922347 1.797108 0.771068610994684
400 0.301665 126.843383090969 2.15834 0.838652978745167
401 0.321759 112.388056385558 2.117478 0.783985748530622
402 0.303679 129.286977083342 2.152891 0.807056625402499
403 0.312813 119.032723490984 2.101131 0.768197060796266
404 0.376395 120.423772271821 2.035156 0.785374656018795
405 0.545553 110.785196474589 1.793982 0.798816212036186
406 0.327484 111.974379243207 2.099943 0.815556482579287
407 0.45726 110.439773425436 1.935348 0.751843025527468
408 0.404376 115.335789772345 1.97918 0.787035916869796
409 0.385769 105.110744365154 2.02855 0.782145257139347
410 0.627864 117.089096234827 1.551811 0.722963813775826
411 0.675101 100.20335298594 1.440094 0.66517924864373
412 0.504345 116.188103778464 1.84232 0.757130752775438
413 0.355513 118.236872786955 2.064245 0.785624006361904
414 0.592449 107.45774456245 1.615113 0.712017114800007
415 0.413405 117.645597247312 1.986865 0.799397189775896
416 0.478446 111.639690471679 1.895703 0.777046586505037
417 0.488896 111.004526137041 1.829087 0.772770513464547
418 0.139525 128.975017267179 2.263319 0.819040937586878
419 0.314376 119.176589833908 2.117174 0.804170759335552
420 0.341369 121.686978041927 2.087639 0.774339635288882
421 0.28762 113.416197882316 2.135812 0.792935933672451
422 0.433201 111.282584816598 1.947458 0.766153840522866
423 0.421161 118.233291755871 1.97521 0.738851216651778
424 0.273218 131.934672383148 2.180657 0.825435090495088
425 0.293649 119.571985276459 2.142295 0.807676782192325
426 0.229297 117.406512537768 2.171693 0.791927975098655
427 0.307893 119.575806652885 2.101359 0.794648614152857
428 0.382027 106.94908874924 2.043324 0.76162068945125
429 0.425079 119.205716900602 1.956108 0.754282067751338
430 0.380489 116.593834186686 2.059906 0.770656300065614
431 0.51119 110.363357212165 1.826636 0.752918844736099
432 0.310471 111.633692656943 2.1137 0.781737810980903
433 0.437158 113.168237085049 1.962593 0.796801150680154
434 0.431333 124.607153257922 1.896763 0.792309550725688
435 0.263805 127.561798736427 2.183397 0.83097161401385
436 0.350677 121.597571933587 2.095621 0.776234463984543
437 0.575762 104.267141571346 1.72831 0.746996788790085
438 0.47264 112.563994245656 1.882194 0.780192972429736
439 0.405707 117.692019530711 2.013466 0.770469784551387
440 0.361351 117.538744316446 2.070195 0.798587449822102
441 0.411876 114.144258700481 1.955387 0.729935258491112
442 0.293167 117.572144935538 2.105629 0.782907216093824
443 0.318108 118.277911552315 2.128269 0.799960893330946
444 0.464541 123.153860528967 1.882854 0.804230276271015
445 0.493148 106.174904096788 1.797504 0.721251430650488
446 0.366198 117.54840497807 2.072235 0.795501377332615
447 0.473082 109.291068385408 1.849837 0.771860418229332
448 0.279263 132.278554104881 2.173602 0.807774189572779
449 0.463173 114.904087453808 1.936363 0.773718229793988
450 0.433573 104.880215812526 1.957954 0.746558314987827
451 0.441537 112.567084518008 1.954076 0.747835223218204
452 0.40057 108.61750598244 2.038609 0.769223628789921
453 0.513058 101.538057622759 1.825558 0.730107228519586
454 0.574043 102.225708441867 1.676256 0.731655144061231
455 0.444542 111.517037076903 1.921318 0.732057295642235
456 0.392095 118.824198632705 2.016254 0.782688232626439
457 0.578946 104.24615982466 1.665659 0.732726681410612
458 0.388763 115.923122061486 2.026056 0.783760896267916
459 0.386162 117.814276872393 1.991407 0.795208508828759
460 0.311595 126.200602281222 2.145871 0.793581869693268
461 0.448138 120.515220462909 1.931763 0.749640983294606
462 0.314101 127.810838647207 2.099494 0.796729240635625
463 0.425167 110.79734404194 1.950366 0.719949244073745
464 0.366707 113.125562598374 2.043693 0.777199424730641
465 0.528545 120.590915177693 1.779023 0.791230745261097
466 0.423998 107.728257194489 1.946892 0.788462214492518
467 0.531134 120.087260517431 1.814624 0.757684247686566
468 0.421046 121.139770096838 2.001098 0.793314801004687
469 0.500798 112.76761884678 1.847611 0.689632999505451
470 0.2154 126.163394112826 2.192073 0.834677336113139
471 0.501453 112.632392114648 1.836488 0.794131180439773
472 0.626959 109.957765792327 1.543054 0.722759967347219
473 0.310127 118.384749144221 2.137313 0.791353672988513
474 0.353152 118.668101384678 2.073267 0.762483882072911
475 0.525439 116.991016467241 1.815638 0.789754383919701
476 0.357392 122.87046754953 2.064166 0.79433814664861
477 0.299699 124.900613661168 2.156767 0.810049969163729
478 0.431747 113.697208869575 1.968751 0.779232282489023
479 0.270719 128.153401452617 2.181316 0.828906157708113
480 0.365035 125.001792609627 2.073952 0.80146083650321
481 0.521287 100.148880692686 1.799922 0.745802011155132
482 0.331581 113.430364453445 2.06958 0.791948580387726
483 0.375757 121.248599745594 2.041284 0.692209769432453
484 0.498622 112.932250470361 1.857459 0.777410497391143
485 0.457476 111.53602210384 1.937125 0.767382040673939
486 0.422653 113.13721229512 1.982877 0.734756068517187
487 0.681871 101.113523775904 1.408855 0.731152422968425
488 0.404341 117.233277310143 1.983597 0.738528958026106
489 0.366889 119.529433485466 2.038294 0.823678364394703
490 0.501501 95.0868397419502 1.831965 0.693566568985444
491 0.448831 111.891894189226 1.935295 0.766033706794751
492 0.294366 115.986651423847 2.126771 0.754154087815925
493 0.350034 114.028108877479 2.061366 0.777327173264772
494 0.503622 108.960978743588 1.872846 0.695760077151304
495 0.378622 119.076459904264 2.059972 0.792105101620094
496 0.37934 122.286730494233 2.015752 0.796464384694162
497 0.517503 108.288290461789 1.843008 0.743461135555452
498 0.539596 110.596528041254 1.799204 0.711173650407946
499 0.383209 122.411874179473 2.034243 0.798628917967417
500 0.351712 120.900420338611 2.09584 0.794986138253715
501 0.617799 108.154352746832 1.619415 0.750493735530301
502 0.502796 112.519135542187 1.809918 0.726971896232115
503 0.444018 113.338031740599 1.925435 0.763516989400445
504 0.540899 107.216914468662 1.786015 0.718021178348463
505 0.287608 124.160596709149 2.155371 0.822184806759466
506 0.542572 110.120199073647 1.735921 0.732497929871253
507 0.432019 106.902478813043 1.956598 0.738859770608727
508 0.262736 119.456304008541 2.149164 0.812841161756774
509 0.347412 114.477538662942 2.086167 0.772594295316279
510 0.330041 114.939834162553 2.081169 0.779917447480513
511 0.524702 114.789395904985 1.810869 0.75161646221841
512 0.673773 113.19889743548 1.443897 0.718944583804866
513 0.445657 104.23697476552 1.922446 0.738326938020668
514 0.46612 116.021157976686 1.872563 0.750329959087572
515 0.479082 108.522608920194 1.844256 0.755630257679882
516 0.433922 120.220283896417 1.980066 0.781242074622339
517 0.371827 118.638963331132 2.031994 0.802116742273828
518 0.503017 116.189702444782 1.855815 0.709278978717992
519 0.333065 112.814100759789 2.068157 0.783123218721864
520 0.418409 106.339098404254 1.949568 0.747033920014918
521 0.392898 120.020527293688 2.026617 0.795746496738816
522 0.192014 119.482502386252 2.220721 0.799139292252145
523 0.349105 120.598782115814 2.080087 0.79361325811718
524 0.462532 110.117158371302 1.942824 0.739809009112886
525 0.390817 108.585279349571 2.008108 0.766440065424889
526 0.414854 115.75532853543 2.000346 0.784141510141997
527 0.800997 94.0052166298246 0.946349 0.585470336191789
528 0.381926 120.493004354551 2.055013 0.795685622726738
529 0.228185 118.20233525802 2.206705 0.788053175678107
530 0.346161 112.854632210581 2.066808 0.772931302261688
531 0.417735 117.417332926821 1.949909 0.80144993039665
532 0.362481 117.333810794579 2.004571 0.783902338632032
533 0.477913 106.663017206056 1.901199 0.757768658129274
534 0.175705 126.567111249832 2.251308 0.797992773913119
535 0.421369 115.300324435853 1.919386 0.772834067214909
536 0.238014 121.553857459292 2.206847 0.818392565518317
537 0.367737 125.468654301603 2.040659 0.798707051240951
538 0.386995 111.15736570251 1.969412 0.757269306306467
539 0.491388 117.234380562653 1.853412 0.77115526797788
540 0.442594 123.782217505334 1.976174 0.747744210645422
541 0.432525 115.549848723443 1.940991 0.808718840537083
542 0.411165 112.460938840807 2.009127 0.739745004504407
543 0.490922 104.675443733364 1.864213 0.749622856460726
544 0.340328 127.017853417866 2.084983 0.798249751092612
545 0.179794 123.349963461522 2.247722 0.817242628304685
546 0.422898 115.210249897165 1.947769 0.785479296866254
547 0.461909 108.143966730738 1.92054 0.745123373802717
548 0.280726 126.20338771577 2.146877 0.81918961939841
549 0.30143 123.874736509568 2.149265 0.786318959127231
550 0.348594 121.608423703792 2.104957 0.79460460430969
551 0.438073 117.894319208075 1.991126 0.765858792597434
552 0.378002 119.431071838977 2.045317 0.782484618407839
553 0.270382 120.809384942669 2.1478 0.804888544385018
554 0.452309 107.435780580439 1.910819 0.777373636619386
555 0.218994 123.329828415103 2.20314 0.803758731068201
556 0.535327 106.659483325162 1.78664 0.742537659709329
557 0.471718 111.839406525837 1.867925 0.781432486087773
558 0.449057 120.333102013809 1.965048 0.761927690215144
559 0.412641 122.346620730358 2.016186 0.807529831990122
560 0.376866 121.132178251822 2.026002 0.79702634781294
561 0.519663 107.546326802427 1.817566 0.751442207224335
562 0.479706 110.109853827128 1.830611 0.756924527540172
563 0.503103 119.619610718281 1.842496 0.751903198428309
564 0.389987 118.790763257142 2.021051 0.821456470360746
565 0.257502 124.044231375985 2.186527 0.826437806752129
566 0.33932 120.896129119771 2.068423 0.786797416128417
567 0.438155 118.826210208542 1.924618 0.804608506378377
568 0.599018 107.239445330453 1.666042 0.764330379531643
569 0.513425 119.326836913609 1.811082 0.762972351507152
570 0.292559 121.585649128564 2.132503 0.806968558443451
571 0.475014 113.312749089758 1.896448 0.756570743241267
572 0.41959 108.896590832261 1.955431 0.775201570797383
573 0.394902 115.622982416168 2.009307 0.787688574449528
574 0.665598 101.387865997688 1.472714 0.666094361555816
575 0.561091 118.40273634529 1.733888 0.737705778464732
576 0.424434 114.426531463182 1.967232 0.768917212801269
577 0.289053 118.770436653876 2.147784 0.813589466788935
578 0.739777 111.395078742921 1.208489 0.72394120108422
579 0.466018 108.140416911108 1.856527 0.705638044623056
580 0.414031 120.380516763567 1.997252 0.744769234636532
581 0.429735 120.25368066925 1.979784 0.778239107085222
582 0.440789 112.3250558098 1.926604 0.765515824983577
583 0.313652 126.547356682238 2.132063 0.810548114939094
584 0.588036 109.111158462427 1.672183 0.714937524140738
585 0.628468 105.752389567405 1.56241 0.735279235311076
586 0.457137 101.283939391503 1.899545 0.751783345706787
587 0.507706 112.301653151809 1.839734 0.760917373103433
588 0.553254 114.242854902282 1.772377 0.774320460069804
589 0.391551 112.46816499633 2.002984 0.768177862090875
590 0.217551 127.683101192874 2.226392 0.799567820715989
591 0.6434 107.753314747268 1.512112 0.707590475658552
592 0.458468 114.562233491002 1.922904 0.763093794829154
593 0.473474 105.464713604519 1.918372 0.768057614818267
594 0.559877 104.672430543728 1.756725 0.746918379777306
595 0.424755 106.347151982729 1.965346 0.733269862039539
596 0.310997 113.042847564295 2.129065 0.788444465122772
597 0.226862 123.78324999695 2.212442 0.832023638466639
598 0.37763 113.822340517769 2.025071 0.790812488946551
599 0.509563 106.614012042833 1.810145 0.743223750204774
600 0.365433 118.357171469535 2.030372 0.778814499966193
601 0.488008 110.159391445361 1.889008 0.715632677345032
602 0.610629 107.501059677636 1.603907 0.745125610116939
603 0.481883 106.715533587369 1.886781 0.767557882942157
604 0.49194 121.64343471948 1.874957 0.791618122716163
605 0.394856 118.142155561859 2.04755 0.764697886337367
606 0.37447 122.564921575856 2.051527 0.786317022057682
607 0.361667 111.975716074832 2.041649 0.749719024541791
608 0.591844 104.511304795346 1.673144 0.726720498172299
609 0.609695 110.132841127639 1.606767 0.678480534880164
610 0.579083 97.2839288623135 1.707203 0.692935099017216
611 0.355217 108.440767317098 2.067888 0.754837133865041
612 0.410652 113.659045347713 1.988419 0.756068184942959
613 0.349037 113.267639037819 2.081158 0.783413579718613
614 0.399381 109.60796842233 1.992004 0.719758236366681
615 0.279082 125.327490091976 2.178741 0.795390094081392
616 0.250131 125.314419962774 2.20139 0.816093311794048
617 0.460356 116.748165121203 1.877569 0.788759682826622
618 0.290574 119.467375656216 2.159263 0.802442510280081
619 0.273442 119.813948944706 2.179946 0.788616320085978
620 0.383196 115.683043998496 2.018314 0.790164815342773
621 0.517808 114.825810352831 1.780624 0.753690153956311
622 0.33606 116.78586978403 2.10869 0.753601313670231
623 0.3931 112.983403341538 2.005361 0.737740171891968
624 0.179207 134.166127151833 2.234168 0.838348932725005
625 0.392892 119.783079937243 2.027954 0.813639171694343
626 0.349642 122.247113593936 2.089416 0.792840134371275
627 0.235365 120.068505150196 2.200517 0.804777406183022
628 0.4623 117.396572046247 1.937235 0.763298427692486
629 0.421408 109.744609811239 2.00198 0.749879401049623
630 0.60333 107.173387340228 1.655175 0.710525099647307
631 0.532907 107.509256350408 1.783571 0.737033367975744
632 0.508044 112.738150217728 1.855505 0.768042715333377
633 0.526512 107.045087871806 1.814037 0.749246533802023
634 0.521727 115.535173223678 1.797526 0.767122364697302
635 0.380144 119.329746503717 2.037931 0.781539298358777
636 0.385029 116.932401764013 2.034741 0.769177027055964
637 0.435951 117.897617049973 1.943519 0.72017241301812
638 0.348934 123.097054506188 2.108022 0.775780248231747
639 0.440833 121.088540341125 1.929308 0.794298775906053
640 0.436926 113.732309360239 1.94392 0.713352107672666
641 0.293422 119.927728877437 2.140685 0.758398794794197
642 0.563759 105.442037126985 1.737975 0.737198727498414
643 0.55256 106.694590611142 1.724169 0.759167704642647
644 0.44318 101.088301438732 1.875941 0.739403668722149
645 0.441331 106.775286525083 1.931269 0.777514989128296
646 0.395769 115.444630574931 1.988787 0.739830619149409
647 0.243369 130.516345482978 2.209202 0.815706678651249
648 0.417018 114.614264815091 1.963697 0.778122356795113
649 0.370834 120.267323762212 2.045708 0.779116375077883
650 0.536589 107.093971296675 1.707253 0.768567360009865
651 0.409632 102.130207356307 1.94835 0.738238364884268
652 0.430112 116.96504168561 1.933921 0.759453710256476
653 0.519293 103.63631974729 1.769303 0.728679754616369
654 0.381428 119.095141628687 1.984706 0.779659785827104
655 0.34171 115.951955526759 2.047017 0.781678536776376
656 0.266211 128.034847685946 2.175889 0.852068710839856
657 0.455649 117.651650929669 1.908999 0.771780739413168
658 0.490612 117.121665569697 1.885118 0.771367232117971
659 0.303646 128.684306754216 2.155115 0.783883105996595
660 0.385065 110.720576555256 2.060429 0.768186643929939
661 0.384097 114.692363129755 2.021169 0.765590384819443
662 0.342988 117.16564884765 2.0794 0.801896638785081
663 0.341594 119.811086661354 2.077219 0.790690850836594
664 0.511632 111.78907690536 1.864177 0.770057280056935
665 0.696661 111.980677006547 1.381655 0.729666816221007
666 0.284289 123.057698506394 2.173428 0.809557324309658
667 0.451233 103.457266046444 1.907669 0.721199244353432
668 0.514312 109.334624771093 1.819723 0.724780772371566
669 0.262777 117.864828916881 2.174163 0.814799406987307
670 0.352166 116.977641889292 2.097581 0.795070106935289
671 0.361813 125.935015347629 2.076458 0.794747647920017
672 0.473241 119.895460166343 1.911957 0.805402987813783
673 0.56588 119.410745856064 1.661799 0.767754368931158
674 0.434904 116.875384058872 1.962822 0.776188648483863
675 0.377859 114.092152705816 2.041631 0.7839060931175
676 0.441955 115.752025165708 1.946178 0.758710827196005
677 0.434666 113.627904929496 1.923308 0.759051001903753
678 0.595905 111.317511957597 1.637486 0.765109977768561
679 0.435596 103.09476584466 1.910541 0.755707431737653
680 0.349137 110.242222885934 2.097919 0.765167834096345
681 0.555935 114.911195481583 1.712639 0.735710480406583
682 0.548366 104.216323978136 1.768969 0.713975290852513
683 0.587645 119.687021374139 1.671722 0.798208714881151
684 0.457711 120.171696686165 1.903143 0.741740437179436
685 0.301575 123.53810334577 2.145703 0.809727497142227
686 0.27453 128.31591002041 2.164895 0.826416179553361
687 0.345817 118.551373239306 2.099724 0.801658784398753
688 0.41997 112.463840004541 1.95716 0.773230604851289
689 0.26347 127.39743746725 2.173208 0.795136367415251
690 0.366897 112.21763978788 2.064917 0.794420355001445
691 0.47737 107.992845305048 1.847292 0.778565167687558
692 0.427921 119.34904564736 1.948333 0.797096031705943
693 0.427903 128.424876885718 1.998915 0.789729467561094
694 0.298913 119.562872755037 2.118657 0.798051493868178
695 0.279703 109.434076705634 2.16164 0.775947183389718
696 0.27897 117.910059583711 2.178256 0.777058128121625
697 0.37531 114.249636063273 2.022372 0.780683844180414
698 0.330866 109.741269518146 2.092695 0.797438360332573
699 0.408292 116.371909656789 2.025835 0.758706035710751
700 0.398897 119.438975466274 1.997192 0.778060619787289
701 0.342047 115.597292434251 2.0657 0.793744122566476
702 0.373789 116.16905942641 2.056002 0.782854420361296
703 0.303936 121.244014862577 2.147254 0.808519754857699
704 0.340067 115.464785270657 2.091196 0.771668107043671
705 0.460211 116.766146065766 1.931342 0.77780764351956
706 0.469852 106.807591887203 1.913273 0.78766048122817
707 0.405111 108.974715467091 2.019611 0.777017933267925
708 0.411035 109.193257121984 1.964719 0.756150405677059
709 0.362971 115.429890101401 2.064306 0.781956151633841
710 0.290799 115.397585144521 2.13954 0.782123787424164
711 0.354484 124.466137021108 2.057823 0.758200094998585
712 0.308905 113.836967380671 2.102943 0.776940361144021
713 0.587555 109.032953820003 1.64555 0.673430960604814
714 0.49223 108.276911073739 1.857736 0.72260173441959
715 0.448307 109.244646944428 1.920896 0.713161283340272
716 0.15558 134.373241988503 2.256553 0.86409367667844
717 0.333166 116.739651740101 2.10172 0.810216364365561
718 0.370097 113.435104306258 1.986987 0.786417012223283
719 0.454172 115.745368225365 1.930865 0.781837868825176
720 0.453938 119.288223879934 1.950749 0.76798460849307
721 0.323032 116.606776816205 2.04943 0.791857524598721
722 0.350564 117.208360453031 2.093485 0.798489764669564
723 0.490365 116.72478375718 1.868905 0.746200383411121
724 0.458431 112.111024319012 1.911071 0.740853129714518
725 0.362003 114.12674103369 2.028963 0.786227354929117
726 0.557207 107.109612443111 1.75018 0.712288777035507
727 0.344921 117.758584911317 2.110852 0.801146805034979
728 0.599727 109.567478180678 1.638404 0.753100960684237
729 0.439504 106.492278603153 1.959645 0.745521499800244
730 0.463749 111.988099728318 1.895255 0.738529659666618
731 0.3393 117.808955917594 2.099722 0.772346892364498
732 0.368766 103.822093202038 2.020233 0.761342351022774
733 0.373288 107.971674964994 2.022164 0.762579709441504
734 0.445567 114.903524805122 1.920186 0.796891435804305
735 0.583759 111.603536131749 1.668308 0.73219448134585
736 0.41048 107.447842326052 1.961944 0.790515248639473
737 0.421824 116.943292112512 1.981043 0.772435333747792
738 0.542119 112.333564737372 1.789598 0.711240367642807
739 0.392233 113.167478734552 2.00429 0.787583636756809
740 0.437341 110.315080452633 1.918448 0.774812031009459
741 0.507802 110.592588635302 1.785796 0.755844542225982
742 0.455862 108.70985255521 1.905965 0.785127732237602
743 0.341735 119.035646860358 2.07629 0.760682113447695
744 0.430303 112.919948144861 1.965327 0.78726008306016
745 0.478306 117.530130505826 1.915231 0.778357421674928
746 0.34499 119.884385944087 2.093006 0.79789766101917
747 0.492723 108.678655186453 1.874428 0.692552235238426
748 0.40486 121.541260093961 2.015888 0.746097002424493
749 0.247227 117.932194670035 2.166618 0.791662893368767
750 0.437746 112.01442102199 1.961143 0.760202255843275
751 0.384882 105.263397312162 1.987123 0.753323521954205
752 0.172574 125.385709753827 2.236629 0.812568729611981
753 0.648132 98.464129926464 1.506411 0.708861330269749
754 0.617471 105.721595399912 1.621971 0.719969479044347
755 0.501366 100.162428887098 1.82768 0.715041146809108
756 0.421559 114.117911722836 1.927011 0.783904483313302
757 0.504924 112.533814187155 1.814976 0.715465525543829
758 0.4109 114.483861648404 2.01391 0.773024070720866
759 0.472752 111.575879976198 1.882604 0.727057700879056
760 0.404089 111.770371119588 1.979991 0.783503582358898
761 0.37062 115.606711079039 2.02686 0.79895184132261
762 0.428017 119.875889467138 1.988927 0.788329790988322
763 0.286806 123.167143934286 2.118256 0.794429375577558
764 0.470786 111.038879609053 1.912696 0.778012474697547
765 0.405812 124.442503200595 2.034446 0.777344181149105
766 0.583132 109.729310450656 1.686293 0.72736098178503
767 0.468409 116.671620421393 1.912585 0.781435069689788
768 0.525506 106.64867907618 1.800445 0.759235910376566
769 0.311396 117.266950448525 2.138945 0.780091428909504
770 0.338809 111.680748032343 2.070051 0.766253875544792
771 0.265487 123.142484446124 2.169341 0.798610129512929
772 0.353734 116.272866581312 2.029601 0.797628649327443
773 0.196821 127.225869142042 2.240359 0.823332958518683
774 0.437859 102.777771404192 1.879069 0.756617883226771
775 0.564992 107.702733901215 1.707707 0.762711658918062
776 0.564539 115.045081439749 1.732598 0.760999354305831
777 0.464835 103.908291041386 1.8907 0.749139175616866
778 0.372891 109.833501152685 2.022378 0.769377778305662
779 0.325422 126.837385546365 2.127491 0.818703174608388
780 0.51815 117.741540040156 1.803319 0.715430658425107
781 0.265177 123.723509305953 2.191815 0.807818266838411
782 0.447374 117.459076650517 1.965946 0.816804203220862
783 0.698808 105.659768395051 1.230173 0.699949142654534
784 0.624245 109.426487654287 1.59617 0.697926013812844
785 0.555011 117.595381280386 1.745234 0.738671959112666
786 0.510188 99.7059744026928 1.816832 0.719408226587578
787 0.367799 115.572863370296 2.056321 0.811029021815238
788 0.336328 119.468679074377 2.082705 0.768634846103932
789 0.462792 121.767005844555 1.925996 0.775020869779038
790 0.581965 106.000099898579 1.645532 0.74555351160113
791 0.592372 114.074342699637 1.680259 0.730235466516933
792 0.533576 111.15792415581 1.806707 0.742463941471735
793 0.309533 117.864790383777 2.147327 0.798756765270777
794 0.443368 103.058061664957 1.922728 0.743875354028602
795 0.468715 110.77863126566 1.895821 0.763022652985242
796 0.430784 110.841160932788 1.980964 0.782089717024388
797 0.455087 112.578796890309 1.94817 0.772343253982064
798 0.326403 118.609373276582 2.10867 0.811748935773577
799 0.49297 106.032563570548 1.864427 0.767072366669026
800 0.40856 116.123874588539 1.961713 0.799853541134964
801 0.405082 117.248698870084 1.983808 0.800320054149762
802 0.353867 116.733380306479 2.074708 0.771288652838523
803 0.490783 123.225550715551 1.870254 0.778703955151931
804 0.422697 104.925527238568 1.993245 0.714704879300178
805 0.440461 110.921627980711 1.936292 0.757425815158885
806 0.410705 113.394830634637 1.935874 0.773868096733604
807 0.578025 109.559182293033 1.687302 0.735180218330963
808 0.77283 99.144531744277 1.038124 0.646575797594315
809 0.667314 111.153263106556 1.468287 0.721974346075026
810 0.612485 101.340765774926 1.593692 0.712834984652467
811 0.207567 125.973055766324 2.226769 0.822067931501038
812 0.398819 118.843822215905 1.971176 0.806736220010914
813 0.532556 109.772140092879 1.806487 0.739122147384693
814 0.485551 110.994938082117 1.85774 0.734432396375902
815 0.374241 119.604006707076 2.002108 0.789257642520013
816 0.448171 110.153121822622 1.960182 0.762907904031837
817 0.363651 116.296391109581 2.053395 0.781856996654283
818 0.45878 119.850760542882 1.925118 0.718790321049797
819 0.543137 99.7303737047515 1.735276 0.699281683067703
820 0.445664 115.007232933849 1.956827 0.797696843209211
821 0.578386 110.086969476464 1.661946 0.728056542777998
822 0.299271 124.908363091335 2.152579 0.798186273444319
823 0.575221 101.583254362276 1.671125 0.748823485767251
824 0.384682 117.127970308954 2.027713 0.779655595111757
825 0.496032 116.365243223739 1.81207 0.720940161632867
826 0.418033 117.792150736564 1.990844 0.8289800778907
827 0.405194 109.449121861897 2.025571 0.787185749836076
828 0.398112 110.614578267603 2.021828 0.776162164905596
829 0.286188 122.480203733736 2.157792 0.787622077562079
830 0.375392 123.641641957221 2.046665 0.819236666203044
831 0.568428 118.391956930535 1.698377 0.734698091972462
832 0.390708 119.50890523223 1.997211 0.785258372187913
833 0.556304 105.067212407108 1.75196 0.698751222270124
834 0.369709 121.422679065648 2.068363 0.833003051589479
835 0.339695 112.644304099085 2.083385 0.768138674952036
836 0.473746 111.767343399406 1.876063 0.736967885471644
837 0.46156 116.606372221485 1.9072 0.796284950665757
838 0.400516 117.529467014128 1.98279 0.775952722669076
839 0.523845 108.757409608201 1.806604 0.742506882000723
840 0.297007 114.645340281328 2.127785 0.807740336314473
841 0.455286 112.518719117578 1.950083 0.773408615315355
842 0.465748 113.360801807259 1.922739 0.764318169934864
843 0.207861 121.581998335378 2.204473 0.785770540255964
844 0.445972 109.794037904086 1.941576 0.759027256960087
845 0.447071 113.15011659195 1.912953 0.795536841207426
846 0.475399 123.049651871042 1.890561 0.80643123912915
847 0.648491 102.719499692426 1.51062 0.708702552827778
848 0.379271 115.051475091515 2.000972 0.76910958891234
849 0.592692 116.563390072037 1.640094 0.778597850201534
850 0.508899 123.715804829151 1.846548 0.754678990677322
851 0.389074 109.230941372347 1.980752 0.749194381867097
852 0.521838 109.164117953293 1.774801 0.71696335217005
853 0.485074 115.074794993031 1.873636 0.78134448214028
854 0.30569 118.298927251016 2.146582 0.807568418780054
855 0.522567 109.096982682266 1.790441 0.764122668944718
856 0.472734 119.190753715919 1.895855 0.774299457173839
857 0.601933 109.607270188065 1.631369 0.712083598258947
858 0.456754 106.119351513662 1.915611 0.730887642301157
859 0.451442 119.605975420058 1.926134 0.80844509734777
860 0.36101 123.938164872702 2.085959 0.760915029379216
861 0.624106 103.655314165634 1.572432 0.737319559644884
862 0.444766 119.919087902305 1.934774 0.760152633306379
863 0.425904 114.864338092589 1.951941 0.749967209570118
864 0.552414 107.097673843541 1.669383 0.738517294978961
865 0.548424 98.6165261792663 1.736217 0.731905216561313
866 0.297618 113.792921366447 2.10472 0.740251250662873
867 0.343053 121.583366198131 2.053847 0.804572463473683
868 0.398403 113.554331568624 1.997147 0.771230294458091
869 0.504929 115.150265404622 1.791805 0.783096730077577
870 0.531823 106.416724204289 1.748852 0.669734305437198
871 0.405381 106.170668131704 1.969041 0.723920568982458
872 0.367616 109.894358618049 2.0211 0.771381620568277
873 0.518586 105.501391578727 1.820117 0.733509922391492
874 0.327475 116.297603642339 2.120089 0.799375377894674
875 0.591518 113.1858013908 1.684237 0.757802561789225
876 0.380136 118.491382215616 2.02845 0.799301314266901
877 0.456867 118.077764483603 1.920599 0.755271823793757
878 0.403793 122.572706801112 1.998482 0.775926109687124
879 0.36608 111.03078119478 2.040152 0.765848500994502
880 0.445405 108.993700742838 1.939508 0.778355371690128
881 0.552844 104.446009502567 1.736633 0.725864248487871
882 0.435897 121.22543136271 1.948677 0.75120359053579
883 0.504225 109.511294717979 1.855074 0.73505105473934
884 0.422918 120.887818861625 1.988026 0.768635491295962
885 0.246698 122.945366463563 2.187815 0.838564426260077
886 0.423556 114.477757945238 1.945446 0.73313981841884
887 0.336963 119.335657987813 2.092474 0.80860544772683
888 0.492401 118.648394573571 1.883752 0.767939980170833
889 0.389122 123.954329015908 2.058393 0.792434037106852
890 0.371648 122.954557298298 2.021406 0.783831611438109
891 0.435296 118.59593182866 1.929 0.80134112518525
892 0.393395 112.374795131572 1.987393 0.778858139166614
893 0.487524 105.827825635823 1.876792 0.729815908627181
894 0.347277 121.55081140587 2.064734 0.821832962054456
895 0.252713 120.25291708716 2.179333 0.814405568914676
896 0.535382 111.821843500626 1.797478 0.699810273077506
897 0.339499 121.240814051677 2.109678 0.800026935067553
898 0.174244 127.13206743051 2.251972 0.84745983121496
899 0.542705 103.521851734391 1.735575 0.719301356658043
900 0.467925 113.666343499965 1.854861 0.756199929546251
901 0.240908 114.644780876764 2.201894 0.793282238487962
902 0.384538 122.5041685399 2.058538 0.834659839197812
903 0.481494 114.242904041494 1.900044 0.778181419768918
904 0.155498 124.94114937919 2.260182 0.83742235997682
905 0.616579 97.9774025218287 1.588964 0.687932831857427
906 0.441593 110.383383865516 1.955983 0.770817673011841
907 0.54439 108.638191604328 1.779853 0.761611271769307
908 0.394328 105.749844196287 1.96416 0.711665598742432
909 0.377901 111.386252495148 2.035414 0.77021428560585
910 0.331308 115.35998476514 2.08891 0.795878014381086
911 0.470773 110.006833375434 1.898098 0.79015424330454
912 0.343673 119.298124151023 2.093204 0.774485902515586
913 0.453575 119.120428377868 1.939477 0.793740465827301
914 0.500563 100.754790944459 1.843041 0.715666013185495
915 0.476964 108.801376280462 1.885577 0.775266767411171
916 0.52683 103.088120881459 1.805141 0.724791136537718
917 0.480095 105.906865751107 1.866949 0.72472615511601
918 0.437278 109.793865028459 1.957821 0.764311668243035
919 0.623827 110.355517576119 1.587499 0.751010147431003
920 0.524871 108.722335118851 1.791749 0.722257563424503
921 0.365616 116.494409208624 2.080278 0.764838354167205
922 0.478179 105.117071480408 1.866589 0.760661956641261
923 0.382557 111.427326382241 2.010764 0.769712243274379
924 0.351617 122.924075911411 2.065558 0.775967259235751
925 0.284395 124.89973906804 2.152199 0.791696899088927
926 0.612708 98.4906869751911 1.615558 0.688172854858163
927 0.345581 120.42370401103 2.039061 0.77712614280592
928 0.256395 121.253056825298 2.18709 0.818268550689376
929 0.395901 112.319816387589 2.048441 0.74017351357231
930 0.36421 121.191566465074 2.049948 0.778813159410425
931 0.495584 114.294772360862 1.878193 0.770090381816694
932 0.359731 117.894389765604 2.076212 0.773532182674656
933 0.340065 121.784515838235 2.116914 0.794325772664238
934 0.45836 102.627168306834 1.866309 0.730848616323728
935 0.545157 113.60344458355 1.772093 0.741140980288904
936 0.41681 117.547532365448 1.955717 0.780990668856987
937 0.451702 123.488604574032 1.863656 0.79325673958655
938 0.487916 111.360508533371 1.854985 0.739051589792611
939 0.355137 109.017607555164 2.04935 0.770197706245334
940 0.486062 115.528193926793 1.877337 0.778386055571967
941 0.263381 131.009149213142 2.190059 0.837069198776236
942 0.531284 105.310813703627 1.774557 0.734299780473364
943 0.397611 123.594315322439 2.019917 0.803685820992212
944 0.511626 111.131827479211 1.806076 0.650917769287812
945 0.427413 120.425977742924 1.931269 0.757771948789833
946 0.28207 113.685240365634 2.131795 0.773751084217457
947 0.517955 115.468846652821 1.834924 0.770654708399019
948 0.447716 115.586306638045 1.9576 0.756419435779331
949 0.650523 96.5985296682021 1.524877 0.702438409053268
950 0.310184 117.369711206092 2.137126 0.814991703217729
951 0.41448 121.606990576656 1.961355 0.771941920940802
952 0.512905 102.101996592335 1.828276 0.73119745571256
953 0.298102 122.973545279644 2.149784 0.801577338798262
954 0.581472 100.458146491799 1.703147 0.729447410027149
955 0.553054 102.111295078808 1.727035 0.74220920992807
956 0.496356 116.897465459596 1.879245 0.741572794485898
957 0.217973 127.261794174708 2.227801 0.837515238464408
958 0.403939 116.952308607332 1.995591 0.779461881951382
959 0.348746 118.209409995184 2.032835 0.757238715386244
960 0.280909 121.064463509125 2.165836 0.812167892661266
961 0.248754 118.168819307289 2.182324 0.800295219349402
962 0.340893 114.65549697862 2.068195 0.759001848809729
963 0.419467 114.079548157659 2.00364 0.765220801895651
964 0.369913 116.431044084173 2.016088 0.786340136852476
965 0.556797 111.968486731651 1.758888 0.755008109598935
966 0.115086 136.232144514547 2.280915 0.817829101373137
967 0.609108 107.516709671003 1.61636 0.71259150972207
968 0.476666 115.819325881624 1.922612 0.701525389197282
969 0.271088 126.83901386847 2.186288 0.78233031644824
970 0.527605 114.212850575566 1.755454 0.719280375025531
971 0.354561 116.152010943406 2.06398 0.743092817541258
972 0.384748 112.239549226473 2.039653 0.755844932348998
973 0.40315 118.428036693235 2.039584 0.77958486656414
974 0.230702 120.176800024574 2.213122 0.816631711419897
975 0.402156 112.267450931167 2.028867 0.797721556409336
976 0.292486 111.785916617419 2.11492 0.765528358704892
977 0.385975 117.66870971698 2.002254 0.774567439051481
978 0.407761 112.900940686405 1.97656 0.788612822295779
979 0.583647 115.014924944478 1.684428 0.738901044943185
980 0.420421 111.192006027638 1.960541 0.763205867869023
981 0.495874 107.304844173497 1.822653 0.739243523863845
982 0.382261 127.387221761296 2.023803 0.816593375142939
983 0.401525 109.585037632048 1.964644 0.760679688328849
984 0.350362 124.662350325442 2.085237 0.782433801819026
985 0.491695 100.1647018324 1.800668 0.732523969868947
986 0.492602 121.737075376411 1.893217 0.800868497911943
987 0.415071 110.961144840844 1.971287 0.776583940174685
988 0.646911 108.441628030803 1.540196 0.678366995302813
989 0.406178 102.624390367904 1.949525 0.765192255696698
990 0.378623 114.49897562922 2.067231 0.760929114459507
991 0.328807 122.085371065109 2.096214 0.759026329733603
992 0.45014 103.716508312149 1.850856 0.721267814698139
993 0.467401 115.010509752382 1.905254 0.792580932701116
994 0.293917 120.732490415112 2.150931 0.810749709934106
995 0.343691 116.533762728655 2.10564 0.761668252784234
996 0.460842 115.23191833946 1.931636 0.769878928251554
997 0.447714 114.410792707561 1.952513 0.746631236706954
998 0.654803 100.476236784184 1.460554 0.710407596407902
999 0.470155 110.482580874504 1.893783 0.73447675810419
1000 0.351577 121.515671077515 2.077788 0.782959981442508
