rep	aei_left	left_area	adi_left	H
1	0.325981	112.4200513	2.075031	0.82358068
2	0.369863	123.7445158	2.066085	0.824516785
3	0.42833	118.082806	1.958282	0.785528142
4	0.504987	108.0538892	1.814986	0.773252339
5	0.392355	123.561748	2.049111	0.797053219
6	0.535825	115.3580575	1.789419	0.819226685
7	0.318918	121.3837918	2.095636	0.816362007
8	0.389002	118.8538028	2.033151	0.813661736
9	0.333822	121.5112559	2.096687	0.811466712
10	0.359834	116.5779319	2.057058	0.825865832
11	0.41829	114.4675648	1.966604	0.793298216
12	0.432402	118.8015109	1.914826	0.824329028
13	0.28745	119.2514514	2.14231	0.826373707
14	0.293727	118.8058937	2.128922	0.806123035
15	0.371469	115.6296471	2.031898	0.799416408
16	0.280765	124.5861311	2.119455	0.83763632
17	0.418861	114.7914317	1.976798	0.810142876
18	0.236585	129.9332624	2.208922	0.855276447
19	0.310073	128.0210398	2.13128	0.837141085
20	0.328677	122.2361968	2.090497	0.822530858
21	0.336025	123.8198372	2.108626	0.809626525
22	0.385851	119.7586426	2.009397	0.799248087
23	0.179994	127.9530017	2.245918	0.85781231
24	0.347879	121.8990286	2.088324	0.820503953
25	0.409493	110.6974349	1.960241	0.795447542
26	0.306923	123.213384	2.134483	0.823338438
27	0.290776	120.7269895	2.133735	0.842647127
28	0.407009	123.6496536	2.016711	0.834609934
29	0.348722	119.2164145	2.080418	0.812832305
30	0.258837	122.3690326	2.183491	0.84002082
31	0.317314	121.7354104	2.069606	0.832203874
32	0.282897	120.5140299	2.168143	0.838715337
33	0.367487	113.1679617	2.031033	0.798998392
34	0.417216	117.7249796	1.969518	0.802177198
35	0.452052	121.3116656	1.933824	0.845630416
36	0.309343	126.8789748	2.133398	0.835148336
37	0.471565	116.1541801	1.901189	0.788954576
38	0.368639	119.2203583	2.02937	0.821756725
39	0.374542	122.5072416	2.010129	0.81956557
40	0.339883	121.4191217	2.068239	0.836624603
41	0.37202	117.0633776	2.034153	0.81952054
42	0.382784	121.282708	2.034413	0.794693175
43	0.333993	121.7980546	2.068698	0.818406832
44	0.374197	116.3343785	2.035848	0.8083464
45	0.420359	113.328602	1.943705	0.798210431
46	0.375103	126.5788935	2.041885	0.834853239
47	0.344778	114.329259	2.045689	0.817172352
48	0.312351	122.8783027	2.130238	0.827422251
49	0.391228	116.9734426	2.003677	0.806023295
50	0.338209	118.9786593	2.042197	0.820620874
51	0.372843	123.3444488	2.051166	0.828817166
52	0.356264	118.9538164	2.077904	0.817926992
53	0.363588	111.2878523	2.030236	0.801210356
54	0.475099	115.2641461	1.881443	0.801851166
55	0.2695	114.2372368	2.123081	0.817436083
56	0.353753	116.7121577	2.059527	0.825654467
57	0.35394	113.8178606	2.031529	0.801804666
58	0.325168	117.9905267	2.117573	0.829524485
59	0.313833	123.3919294	2.105711	0.843617325
60	0.422048	113.1744899	1.931505	0.802279385
61	0.466429	113.8866268	1.885031	0.796451908
62	0.322415	128.0702718	2.080752	0.835911561
63	0.320819	123.2453806	2.12968	0.836548757
64	0.355091	121.4577743	2.061773	0.811887279
65	0.292757	125.3383391	2.132773	0.844956315
66	0.449513	119.5141461	1.938686	0.787185581
67	0.426665	112.5130189	1.927771	0.790460476
68	0.295491	118.6914832	2.14952	0.80766633
69	0.456467	117.5620341	1.897298	0.819153781
70	0.316893	121.2785726	2.074214	0.830565474
71	0.421477	114.9581064	1.964415	0.789727085
72	0.465954	118.252779	1.894675	0.782955374
73	0.421428	117.6921836	1.99392	0.793583094
74	0.337521	121.6797423	2.07602	0.825998871
75	0.367348	116.8147852	2.043489	0.79250237
76	0.534941	112.9197873	1.754771	0.791708766
77	0.288893	123.3936505	2.149856	0.84843336
78	0.430002	114.5185099	1.93836	0.778506541
79	0.390858	123.1669336	1.959948	0.829155032
80	0.274817	124.6653102	2.177465	0.853340641
81	0.459352	115.0165987	1.920877	0.802457374
82	0.358003	117.3368818	2.046987	0.821251317
83	0.459065	120.2045248	1.939112	0.818724741
84	0.305541	117.93973	2.140219	0.831615478
85	0.459597	117.7616995	1.903245	0.828600943
86	0.534898	118.436357	1.811944	0.802841559
87	0.418846	116.0409342	1.974081	0.805335058
88	0.467834	116.3096986	1.903124	0.799980854
89	0.339201	120.0914162	2.043705	0.821002074
90	0.371412	119.0312038	2.043796	0.792547096
91	0.369463	126.7621908	2.051788	0.839943568
92	0.355134	120.3293315	2.049308	0.821286028
93	0.388601	114.5845968	2.016895	0.822851064
94	0.244103	124.0026415	2.193695	0.836126327
95	0.529735	107.862316	1.752909	0.742472519
96	0.368981	120.1658629	2.024433	0.824961201
97	0.341917	114.9496088	2.053275	0.814166629
98	0.398081	117.8397029	1.998511	0.812315539
99	0.274249	123.1770926	2.15893	0.838800974
100	0.480592	116.3120929	1.911423	0.782219784
101	0.405331	118.2393923	1.954623	0.797742025
102	0.348429	116.906202	2.027681	0.814006244
103	0.430772	116.9720046	1.936075	0.791507102
104	0.396459	120.9154777	2.006698	0.80053535
105	0.336444	124.2657604	2.088886	0.824300181
106	0.317457	117.7776038	2.131393	0.841699591
107	0.364554	118.3187623	2.049533	0.831641473
108	0.337183	122.1531055	2.078731	0.820738295
109	0.339356	125.48766	2.083909	0.837733492
110	0.419787	116.9497628	1.984197	0.780309229
111	0.288977	119.9537502	2.152305	0.834469146
112	0.450001	118.1482661	1.925337	0.794520383
113	0.377827	118.3792881	2.030394	0.820340745
114	0.494579	123.0525977	1.854356	0.832180099
115	0.247703	125.043375	2.195828	0.860453197
116	0.459264	120.835591	1.924753	0.828616025
117	0.277647	126.7831835	2.168733	0.828841983
118	0.33189	124.4302619	2.106507	0.828553198
119	0.335335	116.5046804	2.063401	0.808487562
120	0.232521	126.9925551	2.20841	0.845975714
121	0.384427	119.5797689	2.000056	0.821227395
122	0.38908	126.7280875	2.007881	0.80031246
123	0.302218	122.2097305	2.133387	0.829813388
124	0.242649	119.3011481	2.123679	0.823988976
125	0.419088	116.8104453	1.962959	0.780094763
126	0.308674	116.5074268	2.091462	0.825238046
127	0.471173	118.2055169	1.875745	0.804448804
128	0.332074	127.4470011	2.068644	0.848239094
129	0.379053	117.0521444	2.006283	0.828551695
130	0.408797	119.7278472	1.992343	0.796490492
131	0.441369	118.9795531	1.933511	0.776121418
132	0.337672	121.2534031	2.091498	0.809772524
133	0.371711	120.583518	2.059051	0.812750688
134	0.37799	115.6085442	2.037124	0.790120851
135	0.298913	118.766514	2.115574	0.83596667
136	0.393099	124.177151	2.044693	0.797458673
137	0.361225	122.7646758	2.041345	0.819192682
138	0.482871	120.1174985	1.856664	0.798165376
139	0.376239	121.0520645	2.028558	0.822246268
140	0.299766	115.8011229	2.066687	0.825454929
141	0.397695	118.1069013	1.987251	0.810843633
142	0.336478	125.484885	2.091423	0.835217282
143	0.374463	121.297054	2.043858	0.785747751
144	0.376786	116.4639303	2.01222	0.788369738
145	0.217749	125.0017928	2.18309	0.850331275
146	0.31426	122.6249032	2.117632	0.851904
147	0.337135	123.7991584	2.101294	0.838435195
148	0.423755	118.4390963	1.937799	0.817290755
149	0.318207	125.1026222	2.126808	0.836409907
150	0.315917	126.0506393	2.107718	0.830551171
151	0.282649	125.3680479	2.154923	0.832403696
152	0.467913	122.8125771	1.91733	0.829761927
153	0.388001	122.540913	2.011564	0.823587432
154	0.437345	111.2227438	1.900526	0.782444317
155	0.369862	118.1326	2.057923	0.804090561
156	0.29045	121.7169603	2.12702	0.829257728
157	0.47169	122.3831109	1.920293	0.81109425
158	0.32787	117.5583748	2.073953	0.824285386
159	0.384345	114.7387448	1.974327	0.806525935
160	0.327935	123.1363591	2.058964	0.819506771
161	0.342766	125.9063045	2.085495	0.827890208
162	0.328184	116.7558573	2.046459	0.80290382
163	0.309858	115.465326	2.063313	0.796381333
164	0.345155	114.9047371	2.047571	0.821040987
165	0.396358	115.5773793	1.972965	0.814145152
166	0.376342	119.9429181	2.020091	0.82854694
167	0.32101	118.7425207	2.110486	0.838628192
168	0.400048	121.3599018	2.016137	0.840518673
169	0.346375	118.661748	2.071574	0.842860414
170	0.427694	118.3542671	1.967113	0.79904409
171	0.297952	123.9371616	2.14884	0.828878192
172	0.30431	128.4652516	2.130963	0.835205221
173	0.439183	114.5633829	1.938399	0.80163873
174	0.337087	120.2978434	2.052168	0.826875001
175	0.235307	120.4984971	2.208213	0.853671129
176	0.323717	121.1809974	2.107702	0.841213498
177	0.245344	127.2677942	2.19822	0.855872513
178	0.317407	120.010903	2.096334	0.83012591
179	0.344126	118.381253	2.06573	0.817694544
180	0.441158	111.9077731	1.919744	0.790788051
181	0.334279	119.1687063	2.026543	0.771625226
182	0.257857	121.0136972	2.172976	0.831986078
183	0.462851	112.1480923	1.88165	0.790540245
184	0.355323	116.1930153	2.050121	0.811515623
185	0.32502	123.7682081	2.116362	0.830708928
186	0.379855	119.7008684	2.006707	0.833189784
187	0.392422	118.2989745	1.98505	0.80378853
188	0.352758	118.2655474	2.057648	0.807979037
189	0.448931	118.6473535	1.903209	0.80464855
190	0.294059	128.4003407	2.147302	0.83687133
191	0.453818	123.4852314	1.948674	0.758539365
192	0.370991	125.0886602	2.057333	0.829609189
193	0.366795	118.6729075	2.03445	0.826825346
194	0.375658	122.9192812	2.033421	0.810034752
195	0.447583	115.8507475	1.878598	0.814656467
196	0.340827	123.2822268	2.054682	0.826934851
197	0.345439	115.5719944	2.052373	0.811724996
198	0.409871	121.5755714	1.988175	0.818395571
199	0.289787	118.3061569	2.082997	0.827644114
200	0.441038	122.1624848	1.904838	0.784189368
201	0.327569	129.7270543	2.117332	0.844794586
202	0.420731	121.2827214	2.003066	0.81138752
203	0.281975	121.4631478	2.13722	0.836504011
204	0.447001	118.4397041	1.952165	0.824559994
205	0.411186	115.5610913	1.982713	0.81085746
206	0.362294	115.7130516	2.044018	0.818040815
207	0.436177	116.9114735	1.96211	0.817130629
208	0.493742	114.8410466	1.822794	0.801020421
209	0.282458	120.5634533	2.134106	0.835052548
210	0.518452	112.7778008	1.796648	0.763663714
211	0.309112	124.4582816	2.124113	0.824745378
212	0.287671	124.8004768	2.160118	0.840432831
213	0.379309	118.114021	2.033316	0.827388309
214	0.321365	115.7032403	2.104283	0.802813401
215	0.323881	117.9570223	2.086553	0.83089865
216	0.511966	115.5886235	1.813455	0.784709078
217	0.358204	116.1589749	2.066666	0.811524713
218	0.418607	117.2538203	1.974394	0.820341873
219	0.39667	119.6059645	1.997675	0.838080056
220	0.458321	116.4296901	1.884987	0.798509115
221	0.231152	127.5776474	2.200405	0.852621065
222	0.48678	115.4687148	1.842575	0.819337379
223	0.457271	124.5042496	1.923245	0.796743439
224	0.244053	127.974991	2.165502	0.838243995
225	0.353342	116.8807923	2.06768	0.82027681
226	0.389152	111.6690066	1.995706	0.801909985
227	0.416834	121.9046817	2.002761	0.819569426
228	0.332263	125.9576958	2.103276	0.842711139
229	0.469298	118.7088629	1.893915	0.816451703
230	0.355692	124.1001777	2.065915	0.829949504
231	0.364614	117.8360398	2.031754	0.793768699
232	0.399462	114.4697832	2.004312	0.813414059
233	0.367608	118.6049086	2.039487	0.826665429
234	0.343545	120.9870126	2.066322	0.822592484
235	0.416109	117.2217182	1.968407	0.815374201
236	0.419785	121.838334	1.965864	0.814433929
237	0.376819	122.3596948	2.060576	0.830352789
238	0.478873	121.4184787	1.888374	0.790198575
239	0.420155	118.7463029	1.96111	0.823380874
240	0.435837	121.9156655	1.948832	0.803176565
241	0.407748	118.3009523	2.025831	0.791887661
242	0.370086	120.7204913	2.033523	0.807293059
243	0.361105	123.8963958	2.048471	0.825577616
244	0.237818	126.179204	2.189121	0.855421834
245	0.37691	119.5345788	2.017734	0.816060979
246	0.264306	126.9039464	2.157256	0.836972001
247	0.415724	115.0051306	1.9733	0.800490623
248	0.314099	122.1492715	2.089542	0.818934014
249	0.309739	113.176718	2.056756	0.818884393
250	0.393687	115.3187738	2.004393	0.793640738
251	0.323315	121.2644731	2.100861	0.827297262
252	0.395843	112.5923966	1.986761	0.798398605
253	0.314898	116.1603171	2.115898	0.818555672
254	0.279628	121.9997686	2.126325	0.827013555
255	0.425025	115.6039397	1.934303	0.810159842
256	0.281959	119.4803677	2.11238	0.816990653
257	0.410568	114.9252136	1.965158	0.812591332
258	0.407301	116.2143665	1.986218	0.804494127
259	0.285431	127.5531718	2.156725	0.842867838
260	0.300334	118.6325698	2.078156	0.816137139
261	0.417548	117.7173617	1.962932	0.814824941
262	0.360263	115.3420731	2.063201	0.795609098
263	0.344293	117.2760668	2.077105	0.79143431
264	0.410245	118.0679659	1.967009	0.815958252
265	0.482222	115.7743999	1.856126	0.797546434
266	0.281669	123.7456036	2.136495	0.839652964
267	0.38511	120.7374499	2.026071	0.825428229
268	0.401662	121.5659456	1.962262	0.844268781
269	0.375919	122.5616969	1.994924	0.796695141
270	0.412879	120.8178175	1.993739	0.824768653
271	0.284852	120.4728031	2.13012	0.834754336
272	0.45983	115.0131075	1.859253	0.813358191
273	0.459569	118.2191828	1.893501	0.79579668
274	0.241175	128.708638	2.197714	0.855667214
275	0.288583	123.0844543	2.16092	0.83021058
276	0.375635	120.8440984	2.009412	0.817568199
277	0.450211	122.4259243	1.957877	0.791869848
278	0.334005	119.5393718	2.075127	0.804758708
279	0.366531	116.4483316	1.985255	0.810162383
280	0.387438	129.7054915	2.011334	0.827632523
281	0.392453	118.1964192	2.026528	0.811420417
282	0.452363	119.5478807	1.902252	0.82615891
283	0.377022	117.1396754	2.015528	0.812161124
284	0.399345	116.2882655	2.004115	0.805988138
285	0.423728	123.4938938	1.914017	0.796327707
286	0.334357	117.5824756	2.093634	0.817789346
287	0.461123	115.9303921	1.91485	0.777614678
288	0.369464	118.4733727	2.058306	0.820708752
289	0.392688	116.4631363	1.996703	0.805093497
290	0.308455	121.8526125	2.090721	0.832604907
291	0.40382	117.8199202	2.014293	0.790050402
292	0.371209	122.9787489	2.034391	0.823655347
293	0.465547	115.5592161	1.906488	0.792432599
294	0.370079	119.1865667	2.026976	0.806368808
295	0.369844	121.4873379	2.042881	0.832521729
296	0.215622	124.6715663	2.190964	0.851722971
297	0.377673	127.9581686	2.053081	0.840590021
298	0.342075	117.6782602	2.042374	0.827018047
299	0.217921	128.0368454	2.216766	0.867730542
300	0.200294	127.3080473	2.230885	0.856991509
301	0.459327	119.7021411	1.906901	0.814598745
302	0.350058	115.4454989	2.054868	0.813047557
303	0.246365	124.1987613	2.19309	0.847383282
304	0.348735	120.1880128	2.09063	0.811489471
305	0.265751	124.0436109	2.164019	0.841986656
306	0.382401	116.9019817	2.005982	0.79613316
307	0.315394	122.8743161	2.120678	0.823257203
308	0.35181	119.6615223	2.078377	0.804354598
309	0.45046	114.4069169	1.893383	0.808583515
310	0.453785	124.310468	1.932451	0.815405268
311	0.432688	121.8687131	1.961586	0.831484687
312	0.522436	108.1903967	1.802273	0.77987784
313	0.313604	114.4600665	2.105587	0.812362612
314	0.432666	112.6018064	1.916495	0.794661029
315	0.364338	117.01424	2.022572	0.826507517
316	0.292611	125.0614226	2.154948	0.845982681
317	0.370333	118.8132555	2.022785	0.811976137
318	0.319744	117.3803997	2.084394	0.822155163
319	0.321315	118.0664339	2.061641	0.822592959
320	0.411664	115.381823	1.95051	0.802056632
321	0.323596	118.5804163	2.117593	0.807870988
322	0.4163	113.9169371	1.974305	0.794172977
323	0.400541	118.9398842	2.004321	0.813912283
324	0.390119	115.7966841	1.998963	0.813501986
325	0.290316	119.1711589	2.053495	0.828249629
326	0.432525	117.1098092	1.928763	0.807803219
327	0.385192	124.5133518	2.009044	0.831234538
328	0.366475	123.8692845	2.076781	0.844728231
329	0.299435	121.6234393	2.121044	0.836452576
330	0.435662	122.2241616	1.960507	0.830259145
331	0.37895	116.5113653	2.004864	0.807745852
332	0.465938	114.5488784	1.902882	0.78956018
333	0.253374	122.0711159	2.181105	0.834161452
334	0.323562	119.5317771	2.124091	0.820982049
335	0.417795	114.2252903	1.946372	0.805136532
336	0.392216	123.1204604	2.024814	0.851796948
337	0.35057	121.1436143	2.082863	0.824181147
338	0.487193	115.3654571	1.869805	0.777780112
339	0.31153	126.7689616	2.131614	0.835302596
340	0.319129	121.5654787	2.068681	0.825317821
341	0.44337	118.0445118	1.973486	0.749487142
342	0.422691	119.4234529	1.971078	0.80697534
343	0.263492	120.5642091	2.135815	0.801593268
344	0.389987	116.3893477	1.995344	0.819228781
345	0.311941	128.1501267	2.131905	0.84644818
346	0.424572	122.768546	1.918341	0.807908945
347	0.345939	118.8319268	2.065377	0.8051106
348	0.177131	125.2169464	2.247945	0.840924089
349	0.369793	120.4287565	2.037968	0.810087113
350	0.374458	119.968417	2.050221	0.795973473
351	0.433803	109.2938183	1.915304	0.780130415
352	0.428656	120.4330531	1.96104	0.820744755
353	0.450546	125.637082	1.917269	0.817770576
354	0.426578	114.6800361	1.949171	0.827079269
355	0.301028	121.4529026	2.098471	0.813938395
356	0.365372	118.1558556	2.044959	0.810533705
357	0.370398	116.0357544	2.02838	0.790382849
358	0.322317	110.7824225	2.04213	0.794112655
359	0.372264	119.9230161	2.031157	0.820155593
360	0.408144	120.1091257	2.002948	0.807488198
361	0.310034	127.7683061	2.1267	0.852657476
362	0.471924	117.1339447	1.878626	0.813607037
363	0.420272	116.1990687	1.961808	0.799723831
364	0.244962	121.6101314	2.18991	0.838479809
365	0.350044	117.0190326	2.057971	0.823769629
366	0.355416	118.0993661	2.026898	0.802399638
367	0.362759	114.2958652	2.019809	0.775816773
368	0.300886	119.1995373	2.116023	0.825112177
369	0.389947	118.8540451	1.980636	0.812030179
370	0.510874	121.6725466	1.834936	0.805082866
371	0.458754	118.0312358	1.870183	0.824781112
372	0.373196	124.0692471	2.051733	0.803076237
373	0.413669	120.2824038	1.981863	0.795142747
374	0.354135	119.2980083	2.053524	0.809691554
375	0.309537	121.4955032	2.132414	0.835769015
376	0.268348	121.267283	2.150959	0.842127651
377	0.258829	122.451534	2.172231	0.831085421
378	0.396558	118.0898189	2.015452	0.797509987
379	0.391251	125.0836951	2.025137	0.834272942
380	0.404123	118.5036494	1.972748	0.794804597
381	0.395328	114.6420401	2.004535	0.768953965
382	0.389226	122.6021375	2.038242	0.822908867
383	0.355504	118.481191	2.037999	0.828284888
384	0.44519	119.6721108	1.932821	0.812240051
385	0.314605	123.4504172	2.082944	0.834893051
386	0.360243	124.6377513	2.064289	0.828178092
387	0.407665	118.8365344	1.964562	0.811130523
388	0.314909	125.5399099	2.135062	0.846081645
389	0.246024	125.3352059	2.193113	0.853249471
390	0.402522	120.557504	2.015325	0.818061499
391	0.375305	120.4208588	2.063982	0.807050403
392	0.282852	127.0597648	2.108617	0.833375212
393	0.383114	117.3965925	2.031438	0.825561827
394	0.289782	123.1628871	2.138838	0.852459666
395	0.376811	119.3675633	2.053338	0.824840757
396	0.3735	120.3587979	2.023084	0.793698798
397	0.288628	118.9482529	2.153348	0.826442982
398	0.239437	124.7480958	2.198066	0.84590462
399	0.438468	116.5294652	1.95916	0.778883499
400	0.375955	119.5914783	1.975342	0.781058422
401	0.426456	118.7581839	1.938879	0.795536876
402	0.400553	119.0800403	1.9516	0.810434553
403	0.356468	122.1592495	2.053711	0.834180698
404	0.35065	118.3373753	2.02516	0.826382677
405	0.464997	113.3194902	1.853323	0.784619144
406	0.457064	115.8234371	1.884668	0.791974564
407	0.310403	121.4876424	2.128792	0.828915537
408	0.367228	117.8663544	2.045142	0.825445623
409	0.290395	123.5020109	2.141125	0.826719038
410	0.491641	116.6559186	1.861239	0.796181798
411	0.328784	121.7923233	2.069019	0.831596496
412	0.409948	115.393598	1.961256	0.799576646
413	0.330105	119.8781266	2.077305	0.823483469
414	0.400849	116.876578	1.98754	0.813804007
415	0.430886	117.4416213	1.960161	0.804805108
416	0.359215	117.6705888	2.042224	0.829154978
417	0.417481	116.8474415	1.957015	0.816480902
418	0.289048	117.8895563	2.102024	0.826725547
419	0.247571	125.4418362	2.183598	0.842789656
420	0.414758	120.582218	1.971889	0.818284588
421	0.370598	115.444009	1.993482	0.800348461
422	0.378065	112.5379468	2.000836	0.801450615
423	0.386482	118.4275635	2.044617	0.802122229
424	0.302538	124.767374	2.136503	0.851693076
425	0.405015	118.3659009	2.005715	0.809515232
426	0.328347	124.1564821	2.091666	0.836049988
427	0.271676	122.8289635	2.164668	0.837612767
428	0.430207	123.4203378	1.903509	0.8159048
429	0.356324	121.4604842	2.042427	0.803893921
430	0.368004	120.4932355	2.053558	0.838893482
431	0.358511	122.937595	2.066406	0.832443601
432	0.469247	111.3963141	1.880791	0.78466152
433	0.261184	123.0910507	2.174805	0.840261834
434	0.365448	119.0220694	2.065022	0.796396198
435	0.385367	117.1396385	1.992699	0.81752807
436	0.299334	121.4770461	2.112347	0.82087342
437	0.388592	117.9124668	1.985665	0.782730522
438	0.324152	124.1516555	2.118205	0.831435268
439	0.28228	122.4529932	2.14428	0.802571433
440	0.364245	116.9075303	2.032565	0.815600716
441	0.412134	119.6184195	1.991662	0.808895042
442	0.416639	119.3620265	2.004888	0.817400851
443	0.379953	121.4569699	2.045721	0.823189368
444	0.299186	121.8348167	2.133368	0.839677075
445	0.434286	117.4634484	1.936206	0.806396644
446	0.420897	119.2381544	1.93917	0.830514461
447	0.401187	119.3564266	1.988779	0.809639716
448	0.219917	125.2579141	2.221333	0.84947882
449	0.493489	113.4497398	1.857019	0.775807603
450	0.457473	119.392444	1.932084	0.797767013
451	0.246269	120.0748934	2.14538	0.820045102
452	0.424364	112.1352482	1.933386	0.818446346
453	0.408173	116.4038628	1.96903	0.819907665
454	0.408614	117.5148038	1.956163	0.814750336
455	0.378176	118.5042933	2.029509	0.832658042
456	0.309544	121.8256169	2.115473	0.837322019
457	0.27906	119.6256307	2.14234	0.818053909
458	0.411304	115.4826415	2.007787	0.795905083
459	0.405261	120.1124691	1.984877	0.819080547
460	0.330569	118.3536274	2.106398	0.826993106
461	0.390307	119.1325439	2.013882	0.809004123
462	0.211742	124.7387946	2.201374	0.840722239
463	0.356479	122.6384357	2.029349	0.811788027
464	0.372628	118.243075	2.018012	0.81194064
465	0.303117	118.5135735	2.117178	0.824708037
466	0.427225	120.0115151	1.964455	0.817598313
467	0.325467	121.7363485	2.114517	0.832577574
468	0.483825	114.2453751	1.82948	0.772473092
469	0.437577	116.770516	1.983367	0.792634624
470	0.447134	117.9058281	1.927078	0.79990686
471	0.152268	131.0033384	2.263887	0.863812598
472	0.373949	121.7728522	2.03193	0.822655085
473	0.33655	118.4809062	2.085133	0.821348255
474	0.542635	113.9664707	1.746517	0.758764136
475	0.270171	125.6849369	2.129676	0.851720281
476	0.525859	116.6925009	1.779521	0.803077761
477	0.314357	118.9486208	2.018572	0.788912007
478	0.31999	126.2713222	2.118037	0.833582941
479	0.33559	117.1050985	2.088087	0.826200375
480	0.396766	115.3803056	1.982041	0.803261263
481	0.429242	114.5321756	1.932615	0.804058372
482	0.431464	116.1644383	1.914305	0.806960895
483	0.4872	115.794273	1.844837	0.792419937
484	0.318187	124.2900088	2.116229	0.822613278
485	0.293119	122.5617581	2.129881	0.823339878
486	0.360422	124.0917719	2.049557	0.815229474
487	0.43022	118.6415728	1.948979	0.818651179
488	0.472542	113.5673623	1.882043	0.797568851
489	0.494441	118.5683799	1.82879	0.8005228
490	0.324787	122.5025775	2.071462	0.846989781
491	0.334975	125.0284633	2.087809	0.827835915
492	0.335295	120.9312755	2.081042	0.827511873
493	0.356996	122.0106434	2.032735	0.828663025
494	0.452015	124.6342762	1.924945	0.79495089
495	0.363369	120.3922153	2.073015	0.817845545
496	0.430201	121.9072986	1.960192	0.801865161
497	0.368913	119.3732019	2.037406	0.81257595
498	0.135487	125.8311345	2.259309	0.861661628
499	0.270726	128.4250873	2.165861	0.85165481
500	0.43352	116.7276149	1.937632	0.81118517
501	0.289486	127.7846469	2.165538	0.860776243
502	0.391233	124.0751857	2.009368	0.830721501
503	0.384325	112.6748043	2.014445	0.788321486
504	0.32608	119.6248984	2.113201	0.820705316
505	0.369734	118.2583371	2.016025	0.809000523
506	0.356199	114.6904484	2.026195	0.812546459
507	0.377416	121.5628111	2.025519	0.830687477
508	0.535308	116.5931827	1.808845	0.756760733
509	0.489681	108.3053546	1.838954	0.76745764
510	0.408341	119.2753734	1.967564	0.801925467
511	0.396956	114.5057511	2.011063	0.80537966
512	0.383958	112.6139437	1.997064	0.795764266
513	0.324614	121.9414041	2.07784	0.82880675
514	0.369236	112.848477	2.032082	0.819260952
515	0.299872	123.9332872	2.116557	0.819946852
516	0.354171	118.4922038	2.031474	0.813287225
517	0.351113	122.5202475	2.088102	0.834061301
518	0.378505	115.1350568	2.002154	0.79991131
519	0.420497	117.6908687	1.949686	0.777754184
520	0.428603	114.3758671	1.942115	0.786972829
521	0.396361	116.1737092	1.985957	0.800797354
522	0.337551	119.4532114	2.070403	0.814342406
523	0.313597	118.2713636	2.103907	0.817164342
524	0.517359	119.384927	1.850626	0.791121712
525	0.39641	113.1506294	1.967627	0.80774639
526	0.411444	117.0017817	1.962453	0.806356794
527	0.426048	116.4052504	1.96878	0.806393653
528	0.390673	115.7069627	1.987974	0.797023194
529	0.438198	122.3967027	1.933926	0.803009003
530	0.449293	119.817853	1.931619	0.817521657
531	0.40354	118.1101068	2.006955	0.804901745
532	0.305734	122.7481222	2.119663	0.823330509
533	0.350282	118.3841431	2.008106	0.827418608
534	0.42607	112.9769537	1.969501	0.792732144
535	0.435508	120.7397581	1.962873	0.825794232
536	0.370097	117.276183	2.002053	0.826406377
537	0.399121	115.9858816	2.014952	0.787622957
538	0.452572	124.567839	1.93283	0.825093806
539	0.313395	117.6627429	2.106573	0.821920668
540	0.383791	114.0718207	2.023461	0.795520546
541	0.417793	117.7281293	1.966365	0.788637887
542	0.380091	125.8139111	2.029681	0.849069136
543	0.420015	120.8790343	1.988885	0.799486843
544	0.291253	119.3227078	2.084474	0.825880574
545	0.363739	117.0015833	2.049012	0.822071922
546	0.43235	116.2751722	1.966446	0.820654697
547	0.446448	115.6207763	1.908386	0.789395021
548	0.274055	124.4080218	2.133641	0.838414951
549	0.325085	121.2892573	2.105337	0.827014953
550	0.286798	119.5135025	2.130073	0.827318051
551	0.351765	116.1221364	2.064728	0.805045575
552	0.314568	118.0510418	2.099625	0.811632069
553	0.324252	121.0453516	2.107349	0.830435466
554	0.386714	119.1537118	2.015922	0.821813742
555	0.169994	126.5713392	2.248299	0.860839306
556	0.336338	126.1495563	2.081436	0.835797022
557	0.364627	120.0730802	2.076449	0.808572909
558	0.315481	125.2753152	2.089645	0.827796026
559	0.430224	118.5596872	1.942347	0.807310467
560	0.324942	125.2507911	2.116629	0.840594561
561	0.483585	111.0698816	1.861169	0.755110324
562	0.468743	117.7315023	1.912641	0.76682113
563	0.286674	123.2072306	2.150528	0.850584087
564	0.36407	123.5803373	2.046818	0.835598201
565	0.326848	122.5437014	2.093266	0.824604521
566	0.411465	118.1189364	1.973689	0.824567437
567	0.337147	118.4000287	2.093797	0.789916662
568	0.33037	122.0154912	2.108555	0.825588565
569	0.435297	118.740121	1.961766	0.830852462
570	0.42252	116.2396362	1.956603	0.803546272
571	0.318921	124.3890381	2.126531	0.856349263
572	0.265745	126.7089562	2.16064	0.850983051
573	0.4515	110.0625368	1.917327	0.781660198
574	0.344111	117.7178047	2.065439	0.831015026
575	0.402239	115.932908	1.951023	0.818806621
576	0.484333	116.3413768	1.864653	0.782980597
577	0.448925	115.3661623	1.914605	0.792925057
578	0.40978	115.7794421	1.993074	0.795506353
579	0.293501	118.9431674	2.077046	0.839390773
580	0.436601	115.4454866	1.945254	0.802101852
581	0.346232	117.834106	2.071224	0.829412646
582	0.389717	120.9159396	2.009213	0.825095985
583	0.38284	119.3648998	2.040039	0.81539731
584	0.387923	122.6989856	1.980935	0.83722605
585	0.410966	114.8560345	1.964851	0.790136199
586	0.393385	119.9664976	2.016927	0.831050601
587	0.279879	125.4060188	2.148452	0.856496414
588	0.352357	115.1047984	2.037631	0.797685104
589	0.247642	122.9139877	2.1844	0.834504412
590	0.34313	120.2020672	2.064757	0.827460622
591	0.396738	117.7255982	2.016791	0.824717351
592	0.292269	119.8668407	2.127419	0.82934702
593	0.372021	117.3677024	2.034958	0.817455016
594	0.330649	118.4871661	2.090438	0.824624576
595	0.471531	114.3826724	1.889741	0.791214851
596	0.418246	116.2746623	1.957839	0.794455033
597	0.192008	124.5144828	2.229268	0.842195137
598	0.35572	117.8709032	2.053658	0.800918384
599	0.413994	117.4507865	1.968357	0.826238945
600	0.459865	115.052954	1.88014	0.801772724
601	0.325489	121.6433504	2.09975	0.837195171
602	0.33383	121.2061182	2.110164	0.816633105
603	0.377159	122.3270077	2.038643	0.832193932
604	0.222894	119.3428402	2.181457	0.824732533
605	0.456469	115.4596777	1.900507	0.747924468
606	0.391538	117.2042914	2.036265	0.794673755
607	0.283954	118.7935503	2.125041	0.839147566
608	0.415983	122.0013769	1.970478	0.810845179
609	0.412988	118.1039691	1.953847	0.814127072
610	0.378606	119.2099095	1.995495	0.813594418
611	0.536535	116.9441479	1.793955	0.777680901
612	0.405205	114.3291066	1.972264	0.801342414
613	0.499195	108.4463496	1.817117	0.766197467
614	0.364946	119.3184215	2.063362	0.806768985
615	0.364036	113.643069	2.012236	0.815927398
616	0.319139	119.0109318	2.10125	0.82004553
617	0.276648	122.4012052	2.167121	0.83158081
618	0.342355	120.7653731	2.060952	0.824922858
619	0.445645	120.4233828	1.930522	0.799820791
620	0.404459	116.0621282	1.981505	0.80504989
621	0.465053	128.3380696	1.905684	0.81893165
622	0.425315	119.300487	1.973344	0.791280156
623	0.468924	117.8483256	1.906737	0.784000857
624	0.23153	120.4087601	2.207259	0.849795956
625	0.441413	114.0602634	1.91989	0.799720587
626	0.419394	119.3564937	1.971675	0.811677208
627	0.370565	120.4402249	2.034843	0.831577597
628	0.316593	123.120714	2.096986	0.840759244
629	0.328828	118.0455095	2.052831	0.805573947
630	0.37142	116.1998197	2.007832	0.838192057
631	0.387801	122.9606961	2.052658	0.819084826
632	0.461528	121.9177615	1.907253	0.772094048
633	0.328912	118.060635	2.066409	0.821172147
634	0.419437	112.326569	1.977965	0.793508219
635	0.346243	123.3913466	2.069936	0.833674863
636	0.318851	116.4826805	2.062906	0.805741633
637	0.461673	111.7337995	1.891543	0.773542685
638	0.351834	125.3254566	2.071824	0.845830162
639	0.412722	118.9679427	2.001876	0.832971491
640	0.436899	120.2746326	1.936988	0.830680309
641	0.319834	110.3026949	2.045166	0.809789912
642	0.382232	115.673538	2.025068	0.8160834
643	0.406453	118.5247466	1.997379	0.811206435
644	0.405206	115.4810462	1.990924	0.79671735
645	0.299657	121.3597732	2.12949	0.829227202
646	0.406078	125.5343705	1.968342	0.815609942
647	0.526363	117.9366284	1.760078	0.798250747
648	0.341426	120.093567	2.058118	0.815248659
649	0.371639	116.712769	2.011349	0.81496274
650	0.320447	122.2602265	2.093439	0.837884744
651	0.386962	122.3349607	2.026826	0.827486395
652	0.392787	123.3929596	1.989574	0.823384271
653	0.369096	116.5003147	2.017994	0.825051848
654	0.467457	115.4748254	1.891529	0.76784296
655	0.393781	110.4642528	1.9809	0.802574053
656	0.265836	126.4167314	2.144182	0.845990182
657	0.308101	121.5801366	2.097958	0.819825634
658	0.306462	120.4734794	2.114613	0.813469992
659	0.34196	115.9990454	2.050865	0.79980355
660	0.314355	125.76037	2.12188	0.834445635
661	0.331919	120.1933145	2.062286	0.822410132
662	0.312939	124.158859	2.119625	0.840046204
663	0.393423	116.8474233	2.005427	0.803288658
664	0.275462	126.9156376	2.157683	0.837400443
665	0.424191	119.6187933	1.94425	0.79900441
666	0.364647	123.2087177	2.048839	0.83347529
667	0.325245	119.9096488	2.092293	0.831734251
668	0.351389	121.5530757	2.077293	0.825556324
669	0.328962	118.918934	2.085766	0.826465347
670	0.308599	119.0178016	2.103722	0.834538757
671	0.385256	117.1683162	1.985755	0.7956847
672	0.367308	120.3809279	2.024514	0.825772257
673	0.428898	116.0908816	1.928543	0.797011814
674	0.48459	115.0792195	1.886295	0.798636813
675	0.332818	123.1107501	2.099359	0.840262357
676	0.370458	117.9956211	2.076981	0.812150226
677	0.411788	124.7397766	1.985852	0.824655768
678	0.345965	120.7580442	2.05854	0.822500368
679	0.337667	122.9253442	2.067388	0.810003574
680	0.474021	117.6587144	1.890805	0.77659704
681	0.413128	115.2880205	1.949734	0.806259459
682	0.309194	117.6806101	2.09721	0.817527119
683	0.52563	116.2720349	1.820065	0.764426171
684	0.433303	121.9165125	1.965521	0.808796489
685	0.313582	118.4003615	2.113749	0.828460219
686	0.322723	118.2586557	2.086379	0.818641442
687	0.281207	126.5791515	2.165578	0.836415727
688	0.340344	120.121369	2.053204	0.83051112
689	0.36939	121.6288134	2.046628	0.82591216
690	0.461834	115.0123202	1.904791	0.778603952
691	0.469729	112.1663249	1.890424	0.794496231
692	0.40085	119.5261722	1.986187	0.797223647
693	0.355062	121.2840279	2.041074	0.814746365
694	0.417603	121.7738517	1.991257	0.808304511
695	0.423169	110.499795	1.931962	0.792446403
696	0.262111	122.9158004	2.17476	0.833121559
697	0.27668	123.7504462	2.16612	0.844610845
698	0.433608	112.8297739	1.923707	0.803942639
699	0.291895	122.7501927	2.138118	0.826612186
700	0.329505	120.0217552	2.097789	0.824439521
701	0.328171	119.725764	2.10682	0.8278569
702	0.37635	120.3682241	2.046715	0.803205043
703	0.374121	120.7050966	2.048156	0.81055467
704	0.388037	119.4681205	2.049373	0.820178135
705	0.176777	128.3065457	2.239406	0.862592375
706	0.34658	121.455294	2.080955	0.830220757
707	0.377305	119.2419212	2.035288	0.813162389
708	0.306908	123.204128	2.12925	0.832263857
709	0.481345	114.8949914	1.888769	0.797164637
710	0.310334	121.1508657	2.101393	0.834063844
711	0.2822	123.7873094	2.168058	0.838216915
712	0.288934	124.3878812	2.140733	0.836963309
713	0.479853	110.6636165	1.867302	0.791967143
714	0.338318	119.6451809	2.066921	0.816199319
715	0.363721	122.4713538	2.063534	0.83187687
716	0.414429	117.3396056	1.962423	0.803738298
717	0.35467	116.8684823	2.075371	0.816323645
718	0.269382	124.396445	2.164895	0.843342106
719	0.395111	112.3152778	1.999391	0.811127764
720	0.379278	116.302167	1.996204	0.818488523
721	0.265263	122.5719469	2.163999	0.844699713
722	0.393609	121.2377969	2.025566	0.81273598
723	0.488535	115.2493416	1.881735	0.792081345
724	0.373657	116.0356441	2.023988	0.809254758
725	0.319463	129.5964602	2.115328	0.814228133
726	0.435177	113.9821429	1.952953	0.806241983
727	0.379786	118.4464045	2.023888	0.815791388
728	0.390009	112.6569153	1.981699	0.800529766
729	0.316988	121.5050817	2.115614	0.831085476
730	0.239598	125.7917908	2.199241	0.852854264
731	0.316466	122.9087384	2.08694	0.838026205
732	0.284237	122.6974163	2.149391	0.835719192
733	0.402413	115.2579862	2.012131	0.806267165
734	0.341604	119.7575268	2.060278	0.820062092
735	0.443429	116.3582269	1.939799	0.79521953
736	0.40161	113.1565376	1.984677	0.796103014
737	0.281537	123.8021248	2.097202	0.814685918
738	0.267752	127.0901201	2.17561	0.851868398
739	0.297929	126.1893849	2.139487	0.840732933
740	0.429175	115.3244766	1.951615	0.782487673
741	0.438765	114.80697	1.91847	0.819869344
742	0.389743	121.0801164	2.038925	0.823525127
743	0.40602	123.235413	2.003509	0.809567024
744	0.353951	118.6165996	2.052392	0.813540628
745	0.374432	123.6782915	1.992823	0.804135199
746	0.299264	122.2623323	2.131913	0.831056129
747	0.353346	120.8528807	2.068052	0.814613073
748	0.455516	112.0157106	1.889043	0.785609615
749	0.3497	125.9588222	2.08694	0.835275247
750	0.433674	119.6836541	1.974398	0.800461289
751	0.426782	116.7949351	1.937337	0.800937594
752	0.442211	120.047599	1.946785	0.797679175
753	0.398158	117.6662563	1.966983	0.820167337
754	0.340687	113.8066157	2.02398	0.814602673
755	0.344114	117.3846667	2.031327	0.800770505
756	0.471056	117.0891804	1.833591	0.79603596
757	0.398985	115.5399777	1.980066	0.805071778
758	0.278515	128.0507271	2.15974	0.847774586
759	0.403364	115.3710667	1.993995	0.795230972
760	0.382236	128.3109152	2.052365	0.788401607
761	0.485011	113.479318	1.891568	0.785490836
762	0.29454	127.7115931	2.153903	0.844283434
763	0.433631	110.7173856	1.931674	0.792359404
764	0.429068	115.5195788	1.953037	0.812534585
765	0.405531	121.2072121	2.005695	0.817262188
766	0.395974	119.5429718	2.025882	0.825042857
767	0.272666	116.5962161	2.151012	0.828798778
768	0.172709	129.2373616	2.249382	0.862263339
769	0.319201	124.3473494	2.118682	0.799762071
770	0.24088	125.5112599	2.192834	0.85679735
771	0.31918	118.8134295	2.122185	0.812767617
772	0.414456	114.1952486	1.975261	0.788832607
773	0.438019	110.5643004	1.95371	0.794815567
774	0.362085	117.3333163	2.037375	0.817955674
775	0.504406	116.5458526	1.841158	0.772635567
776	0.475906	116.7515656	1.864052	0.792079164
777	0.434452	113.0937805	1.917291	0.7861058
778	0.302216	119.4221649	2.127699	0.817897364
779	0.325913	117.6936075	2.092939	0.828552926
780	0.212126	120.3232779	2.21834	0.836929091
781	0.449094	118.3513133	1.914232	0.800273469
782	0.409284	124.207366	2.004141	0.81332243
783	0.326163	117.1175267	2.072618	0.823083059
784	0.45487	112.4445212	1.916668	0.790597846
785	0.258354	119.5816137	2.181375	0.825095712
786	0.244923	124.8925508	2.181147	0.842071786
787	0.479889	117.4301025	1.881161	0.81289828
788	0.286078	120.7839746	2.139933	0.831639984
789	0.274583	122.9631701	2.154773	0.835468701
790	0.357341	116.667066	2.035763	0.808234056
791	0.370448	112.7382799	1.985733	0.777431491
792	0.484801	110.3753199	1.868709	0.787533804
793	0.351739	120.9892561	2.077497	0.810816791
794	0.329865	117.8542557	2.111533	0.822218814
795	0.281632	128.9637292	2.150756	0.838523105
796	0.496579	115.2740473	1.853702	0.780745785
797	0.367396	121.6243308	2.054676	0.81707861
798	0.353614	122.934987	2.06381	0.832059193
799	0.330986	115.4045869	2.067101	0.814347414
800	0.484228	116.7264175	1.899541	0.788534622
801	0.340228	115.7910769	2.061719	0.816719985
802	0.330747	121.4210113	2.064416	0.83616789
803	0.300149	123.2925876	2.127826	0.831468871
804	0.44573	115.7036895	1.92994	0.806406753
805	0.37295	117.85028	2.023732	0.813584281
806	0.463838	116.2728404	1.882436	0.803767774
807	0.390052	117.001615	2.028119	0.815949458
808	0.398781	120.4827313	1.990149	0.806143378
809	0.250852	124.4820103	2.181029	0.841115922
810	0.319426	120.8873952	2.105459	0.828571072
811	0.445347	121.0907636	1.946014	0.782234533
812	0.303125	125.0440514	2.107577	0.819170068
813	0.307174	123.4718795	2.121607	0.826592289
814	0.280979	125.7466012	2.150024	0.812502951
815	0.412916	126.8013111	1.997113	0.835810235
816	0.389892	118.9268899	1.995517	0.823811834
817	0.315762	125.579937	2.138015	0.852516849
818	0.38591	119.5346662	1.962263	0.825062795
819	0.48658	112.3245343	1.849267	0.782728957
820	0.418287	121.9975158	1.935709	0.835865249
821	0.492222	112.2579227	1.867343	0.785474262
822	0.431145	113.124564	1.933213	0.798954068
823	0.27731	122.873951	2.127	0.840535671
824	0.32301	122.0010159	2.106541	0.841886062
825	0.310256	122.2582676	2.128165	0.834450074
826	0.33483	122.9376413	2.086171	0.835125237
827	0.358846	119.990248	2.058105	0.823976126
828	0.425248	114.9099089	1.946927	0.791183934
829	0.436803	114.3896136	1.935138	0.793019752
830	0.319469	119.349167	2.071826	0.807697108
831	0.440532	112.7152723	1.883819	0.769008984
832	0.415094	112.8809446	1.942296	0.806123157
833	0.406503	122.3829672	2.001149	0.797198872
834	0.345427	126.8150243	2.073043	0.826905766
835	0.286152	117.001015	2.126635	0.824187062
836	0.327933	121.084754	2.101777	0.833097968
837	0.475902	111.2756528	1.857636	0.767545154
838	0.499491	120.2426009	1.794779	0.806301349
839	0.33929	123.7139271	2.093011	0.85346159
840	0.36746	128.1591448	2.070615	0.830555764
841	0.360246	117.8408863	2.012169	0.807364686
842	0.410529	109.1552464	1.96433	0.799020193
843	0.305372	119.3197091	2.073424	0.828213518
844	0.316107	115.6373421	2.105747	0.828079755
845	0.384858	118.7035857	2.052372	0.820874916
846	0.347034	123.2895325	2.047194	0.834569059
847	0.309949	119.5640772	2.093636	0.823351461
848	0.302326	125.4374626	2.132922	0.842337099
849	0.302516	119.6146256	2.102942	0.820047197
850	0.430108	112.3836263	1.957786	0.750187685
851	0.397074	109.481691	1.965103	0.79447882
852	0.387284	119.301516	2.020858	0.825852995
853	0.373641	111.7822657	1.989235	0.801812354
854	0.452087	122.3689984	1.884359	0.820796913
855	0.250873	125.6620872	2.179304	0.852017558
856	0.269481	119.5026627	2.149475	0.836899379
857	0.421766	114.5201279	1.963532	0.798471982
858	0.33314	126.1440474	2.095673	0.82346249
859	0.271139	124.56421	2.148093	0.843556565
860	0.516901	114.1927089	1.824307	0.764203776
861	0.362177	121.8939993	2.058107	0.830044815
862	0.397689	116.2354109	1.988137	0.806720197
863	0.333747	119.8183817	2.07208	0.825063513
864	0.358634	122.8345779	2.050457	0.829376535
865	0.418802	121.4292616	1.956656	0.816650716
866	0.396626	121.3363318	2.009226	0.825888928
867	0.366097	117.3919829	2.044756	0.824303415
868	0.281851	122.026085	2.158011	0.842507563
869	0.373453	114.641992	2.058668	0.816441048
870	0.395074	117.7617648	2.030948	0.798041735
871	0.537323	110.2874023	1.784986	0.7134352
872	0.263389	127.9870122	2.14114	0.848912381
873	0.284646	124.3146695	2.139893	0.834394048
874	0.344089	120.6957053	2.071831	0.827589236
875	0.3365	117.8524427	2.082537	0.805984925
876	0.434284	118.7848111	1.961308	0.795015366
877	0.285051	118.812241	2.143424	0.821053109
878	0.374081	121.0572824	2.013614	0.814615571
879	0.260542	125.9975861	2.172975	0.841720154
880	0.38932	122.0612622	1.999982	0.8389974
881	0.436944	109.9415126	1.888455	0.786097623
882	0.39157	120.2425574	2.02156	0.817766428
883	0.245111	121.824205	2.193745	0.833625638
884	0.414055	115.6091163	1.946295	0.805252862
885	0.325615	125.8313003	2.10701	0.839001929
886	0.503402	110.6982604	1.828218	0.786663818
887	0.350424	122.6769103	2.06997	0.805773658
888	0.143954	126.019773	2.268602	0.855798172
889	0.461732	114.4385791	1.874786	0.806408769
890	0.362688	119.869353	2.006851	0.820889235
891	0.394095	124.7299539	2.004627	0.823037711
892	0.342984	120.155906	2.084644	0.837196855
893	0.386836	120.8451026	2.006271	0.814239886
894	0.389526	119.7071787	1.993583	0.809797305
895	0.361099	119.4011089	2.02928	0.820755691
896	0.384704	121.7125624	2.024757	0.825142648
897	0.431764	111.1616852	1.954076	0.783281204
898	0.346142	120.1794841	2.082138	0.83368001
899	0.406768	116.4291618	1.982733	0.802947229
900	0.469999	111.0743945	1.850629	0.779227795
901	0.377744	120.9707048	1.990674	0.834813094
902	0.491887	116.4838127	1.820624	0.788323343
903	0.245058	124.0668568	2.200788	0.843583628
904	0.263882	120.3919362	2.155711	0.838653522
905	0.400858	121.4352813	1.985914	0.833345608
906	0.276694	124.6957447	2.156165	0.83790737
907	0.324719	117.3637411	2.097771	0.819430263
908	0.417539	115.6262797	1.949225	0.796703419
909	0.500662	115.3151288	1.832851	0.803122516
910	0.462557	111.348988	1.891353	0.779450726
911	0.444807	121.3804228	1.930699	0.804529556
912	0.370631	117.8748984	2.04056	0.803984944
913	0.510782	118.3350584	1.833787	0.759876354
914	0.283124	122.1870836	2.134967	0.836301613
915	0.431503	116.4293334	1.943751	0.800880945
916	0.456621	111.5248714	1.895828	0.780499839
917	0.307408	115.2974946	2.07476	0.801093909
918	0.451187	112.9573077	1.948188	0.793905825
919	0.370787	112.0354039	2.007276	0.803048207
920	0.399004	114.6267002	1.970292	0.784671476
921	0.433982	114.8607718	1.92784	0.805157197
922	0.388507	116.3054074	1.984772	0.807802924
923	0.411744	114.0930387	1.971306	0.795770107
924	0.258679	123.0641957	2.141609	0.829408802
925	0.378158	119.7343492	2.018915	0.811000871
926	0.299018	116.5322949	2.084939	0.815743374
927	0.309511	125.0068518	2.126402	0.835997581
928	0.481823	123.0796072	1.89933	0.808283967
929	0.293346	123.2043714	2.137803	0.837941707
930	0.347534	118.9593139	2.055538	0.811454259
931	0.421324	116.4199595	1.954386	0.821323876
932	0.34397	117.716176	2.044139	0.832093668
933	0.424279	112.3515155	1.930648	0.780677055
934	0.356185	124.4162463	2.092506	0.822370736
935	0.430694	115.3919944	1.917823	0.809307706
936	0.28316	124.8183407	2.149418	0.842255226
937	0.309307	124.8717906	2.092851	0.835125686
938	0.335264	120.1759676	2.08016	0.833709784
939	0.267025	125.6473835	2.175286	0.847363208
940	0.409285	122.4337956	1.960825	0.830266311
941	0.390436	113.2488835	1.998151	0.819883792
942	0.450577	111.4768248	1.919705	0.79168366
943	0.324145	117.2246218	2.116489	0.818256842
944	0.311075	122.1330259	2.12731	0.832609495
945	0.292603	123.5335323	2.14869	0.851455613
946	0.399943	126.1524137	2.000726	0.815245338
947	0.44786	123.2820631	1.946878	0.807299516
948	0.280169	126.8252607	2.145256	0.841996659
949	0.376908	117.9918811	2.039768	0.801772302
950	0.350532	117.2460353	2.050128	0.79804764
951	0.389562	122.0225951	1.999326	0.828079663
952	0.304978	122.5581804	2.121713	0.831000672
953	0.307581	123.5183425	2.132182	0.838283646
954	0.413695	117.7941147	1.997592	0.797835166
955	0.380191	115.4138328	2.029956	0.800344812
956	0.344432	121.5400499	2.047538	0.835535993
957	0.215297	128.1786373	2.193571	0.867451551
958	0.335966	118.375771	2.038665	0.81340465
959	0.397026	122.0070283	2.007793	0.820378435
960	0.450648	118.8409074	1.920774	0.820374142
961	0.353183	116.0240128	2.0488	0.816885433
962	0.376863	119.9517469	2.027219	0.815256769
963	0.417094	116.5928597	1.964033	0.792965652
964	0.284323	119.3590576	2.130198	0.823974892
965	0.352071	120.6503868	2.055661	0.822887681
966	0.358559	120.0458239	2.061046	0.802562208
967	0.5056	120.7014226	1.855819	0.799389186
968	0.295853	115.5535618	2.104773	0.826554814
969	0.309376	122.9395358	2.12834	0.83944236
970	0.3194	118.9538447	2.064721	0.823141625
971	0.381608	119.5928068	1.984623	0.819762954
972	0.439309	116.846727	1.948053	0.817399704
973	0.31438	115.9752593	2.082291	0.822130237
974	0.31384	125.283278	2.089536	0.843235321
975	0.356855	122.5715077	2.081982	0.825891724
976	0.491783	115.5928643	1.819161	0.789975712
977	0.392718	122.4174938	2.002804	0.804580686
978	0.446922	117.8495478	1.944262	0.788911934
979	0.324488	120.6113638	2.102793	0.828088402
980	0.29472	116.3231763	2.098056	0.833649815
981	0.417974	118.6548956	1.954832	0.8221127
982	0.403793	112.2263972	2.000553	0.800700022
983	0.440239	116.0669171	1.923666	0.803072101
984	0.404039	112.2833184	1.969494	0.797319071
985	0.365692	114.8551522	2.0519	0.819288016
986	0.374592	118.724627	2.022538	0.817459776
987	0.379443	116.9429278	2.025081	0.808540593
988	0.307955	125.2944707	2.098016	0.835080094
989	0.472959	121.3222423	1.90535	0.781879468
990	0.347651	117.2853533	2.084843	0.819732387
991	0.362222	122.3260755	2.06777	0.812359678
992	0.320469	115.2192761	2.084467	0.811712574
993	0.334798	122.8004597	2.098318	0.819461137
994	0.353016	123.4371108	2.040411	0.812320595
995	0.296094	116.4781182	2.135943	0.816121985
996	0.322886	120.3548764	2.105051	0.830225332
997	0.417373	123.453045	1.926576	0.838569996
998	0.436975	122.5880354	1.96228	0.79594878
999	0.388727	113.7362176	1.982364	0.78092925
1000	0.382981	114.1504884	1.997643	0.801413162