rep	aei_left	left_area	adi_left	H
1	0.483764	114.5845313	1.863183	0.790006785
2	0.455936	114.1003476	1.892318	0.786001286
3	0.381392	115.6433358	1.997255	0.798695984
4	0.313524	136.2961181	2.131939	0.861496685
5	0.373319	119.0207433	2.042594	0.805252484
6	0.383772	120.0581768	2.019081	0.799394822
7	0.327257	125.852455	2.102318	0.80628837
8	0.403332	108.7552238	1.98628	0.785371788
9	0.517881	114.8562849	1.826026	0.780407527
10	0.386587	119.3585423	2.030713	0.800270022
11	0.466562	111.1517025	1.899066	0.756197453
12	0.340946	130.435517	2.093002	0.828432013
13	0.355408	119.1884353	2.085091	0.785232449
14	0.469462	115.8857028	1.906536	0.76543846
15	0.434082	119.4596732	1.95112	0.786166146
16	0.323579	125.304592	2.10882	0.808946764
17	0.412826	123.7749906	2.01433	0.809479984
18	0.437429	118.5050143	1.981989	0.804488626
19	0.368928	112.8350874	2.025769	0.768747721
20	0.393633	120.0730964	2.048694	0.800167147
21	0.274537	127.9384864	2.176793	0.848383347
22	0.483704	117.9630848	1.862963	0.797319657
23	0.378222	119.426712	2.046809	0.785631378
24	0.526182	107.5407129	1.775656	0.733741598
25	0.259961	127.8371378	2.182753	0.836300153
26	0.382511	116.9211322	2.020026	0.806183548
27	0.441892	123.8908679	1.96115	0.800640693
28	0.309355	118.4589507	2.13469	0.819714965
29	0.374632	112.6684735	2.02933	0.772645122
30	0.369286	121.2152263	2.062368	0.798809242
31	0.331246	124.1874987	2.07287	0.814551863
32	0.451402	122.7809619	1.95965	0.805609909
33	0.515269	116.0483385	1.840589	0.753614624
34	0.374102	119.2890575	2.031233	0.792229331
35	0.400816	116.3835484	1.985005	0.789248999
36	0.455021	115.6308484	1.934544	0.787806061
37	0.415101	111.5799341	1.964063	0.786836616
38	0.434359	114.7889763	1.943652	0.784989697
39	0.348996	119.3048744	2.053727	0.801121071
40	0.363763	114.4347943	2.032766	0.788301115
41	0.395631	117.0792656	2.00455	0.753235861
42	0.34424	121.5173888	2.07082	0.808434709
43	0.420381	115.402047	1.960255	0.782228023
44	0.355574	115.7333012	2.039576	0.804432627
45	0.501839	114.6742712	1.823132	0.767130754
46	0.429113	114.8835052	1.938147	0.783142472
47	0.415508	120.2250468	1.938121	0.824001079
48	0.386359	123.4435707	2.048084	0.807957591
49	0.298712	124.1217983	2.126202	0.81808799
50	0.231931	132.1560135	2.213639	0.836463646
51	0.403699	115.9448945	1.968702	0.76537845
52	0.382652	117.7269069	2.047709	0.776266157
53	0.526549	116.1204608	1.813482	0.78600043
54	0.395398	116.0277707	1.987551	0.801396671
55	0.393439	117.4217599	2.009262	0.821810457
56	0.364944	116.2019828	2.038609	0.795680365
57	0.40821	116.990689	1.991746	0.840265376
58	0.472502	114.6223152	1.906791	0.768121007
59	0.413748	117.5800177	1.973707	0.800979404
60	0.465223	114.3552031	1.925795	0.779856791
61	0.303258	124.6699896	2.153561	0.833195165
62	0.525106	109.6181796	1.8113	0.764587357
63	0.520198	107.7989537	1.80791	0.760087769
64	0.324303	122.7749814	2.106656	0.823482753
65	0.413521	117.1626192	1.990838	0.797798194
66	0.524763	120.2621843	1.801328	0.764104331
67	0.369861	123.7451455	2.047698	0.81680375
68	0.355635	117.8963157	2.045263	0.814707779
69	0.372384	119.5828099	2.018497	0.804471365
70	0.467504	111.9580529	1.88029	0.762875129
71	0.452975	120.1539964	1.942704	0.802218139
72	0.394314	117.0763382	2.019242	0.792111852
73	0.337672	116.4786466	2.056469	0.803414298
74	0.409003	116.0425253	1.92754	0.805359259
75	0.545532	111.441719	1.753112	0.758752174
76	0.249704	119.9340935	2.163367	0.818389321
77	0.481235	115.7818423	1.845773	0.750228874
78	0.366016	117.1709573	2.010162	0.790729254
79	0.356378	122.1085608	2.077835	0.818257251
80	0.398895	124.4525303	1.997504	0.812255389
81	0.387614	120.8109191	2.022756	0.80204498
82	0.457531	111.2167038	1.908189	0.735703844
83	0.371534	119.1466375	2.055641	0.815996879
84	0.468415	123.224791	1.92829	0.770715957
85	0.300581	120.2063508	2.108565	0.792058228
86	0.435209	114.6198285	1.933391	0.808138414
87	0.539407	112.7681602	1.79315	0.75793923
88	0.27148	119.2586078	2.17798	0.814106114
89	0.492314	122.654022	1.876068	0.806982281
90	0.469439	108.1023655	1.896099	0.731976424
91	0.385192	114.7996033	1.984678	0.796671478
92	0.431302	120.3039078	1.94342	0.749300679
93	0.456275	120.6623669	1.937847	0.789649694
94	0.387519	115.2658432	1.966445	0.799648552
95	0.322683	119.6271077	2.130849	0.803511488
96	0.368691	113.5139268	2.043118	0.779953938
97	0.340912	119.6855148	2.075023	0.821036307
98	0.32842	122.451738	2.089458	0.800618475
99	0.325457	119.0142467	2.098393	0.815042358
100	0.461388	119.3136954	1.934501	0.771187924
101	0.322904	128.9584007	2.11882	0.839186709
102	0.353942	117.7158616	2.065978	0.805739302
103	0.482638	108.4598151	1.854278	0.774844471
104	0.477127	118.0518359	1.902803	0.783362297
105	0.45415	116.463213	1.931045	0.806734339
106	0.470291	110.4784172	1.912522	0.768268835
107	0.408684	117.049332	1.963013	0.774232635
108	0.342655	118.8421607	2.063528	0.824247229
109	0.331163	130.8186622	2.107084	0.856002109
110	0.446543	122.7938462	1.946495	0.837944199
111	0.488643	116.1375502	1.852929	0.802777768
112	0.513873	117.2355489	1.81135	0.762440377
113	0.40242	120.3669509	2.022014	0.803281944
114	0.425138	121.00572	1.977707	0.796291777
115	0.364554	111.7746537	2.018244	0.788713806
116	0.492225	113.9719486	1.827451	0.796318165
117	0.419842	114.2487907	1.958643	0.805636121
118	0.48103	116.6301886	1.855731	0.800522594
119	0.430339	120.0554423	1.973209	0.810145394
120	0.499235	111.5797484	1.829054	0.761594781
121	0.511722	116.8821116	1.770378	0.75943757
122	0.340361	115.1937508	2.088893	0.809147849
123	0.549369	113.8109384	1.770596	0.778167762
124	0.383314	118.1406444	2.031154	0.788006286
125	0.35266	116.3159336	2.063575	0.794036359
126	0.336622	115.9197378	2.090799	0.803312441
127	0.435803	115.5182092	1.930738	0.80673733
128	0.335584	124.9923757	2.10324	0.822560158
129	0.441326	111.4084031	1.961693	0.785440816
130	0.337113	111.6578499	2.101475	0.777633983
131	0.448211	116.7370946	1.969005	0.771436871
132	0.439918	117.5214389	1.92343	0.777138021
133	0.259736	121.2164747	2.150121	0.825274848
134	0.390922	116.7173398	1.999044	0.818442692
135	0.432478	115.850631	1.951027	0.81885061
136	0.39132	115.1935136	1.984959	0.795446478
137	0.38009	115.7880715	2.019987	0.801815682
138	0.401284	109.290571	1.978516	0.77527935
139	0.287333	122.4539428	2.123135	0.817163958
140	0.446043	118.3564354	1.96108	0.790527949
141	0.420141	118.8744105	1.952638	0.794925488
142	0.405254	117.7590782	1.968395	0.751706673
143	0.35675	121.8711851	2.033796	0.80983799
144	0.303909	118.0267319	2.115338	0.795034036
145	0.41327	115.488759	2.018357	0.783651312
146	0.448729	115.1723472	1.929962	0.768571296
147	0.371782	116.4560799	2.029788	0.782058665
148	0.356179	117.2961881	2.07087	0.795301105
149	0.389046	123.1384096	2.042688	0.815695951
150	0.447705	114.5923237	1.920468	0.797246334
151	0.427527	119.4529677	1.964119	0.802830093
152	0.311669	124.5364382	2.115645	0.810615726
153	0.499368	111.2146539	1.787774	0.758734609
154	0.505672	110.8682791	1.863821	0.755657466
155	0.513823	110.6528134	1.80959	0.766899947
156	0.428034	118.6570758	1.909554	0.791160118
157	0.31027	121.8759612	2.133644	0.807056834
158	0.417308	113.2058458	1.937403	0.783407814
159	0.457452	121.9532151	1.946207	0.78518106
160	0.387048	118.0779315	2.041122	0.786062972
161	0.320743	120.245347	2.101382	0.812463031
162	0.474345	119.8941716	1.881641	0.763638669
163	0.407846	111.7103977	1.993063	0.761456834
164	0.527596	119.5052557	1.808373	0.800432946
165	0.428536	114.5116285	1.948028	0.80250455
166	0.376486	118.4124782	2.063925	0.810753173
167	0.462321	122.0677197	1.925645	0.82158017
168	0.468871	120.1939699	1.896309	0.788635506
169	0.369636	121.5114278	2.047459	0.800365404
170	0.30206	122.6172603	2.09852	0.813017018
171	0.433629	119.2456064	1.961449	0.780633002
172	0.417655	108.3659413	1.975019	0.750413376
173	0.275245	129.8161405	2.177352	0.813081261
174	0.443699	119.5786345	1.920272	0.779174966
175	0.299026	116.841045	2.10516	0.791320641
176	0.367748	115.2905676	2.059283	0.797493627
177	0.480922	115.0214472	1.872762	0.716092035
178	0.433966	117.1523622	1.956137	0.812672769
179	0.348365	112.5099003	2.036116	0.791264627
180	0.324382	123.7703821	2.12293	0.802753204
181	0.262419	120.0981323	2.124618	0.793346015
182	0.355294	114.7102078	2.064195	0.807914061
183	0.622427	110.8829224	1.599799	0.72916964
184	0.445705	119.2615367	1.964749	0.796612482
185	0.315218	121.6021137	2.134238	0.789135608
186	0.360581	114.3665487	2.053841	0.779889528
187	0.346877	127.3774355	2.11018	0.817364423
188	0.386084	125.3343593	2.036857	0.82167494
189	0.441074	114.990616	1.932678	0.791699776
190	0.568503	105.0732906	1.719156	0.740027388
191	0.343841	121.975712	2.069119	0.819877472
192	0.382546	115.9086491	2.023674	0.80880389
193	0.395563	112.7091976	1.966482	0.776318148
194	0.3105	120.3574406	2.104536	0.823173713
195	0.402614	118.615378	1.978825	0.803532158
196	0.431827	119.6681077	1.988502	0.817684304
197	0.326729	119.2448008	2.075714	0.804931963
198	0.425481	110.357181	1.959903	0.76843153
199	0.405172	118.5610273	1.980435	0.815340931
200	0.413763	108.1850209	1.947457	0.797957668
201	0.373204	121.1849854	2.070114	0.799750828
202	0.429076	112.1460042	1.950577	0.770299818
203	0.440674	114.454782	1.911775	0.795538054
204	0.422407	115.3052416	1.989207	0.801644649
205	0.42251	113.7858797	1.933269	0.788134185
206	0.427242	117.0267701	1.973409	0.801514475
207	0.353205	123.4734842	2.035983	0.79606406
208	0.376011	111.8136054	1.98394	0.773985537
209	0.458333	116.367205	1.893593	0.782795414
210	0.341438	128.0161827	2.102514	0.800978405
211	0.33761	119.216106	2.090875	0.814315077
212	0.323774	116.8065488	2.101249	0.816238569
213	0.398173	123.4892406	2.031389	0.81168202
214	0.298264	126.4412483	2.151603	0.825842991
215	0.29403	128.6232118	2.151025	0.826473033
216	0.264791	133.6410184	2.189699	0.835576956
217	0.467094	112.3036905	1.87998	0.784500401
218	0.456881	111.9917674	1.908427	0.764650864
219	0.412587	114.1349523	2.011669	0.773087216
220	0.411455	116.908853	1.967637	0.790758265
221	0.280882	126.060627	2.134747	0.816074048
222	0.404477	122.2730679	1.97641	0.809256238
223	0.40812	115.9723976	1.967324	0.784709973
224	0.450195	114.6237835	1.895868	0.78678433
225	0.355562	120.8224373	2.064165	0.808032274
226	0.404467	124.4741254	2.011783	0.801718019
227	0.424509	115.2812298	1.959785	0.801785287
228	0.399181	113.9288267	2.017028	0.750349736
229	0.357416	121.2917057	2.072826	0.804680146
230	0.483921	115.3750602	1.862402	0.79735701
231	0.407616	113.8935845	1.966917	0.789961417
232	0.366761	112.7737184	1.989624	0.796790422
233	0.305189	120.4316594	2.136577	0.829352995
234	0.427931	111.1503647	1.91728	0.800409713
235	0.387448	125.0675883	2.042507	0.837020053
236	0.381537	120.7185889	2.03825	0.780846086
237	0.381822	121.4194086	2.05528	0.819261147
238	0.28684	121.8319538	2.15585	0.823078648
239	0.52226	111.1314684	1.799665	0.780730447
240	0.390361	126.299512	2.027102	0.801555009
241	0.337056	119.4768149	2.068132	0.803559996
242	0.282986	121.534997	2.152955	0.816641169
243	0.422694	115.8900024	1.95381	0.771265887
244	0.494945	109.1462094	1.857617	0.750488577
245	0.64106	109.1545461	1.536586	0.725089973
246	0.354639	117.893369	2.056298	0.790450337
247	0.436574	113.1008613	1.937886	0.779960351
248	0.411274	114.5257454	1.974636	0.769564706
249	0.32252	120.7835342	2.091987	0.815575653
250	0.461606	120.1669637	1.905859	0.824268438
251	0.333555	115.801412	2.066402	0.798834601
252	0.430895	112.5775967	1.942238	0.785568655
253	0.379022	127.3444013	2.041969	0.80961091
254	0.506464	119.8245287	1.831314	0.809232553
255	0.434706	115.0066549	1.968156	0.78698764
256	0.309469	118.0656188	2.119412	0.813134399
257	0.396458	120.9631609	2.010475	0.806952269
258	0.406778	108.1141986	1.941675	0.789574711
259	0.374512	117.3969538	2.004722	0.793403141
260	0.438927	124.7929088	1.94735	0.801211782
261	0.27064	117.6254037	2.156335	0.777662642
262	0.395347	113.8403983	2.007605	0.798892945
263	0.385213	109.617833	2.034138	0.75809696
264	0.402974	114.444401	1.991672	0.782806543
265	0.351845	114.6569568	2.047854	0.790462993
266	0.351557	114.3648584	2.0591	0.784125204
267	0.352446	126.693935	2.098978	0.8009574
268	0.238656	129.7154237	2.196899	0.809354308
269	0.406239	119.4215653	1.944148	0.82302977
270	0.369708	121.4600481	2.033176	0.80664537
271	0.375971	114.4539791	2.020685	0.783608537
272	0.504287	117.3438004	1.855799	0.787677807
273	0.290651	122.2222986	2.14034	0.790064328
274	0.53628	110.5421055	1.771174	0.747288684
275	0.393343	115.1480933	2.01769	0.790293404
276	0.398022	113.2603855	1.992311	0.785370303
277	0.343665	117.9956969	2.113927	0.790240024
278	0.461005	112.710046	1.861342	0.783767528
279	0.272459	119.5098258	2.177638	0.819892394
280	0.432637	108.5946291	1.925408	0.777353931
281	0.449406	116.7020169	1.921232	0.77506424
282	0.458649	105.4015953	1.902959	0.750121692
283	0.483355	118.7773185	1.887825	0.761213446
284	0.421733	107.5151964	1.907445	0.759151862
285	0.434221	117.5423178	1.956296	0.766290482
286	0.432888	117.824344	1.985624	0.766312397
287	0.446599	113.5270041	1.946503	0.762307806
288	0.38255	114.5081362	2.023607	0.796879587
289	0.455629	114.139664	1.893906	0.781991809
290	0.394049	116.8147363	1.996118	0.783086038
291	0.437805	126.3335369	1.962743	0.806140694
292	0.42548	117.502483	1.975105	0.799597299
293	0.455876	107.1211005	1.859776	0.783191185
294	0.533872	115.737022	1.768421	0.778912516
295	0.463936	114.9899302	1.867842	0.780148443
296	0.43784	117.4090494	1.923215	0.783898412
297	0.327192	122.9716377	2.084617	0.836424524
298	0.323308	123.4569125	2.125915	0.810194289
299	0.432652	116.1708086	1.97824	0.769252905
300	0.427715	117.4788881	1.978207	0.807691087
301	0.54218	111.4783864	1.778852	0.73296287
302	0.320159	116.6655103	2.092406	0.801104473
303	0.355801	121.989091	2.005413	0.795813598
304	0.45598	114.0761008	1.901435	0.784598999
305	0.39839	115.4251235	1.964783	0.797263098
306	0.389749	116.291545	2.005102	0.790018286
307	0.432178	122.576766	1.910522	0.816463936
308	0.304811	123.9928423	2.14526	0.811451369
309	0.410937	117.5586937	1.9691	0.794732209
310	0.388831	120.1841079	1.995208	0.807945085
311	0.461466	114.3901708	1.904012	0.739962461
312	0.203004	127.5923185	2.22497	0.811899631
313	0.51037	112.5466009	1.855869	0.737659133
314	0.276051	122.5240106	2.171494	0.836019418
315	0.407867	118.1715512	1.969816	0.784815521
316	0.480816	115.7979522	1.855468	0.78928036
317	0.268167	128.3107503	2.176122	0.82873178
318	0.448577	115.4022919	1.902145	0.791086137
319	0.410894	115.2987877	1.992656	0.796731999
320	0.309986	117.4330225	2.123128	0.807448597
321	0.442459	114.3320925	1.951632	0.780018856
322	0.469523	124.0129134	1.931372	0.825603461
323	0.305113	118.1094672	2.135312	0.813247234
324	0.423607	120.248636	1.981584	0.777827404
325	0.427854	115.1789463	1.956097	0.796169714
326	0.308658	126.0642053	2.105469	0.820081782
327	0.210443	130.1483906	2.225546	0.838144928
328	0.305897	116.3780866	2.111274	0.80923042
329	0.389393	115.2979641	2.037719	0.802907517
330	0.383614	120.2442084	2.008205	0.807748033
331	0.271993	122.1840609	2.17133	0.83190046
332	0.36966	121.146506	2.035216	0.808061548
333	0.30421	125.1521358	2.132069	0.818231744
334	0.518685	110.0744472	1.783426	0.789317609
335	0.26852	126.117633	2.148769	0.835763181
336	0.521617	119.9304658	1.793422	0.767422008
337	0.422958	115.1785168	1.968748	0.794401432
338	0.511503	114.3456271	1.808204	0.792141223
339	0.39869	115.9729039	2.00354	0.793152636
340	0.42517	114.6273735	1.946407	0.780349231
341	0.325686	116.6729729	2.110885	0.813915497
342	0.237935	125.7785815	2.199481	0.843828303
343	0.443549	110.7756901	1.923993	0.770377165
344	0.322677	121.1292374	2.093035	0.828066877
345	0.388829	118.2430354	2.044148	0.772168221
346	0.319151	124.5174095	2.101503	0.833568718
347	0.36571	119.7808255	2.066752	0.836021139
348	0.423974	124.6143123	1.949841	0.757914971
349	0.411292	116.1730633	1.944598	0.811493954
350	0.450622	120.5491244	1.935701	0.787349008
351	0.351992	117.1689454	2.099107	0.799249999
352	0.387314	125.265177	1.997945	0.81152066
353	0.282494	125.8937749	2.163638	0.8142698
354	0.444504	111.9803005	1.920342	0.762671837
355	0.397285	126.901808	2.025473	0.822763009
356	0.346592	116.890844	2.085333	0.7883975
357	0.482782	119.0134558	1.898355	0.789246798
358	0.419518	115.9402788	1.916465	0.793634026
359	0.510768	117.9221614	1.839935	0.808410627
360	0.513336	118.6681136	1.853854	0.781820927
361	0.304679	127.3982602	2.098651	0.810854933
362	0.307652	123.8313501	2.127307	0.812836349
363	0.24524	129.4636345	2.202484	0.82782259
364	0.407083	116.4165794	1.974394	0.813750764
365	0.409087	117.784384	2.00594	0.816265903
366	0.448323	106.818003	1.89577	0.753593913
367	0.40387	124.2429563	2.024447	0.837699437
368	0.264722	114.944564	2.163639	0.796002093
369	0.428793	117.9340938	1.965399	0.775195972
370	0.472871	113.513285	1.863558	0.799935924
371	0.420141	114.8420115	1.968218	0.800816869
372	0.385857	118.5541286	1.998535	0.797068989
373	0.296561	123.9935532	2.135805	0.824097371
374	0.293391	119.9948824	2.133115	0.814565389
375	0.538082	115.1680025	1.791911	0.753861741
376	0.248221	124.9459393	2.190769	0.829220084
377	0.369431	125.3860308	2.040895	0.818181865
378	0.424517	125.9831082	1.995535	0.829660542
379	0.276269	130.1232232	2.175338	0.82656742
380	0.417731	116.4791037	1.959822	0.812727874
381	0.157212	134.9254681	2.261542	0.855525868
382	0.360468	116.9404443	2.087868	0.795026713
383	0.437507	118.2154664	1.905302	0.802770618
384	0.424383	121.9693368	1.96364	0.811658297
385	0.470841	121.7862847	1.884299	0.811443578
386	0.503747	117.1382017	1.852276	0.798703181
387	0.408101	118.3162376	2.012433	0.770257449
388	0.283805	124.2418912	2.135668	0.79195544
389	0.321601	122.4899549	2.124602	0.827583073
390	0.527049	117.224948	1.811212	0.774953454
391	0.435279	118.1249246	1.968475	0.794070153
392	0.466401	122.1408597	1.920822	0.79254838
393	0.347443	117.6074203	2.053515	0.81154592
394	0.237854	119.1200633	2.196707	0.816548415
395	0.337598	121.5138267	2.059737	0.823828984
396	0.413939	122.0165488	1.994945	0.813536165
397	0.425751	114.0596808	1.941107	0.789802691
398	0.373891	125.7741339	2.073816	0.79637614
399	0.403317	118.4509668	2.01643	0.806576225
400	0.396652	124.4062756	2.011017	0.808393845
401	0.321627	124.2808543	2.113932	0.814177707
402	0.413067	118.7016114	2.005234	0.800014327
403	0.405569	117.579916	1.959784	0.775758726
404	0.377476	116.3929077	2.04375	0.794651106
405	0.461507	110.8574749	1.929785	0.759150903
406	0.37954	118.5920199	2.033529	0.77014127
407	0.48066	119.3348535	1.895046	0.778746364
408	0.354488	127.7084309	2.08819	0.808485391
409	0.535858	111.8054981	1.752188	0.775576353
410	0.355934	121.2886683	2.040767	0.802562175
411	0.256331	121.9012315	2.180282	0.814421549
412	0.461095	119.6434524	1.930426	0.80857626
413	0.463147	114.8706189	1.908092	0.782707222
414	0.435969	115.7699742	1.968398	0.777821294
415	0.410039	130.5927271	2.006191	0.820232695
416	0.431541	124.0946736	1.995155	0.803054367
417	0.28409	124.8060576	2.162895	0.815753316
418	0.41833	118.1424404	1.971154	0.792322823
419	0.324025	121.2641644	2.08985	0.78452355
420	0.363134	128.3243747	2.047117	0.789729755
421	0.366481	123.6224537	2.056585	0.79769763
422	0.368121	126.7731984	2.040826	0.832567301
423	0.375608	113.5518619	2.046449	0.782891228
424	0.462688	119.0050702	1.903897	0.79782362
425	0.348703	117.3625879	2.041432	0.789872412
426	0.466366	117.583337	1.890755	0.772071023
427	0.311526	125.2011541	2.113523	0.7960373
428	0.298751	118.4758646	2.140536	0.826266007
429	0.298329	123.8580038	2.136162	0.824733968
430	0.21327	123.0920389	2.227445	0.826505157
431	0.328438	123.8384097	2.057723	0.802193062
432	0.353328	120.2433135	2.073533	0.81519408
433	0.438571	110.3979719	1.913418	0.762677723
434	0.493975	114.1626447	1.849966	0.778975391
435	0.473106	117.1213714	1.857875	0.790657987
436	0.469504	117.5717876	1.88375	0.792923626
437	0.415292	123.6671368	1.997961	0.79183531
438	0.435305	123.4711165	1.964557	0.807415118
439	0.509685	115.2018443	1.8487	0.782096804
440	0.327164	123.4688062	2.112559	0.804034568
441	0.375653	118.8249344	2.044502	0.813758288
442	0.265332	127.6860595	2.188101	0.807472789
443	0.445997	113.8543013	1.934812	0.781108036
444	0.351155	117.9950731	2.004661	0.798926727
445	0.329614	121.3246444	2.077987	0.819438568
446	0.349193	118.582623	2.087331	0.815301052
447	0.366015	118.1652032	2.069148	0.823803125
448	0.426166	118.1296444	1.985944	0.783513814
449	0.404404	120.605381	2.025899	0.814661205
450	0.311598	115.4474954	2.071714	0.801172981
451	0.52528	117.3844295	1.813137	0.800266384
452	0.353612	121.0698098	2.051202	0.805375503
453	0.550664	106.6943495	1.782964	0.711819556
454	0.368153	115.4357584	2.054755	0.790171743
455	0.375707	120.1604386	2.044273	0.824078951
456	0.288822	122.5488286	2.146841	0.794103639
457	0.457477	115.8993937	1.903105	0.796799989
458	0.388479	124.4869927	2.027383	0.806813508
459	0.356174	120.2691664	2.084237	0.821470753
460	0.480588	108.2428404	1.860007	0.778457166
461	0.420074	114.8227572	1.962368	0.795489192
462	0.316701	119.3646406	2.109934	0.801439408
463	0.367627	122.2492532	2.047304	0.806234465
464	0.404851	112.1062249	2.006488	0.79395598
465	0.458274	123.5914925	1.938959	0.795125123
466	0.453652	119.9018659	1.928255	0.762084159
467	0.502385	105.9550984	1.819688	0.761863227
468	0.319603	119.8706995	2.132837	0.828328349
469	0.374703	117.3345755	2.013297	0.809908015
470	0.49145	115.2468571	1.879757	0.730196315
471	0.451038	111.002134	1.914458	0.795809171
472	0.429745	117.1185525	1.967901	0.818740592
473	0.435753	111.9203485	1.932235	0.785927694
474	0.372394	120.5823414	2.049111	0.806352253
475	0.486096	111.7053024	1.860828	0.779154693
476	0.298166	119.0943878	2.100993	0.807723648
477	0.485621	110.5334601	1.834108	0.773498184
478	0.370983	120.5397049	2.035792	0.808164314
479	0.385052	120.8437702	2.018599	0.774123686
480	0.324057	123.2853777	2.120468	0.82772234
481	0.437152	118.2940541	1.935755	0.798768643
482	0.440523	113.6582075	1.92792	0.785787395
483	0.408746	120.8590676	2.00798	0.813368417
484	0.221556	130.2063446	2.220125	0.827228741
485	0.225833	123.6399802	2.213606	0.825916336
486	0.496479	120.355706	1.856098	0.763958472
487	0.435074	114.3497947	1.965418	0.79207562
488	0.347762	116.4674559	2.054944	0.81208388
489	0.399373	118.9992491	2.008801	0.817038617
490	0.36812	124.0784795	2.075918	0.796254362
491	0.342349	115.7557425	2.090366	0.818966294
492	0.420758	106.8454643	1.952018	0.767062508
493	0.530018	107.5332666	1.747947	0.781520552
494	0.318031	121.3511752	2.098364	0.816201217
495	0.34128	120.3766162	2.03125	0.798730785
496	0.379863	115.3021441	2.020214	0.792579779
497	0.426902	120.181282	1.971832	0.813543887
498	0.524747	110.9817912	1.810754	0.776902511
499	0.35651	115.4723131	2.029167	0.805026674
500	0.427707	107.6595049	1.956771	0.748916517
501	0.242594	125.3148042	2.195851	0.819158106
502	0.431332	110.6746572	1.964197	0.780053467
503	0.446335	118.2616845	1.93488	0.793417743
504	0.286622	127.0326674	2.155847	0.810190304
505	0.406266	116.2476945	1.964337	0.790976978
506	0.364679	116.4188662	2.06162	0.815055911
507	0.353282	120.0555138	2.09075	0.813172222
508	0.284307	120.1946643	2.147614	0.803055111
509	0.456164	120.9207534	1.92624	0.811795588
510	0.51898	109.4250128	1.783844	0.765640513
511	0.395227	118.4778442	2.02512	0.812061504
512	0.315449	120.6529395	2.112475	0.808013267
513	0.315096	131.099844	2.134178	0.810679619
514	0.330878	119.8998246	2.121076	0.836202424
515	0.390664	115.596654	1.989863	0.802813738
516	0.515743	114.3402492	1.786162	0.758982874
517	0.482229	115.1597365	1.850589	0.780579575
518	0.377974	117.2911254	2.035315	0.799812228
519	0.414126	118.6089859	1.985186	0.813171374
520	0.411883	114.8082199	1.977232	0.782330261
521	0.426053	111.5580976	1.920879	0.768336698
522	0.4698	110.6846195	1.850594	0.760944529
523	0.421876	123.0261226	1.978452	0.783770595
524	0.463367	112.3012165	1.865799	0.775884497
525	0.330894	120.946466	2.117914	0.809287751
526	0.400526	112.6149731	1.976436	0.782899812
527	0.603908	109.6347881	1.632894	0.741282191
528	0.273671	114.4143342	2.154789	0.746722439
529	0.383942	111.2875458	1.987223	0.768792406
530	0.419261	111.2969247	1.937713	0.778870505
531	0.345233	108.6788677	2.085771	0.788936805
532	0.354155	107.3950465	2.03027	0.783548653
533	0.39157	115.5958594	1.988274	0.800925554
534	0.42151	115.8417517	1.970433	0.794825482
535	0.361815	118.2896668	2.047497	0.790375457
536	0.430354	115.0909295	1.939969	0.796376159
537	0.363581	118.2162639	2.024096	0.780244391
538	0.216352	124.2711644	2.224233	0.849398647
539	0.387396	119.2545953	1.9646	0.82888785
540	0.287632	126.7185697	2.149221	0.835037347
541	0.320173	119.5211623	2.111725	0.828961701
542	0.453494	114.5588976	1.908228	0.805784634
543	0.278048	128.3981523	2.178558	0.821077023
544	0.476591	117.5769806	1.903988	0.78324939
545	0.530902	113.5851339	1.770639	0.781131491
546	0.329033	121.0191558	2.107713	0.835953415
547	0.378435	109.43997	2.000553	0.784989871
548	0.534391	111.844437	1.765541	0.778088618
549	0.381825	120.3762559	2.056285	0.802840643
550	0.176662	132.7437379	2.252467	0.836922395
551	0.50911	117.1794846	1.837629	0.781639622
552	0.410789	113.9190566	1.964019	0.782200726
553	0.261353	124.2981216	2.186172	0.837399103
554	0.525085	111.4301977	1.783364	0.760866226
555	0.386397	116.4647238	1.969335	0.78206471
556	0.437851	112.3863064	1.918968	0.802514064
557	0.385037	118.7571026	2.030138	0.79681178
558	0.499057	114.5021162	1.843115	0.78544119
559	0.435224	120.5112294	1.949084	0.790285216
560	0.491867	119.8539514	1.836605	0.806783222
561	0.499746	108.7116448	1.80899	0.746987394
562	0.57352	110.9334519	1.67316	0.731130945
563	0.459514	115.3897269	1.916197	0.777927611
564	0.399812	113.7458831	2.019089	0.776921724
565	0.463103	118.8341913	1.918288	0.778218001
566	0.412649	117.277556	1.988153	0.783517047
567	0.353582	117.4091271	2.085067	0.789764962
568	0.497101	116.1469645	1.875668	0.779966723
569	0.279067	122.3972657	2.122318	0.795017769
570	0.37022	110.2004227	2.040195	0.769508876
571	0.414375	127.3676985	1.960364	0.823589382
572	0.483123	110.0048809	1.864547	0.761320013
573	0.357415	117.2185114	2.059106	0.800388877
574	0.532859	115.5530247	1.748347	0.729341902
575	0.44207	125.7127976	1.948798	0.818986022
576	0.410922	120.6935137	1.994534	0.809242424
577	0.486825	116.4277334	1.888033	0.790550752
578	0.422249	115.46362	1.933377	0.787326367
579	0.254258	121.2679021	2.167125	0.808327949
580	0.284728	117.9779684	2.142951	0.805249255
581	0.344373	118.6473682	2.079969	0.822141805
582	0.387422	117.8073168	2.033961	0.799436966
583	0.382774	113.6938281	2.010515	0.784871206
584	0.373578	118.9753285	2.023061	0.797713293
585	0.382274	114.1437551	1.981951	0.779203469
586	0.394195	117.7030999	1.973561	0.799910031
587	0.424173	123.7755617	1.963359	0.814781914
588	0.309605	124.8631085	2.12999	0.814541666
589	0.516155	106.6986086	1.806777	0.75455588
590	0.384677	120.8001843	2.057274	0.801321334
591	0.401325	116.4349122	1.978152	0.791317353
592	0.523456	118.117875	1.823755	0.800598279
593	0.435812	115.9442449	1.917037	0.795430106
594	0.387279	121.2705502	1.972621	0.805266527
595	0.500527	115.6875473	1.795305	0.761369241
596	0.388654	113.8705657	2.018707	0.798159925
597	0.315173	123.2630898	2.121079	0.811988224
598	0.471375	109.6936136	1.903277	0.761665126
599	0.486086	123.8136033	1.887012	0.801631166
600	0.425392	111.5393455	1.952181	0.775777583
601	0.214409	127.4228503	2.223761	0.843803589
602	0.439414	115.7785858	1.915429	0.783559943
603	0.459359	113.11779	1.877561	0.767561663
604	0.550716	114.491076	1.759068	0.745160715
605	0.24996	127.194944	2.194582	0.843500711
606	0.388309	117.2026178	2.035927	0.802924189
607	0.363572	123.5215416	2.018985	0.792770908
608	0.281394	124.9964519	2.130847	0.828728238
609	0.436111	119.6755054	1.9863	0.803604234
610	0.346936	124.5890804	2.089135	0.807614029
611	0.382424	123.1091682	2.043712	0.823252655
612	0.473284	117.8123583	1.877766	0.78952625
613	0.39511	116.2517082	2.008628	0.804926447
614	0.361843	122.9941202	2.076528	0.822356581
615	0.394428	123.6800079	2.004068	0.813283779
616	0.473574	115.0509539	1.909374	0.787319631
617	0.360644	119.3762376	2.059215	0.776439785
618	0.285972	117.0511689	2.146233	0.807898292
619	0.470857	118.6060853	1.930536	0.796647284
620	0.484931	112.0944955	1.83872	0.77526073
621	0.399792	119.5834658	1.97702	0.819285271
622	0.412276	119.6311198	1.969527	0.809448639
623	0.432602	120.2043082	1.95179	0.794243476
624	0.461368	120.2995942	1.927892	0.783967627
625	0.369446	118.4513038	2.061388	0.801863439
626	0.264024	121.8038174	2.171591	0.807603291
627	0.356765	129.1898571	2.075786	0.826873565
628	0.436891	123.6063541	1.940353	0.815821907
629	0.280994	125.3466645	2.146831	0.814123201
630	0.427308	113.7954524	1.978767	0.791311391
631	0.364027	119.0363532	2.030016	0.810959717
632	0.249352	131.4685057	2.199219	0.839245989
633	0.535305	116.4111674	1.774025	0.777392591
634	0.310582	125.4040394	2.133055	0.829963143
635	0.403271	119.7920231	2.019176	0.789510435
636	0.441102	120.6190817	1.918056	0.768971528
637	0.377031	118.5663704	2.028514	0.785987262
638	0.408087	114.728384	1.982157	0.795136761
639	0.334776	112.9616127	2.071794	0.791476391
640	0.473097	112.8398473	1.867977	0.761053572
641	0.413965	123.0899751	1.98246	0.819768945
642	0.416138	113.3989513	1.948129	0.787387572
643	0.371409	115.208853	2.041076	0.764814714
644	0.279456	130.7007637	2.179428	0.838076229
645	0.274492	122.1013611	2.138584	0.824210568
646	0.287437	119.9671082	2.094783	0.807224726
647	0.463121	111.2872461	1.880668	0.782330434
648	0.379978	132.3618181	2.057855	0.833875165
649	0.434436	119.2203642	1.952058	0.802366609
650	0.437893	124.7556398	1.967755	0.800205576
651	0.477648	118.2606759	1.865308	0.772737574
652	0.404674	120.3442145	1.992563	0.809340477
653	0.36616	120.5587844	2.038768	0.796204688
654	0.42409	117.9134608	1.988785	0.809968597
655	0.363861	120.2674916	2.034451	0.793047038
656	0.446027	118.2723208	1.938715	0.814382361
657	0.268664	127.0283139	2.170763	0.805520659
658	0.317225	116.0140602	2.057596	0.818968609
659	0.420048	114.4747283	1.96014	0.797833439
660	0.373276	120.3491957	2.038337	0.815170073
661	0.291894	125.7988391	2.156969	0.823817695
662	0.397977	110.5554654	2.00709	0.793854361
663	0.384512	117.6986074	2.050878	0.804585853
664	0.42219	126.5278523	1.99365	0.813752372
665	0.239101	122.5966576	2.203685	0.797391314
666	0.296836	128.4802136	2.142975	0.800752745
667	0.464906	111.7775759	1.84987	0.776509262
668	0.383964	114.8546869	2.02373	0.79004268
669	0.515414	118.1569162	1.819471	0.775816428
670	0.442385	112.543896	1.909821	0.767682924
671	0.330205	129.6487503	2.097983	0.822191676
672	0.561067	109.0372309	1.706378	0.772471075
673	0.440254	120.0006028	1.946992	0.819769967
674	0.362182	119.5028626	2.056277	0.768434224
675	0.449168	116.507817	1.94299	0.776718507
676	0.293843	120.2187599	2.124517	0.798002959
677	0.273309	121.1984831	2.180851	0.811988888
678	0.525467	115.3663225	1.778418	0.784466637
679	0.279774	129.8922578	2.173893	0.824504329
680	0.478735	111.6920936	1.901914	0.768962705
681	0.351869	113.929206	2.008051	0.797713268
682	0.345646	118.5209378	2.101024	0.778688868
683	0.269844	122.5673877	2.171144	0.800828527
684	0.30881	120.2885622	2.135369	0.795080471
685	0.475015	118.8144261	1.902208	0.77127246
686	0.200619	125.5718748	2.226925	0.822856184
687	0.416285	120.4575372	2.007127	0.783691048
688	0.337129	123.6285997	2.073445	0.829667046
689	0.351574	120.2544916	2.086413	0.778003983
690	0.473882	118.3432045	1.893095	0.802597966
691	0.347016	122.3276028	2.022864	0.81054108
692	0.296357	121.4292912	2.141146	0.832612
693	0.433507	114.4631589	1.975265	0.761476968
694	0.439838	121.0509553	1.963975	0.79602766
695	0.463664	119.5298731	1.9403	0.792434163
696	0.435075	120.7325962	1.977756	0.806280344
697	0.426986	115.9733889	1.966379	0.802607535
698	0.351067	121.6493884	2.03399	0.822858106
699	0.361561	115.9660845	1.97497	0.784410115
700	0.478448	110.9761907	1.83763	0.793590115
701	0.482391	112.376508	1.83597	0.785193004
702	0.548131	120.351695	1.768692	0.796350601
703	0.477488	108.5278703	1.8383	0.758632507
704	0.464346	111.3355807	1.923956	0.777273083
705	0.396036	115.0580893	1.983037	0.79723699
706	0.387669	115.3630751	2.044978	0.796623108
707	0.464032	118.2583539	1.888408	0.797150681
708	0.500515	115.3495488	1.806445	0.780573611
709	0.358942	115.7549304	2.07373	0.779821201
710	0.507788	114.6190459	1.846948	0.760392533
711	0.417556	115.9824373	1.968564	0.791544692
712	0.364916	112.500483	2.034069	0.784411218
713	0.235417	130.1142764	2.201355	0.851862717
714	0.435554	110.7157167	1.922648	0.758390442
715	0.429403	121.6368942	1.959984	0.800265578
716	0.264307	121.4791034	2.160917	0.813401641
717	0.376986	116.558102	2.022246	0.794010163
718	0.379875	124.5861329	2.052053	0.805227837
719	0.389807	114.679443	2.017587	0.777639607
720	0.381101	119.8690668	2.029157	0.811575418
721	0.443581	111.8036289	1.913628	0.77774919
722	0.374419	120.2342603	2.035515	0.809715726
723	0.230008	126.3376482	2.211312	0.843208762
724	0.475937	110.9079676	1.886437	0.78377784
725	0.450137	114.0455679	1.915184	0.784615944
726	0.301488	120.8593413	2.118421	0.82150255
727	0.416155	119.3021971	1.993385	0.79867866
728	0.324576	114.7794898	2.085199	0.810264376
729	0.426792	119.0743254	1.912698	0.786618363
730	0.407071	119.8469613	2.029094	0.806628818
731	0.486766	112.9276659	1.841846	0.780009998
732	0.37026	114.7812059	2.014994	0.794241692
733	0.508686	118.4700127	1.801964	0.771754797
734	0.344436	123.5140117	2.054791	0.794633891
735	0.343848	120.9894883	2.096211	0.824687148
736	0.254917	128.2331352	2.193703	0.836739263
737	0.422851	115.1843062	1.953797	0.810834229
738	0.443294	110.0688883	1.899184	0.78055983
739	0.383763	117.0914353	2.010825	0.78583798
740	0.523686	114.4735291	1.808931	0.744632606
741	0.399027	117.2146103	2.009486	0.786834281
742	0.343609	118.1396019	2.077951	0.789730054
743	0.462126	113.8562629	1.895373	0.784945656
744	0.407197	104.8163928	1.980012	0.786378614
745	0.393769	119.1107683	1.987711	0.805894967
746	0.457218	113.1264903	1.896434	0.793773211
747	0.356783	113.6142789	2.058114	0.782986275
748	0.323284	124.1159866	2.123976	0.819187758
749	0.588795	114.8299211	1.666933	0.765152252
750	0.472719	122.0468691	1.913003	0.796718783
751	0.332773	118.7182523	2.094883	0.795566077
752	0.43035	111.2442433	1.934951	0.762288699
753	0.396111	122.7504739	1.995991	0.795604006
754	0.403901	114.6003512	2.004747	0.807832577
755	0.448513	113.338339	1.914961	0.787213311
756	0.330517	117.3157377	2.052545	0.810331232
757	0.379758	118.4510676	2.027684	0.794793623
758	0.304413	119.4292122	2.119138	0.809738086
759	0.48179	117.5664841	1.885712	0.791803352
760	0.370891	113.5859515	2.059467	0.800389913
761	0.406979	123.696683	2.02197	0.812845089
762	0.366743	116.5226195	1.987462	0.799934929
763	0.385994	122.9985335	2.036498	0.8127763
764	0.450207	119.0361832	1.946006	0.788362562
765	0.365554	125.451936	2.057066	0.82782683
766	0.372109	119.3185698	1.996407	0.80505504
767	0.434527	114.8506108	1.921152	0.780967205
768	0.399434	111.942709	2.002486	0.768206872
769	0.51714	106.4260666	1.794106	0.744454784
770	0.397446	121.3955414	1.993602	0.794170433
771	0.476126	117.2714044	1.871711	0.777380306
772	0.471631	112.9383377	1.874286	0.794734277
773	0.434831	121.7081515	1.970271	0.788507493
774	0.503288	115.6630546	1.825829	0.777627085
775	0.433084	107.9503265	1.949723	0.756606549
776	0.329158	119.6608831	2.115375	0.816486058
777	0.441019	124.3959762	1.92465	0.824578511
778	0.390992	124.9470425	1.993355	0.820302906
779	0.35372	121.6173456	2.095783	0.81459215
780	0.518295	116.3455679	1.82322	0.781175001
781	0.402141	123.408713	2.026802	0.800400621
782	0.441892	112.8580625	1.93952	0.77850393
783	0.355269	113.9557433	2.028912	0.772402013
784	0.381379	116.9893972	2.02129	0.805947875
785	0.514784	115.6814972	1.82772	0.7706973
786	0.396824	118.7799517	2.015956	0.79794336
787	0.39791	111.6029425	2.005084	0.774491486
788	0.356998	114.5188704	2.031336	0.806683131
789	0.371013	115.9725431	2.026956	0.794791502
790	0.351951	122.6905636	2.096064	0.807610647
791	0.337431	120.3284826	2.085697	0.805810198
792	0.44453	113.1570187	1.910438	0.779568127
793	0.329564	117.4262825	2.044693	0.79603495
794	0.425246	114.6761367	1.957603	0.759430584
795	0.26848	120.8624036	2.125984	0.810659914
796	0.394437	127.5626219	2.004051	0.82745845
797	0.331563	124.5453787	2.111793	0.804238566
798	0.334192	120.1779413	2.075839	0.804801985
799	0.244044	127.3049263	2.207263	0.803354776
800	0.407416	110.4438961	1.975642	0.770631569
801	0.426715	127.0088999	2.000464	0.808781473
802	0.224348	125.3460183	2.219428	0.847895961
803	0.384788	120.7678495	2.038945	0.767473116
804	0.377546	122.7623283	2.061302	0.818073347
805	0.346932	113.5031946	2.052963	0.793087145
806	0.405647	124.3472757	1.991865	0.828076222
807	0.442494	112.0958547	1.882326	0.770225731
808	0.369194	114.5584431	2.055221	0.809974538
809	0.489439	117.4882215	1.891546	0.784497747
810	0.371012	121.5383416	2.012501	0.814816662
811	0.474786	111.0632935	1.864005	0.78403286
812	0.31159	120.6933496	2.112277	0.791635648
813	0.465491	117.9748847	1.898156	0.786616785
814	0.316648	122.500274	2.113709	0.810504508
815	0.451204	111.8199749	1.900696	0.779848834
816	0.452831	120.9562442	1.898087	0.779158754
817	0.469739	119.3417218	1.935099	0.76893969
818	0.330635	116.6159125	2.094721	0.801678802
819	0.462806	120.3964731	1.914738	0.803691717
820	0.362295	108.6346916	2.056109	0.785524145
821	0.419724	117.2065767	1.969282	0.810777818
822	0.157104	132.5743919	2.255692	0.848877443
823	0.459072	124.4407994	1.954528	0.787819766
824	0.331811	122.5277304	2.117208	0.805023611
825	0.401401	123.9471227	1.982805	0.802985818
826	0.528739	113.8380748	1.763233	0.74319976
827	0.349472	126.3785853	2.069722	0.823537996
828	0.380516	121.7548397	2.024262	0.798170334
829	0.367194	119.565488	2.057499	0.812825963
830	0.297627	124.010065	2.126082	0.805887909
831	0.388324	120.5745655	2.018398	0.785152328
832	0.451397	117.270418	1.920367	0.785879951
833	0.494987	115.1693723	1.845746	0.764246922
834	0.422551	116.9417917	1.960361	0.79659663
835	0.408125	112.110688	1.991301	0.786368695
836	0.27622	125.6350442	2.157126	0.823875462
837	0.26443	118.8189618	2.18982	0.805656249
838	0.339191	111.2667286	1.986669	0.768882675
839	0.406877	116.3415139	1.97571	0.815394138
840	0.346132	124.7099467	2.099554	0.801124713
841	0.283434	120.3276656	2.144448	0.79771328
842	0.470355	112.7459262	1.878592	0.777798722
843	0.384891	118.0237822	2.014573	0.773825799
844	0.406106	118.2383879	1.978978	0.81097433
845	0.405531	119.9956284	2.002679	0.79782094
846	0.4388	113.2348251	1.89048	0.808737907
847	0.410466	123.1122025	2.012683	0.783007658
848	0.369941	113.3276078	2.025596	0.798622721
849	0.400042	112.1029981	1.95574	0.781027897
850	0.400541	115.4839546	1.969049	0.789835529
851	0.340443	114.0077592	2.069788	0.801650978
852	0.377757	117.688759	2.024521	0.804066087
853	0.273237	117.9308369	2.14467	0.825891925
854	0.302834	129.2666081	2.142823	0.81889839
855	0.397908	116.124385	1.970961	0.789806909
856	0.381262	119.5112897	2.058494	0.803285129
857	0.530383	113.3304021	1.811932	0.77749346
858	0.472937	118.231508	1.898171	0.780911491
859	0.32038	127.2021605	2.138279	0.822872011
860	0.560802	108.4601774	1.707127	0.748777128
861	0.445195	114.9545778	1.923139	0.757975394
862	0.401144	114.1823301	2.005709	0.789194774
863	0.301417	121.2776489	2.132669	0.778726112
864	0.514709	114.2700338	1.804577	0.783969582
865	0.575769	107.1959743	1.707664	0.743532892
866	0.453274	103.4651345	1.894456	0.783746539
867	0.45591	110.3057421	1.866764	0.782688212
868	0.415301	114.9507709	2.006217	0.773012586
869	0.381306	113.4098271	2.014926	0.806729941
870	0.374743	119.5212431	2.029152	0.793262756
871	0.341127	123.0435749	2.079858	0.805184564
872	0.400951	120.6624522	2.029482	0.80788542
873	0.394967	116.2670134	1.977796	0.789063248
874	0.41876	120.278427	1.971088	0.786659823
875	0.318471	126.2446789	2.075197	0.800718984
876	0.429638	118.2156386	1.956941	0.793339777
877	0.469735	111.0453592	1.911966	0.778366538
878	0.482142	111.8790387	1.878845	0.782064465
879	0.488205	113.1751039	1.89254	0.767033879
880	0.359467	119.2831098	2.034763	0.794509185
881	0.313608	122.5774949	2.134397	0.825431271
882	0.403762	119.001017	2.002325	0.809392875
883	0.399857	106.9625766	1.946899	0.780265464
884	0.421267	116.034675	1.941684	0.780365338
885	0.422269	114.1866782	1.914262	0.785842379
886	0.379375	117.7969594	2.044161	0.7864658
887	0.436874	122.9690248	1.981101	0.801163824
888	0.434924	114.4503945	1.961336	0.781278915
889	0.358844	117.5756052	2.039927	0.789797739
890	0.356065	113.9303428	2.06659	0.795173588
891	0.384051	112.8284768	1.979461	0.808563468
892	0.336935	121.5272548	2.101441	0.806459317
893	0.420773	117.0044058	1.920753	0.796088765
894	0.262525	123.8855348	2.169899	0.818926958
895	0.361849	117.0056804	2.032483	0.800211073
896	0.31913	119.1378232	2.111176	0.822739614
897	0.465656	118.1852094	1.921756	0.801711458
898	0.517095	113.5029409	1.834718	0.756517123
899	0.442305	117.8566044	1.864968	0.798941249
900	0.438047	118.4634187	1.916096	0.798140728
901	0.484963	108.4978308	1.888852	0.757083888
902	0.330496	116.7440605	2.083887	0.817949315
903	0.387025	118.0484923	1.996812	0.791122976
904	0.473884	112.3129122	1.865946	0.799020008
905	0.369179	117.8829143	2.055652	0.794916218
906	0.449062	116.1820819	1.934715	0.794631952
907	0.418144	116.913693	1.941093	0.758326979
908	0.366118	118.7323303	2.053683	0.809459598
909	0.398042	123.5560089	1.987452	0.825145114
910	0.454499	112.861687	1.887339	0.766703131
911	0.382515	116.608872	2.04024	0.802230926
912	0.419994	115.2954194	1.956695	0.785241514
913	0.502547	110.3768537	1.858312	0.76419842
914	0.392219	116.8227128	2.004744	0.801270312
915	0.386748	118.3669925	1.997204	0.81247315
916	0.450483	116.5987285	1.918843	0.748450703
917	0.333021	126.1989697	2.114521	0.831193327
918	0.333138	123.0417028	2.098175	0.794963009
919	0.35867	126.9354332	2.071342	0.807380712
920	0.354214	116.9967774	2.090414	0.826894916
921	0.501143	113.1510388	1.824461	0.769952942
922	0.195932	134.1489373	2.241458	0.830734022
923	0.438211	118.9264683	1.903553	0.770284629
924	0.341331	125.8932536	2.074852	0.839153407
925	0.454487	121.2117617	1.925583	0.795378844
926	0.267081	124.045153	2.153153	0.830389639
927	0.372244	120.5282937	2.068197	0.79828952
928	0.380872	114.988613	1.995076	0.787555644
929	0.382875	118.0749651	1.999799	0.795304512
930	0.425431	118.7340255	1.971077	0.78013526
931	0.25413	123.0369631	2.18689	0.831387785
932	0.356739	110.9278246	2.019374	0.747410485
933	0.421929	111.4431998	1.92897	0.776237714
934	0.436649	119.0175953	1.956657	0.799937782
935	0.3841	120.3369466	2.044219	0.799372109
936	0.333167	111.8719616	2.0688	0.800210698
937	0.392151	119.9474604	2.013131	0.778758987
938	0.263045	124.5764689	2.189874	0.816986679
939	0.322316	119.2376045	2.095744	0.804564334
940	0.365797	125.1228846	2.080951	0.831314349
941	0.478455	114.3145683	1.914806	0.766499529
942	0.405003	116.9436956	1.990182	0.769312772
943	0.489839	116.8737169	1.887682	0.766016968
944	0.45704	123.7021766	1.947156	0.797253997
945	0.435431	112.9455112	1.938741	0.787724441
946	0.412499	112.443972	1.965834	0.787781954
947	0.445156	109.3633617	1.918759	0.760755619
948	0.289096	123.5097296	2.143277	0.837555589
949	0.345041	120.5486004	2.075468	0.804483083
950	0.321697	121.7351086	2.108588	0.786912552
951	0.382015	114.3872534	2.043912	0.804721778
952	0.427171	116.7353182	1.968567	0.786179725
953	0.271986	123.9651914	2.140577	0.836898106
954	0.301018	121.5413666	2.118083	0.819971001
955	0.395304	118.9173201	2.020827	0.791052876
956	0.392303	117.2896674	2.018059	0.803079758
957	0.401353	119.5436404	2.021466	0.791698728
958	0.40459	118.7675679	2.001845	0.801408156
959	0.389074	121.5445044	2.02451	0.79558137
960	0.267368	125.1752073	2.188078	0.842484363
961	0.43966	124.2279093	1.965977	0.770040108
962	0.480447	115.4423801	1.88457	0.783784179
963	0.453237	119.7032334	1.943751	0.808649952
964	0.387566	116.8181702	2.019623	0.794635692
965	0.446943	116.9458569	1.909751	0.772579082
966	0.327511	122.0537985	2.084086	0.825924916
967	0.355184	119.8352811	2.079053	0.793610914
968	0.34038	117.3454554	2.110488	0.793345382
969	0.457608	108.0355677	1.872371	0.765467561
970	0.353977	117.9250888	2.060335	0.809855204
971	0.365197	114.4024819	2.051562	0.791765726
972	0.226569	125.7851925	2.172426	0.812880552
973	0.405014	115.7560459	2.015228	0.79127701
974	0.403908	113.9522522	1.966504	0.797780847
975	0.501844	114.5245843	1.829905	0.774871784
976	0.507806	120.4835534	1.856383	0.778313125
977	0.329286	115.325926	2.056809	0.789490982
978	0.292044	121.8477662	2.136015	0.805507891
979	0.37952	108.9124498	2.008557	0.768110877
980	0.428186	122.7068696	1.965453	0.798362469
981	0.438704	111.7875802	1.95191	0.781189798
982	0.349722	117.4606703	2.07055	0.821160932
983	0.356924	123.7495508	2.06829	0.793894676
984	0.277052	120.6933635	2.159355	0.81563703
985	0.429845	112.4273628	1.941193	0.772893303
986	0.45827	119.5772602	1.917839	0.810021857
987	0.37703	114.5117704	1.995943	0.789174329
988	0.306474	128.1425222	2.149508	0.806216492
989	0.435476	115.1801069	1.912174	0.749756667
990	0.382884	117.4642944	2.027803	0.795663928
991	0.459448	119.1384671	1.903371	0.80237967
992	0.340045	118.0921708	2.0717	0.795694011
993	0.4204	123.6010012	1.992478	0.789820598
994	0.490523	111.5980459	1.840186	0.760442461
995	0.453387	111.8606584	1.880492	0.760063595
996	0.42907	109.7440878	1.907085	0.761484063
997	0.397566	107.1153534	1.982882	0.774394537
998	0.420753	114.6014456	1.949071	0.757946939
999	0.352349	115.3992473	2.061316	0.794617312
1000	0.47388	110.704508	1.894488	0.776742561