rep aei_left left_area adi_left H
1 0.40613 116.021669670969 2.012365 0.780077677862121
2 0.376822 112.053210692144 2.04171 0.807270866005252
3 0.43683 117.87412740495 1.957163 0.758464303979906
4 0.309181 121.530099094273 2.126204 0.811559030662091
5 0.402714 116.963114838548 1.985066 0.773631364900875
6 0.411107 109.863809280984 1.997319 0.795456808339099
7 0.496037 118.057940082754 1.843463 0.804594521966293
8 0.424112 110.889874647284 2.003876 0.789155345742996
9 0.272408 121.156787086717 2.150543 0.828665414747921
10 0.540733 114.612508560662 1.775472 0.775997726352541
11 0.348674 122.356002660225 2.058108 0.801759307896425
12 0.425542 120.08513332816 1.946583 0.797401313215153
13 0.459005 122.64213845487 1.940619 0.773389209973457
14 0.365348 123.696260289271 2.050801 0.810656191651548
15 0.544905 121.595055064491 1.774166 0.781471357616525
16 0.485434 117.817948349448 1.868476 0.783687597162288
17 0.299262 122.013773647495 2.14801 0.830983352665057
18 0.563352 106.916570099016 1.710931 0.757477790180407
19 0.492738 120.873183450569 1.848457 0.828002251954011
20 0.498241 108.6772862374 1.87765 0.760938738845887
21 0.371996 121.91960519185 2.049933 0.779323532532746
22 0.329783 127.902443221442 2.114149 0.825661578398044
23 0.352722 117.076163544036 2.048478 0.797812800327427
24 0.365156 117.636404306994 2.051283 0.818434196157416
25 0.335403 120.875375383834 2.064486 0.817444922117588
26 0.426394 115.777698649423 1.930081 0.778345188801651
27 0.289131 124.312523276875 2.156096 0.823897616516018
28 0.521608 114.114284860451 1.825392 0.752391944661624
29 0.503025 109.049335704311 1.837398 0.728594605789155
30 0.350859 118.045482878142 2.062977 0.816359101247429
31 0.440767 120.574964915928 1.945714 0.786290737002866
32 0.393682 115.627206587429 1.988897 0.812952485299751
33 0.433559 121.109069192594 1.936049 0.785920527619536
34 0.391482 120.028264304051 2.01555 0.775446872683295
35 0.336602 129.122735593301 2.103053 0.802639705554994
36 0.393453 124.214979133622 2.03137 0.804442890536471
37 0.466385 108.021864315961 1.869905 0.783742436114658
38 0.369218 118.215536399283 2.036516 0.794958953267441
39 0.219606 131.968497194385 2.220082 0.833410543053211
40 0.337506 119.058839681823 2.110217 0.793134868654486
41 0.319765 116.724185997672 2.096764 0.797853160363693
42 0.379964 120.266987203313 2.004528 0.805314911792913
43 0.484997 117.98033498296 1.891586 0.747237504503671
44 0.503561 108.909795773891 1.829573 0.784564100027178
45 0.481197 116.502292054965 1.891131 0.804408147537544
46 0.523211 106.952495961718 1.787174 0.71483460478544
47 0.642062 110.086070215454 1.497951 0.726839123754135
48 0.400577 114.686389348738 1.95293 0.797002099658627
49 0.518719 120.489539206249 1.828713 0.774723554865548
50 0.394746 116.197390535241 2.050988 0.782140617249433
51 0.55566 113.052517784521 1.729462 0.750777091836174
52 0.532735 104.110226365358 1.788162 0.747618240940782
53 0.419626 114.039405255726 1.960831 0.801700342104353
54 0.459097 113.932435252429 1.907092 0.772301773111566
55 0.303656 120.4494258934 2.120104 0.808011332689214
56 0.330733 117.301249481118 2.069211 0.772592250725549
57 0.302468 118.560390260254 2.130585 0.818996001182645
58 0.592806 104.987627748103 1.646216 0.752728744782009
59 0.322933 120.108439852581 2.094995 0.803868867870621
60 0.42929 113.605086041895 1.93154 0.767009556015071
61 0.560763 113.072623640923 1.716471 0.771677337227084
62 0.450502 119.262233896364 1.923409 0.804262017008649
63 0.541192 114.455355028303 1.787531 0.757798154921035
64 0.57281 110.395515652999 1.707876 0.761661100765127
65 0.36569 120.653295689294 2.065061 0.829810912225283
66 0.485701 112.299882409245 1.890448 0.765956909289803
67 0.457083 117.366965743073 1.92341 0.794102148194274
68 0.408959 122.27079167978 2.008886 0.829581722441666
69 0.45423 112.48324154062 1.880606 0.793270847680595
70 0.496617 112.101189752624 1.858207 0.780645101647822
71 0.47336 115.687107525482 1.890276 0.782625418543366
72 0.552747 115.57453375891 1.754723 0.777371285089248
73 0.32562 125.378932797083 2.090269 0.821869752599382
74 0.281661 124.357796805561 2.161864 0.826033721832294
75 0.361551 120.869338550419 2.053724 0.818516052175309
76 0.309211 113.371418668253 2.106073 0.796723715555306
77 0.348418 121.481438301853 2.092652 0.823884458044332
78 0.221411 124.55144273256 2.221288 0.838452748653151
79 0.53109 118.102188440164 1.774336 0.80261360638788
80 0.449278 114.943741689257 1.94337 0.774247335909898
81 0.402996 122.413320165996 2.00494 0.819282110936953
82 0.39798 119.609351897065 2.016938 0.799038130323097
83 0.316408 115.055267469711 2.083385 0.799651913463647
84 0.447305 108.525309845709 1.931717 0.727274670815037
85 0.342056 118.178012004143 2.084445 0.794447496398302
86 0.428326 107.503047778584 1.944034 0.772148535709429
87 0.409256 115.934735284921 1.987185 0.828639390435568
88 0.417316 109.42900520488 1.935511 0.788212570098073
89 0.271466 125.384952625891 2.174558 0.853501775120269
90 0.462304 115.09696910154 1.887077 0.77192958636105
91 0.411741 112.324648886121 2.007716 0.757872897492839
92 0.332678 114.334349217608 2.083246 0.801767172175871
93 0.378663 122.249956714553 2.038691 0.829682678065674
94 0.368137 123.031260590713 2.076548 0.806573877810195
95 0.465329 108.531297744389 1.891847 0.761892706056678
96 0.353429 119.055184890052 2.044556 0.808415441200463
97 0.34172 116.030972032504 2.078393 0.790854938281109
98 0.386435 111.905317086382 2.009086 0.785555442848235
99 0.235204 121.651343796955 2.200485 0.809468172258695
100 0.39223 120.437846971798 2.023337 0.796661030229177
101 0.369453 118.09839189659 2.029884 0.790724240289307
102 0.504928 111.650249075666 1.850036 0.793588289108119
103 0.36444 110.110183303152 2.04622 0.791440343518096
104 0.453256 113.419734028425 1.95859 0.762245355227958
105 0.479516 116.403183287499 1.90495 0.791519586295268
106 0.491484 106.95990658957 1.811078 0.77445752426026
107 0.363763 121.204659969838 2.071731 0.793837190944814
108 0.331462 116.20779132617 2.069131 0.819545773196552
109 0.527831 115.290063874398 1.800312 0.797123885731118
110 0.461856 109.74607741716 1.869091 0.756912175979923
111 0.468344 109.773862276806 1.898563 0.773535405781529
112 0.440986 115.439133728393 1.904498 0.782647673773473
113 0.330208 118.668277062498 2.101335 0.80112472965208
114 0.315647 116.900414176788 2.093656 0.793223573856901
115 0.340776 115.779228889174 2.096722 0.785815923242851
116 0.223228 130.458908792162 2.201401 0.860055889226298
117 0.371056 116.174600385047 1.99999 0.791264296070381
118 0.321873 126.088515694308 2.123023 0.825996930706434
119 0.400525 112.334882543932 1.940109 0.777995082684007
120 0.452761 116.673650387295 1.879703 0.789444213759486
121 0.289765 120.933685352139 2.132531 0.810010204770623
122 0.402036 116.201582727427 2.034475 0.813366110821705
123 0.259553 123.648181503486 2.172931 0.837636151814599
124 0.526054 110.839904046934 1.815154 0.764115510270421
125 0.524421 122.127811028783 1.824965 0.792451189896821
126 0.3777 113.054391888587 2.030982 0.813808799329231
127 0.436313 116.915350960476 1.970033 0.808099220614231
128 0.464686 118.386907163763 1.919819 0.795199630707946
129 0.455392 115.048982386484 1.905671 0.77981498775041
130 0.415069 127.036888454902 2.006821 0.817733222681787
131 0.556173 116.385936073808 1.748026 0.794462524109381
132 0.418909 109.969168430424 1.968398 0.779690675953992
133 0.416301 112.845319849272 1.945145 0.80304749227259
134 0.385901 112.643872485406 2.003379 0.792256223824321
135 0.384866 123.987447400536 2.019463 0.814636755183121
136 0.453292 116.887143190472 1.962053 0.765377130227524
137 0.270944 128.473647620779 2.167928 0.832517737090523
138 0.464672 117.376183723592 1.925806 0.808014685104144
139 0.447975 119.563471805997 1.940214 0.812808268195588
140 0.471246 111.787584032727 1.917651 0.777235445442018
141 0.413517 117.714461892458 1.990414 0.792079657826768
142 0.450546 118.933449280361 1.934717 0.782439198550201
143 0.37836 114.186524416395 2.032062 0.783867151912861
144 0.412418 112.81555620331 2.004629 0.791941172273689
145 0.398125 120.791990047527 1.994136 0.813695713381983
146 0.198977 121.00618324582 2.229416 0.838890013695505
147 0.428668 115.457226954494 1.940228 0.79036702925518
148 0.296896 123.401070778528 2.100543 0.812996007317403
149 0.364796 128.745145748555 2.052656 0.813416297765402
150 0.232982 124.743632901296 2.195513 0.816310155401332
151 0.422812 113.444169902261 1.948711 0.786149545340915
152 0.535594 117.356865523787 1.739059 0.797916545916321
153 0.543351 107.655811724865 1.738206 0.74233220017703
154 0.222468 122.304427431993 2.212182 0.806765304920975
155 0.40467 125.29507181408 2.02256 0.828920121736371
156 0.431863 120.899182390923 1.962244 0.812226404579581
157 0.517586 105.608520275667 1.835991 0.752988937881538
158 0.392254 118.067358075044 1.99059 0.80318095283841
159 0.462574 121.179429628203 1.945181 0.802512264522042
160 0.40697 112.224344893131 1.978493 0.787214136833687
161 0.289121 125.480317165796 2.170071 0.848262742861275
162 0.531268 109.531298468912 1.752118 0.778723129287061
163 0.477535 114.33847621066 1.89229 0.789448655311164
164 0.318909 125.177490352094 2.120049 0.818195553092243
165 0.432763 121.760966388498 1.987511 0.812857329238082
166 0.340443 117.450478318301 2.083298 0.80669993831732
167 0.476549 110.766165937609 1.889858 0.75476549030305
168 0.440999 112.667159717181 1.917018 0.752582925566945
169 0.357891 123.946244377833 2.045027 0.796538348859269
170 0.358968 121.260976740741 2.084769 0.83501765627855
171 0.503784 121.49366825385 1.849102 0.794924378980523
172 0.460837 108.758082868824 1.913684 0.717887547531073
173 0.481471 111.024026821734 1.814634 0.801881464371833
174 0.420748 112.791304291645 1.917906 0.800809946200063
175 0.308113 126.968448163805 2.11887 0.831846283814708
176 0.32987 120.142945512736 2.061146 0.80626592374952
177 0.379639 121.665080045156 2.042903 0.810435561902308
178 0.422943 115.91466373756 1.961973 0.810239236655616
179 0.254477 127.147391734978 2.20115 0.817504160543323
180 0.424122 124.774205842301 1.969585 0.810761084422716
181 0.392773 121.126483417783 1.994931 0.775169713601825
182 0.441708 111.539164988532 1.965117 0.784290362084654
183 0.336276 115.533272314446 2.106477 0.800175108011467
184 0.276864 122.656544904374 2.157427 0.830754931312661
185 0.47322 110.392189884006 1.876233 0.767595422877612
186 0.3552 113.012177223193 2.074022 0.818165304610482
187 0.384075 117.574880942248 2.015771 0.751918309081717
188 0.314787 120.528131918814 2.107554 0.819886869444084
189 0.428505 127.47074141507 1.999598 0.790316915460997
190 0.451252 113.758730328642 1.895192 0.784409269907799
191 0.292009 124.425488357742 2.153366 0.804863352449669
192 0.410078 112.348108316461 1.982435 0.77893404417091
193 0.273889 117.761986192306 2.132943 0.829760422649647
194 0.197665 128.862642591845 2.227635 0.85853196450061
195 0.39409 119.722296220868 2.032344 0.819990794391615
196 0.500674 114.856070618287 1.805087 0.751196446166642
197 0.371513 116.955290263198 2.010798 0.810161766518548
198 0.232963 122.50195626786 2.202 0.846470570546628
199 0.343222 126.894472043239 2.085741 0.837644658289826
200 0.343717 114.65604306485 2.086961 0.799556900142896
201 0.325377 113.511514713142 2.121425 0.796803671446803
202 0.438401 117.542262434953 1.982136 0.815827198480806
203 0.482818 122.278954594898 1.883669 0.822589532242168
204 0.329227 120.224713435072 2.073884 0.800750728429518
205 0.379194 116.54844261666 2.033977 0.811300945220493
206 0.581053 109.257170518107 1.686926 0.755706919371816
207 0.39165 118.105759052813 2.011079 0.809369957592016
208 0.426866 108.849062742658 1.979394 0.794496797066018
209 0.316769 122.069814015299 2.125812 0.799443879056346
210 0.449299 110.010353212165 1.940905 0.780090266806027
211 0.185424 131.0085535596 2.245267 0.856796785967862
212 0.466983 115.464823276506 1.82308 0.761034557012094
213 0.18211 124.78544597567 2.242307 0.852522620932567
214 0.363339 122.793685981027 2.049383 0.817123026071074
215 0.417392 114.713438907241 1.93073 0.814851909150178
216 0.455991 116.379018662116 1.948059 0.762781306778682
217 0.410973 112.234733661961 1.981115 0.766825028067076
218 0.259087 124.682176682527 2.162889 0.827210597338592
219 0.263024 128.978777409447 2.189818 0.801825594509188
220 0.233783 122.802880630575 2.209915 0.81149308992487
221 0.511009 112.898214640682 1.849344 0.785375775769191
222 0.553396 113.206181709101 1.767782 0.790496386083525
223 0.273909 123.931388299368 2.176175 0.827305424166124
224 0.399429 114.601506831346 2.018856 0.804134356284643
225 0.478864 106.217948919769 1.867286 0.779651106959178
226 0.352253 114.746770450928 2.027271 0.797318547559098
227 0.421316 115.833381357391 1.968064 0.75635860975627
228 0.296038 125.078445221387 2.122251 0.804867427438862
229 0.340315 123.578359293759 2.10822 0.797013375466431
230 0.543086 108.434803219966 1.748105 0.73445949857679
231 0.396043 116.98193273478 2.008801 0.789452835116068
232 0.216858 131.905101435568 2.223207 0.865456503409475
233 0.276278 121.050532322124 2.172631 0.818008092621098
234 0.289998 117.318972700415 2.117865 0.808366202436663
235 0.539058 109.855009325989 1.752763 0.764064404946241
236 0.470325 114.264433246996 1.909427 0.784174602759167
237 0.505621 111.813029686313 1.854374 0.772296040733043
238 0.478655 113.825863675151 1.893714 0.746273306894928
239 0.327258 123.156437094863 2.104713 0.816154201972793
240 0.410482 124.262400190107 2.006179 0.802903933096791
241 0.443112 115.960697007397 1.963346 0.782374913786526
242 0.389393 112.776796444892 1.988903 0.798835380150033
243 0.433869 115.108126279173 1.953269 0.795739721929118
244 0.153693 126.457106618962 2.258797 0.836269209126773
245 0.513663 116.228489482168 1.823572 0.782188661552821
246 0.403071 125.003062751297 2.038555 0.80362228240942
247 0.451652 117.57388259324 1.958882 0.792019286041027
248 0.368343 114.182838793473 2.052033 0.802119548796355
249 0.445975 115.24816400185 1.939259 0.777788515464311
250 0.428784 121.53405669384 1.941755 0.79846535705018
251 0.402654 115.477388812305 1.958685 0.78727785379623
252 0.478666 104.278936318152 1.878895 0.770872729462462
253 0.430222 116.576563015158 1.954519 0.819048312515829
254 0.407248 122.424126893321 2.030873 0.793421327511506
255 0.440704 119.080646855986 1.929246 0.792431608704751
256 0.478018 115.607697175077 1.861442 0.788552098411307
257 0.432222 117.966598392392 1.955855 0.77749875886011
258 0.33621 120.664367293169 2.090826 0.802856511949665
259 0.369454 130.093624362766 2.077833 0.798453903733585
260 0.490752 112.132160684311 1.825394 0.792151503754953
261 0.41809 113.424559731711 1.993758 0.797201957379194
262 0.293539 122.48024781667 2.165781 0.830878313381846
263 0.367647 113.653427076745 2.059725 0.774353690515112
264 0.386808 123.065909055361 2.022991 0.807763059959449
265 0.447977 116.089566019414 1.944552 0.76906650502297
266 0.367922 122.286135341933 2.024874 0.815407289039513
267 0.315221 118.83043713844 2.125544 0.794203786389241
268 0.413945 117.39347531515 1.971268 0.81329843389563
269 0.446099 115.681726451281 1.941857 0.781799210716728
270 0.271704 129.655394380412 2.171685 0.830370373918876
271 0.475423 109.518620014081 1.854601 0.72971319970659
272 0.420875 120.037511168359 1.944134 0.804480467808894
273 0.441516 111.039917022673 1.925371 0.802169149217356
274 0.406729 115.58413296789 1.98151 0.775871549448827
275 0.449957 122.210887423196 1.947911 0.812746766008937
276 0.235377 124.763573274888 2.201649 0.835207972186747
277 0.441481 119.833807246223 1.956974 0.813321842594891
278 0.398896 119.460078931472 1.996859 0.820060330391052
279 0.293249 127.966327117979 2.161388 0.800101574096742
280 0.379509 120.493878709253 2.034503 0.826561070810065
281 0.413998 111.268428565955 1.965508 0.80532505989092
282 0.503874 113.795912705627 1.839787 0.784390938262078
283 0.258809 120.18135732884 2.189484 0.831527063625337
284 0.359852 116.545436409094 2.052029 0.76093045719335
285 0.423884 115.255243260473 1.961102 0.817687999010955
286 0.330576 128.043231274996 2.110478 0.831128530475032
287 0.410652 118.434171908945 1.972312 0.772628877072972
288 0.49082 107.855974954637 1.8484 0.775385550952557
289 0.483051 115.078169174114 1.87446 0.79553592608564
290 0.450211 119.504700964504 1.877931 0.78848940076308
291 0.374252 119.926235346594 2.035411 0.789181987000783
292 0.271147 119.82153863724 2.169431 0.807488317820915
293 0.391587 118.343995186314 2.006455 0.798938652171626
294 0.445426 107.858583152331 1.929402 0.787919452234145
295 0.313182 118.053424108996 2.086624 0.805572548663182
296 0.384936 122.622361061322 1.987038 0.799653826065343
297 0.437072 114.794168184783 1.897372 0.769770693000936
298 0.415295 114.823279229025 1.950362 0.774378074440696
299 0.372945 109.545921483359 1.987514 0.800905172243524
300 0.233505 118.598263562749 2.19761 0.818483180749066
301 0.455078 116.724432262249 1.912094 0.804753207271799
302 0.420823 114.376946788127 1.960258 0.822800770239147
303 0.365694 126.430123516298 2.010075 0.79249122524864
304 0.503997 111.427134219847 1.825217 0.770898257290205
305 0.446501 116.753824811201 1.938431 0.789230257529754
306 0.391142 111.102542413414 2.013386 0.783789778064031
307 0.431173 118.498297493396 1.974768 0.801307007450606
308 0.499719 107.570790981331 1.831401 0.755960052757855
309 0.359559 115.414055402162 2.066364 0.829015439117218
310 0.289002 124.137266225291 2.139776 0.810706239108687
311 0.427987 114.491591841627 1.939069 0.766871143675706
312 0.408068 113.830190275268 1.979579 0.781169069584389
313 0.387652 117.102869368168 1.994178 0.767484514338193
314 0.356857 118.181738982895 2.021814 0.807885168585275
315 0.568204 108.093080257117 1.698623 0.784318514590581
316 0.38622 120.055063516557 1.987582 0.780328080491155
317 0.305684 122.018672209724 2.148362 0.834851242510185
318 0.525865 110.773750452375 1.819591 0.780572004507896
319 0.492963 116.944551217048 1.877804 0.801731673296975
320 0.432176 117.40130203558 1.904777 0.792137347317741
321 0.531956 104.830307334383 1.792199 0.730944053281626
322 0.482944 115.617932108133 1.778818 0.77444909490309
323 0.305017 113.062843669554 2.13237 0.799604639547022
324 0.385458 117.555777703838 2.032854 0.77488618804262
325 0.500241 116.923036076033 1.87173 0.781671198100288
326 0.486228 112.009132006677 1.882418 0.740957306281581
327 0.363841 121.828014003739 2.083814 0.804147058602301
328 0.353249 125.943671181782 2.079896 0.826173869210725
329 0.469671 111.324397844215 1.898139 0.788074722553777
330 0.219375 126.531533734708 2.224378 0.850651596740847
331 0.422008 118.498695415079 1.984748 0.806018310890007
332 0.264813 120.707681118585 2.169336 0.82747473987113
333 0.353269 121.097961320718 2.097211 0.81723144989657
334 0.365599 117.654441449218 2.032782 0.815041554934446
335 0.627256 106.09204935335 1.566854 0.707727489182196
336 0.399941 112.11515875489 2.009108 0.798150985020995
337 0.342732 120.427455565377 2.093956 0.81556342674239
338 0.356714 116.69942561768 2.064243 0.800741235873788
339 0.389692 118.67721449068 2.047719 0.796608006449301
340 0.375611 123.182516905892 2.057192 0.810552014339175
341 0.36483 123.203656458183 2.053373 0.794585603030349
342 0.558156 108.538973633137 1.723497 0.708706641601497
343 0.432992 113.35203338525 1.972447 0.773133241438913
344 0.40497 120.757135134656 2.01324 0.79891699445719
345 0.486438 108.287625464843 1.849722 0.76859153799238
346 0.481111 112.120578690704 1.834824 0.762329698429319
347 0.25412 116.258180007294 2.173416 0.808857555189707
348 0.577649 109.620353343439 1.70348 0.720708790587509
349 0.328588 124.856880802012 2.116252 0.794917724111092
350 0.404371 117.925546960371 1.988553 0.754451689925016
351 0.264344 117.808608689897 2.155419 0.821234661580026
352 0.416588 113.440907235349 1.946061 0.79094505175967
353 0.536689 119.925641966554 1.775712 0.814704002082488
354 0.334142 122.394859826457 2.122508 0.823778301950551
355 0.43176 110.621156315332 1.916218 0.765733918899381
356 0.414657 110.783425978211 1.961032 0.797886331770837
357 0.544384 113.516143808308 1.751759 0.701314543638582
358 0.381346 120.461920539436 2.046205 0.815430286125058
359 0.284258 128.896805372166 2.17178 0.816928417066947
360 0.222805 130.925061514757 2.224439 0.837958040818533
361 0.429703 108.423845701651 1.931856 0.773700834839225
362 0.548746 120.938470924561 1.770557 0.809380795836542
363 0.447667 115.612614288015 1.934626 0.77861082473037
364 0.472981 109.144227501944 1.864704 0.758105822743942
365 0.269853 121.859800610494 2.158736 0.830708803950527
366 0.545313 118.966730716801 1.741051 0.803051773022164
367 0.41521 111.539105475121 1.956438 0.80680608251384
368 0.426437 112.469012377123 1.899813 0.778905020817079
369 0.489572 116.499749128522 1.879447 0.780396047198515
370 0.502999 115.389596258291 1.844339 0.781806629981226
371 0.357358 112.803567150284 2.035522 0.756392639877899
372 0.377672 117.275814370087 2.013361 0.818571054386833
373 0.351865 120.020244230319 2.090913 0.811316093320316
374 0.480856 115.251413019737 1.874068 0.758518770190604
375 0.17527 126.488606451213 2.254407 0.84889523950916
376 0.510594 110.853249758882 1.844284 0.783341947404716
377 0.347792 121.663992605192 2.103199 0.815592125018693
378 0.344494 123.773170727779 2.08885 0.806081892910241
379 0.328597 124.573926218725 2.054576 0.814076345937056
380 0.486822 115.221819620277 1.871842 0.770979324760167
381 0.363064 119.758223355177 2.070514 0.788153024221072
382 0.363279 118.555538351748 2.072348 0.823244844934712
383 0.331392 116.367123695318 2.048655 0.783347132115622
384 0.335219 114.931133055734 2.108551 0.76482210729756
385 0.517827 105.056155012732 1.813451 0.753268143778672
386 0.491128 119.981416566536 1.874359 0.774380481333176
387 0.408757 118.938961302601 2.005968 0.766985985470339
388 0.388742 111.883693818885 2.039521 0.791974251490282
389 0.555857 110.079558779986 1.763356 0.755438648781281
390 0.356333 122.474330763752 2.075806 0.797429780126888
391 0.409478 123.307569795582 1.978062 0.813980960966695
392 0.437548 119.099212080679 1.987568 0.794211163032602
393 0.233822 123.595550421078 2.183117 0.815520895547037
394 0.492262 116.077958903741 1.848806 0.714841679418972
395 0.417375 115.492093142284 1.995654 0.77705792894723
396 0.367267 116.670683015354 2.02575 0.81077114923705
397 0.210222 128.732601568546 2.229965 0.848466023011706
398 0.354807 120.200583641398 2.069327 0.814847072247406
399 0.453858 111.913578965369 1.88726 0.780895028674498
400 0.536479 113.69956932851 1.779564 0.738880384317662
401 0.54993 111.946609360828 1.754598 0.779805289718244
402 0.476355 115.585191205906 1.868905 0.774993853249703
403 0.457862 115.17367729553 1.910107 0.782231068081122
404 0.314079 108.186771804983 2.117771 0.783952477433006
405 0.504362 108.938171802071 1.800238 0.781546868413584
406 0.409083 114.282116980606 1.970812 0.786275991580651
407 0.407302 119.375719937326 1.974541 0.757460826306195
408 0.476397 108.792784153016 1.921178 0.778660962450164
409 0.311392 118.982198641015 2.125697 0.823513313467236
410 0.521286 114.483247529771 1.814024 0.773289952053404
411 0.37804 124.299516263884 2.03808 0.814124292397002
412 0.320108 122.830403548401 2.123033 0.803404387716336
413 0.32996 122.695228630699 2.121141 0.809168853790037
414 0.311113 126.487346883371 2.112121 0.838472023241693
415 0.455031 116.664724702114 1.911133 0.739609142168908
416 0.383014 112.122005018401 2.021811 0.793459976724664
417 0.556116 104.873935969799 1.71331 0.732703683375253
418 0.381388 112.487887470433 1.988828 0.79884886158883
419 0.433794 118.827169559594 1.917663 0.806877873805038
420 0.420321 104.236260031064 1.919048 0.767827707071837
421 0.315005 118.218588838344 2.105375 0.793382043124912
422 0.589128 108.484924673166 1.649851 0.746869272931415
423 0.377607 118.275677011018 2.025968 0.783811468960534
424 0.305088 118.079597282448 2.138249 0.773701475069977
425 0.296929 117.894564196126 2.152402 0.820555238629176
426 0.563149 111.244106090638 1.752404 0.781688826135699
427 0.397857 111.807245013304 1.9898 0.817152883856307
428 0.502817 115.454758378691 1.87127 0.758908108411721
429 0.547154 117.600499855228 1.771988 0.751561916260106
430 0.395395 120.678578224494 2.009995 0.795607718890254
431 0.447233 112.521967330407 1.948389 0.800603253994005
432 0.335116 119.420839104212 2.067726 0.815784221041981
433 0.385377 114.516678944678 2.005955 0.804647022820312
434 0.624235 109.399831311619 1.586144 0.759371074565507
435 0.362104 123.448287623359 2.061624 0.806510057175936
436 0.363786 115.031926447614 2.047966 0.792346054917313
437 0.479021 111.347940127219 1.876184 0.743630543249062
438 0.350347 118.179208164229 2.068569 0.815261110143155
439 0.382294 115.533003033979 2.046701 0.81829165523458
440 0.505641 113.084498416987 1.84518 0.752530266159163
441 0.303615 120.948152357843 2.112307 0.832906954382925
442 0.359082 122.402984406434 2.072779 0.812820624203081
443 0.530997 104.512971220633 1.790429 0.746190910920214
444 0.489549 108.585081725012 1.829164 0.742039614487721
445 0.385573 114.843727074403 1.989389 0.80464244286378
446 0.456778 113.89078595501 1.87138 0.797665604229852
447 0.455274 122.50714045263 1.951299 0.782082094930477
448 0.401895 115.452069574931 2.012797 0.795455138535093
449 0.444682 115.67818722574 1.927071 0.803224517285083
450 0.530798 109.865531655986 1.781627 0.769858530748415
451 0.488061 120.652373820655 1.876064 0.817160696220122
452 0.411566 115.444125888383 1.957141 0.797471333436337
453 0.404866 118.407979612098 1.990365 0.804899516483343
454 0.479351 122.384043851297 1.891009 0.819111182079078
455 0.393671 121.224703757558 2.023125 0.812206912518048
456 0.39345 117.075872899787 2.004037 0.78636282376469
457 0.408073 114.152507818466 1.96347 0.807518823456714
458 0.466009 117.416272684323 1.885008 0.795583132349186
459 0.52193 111.487787084166 1.828659 0.77789625978607
460 0.419698 117.403541540437 1.963606 0.796540275201231
461 0.444951 115.262759111579 1.912126 0.738996807964863
462 0.526908 118.45516058101 1.796868 0.782636018032851
463 0.505235 119.083123091436 1.842262 0.792062031351799
464 0.450024 121.789002198716 1.966504 0.772941266585946
465 0.37616 119.981051900936 2.043281 0.800686665366491
466 0.428713 112.575996415126 1.956745 0.788838660649599
467 0.346404 124.433090187601 2.072579 0.833900670795581
468 0.348015 116.263729583723 2.077383 0.814069692972464
469 0.425767 120.298348037865 1.984934 0.75596035374328
470 0.1371 128.293504067489 2.271565 0.836267965907928
471 0.507895 115.566435558115 1.827738 0.753893042728158
472 0.442735 120.870157760348 1.982165 0.819179933111621
473 0.336693 114.490603275641 2.068611 0.811041593038772
474 0.325828 124.650583069747 2.102715 0.813769175681281
475 0.186034 125.253996611738 2.23018 0.837113887251046
476 0.363508 120.162072221687 2.080974 0.816285950690916
477 0.496633 117.806674419352 1.867792 0.768331412938162
478 0.34587 118.167321193256 2.066544 0.793531125524572
479 0.452077 113.581855510467 1.920109 0.771994067347083
480 0.385022 121.908260226414 2.047984 0.824870412099528
481 0.542643 115.490727700941 1.76355 0.780415468830326
482 0.457057 119.362821874052 1.924598 0.776619112159679
483 0.367312 117.617716491851 2.050122 0.803255561247464
484 0.366232 121.377613453706 2.00765 0.804366029224863
485 0.642461 114.065332442334 1.526664 0.699507175087365
486 0.312855 121.010457539494 2.135093 0.799742650222379
487 0.422081 108.119737161082 1.95133 0.78154390334119
488 0.561798 109.324310113899 1.726311 0.76878576508291
489 0.415681 117.595177461481 1.943404 0.796344004284406
490 0.392378 113.822554551678 2.014096 0.790943699556829
491 0.386002 112.287362708203 1.982821 0.778213206665644
492 0.478628 119.74320569766 1.869285 0.800005004186549
493 0.389762 118.022295377012 1.981194 0.77576264063228
494 0.316525 125.888288826605 2.137719 0.82650916595886
495 0.336591 125.869461348793 2.104149 0.833751450046306
496 0.406905 120.138910819032 2.012936 0.776683046032944
497 0.493474 105.737356112551 1.851584 0.793741516492707
498 0.319788 115.890950263608 2.112124 0.808237586001865
499 0.153958 131.294779988678 2.262715 0.849083228276539
500 0.272391 122.473023522768 2.145109 0.80702384410233
501 0.343267 117.542645808673 2.078386 0.809721971566688
502 0.381184 113.994538153365 2.025689 0.7928017223409
503 0.483371 112.723416389212 1.844618 0.755937160879355
504 0.543769 111.896291647821 1.774166 0.798615281587017
505 0.49539 110.903884377698 1.859505 0.769779961388854
506 0.319227 116.208613680303 2.10381 0.763357724866421
507 0.624546 107.29244497317 1.586349 0.757798241751436
508 0.529606 116.803407999134 1.797734 0.760268314816029
509 0.415135 108.775443256412 1.960882 0.790051719313628
510 0.403521 113.015605118386 1.983937 0.798904915424256
511 0.404685 110.57311508327 1.987525 0.775099766883206
512 0.411299 117.909654630317 2.02566 0.824898937889252
513 0.392288 120.518977368309 2.047729 0.786798259200022
514 0.237976 128.071129799513 2.198279 0.841629206601882
515 0.295803 120.553793205136 2.126326 0.812367549158415
516 0.51705 109.035959251237 1.79013 0.763923692174049
517 0.380041 118.326411144453 2.04299 0.812109409337911
518 0.423568 117.980378073788 1.978496 0.778563131041861
519 0.266027 125.653227667069 2.181122 0.817216574749819
520 0.410236 122.693773458994 2.005537 0.788403515457045
521 0.459147 120.996641405313 1.890518 0.801425117308467
522 0.419248 115.607036285019 1.98959 0.788099908914555
523 0.500733 112.302465486531 1.817825 0.729845692597635
524 0.454753 111.136710535237 1.934569 0.767731069354583
525 0.421753 126.251778026125 1.992541 0.822041266648284
526 0.472474 118.529082203187 1.88678 0.772175526908929
527 0.421337 120.445267010224 2.007189 0.82771709317306
528 0.294554 121.054381795347 2.103145 0.79692926823262
529 0.494642 116.506436653242 1.850994 0.788758005752992
530 0.386227 111.785421150416 2.009394 0.79440395584294
531 0.508096 117.915666774116 1.790704 0.800699759721589
532 0.313347 122.672057455749 2.110248 0.785025083153199
533 0.539851 118.632301074929 1.765558 0.785075322066613
534 0.378553 111.599439414407 2.012779 0.79913865694097
535 0.486808 115.728360242199 1.879105 0.795484718032439
536 0.489417 115.516556459617 1.871959 0.778691643428223
537 0.281274 117.339252941597 2.099489 0.821858876149006
538 0.437051 114.278694893098 1.961608 0.778898478467329
539 0.460429 116.155989661048 1.915401 0.760998038236723
540 0.478854 114.048671660924 1.858689 0.75491342228484
541 0.545996 114.055384964584 1.755364 0.73681213068222
542 0.452437 109.733047236981 1.940602 0.788370196875442
543 0.313461 121.808003990032 2.141642 0.823364468647788
544 0.354667 116.433805423811 2.076817 0.805324325722084
545 0.400404 115.408975101769 2.013261 0.772643361148019
546 0.450266 111.419200617453 1.948889 0.772058987612247
547 0.390522 123.086696792904 2.019556 0.775153993149103
548 0.459326 116.921847447937 1.927884 0.780079637145921
549 0.369031 121.06607226822 2.059074 0.81244986564163
550 0.363807 125.13587401879 2.069872 0.80644462528302
551 0.364269 114.934923792542 2.03812 0.816836768728536
552 0.256433 123.805976844027 2.181797 0.833991210606705
553 0.357789 121.87602483047 2.077222 0.822007221357701
554 0.35253 116.98483575112 2.097524 0.764357793219859
555 0.299573 123.01169267182 2.133957 0.828144172731245
556 0.355234 123.800185907497 2.071256 0.820097051923168
557 0.378817 113.160003346762 1.987319 0.778967469215774
558 0.446512 106.868312841047 1.903333 0.790527979455304
559 0.314161 122.21417446482 2.119521 0.819602768641044
560 0.338879 126.257921618043 2.107677 0.799616112238907
561 0.386922 124.609746161238 2.049509 0.799039422704134
562 0.45216 109.208724851971 1.898788 0.797513856734663
563 0.291363 126.256055399914 2.148672 0.839794773859261
564 0.24535 122.671753052501 2.201458 0.836185479027363
565 0.214366 127.061503901067 2.21038 0.821783373147732
566 0.457628 110.523308553451 1.907054 0.750082663681627
567 0.382213 122.53445434295 2.034189 0.774136011220738
568 0.342569 115.907349868414 2.051707 0.811974260610978
569 0.412155 121.445156484819 1.96797 0.800259980577545
570 0.369486 123.150028690511 2.056571 0.816769812957868
571 0.504697 111.102348142594 1.807818 0.775484443012307
572 0.390874 114.378637429593 1.999982 0.814326687020506
573 0.236516 119.734314593441 2.154663 0.802019535351931
574 0.543327 116.02613980143 1.775213 0.808463448139541
575 0.286722 122.223793032256 2.166711 0.830991019175441
576 0.484431 112.261813764191 1.875095 0.76919119310781
577 0.447217 120.277761389166 1.91382 0.789458392108671
578 0.448999 112.329443278379 1.922261 0.764985070525624
579 0.445078 123.141511028966 1.877704 0.828662593607665
580 0.497597 114.444853137764 1.84765 0.758259690919435
581 0.307447 117.462984286532 2.122722 0.810815510109326
582 0.469958 121.756902933543 1.900987 0.799406697299155
583 0.141643 123.820221697689 2.263844 0.837943244055384
584 0.262547 125.455793970816 2.187374 0.843125937101468
585 0.457622 104.545784159887 1.88864 0.775715596634561
586 0.319234 124.405184240892 2.105913 0.818467133545536
587 0.462211 120.248461932378 1.89802 0.788285069838787
588 0.319712 130.328449465857 2.108076 0.846315831657776
589 0.406965 111.464277534474 1.980528 0.772291751371627
590 0.321009 120.396558871576 2.13348 0.817630356986547
591 0.289986 123.520741314632 2.165813 0.828867943000181
592 0.26289 120.304695490509 2.167521 0.829640063568474
593 0.314914 120.17891840255 2.070036 0.789939356701463
594 0.467458 114.238814453949 1.910395 0.783445042964631
595 0.421581 107.034881742594 1.981791 0.767512086940361
596 0.49533 118.372676495266 1.862682 0.802725128654552
597 0.447244 119.673061709837 1.930142 0.801638729145479
598 0.46992 118.868856132284 1.896786 0.804138440254551
599 0.369855 119.743790432083 2.065154 0.785594134256828
600 0.234239 128.637991857933 2.203107 0.854730925239059
601 0.51434 116.143474595427 1.844765 0.76030292936194
602 0.483492 115.04229453288 1.876149 0.786034235229931
603 0.333516 126.662566032041 2.122563 0.809574955225735
604 0.423232 116.173249557521 1.99595 0.80849324715015
605 0.601833 108.244629808792 1.658417 0.749476122273474
606 0.483784 106.424412180316 1.86088 0.747524885000265
607 0.472821 118.821735150276 1.921378 0.751186012426147
608 0.366949 121.035210982179 2.033052 0.817007106844252
609 0.348379 108.225500928258 2.03618 0.791529071121678
610 0.387992 122.698472173546 2.009125 0.807660157389364
611 0.504353 122.370400524089 1.864492 0.806641039939505
612 0.271264 124.013760114613 2.161904 0.835755039391333
613 0.48864 118.63234054572 1.858195 0.720169537997447
614 0.453285 125.222176375267 1.937299 0.818299437823056
615 0.442079 114.47629378367 1.95686 0.791114727186218
616 0.404209 123.795295982312 1.99965 0.833265597855855
617 0.44567 113.642103828401 1.951796 0.781787937002933
618 0.475964 118.465815056505 1.859308 0.799331731928557
619 0.484818 128.874197557911 1.874869 0.793385451184198
620 0.452558 104.889501216183 1.884588 0.763135818790812
621 0.231494 124.05289430462 2.180769 0.790621202048712
622 0.488016 107.741527668432 1.849464 0.757447256759146
623 0.439692 116.27417750215 1.971966 0.788264292953779
624 0.41782 120.023485330263 2.002346 0.804397234515931
625 0.381539 116.785064890512 2.001207 0.815014200742955
626 0.48774 121.885228673851 1.86027 0.795287877141465
627 0.462708 116.508192411487 1.881647 0.771887756814695
628 0.37881 115.194863814656 2.012556 0.833964696135586
629 0.258876 126.598788928352 2.184644 0.817983803416829
630 0.48683 119.669743378829 1.892253 0.803459742875306
631 0.528081 106.985300609474 1.815627 0.748056143969102
632 0.379113 119.27134854198 2.028781 0.817683192304269
633 0.293515 123.739118592873 2.116602 0.809325877779009
634 0.387803 113.095322927728 2.016094 0.798190519818275
635 0.472973 106.788412052081 1.864637 0.761583367541702
636 0.37533 118.615499769423 1.99282 0.793038024209571
637 0.333201 121.973930365685 2.101504 0.809327579923585
638 0.422052 118.461818071719 1.929247 0.800234522939861
639 0.437303 119.375738501229 1.904716 0.789755720337597
640 0.326889 120.034843970649 2.089743 0.768541583801256
641 0.474723 111.540298784467 1.892028 0.775303474505189
642 0.377434 111.833547532893 2.057669 0.782246932152537
643 0.363068 119.345015993608 2.080067 0.804861132467921
644 0.295383 124.2403576855 2.140707 0.825475277865176
645 0.25189 127.757958085973 2.183262 0.814766770801403
646 0.367349 118.12518052918 2.035516 0.811793800957157
647 0.323261 119.401974982595 2.097461 0.829588029904023
648 0.34136 121.063940869165 2.096313 0.818587435364198
649 0.465651 110.252720514194 1.910365 0.773236431072269
650 0.45012 114.977128548452 1.917313 0.778290965182674
651 0.434408 114.659321320774 1.95024 0.79377455273136
652 0.576572 111.185951707208 1.666537 0.728186663266047
653 0.243643 125.705936114095 2.200774 0.800174524718086
654 0.313498 119.855019196293 2.11806 0.822693725474595
655 0.454217 113.967566974261 1.919879 0.790868701813286
656 0.480975 123.090164760511 1.864093 0.795764405736955
657 0.440948 112.401071621916 1.931416 0.752017806633157
658 0.402049 118.22301147173 1.969499 0.768242424800153
659 0.397659 116.324160130857 2.009079 0.807530370678006
660 0.472573 115.170672694575 1.928744 0.803318020706021
661 0.351477 116.844637766551 2.051281 0.794323683660568
662 0.37181 124.123419085954 2.019515 0.814387673835937
663 0.359056 127.174207460544 2.056184 0.846427926806227
664 0.263989 126.075844516721 2.16917 0.840748090013806
665 0.298041 116.450098823825 2.123348 0.799416663392252
666 0.360961 117.356692167926 2.076927 0.817017271409889
667 0.318783 125.860808292857 2.107645 0.811834697738205
668 0.366224 119.67533145628 2.041838 0.795097505727523
669 0.377137 125.56427972295 2.044913 0.77077528432752
670 0.313697 123.2482748232 2.111339 0.815447362632891
671 0.44141 112.56874473197 1.953416 0.790340126703881
672 0.405334 116.104747386435 1.963946 0.799528681885582
673 0.252476 121.641445112645 2.190267 0.80829896637599
674 0.355487 115.272024861063 2.072508 0.794325375523323
675 0.274232 123.302670412572 2.165231 0.814449285064524
676 0.161688 123.771699703946 2.258083 0.839878171388116
677 0.425933 114.475365498932 1.946359 0.798733812961797
678 0.348247 120.630423081027 2.086249 0.812319366952262
679 0.457319 119.006378759499 1.92961 0.82229143953985
680 0.269286 111.034967675171 2.15424 0.815593075052965
681 0.44483 114.649452886493 1.926647 0.797735054740026
682 0.453869 120.529555532672 1.886524 0.801530788935985
683 0.493455 120.509552592891 1.871364 0.804187955224657
684 0.378272 119.699979029235 2.068485 0.804753159220805
685 0.436492 109.102607916935 1.919311 0.756554588102265
686 0.340357 128.829275785898 2.105751 0.83551022204938
687 0.473253 115.348069142237 1.897716 0.780404938501169
688 0.259116 118.927540674044 2.165849 0.810721596923145
689 0.360354 112.243158653456 1.997531 0.812521838865274
690 0.443051 121.163577213235 1.945227 0.81338836599247
691 0.344124 116.070545189242 2.04071 0.826743566194862
692 0.396528 107.240527737524 1.969817 0.774470593367896
693 0.35855 119.833110547683 2.051639 0.809086756997578
694 0.38761 114.706593196455 1.982828 0.811165851553739
695 0.581483 109.900388854119 1.661962 0.764023078834338
696 0.401223 118.176859842595 2.014408 0.773725867007035
697 0.315451 128.384912596583 2.123129 0.820604881127557
698 0.556249 111.896646928231 1.735985 0.754878872756882
699 0.371504 120.196108563443 2.058597 0.791855952995537
700 0.411666 120.432557366285 2.004233 0.805803953700621
701 0.356859 117.824251101148 2.052527 0.802626778130749
702 0.391968 114.094701674794 2.038126 0.812293267158608
703 0.392761 121.965128392766 2.050409 0.803722780363004
704 0.354829 111.772878281308 2.061791 0.797953222655494
705 0.536658 112.401238725203 1.796479 0.754183679943877
706 0.517342 108.875018337935 1.831871 0.765161481859267
707 0.547599 114.335118435831 1.750904 0.766311275379059
708 0.448004 111.831647407538 1.915263 0.770628308374816
709 0.453759 114.489322311616 1.942203 0.764756083616994
710 0.251346 128.434599071707 2.202763 0.808029690440072
711 0.427362 112.256615978609 1.947579 0.79303816014014
712 0.579581 109.872435886961 1.686901 0.773963321324115
713 0.427215 119.400044023555 1.968335 0.777993062038145
714 0.343919 122.847227562007 2.095477 0.812414184490332
715 0.396988 113.502190636807 2.012146 0.790848514808472
716 0.424536 118.915125558294 1.995934 0.779106477202844
717 0.321931 114.972542777493 2.128904 0.79876058065332
718 0.422006 116.19151894793 1.970201 0.792183164858253
719 0.444057 108.948171923348 1.952366 0.774917083033658
720 0.448141 114.672670525733 1.942001 0.794879927092214
721 0.393131 116.05752346559 1.983057 0.799296678713485
722 0.441117 119.408601994971 1.950435 0.766631501685832
723 0.311118 117.227376093931 2.129808 0.800860269863855
724 0.417032 121.79457272458 2.020073 0.779849447340216
725 0.540017 112.119520271032 1.771218 0.761203650686974
726 0.46574 113.756756019329 1.909019 0.778652103868602
727 0.252994 128.784426643372 2.199549 0.797187276871457
728 0.281078 124.364076524093 2.144459 0.851182258411767
729 0.318607 130.893902718061 2.122211 0.861626720026337
730 0.145192 132.448632015139 2.267685 0.865434895225218
731 0.44926 113.242442606574 1.914344 0.782145227095065
732 0.42548 118.85412976084 1.97301 0.824993918744625
733 0.373157 119.111537465515 2.005325 0.771638771909983
734 0.56157 107.979238628459 1.743543 0.743424734052281
735 0.514057 125.16323087537 1.847813 0.79944176934598
736 0.499326 105.785731024622 1.839838 0.775191447478342
737 0.365122 115.941253785467 2.048367 0.795124559790196
738 0.462711 102.524575169822 1.909056 0.751727015789709
739 0.405641 117.949260827304 2.03499 0.800343732808862
740 0.464306 117.929212096932 1.896841 0.76649188163593
741 0.356858 122.525388976307 2.071865 0.811301568603377
742 0.351009 117.910769650566 2.076681 0.80914950098024
743 0.455409 118.057524952505 1.952405 0.790683418057107
744 0.326575 121.274555584127 2.115312 0.781464649888758
745 0.440546 110.635189752491 1.935221 0.766882329853644
746 0.452147 116.615505788844 1.930385 0.789342190224048
747 0.457401 113.444063887318 1.952808 0.774509402767359
748 0.396811 117.764182419785 2.008704 0.809959999267537
749 0.311617 119.301140895293 2.131372 0.820293333917882
750 0.476213 107.149683486435 1.842705 0.786703360090383
751 0.477316 116.267675460296 1.87575 0.79197309628888
752 0.416822 122.097386961342 2.006557 0.776448374168271
753 0.470823 121.118319596639 1.901866 0.792208682753544
754 0.212079 125.061250294898 2.225302 0.849451217657016
755 0.389761 127.065801803083 2.005795 0.842774130206682
756 0.446696 112.63348740622 1.929637 0.773445804425098
757 0.437767 116.629603371687 1.983915 0.776110178387057
758 0.48939 111.313166947894 1.842789 0.770087383226013
759 0.51121 116.790982855212 1.839069 0.811927859676611
760 0.497655 112.728597273767 1.844182 0.782147878196282
761 0.451164 118.064996515539 1.906981 0.818144268044973
762 0.301837 117.768735702247 2.068196 0.803499974059677
763 0.456826 114.996445903506 1.927257 0.792294104602965
764 0.542947 104.617325482499 1.738888 0.759230265028516
765 0.614735 110.672466303936 1.600497 0.745903653947742
766 0.303854 111.631050546965 2.136384 0.812160273832369
767 0.40838 109.654902189592 1.976481 0.806251758842314
768 0.331918 124.731184977338 2.106151 0.817285334516477
769 0.454877 106.802810458528 1.902173 0.775750364696572
770 0.367524 113.948425538899 2.038437 0.776332664345697
771 0.301082 128.261993727363 2.153853 0.812268951285616
772 0.511853 116.279686702568 1.828613 0.806962568894186
773 0.36887 125.496545521571 2.074281 0.793474806186029
774 0.364062 124.492154073534 2.057835 0.834815306763535
775 0.47634 119.532497444791 1.90487 0.809257723297448
776 0.234648 124.496130505873 2.19155 0.838294158455009
777 0.418739 118.72617197971 1.993239 0.794965971258643
778 0.319514 116.264041550346 2.081175 0.778925815180883
779 0.412334 121.506610444826 2.023411 0.7934692128668
780 0.444742 117.525076017949 1.918874 0.806667909892976
781 0.365987 121.383861760532 2.057207 0.809226982026384
782 0.430981 109.003647008291 1.952173 0.799899071121784
783 0.309497 120.92532786109 2.10327 0.811873615202546
784 0.495492 116.532208600979 1.867229 0.790809534562183
785 0.411404 114.513184488206 1.975567 0.78760662515142
786 0.271922 121.215281076109 2.186528 0.819118138191469
787 0.376712 122.933506225585 2.057477 0.818086799958416
788 0.5534 111.804200038089 1.772921 0.722401820177841
789 0.312869 118.16873266839 2.112665 0.802612983166079
790 0.422933 122.2341419001 1.982405 0.78722549513871
791 0.478673 116.782973152481 1.865761 0.816003827854795
792 0.385699 121.491458967874 2.060102 0.830707306223839
793 0.375605 114.278502443264 2.002224 0.794011804292787
794 0.505738 117.978052685641 1.824902 0.790651022555116
795 0.232723 125.900697345614 2.214611 0.835291065134707
796 0.43346 116.241000291771 1.963656 0.77800076521687
797 0.377629 125.576252892341 2.04321 0.846452572632256
798 0.366304 115.287157739908 2.029593 0.814290357696778
799 0.378566 116.464061603559 2.042441 0.782225422444615
800 0.419348 122.98168801871 2.000465 0.819479749442353
801 0.359233 123.090033380332 2.062222 0.821833541817771
802 0.247807 122.301816377413 2.202725 0.84279335267134
803 0.272013 118.130565318691 2.16604 0.808787068699009
804 0.37244 119.286147171855 2.003098 0.777678299119087
805 0.386201 116.549501233842 2.016501 0.813036668455248
806 0.547286 118.307174848446 1.774199 0.778129191104018
807 0.437426 112.085194685237 1.916792 0.767330578966431
808 0.483112 119.986378728627 1.863151 0.804278851982934
809 0.353012 112.973659147477 2.032023 0.772080409144654
810 0.464672 119.088092428715 1.930415 0.799470692089398
811 0.338777 121.086255559799 2.092823 0.821073574315793
812 0.402893 111.647531460387 1.99208 0.797704691411036
813 0.380914 111.890595004571 1.997984 0.810083025128285
814 0.423498 119.680288391669 1.975411 0.794873468511744
815 0.49269 107.001641049511 1.860683 0.75410510805758
816 0.361809 121.93195961002 2.069545 0.815947452326725
817 0.24064 124.454133789687 2.152079 0.819004700040037
818 0.371662 120.680777982263 2.060398 0.798614967244316
819 0.567824 108.802073754104 1.722339 0.753117132401986
820 0.528121 109.577164661726 1.806675 0.751377558042226
821 0.284195 133.791061391398 2.17186 0.849988508143576
822 0.354227 122.448006083125 2.082136 0.795932381186137
823 0.480139 113.664608109128 1.87626 0.756247465421404
824 0.448839 120.41742909235 1.891642 0.811532602264368
825 0.540618 114.191374048191 1.764718 0.772290360869739
826 0.428333 109.207964015179 1.956514 0.764903421526693
827 0.362396 114.895984707048 2.036271 0.801275002391773
828 0.325522 120.49563136992 2.12004 0.810555636692972
829 0.278724 119.383065619172 2.075919 0.813842760132321
830 0.482403 114.170648166749 1.893979 0.777015917178741
831 0.435607 112.49971219308 1.956611 0.799608851240518
832 0.35615 108.808296175121 2.029944 0.79189488009461
833 0.250965 121.947859968643 2.198019 0.801985584855242
834 0.398449 116.880495013459 1.981764 0.775831335463711
835 0.401957 116.990959254419 2.027149 0.787812782805666
836 0.399034 116.075375792265 1.995819 0.774712172990606
837 0.387387 114.478711086005 2.003609 0.808558428412366
838 0.363754 116.282516330264 2.049953 0.784519880519972
839 0.466621 112.311109648185 1.923588 0.784611342153585
840 0.407552 121.072072088148 2.016618 0.821372557650124
841 0.394473 111.79987610714 2.003704 0.799019847907448
842 0.353583 123.721910847539 2.084286 0.815947644833378
843 0.429369 114.27393656549 1.942106 0.770389541023713
844 0.387614 118.690487788188 2.039452 0.80700698575349
845 0.400121 117.48037679417 2.02599 0.813935502161199
846 0.377991 118.312624269576 2.006531 0.800867746977536
847 0.329894 113.226561071867 2.063635 0.790794669268708
848 0.474663 102.64997208607 1.87003 0.764728788057188
849 0.208302 128.786138992808 2.228785 0.845651220847919
850 0.430366 109.585411447397 1.939843 0.783050825091005
851 0.398666 119.917815333607 2.010981 0.801581005282269
852 0.339466 114.16150266468 2.085541 0.790769139311896
853 0.460397 105.700797450172 1.903023 0.778555053372203
854 0.543162 110.246548501836 1.715273 0.744907028094136
855 0.484847 115.176229660831 1.895115 0.761106623232125
856 0.429676 115.56384862509 1.98091 0.777056192479073
857 0.418144 120.270158185821 1.937243 0.790401873919533
858 0.308664 119.659846388962 2.140824 0.781879879224261
859 0.334191 119.827996048881 2.098874 0.814771911806169
860 0.303707 127.087718394602 2.15521 0.807182384499649
861 0.424837 113.233162545512 1.970811 0.777275452836452
862 0.387695 109.927362937489 1.996473 0.778407514896825
863 0.338991 115.922113053914 2.082346 0.789412536641865
864 0.559661 103.824087989745 1.706695 0.735956741287722
865 0.264392 125.065253236802 2.171437 0.816176226640594
866 0.263304 119.366062099526 2.158019 0.811299388348297
867 0.448766 115.826728909743 1.949484 0.784543482116733
868 0.458254 116.054872904249 1.945883 0.796856132967425
869 0.522359 116.409391551841 1.840512 0.767151751318379
870 0.294915 115.976504082684 2.139495 0.783223470232853
871 0.491833 119.345110309169 1.875992 0.767482432006846
872 0.381894 119.040340128895 2.030274 0.791963317167689
873 0.427692 117.696459885997 1.969399 0.763391268530971
874 0.403936 114.627229827453 2.004771 0.769573347845707
875 0.414288 111.155862189209 1.939726 0.782146508473167
876 0.336593 121.418377912258 2.11771 0.815452322068084
877 0.399012 116.942336342805 1.990172 0.797776148962407
878 0.460179 114.489054773574 1.88105 0.790413411743633
879 0.403625 110.880554118815 1.954569 0.74696000057405
880 0.39455 113.520355323665 1.987838 0.788673103014413
881 0.512639 120.283585274518 1.832024 0.813242344270529
882 0.281681 123.129070476273 2.148826 0.807905496780732
883 0.413949 112.739427189147 1.955874 0.760880552046231
884 0.342293 125.985316934601 2.093847 0.766078079328027
885 0.50936 108.690571243737 1.810989 0.788508749724301
886 0.491699 105.638352500056 1.836879 0.76317412676995
887 0.401227 117.07591067377 1.969734 0.762677271842606
888 0.265903 123.684413246976 2.186851 0.84635767857621
889 0.496357 110.441349936231 1.831691 0.677204977370019
890 0.480864 110.580985560733 1.891437 0.79025757354425
891 0.461082 120.391151084413 1.938712 0.775518592167249
892 0.33578 125.024683272031 2.106827 0.843032074790999
893 0.566477 112.112804430897 1.693161 0.788236381779636
894 0.372994 121.18301807053 2.039767 0.833250248503259
895 0.332534 119.117999756684 2.102134 0.811596287627843
896 0.374653 115.735343020209 2.06952 0.816690930373972
897 0.364965 120.620056066606 2.018672 0.807158592274878
898 0.278403 121.879569736884 2.174192 0.816495762541519
899 0.209496 123.020297629156 2.205186 0.827943831344822
900 0.459974 114.375422462624 1.91088 0.785976077230391
901 0.265753 121.36596712972 2.151763 0.813689162295966
902 0.40644 124.627752904352 2.023372 0.832815234935405
903 0.336449 120.951461349274 2.073307 0.818334645631502
904 0.451794 115.718409777968 1.910888 0.782728108179772
905 0.388605 108.942336601208 2.0212 0.775511075415179
906 0.464546 118.665125535677 1.903321 0.773790625515855
907 0.296899 120.728787855972 2.133106 0.826553300299429
908 0.335428 116.409604610075 2.0478 0.817704006237537
909 0.342477 123.844688422514 2.1005 0.812820695721209
910 0.316193 119.526150013605 2.100929 0.817244676032788
911 0.512926 111.112827268204 1.810073 0.756237695312314
912 0.377092 122.909546116174 2.022551 0.813488620306456
913 0.329688 118.544709345328 2.108917 0.806898262062461
914 0.368637 122.785281829821 2.011761 0.78413277394323
915 0.431779 114.088043616882 1.928514 0.785028423057878
916 0.398749 118.843652392326 1.974014 0.807958674557721
917 0.17233 132.181195722232 2.251788 0.84477046355281
918 0.386473 121.69284063199 2.028167 0.828286252869739
919 0.317918 116.582922016707 2.113512 0.815297111096853
920 0.418045 112.861122196152 1.94407 0.794942230494885
921 0.385923 127.21584347264 2.060631 0.81035770416223
922 0.399163 120.25554257651 1.974222 0.781838648602751
923 0.496507 108.622722321101 1.853654 0.753558593684075
924 0.413299 116.54916720287 1.991018 0.820619703902939
925 0.31489 120.37819250521 2.093802 0.789534721385529
926 0.489946 124.223827134265 1.880513 0.790487470864908
927 0.363817 127.155657882504 2.058631 0.846431072106388
928 0.470491 113.359060119582 1.908164 0.761244467477134
929 0.25347 117.99666035283 2.169682 0.82239442626133
930 0.483482 113.598326313698 1.902355 0.779492991514057
931 0.344301 114.65152908877 2.06746 0.814536256630287
932 0.370643 114.116265681135 2.028085 0.798933122431048
933 0.269068 114.879861459499 2.158604 0.828674436523878
934 0.240474 122.038975028998 2.194996 0.833342528336201
935 0.372772 122.037408646341 2.06145 0.803129804875873
936 0.5597 109.491203417472 1.751407 0.726023740071016
937 0.492632 104.624741449034 1.868518 0.736624097328713
938 0.444227 113.895553172525 1.934855 0.779047829015994
939 0.485597 109.001432057401 1.838258 0.756776502453668
940 0.289309 124.125070847599 2.16715 0.807263772235684
941 0.37908 118.494588120734 2.035886 0.80989586251746
942 0.294587 128.33895204418 2.150981 0.807055427444027
943 0.520133 112.591248903556 1.814761 0.76551433598191
944 0.349317 116.264024584565 2.086502 0.797981226560768
945 0.338196 114.9982401835 2.035528 0.812153999604773
946 0.401307 123.379768331074 2.003465 0.824155647915661
947 0.552129 121.967654523997 1.764423 0.827405144015395
948 0.466331 122.327850257513 1.911844 0.800019026023626
949 0.529264 111.818138603101 1.754736 0.76672114118294
950 0.167329 132.320933156832 2.258977 0.835289150511653
951 0.42942 118.189997124426 1.988789 0.766816376245905
952 0.213098 123.929822078989 2.226471 0.825494880744952
953 0.408451 117.696785104041 1.995051 0.795455890005012
954 0.237106 117.93536343392 2.180081 0.816127562143642
955 0.47673 119.622377192128 1.90285 0.749058721238429
956 0.394773 112.887720999612 1.989991 0.776348814129397
957 0.469218 116.696171416696 1.88412 0.779185061782265
958 0.224719 125.554783344811 2.222198 0.831630698067341
959 0.449084 113.448968032769 1.941076 0.792699200540074
960 0.232404 120.096846913079 2.20163 0.836182342486473
961 0.523458 112.01029448968 1.771251 0.701525081120263
962 0.405961 124.027982687754 2.03533 0.773414340824343
963 0.524166 113.77742434563 1.768792 0.775868507579072
964 0.479086 115.973541512253 1.87387 0.769780372792383
965 0.422448 114.921175483735 2.003719 0.78463363837968
966 0.39504 116.231967855739 2.017083 0.799382103289617
967 0.405237 115.170063365344 1.972633 0.794268364633158
968 0.400438 114.839032127189 1.984093 0.81513858131189
969 0.424527 113.850718467166 1.981293 0.776911438739074
970 0.478169 118.556018039952 1.908198 0.777038420338608
971 0.326921 124.306281265003 2.094388 0.823101109336406
972 0.410065 112.152100227832 1.96975 0.789891349272372
973 0.348075 117.368898456289 2.054837 0.795519756195203
974 0.600341 103.166236151392 1.597783 0.687465471639348
975 0.211745 132.186713793289 2.233205 0.849532598852105
976 0.442907 117.134415275232 1.941872 0.786097664088898
977 0.282328 119.625036560752 2.172876 0.804427823440188
978 0.53419 109.93394920342 1.799913 0.735636947435947
979 0.377975 119.003572309191 2.068896 0.801797146491155
980 0.622344 111.364925476771 1.581912 0.725424944003199
981 0.337837 127.284040193145 2.12046 0.815820259887026
982 0.493594 107.398685971945 1.797264 0.747103749931819
983 0.487713 111.11226150694 1.865855 0.779663749309394
984 0.389025 114.464302225312 2.042898 0.787081073138286
985 0.412869 114.983030405442 1.948701 0.815957305141808
986 0.408992 123.528745629149 1.966804 0.819480029427177
987 0.528255 121.371301093241 1.818375 0.764864698058774
988 0.514813 117.152799233793 1.818663 0.79031914294024
989 0.537334 117.80149488989 1.793835 0.788812712300274
990 0.323227 117.043793110048 2.066062 0.830388578427314
991 0.417556 122.303829968115 1.919357 0.806741329868879
992 0.264162 128.018399500813 2.18195 0.813319592074778
993 0.472673 112.409245235925 1.901651 0.766672231174615
994 0.435263 108.650285893925 1.944773 0.78956845818346
995 0.484618 116.082211986465 1.85892 0.768183691355243
996 0.332781 125.82838092469 2.098717 0.839075595426029
997 0.569882 115.450466008789 1.716109 0.764068876686515
998 0.429538 117.72032655981 1.926554 0.7774529155818
999 0.30086 119.851116087328 2.124689 0.814495456803787
1000 0.369356 116.832519895011 2.076694 0.815167018900495
