rep aei_left left_area adi_left H
1 0.219202 112.551197548146 2.190063 0.750288788488051
2 0.217614 117.660963649954 2.20678 0.792356974009435
3 0.544106 109.622120342858 1.716199 0.702500336317763
4 0.447848 130.543952992043 1.968899 0.850085615429221
5 0.630483 104.990058013482 1.563053 0.713077509651792
6 0.51834 113.763485063558 1.831013 0.762067857327617
7 0.318065 119.047068574451 2.102966 0.78964660053846
8 0.381308 109.810808270555 2.001112 0.781592652698253
9 0.504219 112.595677089522 1.827864 0.709633856797873
10 0.336252 120.379926257428 2.041804 0.782603455086766
11 0.312203 116.060067236114 2.132508 0.797034029922966
12 0.495388 104.990740493868 1.820423 0.7495265152223
13 0.37654 117.589377179709 2.05448 0.770577782573823
14 0.36726 122.768241424017 2.021107 0.795102829785545
15 0.493348 108.02860962961 1.833863 0.714823585574479
16 0.497215 108.898361709507 1.858464 0.72637613888413
17 0.51659 115.804229567477 1.84655 0.750358046357629
18 0.403246 112.804154165337 1.947814 0.759627404190985
19 0.404428 115.189192241623 2.011782 0.777397467985862
20 0.419729 110.142253266005 1.980134 0.790884431737947
21 0.479399 117.826616474453 1.878445 0.758587986241745
22 0.383201 105.971171438136 2.041285 0.74420007843562
23 0.490047 115.895043249619 1.825633 0.794600828059476
24 0.525627 94.7523763610217 1.757433 0.715666147649115
25 0.493549 118.000563055813 1.891289 0.746298110486928
26 0.323452 117.492298677052 2.082117 0.754720815284313
27 0.466661 115.755065091026 1.910894 0.770821628002415
28 0.276797 110.940390078432 2.162395 0.778264690052496
29 0.583405 118.989466385735 1.668848 0.781652161297429
30 0.723037 101.043978648318 1.284554 0.753064276655055
31 0.540365 114.537233039474 1.787526 0.749488321554813
32 0.505272 115.965398479519 1.844445 0.769890810705382
33 0.424269 117.683678585596 1.973469 0.775273075805547
34 0.49818 106.750024790292 1.81854 0.757415362749125
35 0.262211 122.842816118173 2.187343 0.779139754548328
36 0.45574 128.283304632543 1.889262 0.806484321923524
37 0.450079 111.471094904491 1.956135 0.788628807200094
38 0.493298 114.876455765304 1.833481 0.741010146934752
39 0.432006 116.256151432603 1.975827 0.78242408270151
40 0.561152 102.566787583928 1.715122 0.71690453238032
41 0.251681 125.808708811113 2.198752 0.806210041138959
42 0.541408 110.920278074352 1.74569 0.763734048798052
43 0.484886 117.296434127895 1.902938 0.753814724398987
44 0.455351 118.059202182728 1.94487 0.741995640461203
45 0.390931 113.236408085531 2.015447 0.783841699731065
46 0.703514 107.088205033204 1.35989 0.74190922716767
47 0.398519 115.16215441749 2.035004 0.742937047006222
48 0.391637 112.873619396232 1.965271 0.774573310906352
49 0.591244 106.639834306045 1.661866 0.750355857012832
50 0.434278 111.560846609088 1.973146 0.769899510766954
51 0.385555 116.343472287434 2.017217 0.775314456117517
52 0.337963 126.457605043677 2.107632 0.821226983339617
53 0.621007 98.5179975742861 1.585939 0.708463584020324
54 0.450528 109.294707723608 1.939692 0.74610821278805
55 0.438499 122.271115192691 1.96734 0.738039709740823
56 0.411879 118.728258582155 1.981627 0.772869401660142
57 0.491725 106.072563170379 1.88176 0.73788593497003
58 0.528476 114.045350291432 1.809744 0.766701149800518
59 0.427979 116.361826166307 2.003749 0.762252624089633
60 0.417693 115.310825997952 1.97977 0.777215697857845
61 0.532018 111.243830539528 1.793489 0.733445533061166
62 0.381878 108.466562002516 2.024733 0.759556597374384
63 0.251827 125.796182035016 2.165923 0.768173537550559
64 0.504307 105.618217001731 1.832832 0.702047140150957
65 0.444919 119.462319042623 1.924156 0.733783117847414
66 0.285234 109.425224369386 2.141661 0.780438307183783
67 0.450235 111.308611777128 1.953286 0.74451833330658
68 0.423224 109.367720174174 1.962867 0.761135109624874
69 0.465737 113.933704565746 1.917459 0.776134124367704
70 0.319584 110.598978292342 2.111993 0.732304648544733
71 0.414721 111.682712525192 1.975174 0.769075088917418
72 0.473226 114.765451209362 1.888831 0.791012847145307
73 0.576388 104.356611457216 1.689832 0.735515158146492
74 0.40813 119.28011568571 2.016803 0.785034474132621
75 0.468108 115.958039181495 1.929557 0.767476126814802
76 0.469242 114.115228885265 1.875335 0.74918347814774
77 0.519336 107.27802108309 1.793048 0.746403057736865
78 0.470076 110.370315594855 1.849267 0.763048322943114
79 0.478742 104.680477002331 1.856333 0.719952263714104
80 0.467702 114.319853598829 1.937589 0.780609577142169
81 0.376896 122.714190423743 2.041268 0.78754706436574
82 0.347648 119.053374004299 2.084351 0.76954147907829
83 0.300003 123.788831387899 2.155809 0.803441020939849
84 0.395245 113.64985636042 1.982188 0.774572649975342
85 0.49038 105.252729327671 1.86769 0.773070234789418
86 0.644541 111.483867264569 1.520598 0.731066932083619
87 0.521038 101.949876848767 1.80674 0.73528601722822
88 0.317223 120.546322320353 2.136598 0.77594412738628
89 0.296399 119.15227395314 2.153286 0.773189150425667
90 0.545784 118.025828401101 1.757218 0.778200762051113
91 0.463121 118.063610596176 1.939436 0.77441830113708
92 0.44087 110.766272209257 1.941071 0.778735149580471
93 0.456297 119.523724317249 1.930862 0.769282201461436
94 0.508374 100.700881867164 1.813582 0.712814351118419
95 0.343197 121.725806302564 2.099377 0.804697282278487
96 0.255331 122.74611932404 2.19275 0.826579127496742
97 0.635836 107.990295446727 1.548072 0.737074748345569
98 0.39098 129.939798750976 2.041589 0.807543795908133
99 0.474253 119.836848167291 1.879332 0.766365653193524
100 0.417657 111.604069847988 1.99638 0.763663271946254
101 0.243531 122.770190633401 2.205072 0.797172104038094
102 0.218864 129.452209051314 2.227038 0.800610290488285
103 0.30963 116.712215294769 2.089991 0.786733373779575
104 0.369217 119.880504050589 2.047657 0.810118563374595
105 0.461808 109.874081244155 1.905013 0.734025407687902
106 0.564267 114.434366732178 1.727572 0.754902006787961
107 0.489694 111.76499684645 1.875372 0.778341735715786
108 0.507028 109.635489218486 1.817448 0.744768378136996
109 0.563612 110.829810714203 1.734606 0.743718059968299
110 0.391318 105.90188271793 1.975264 0.765258465296175
111 0.572537 104.777474164905 1.646073 0.745416184103257
112 0.298445 114.946386756726 2.101005 0.760680480021186
113 0.205024 126.164748816538 2.219652 0.819554346442939
114 0.565138 95.7708309489873 1.695454 0.720139225922559
115 0.222737 118.883873027005 2.212046 0.78491477548308
116 0.322719 118.627643139075 2.088239 0.762568209489148
117 0.38377 126.165203374647 2.033989 0.811482084146096
118 0.350242 121.179864575169 2.076276 0.765972882890978
119 0.495025 102.487936318709 1.854263 0.723352424038054
120 0.316181 113.781636565221 2.111795 0.74475142138212
121 0.354194 125.003076820606 2.077415 0.788765199470558
122 0.353369 118.551862982162 2.052156 0.798966996647367
123 0.197559 131.016946162454 2.240905 0.844394109757326
124 0.299512 121.116815429062 2.150725 0.810661644299542
125 0.328536 114.439352251491 2.063016 0.769379845994345
126 0.468784 116.76255618204 1.905732 0.752742987528804
127 0.344625 116.397296985279 2.076154 0.738316179401788
128 0.293055 126.063003834116 2.147943 0.819098743043805
129 0.329014 131.744114358349 2.126301 0.76980995180197
130 0.442968 119.903518579553 1.970972 0.817624189357692
131 0.391556 118.845603663221 2.038258 0.801169949717166
132 0.477665 109.590134608748 1.867885 0.765063438522754
133 0.483573 110.436387585686 1.868881 0.722544474739636
134 0.644124 100.714330582602 1.472433 0.708513719489105
135 0.3316 114.61493589873 2.089228 0.782244958421196
136 0.542237 115.51401121462 1.775757 0.748488391078869
137 0.663401 106.642993080183 1.429434 0.717119924726233
138 0.452613 122.099526589963 1.932183 0.797506253883901
139 0.428341 111.277788893439 1.937132 0.751311180667385
140 0.396899 114.546367542015 2.036364 0.770019709703956
141 0.275521 129.465801752484 2.174656 0.78959448740769
142 0.438946 114.653661483712 1.949294 0.764137373513584
143 0.457358 114.677148948277 1.911547 0.748402081637974
144 0.589771 96.4026876835 1.619479 0.735695053405592
145 0.27814 113.92649027552 2.165472 0.790673335122884
146 0.28973 117.520390867934 2.148538 0.795056727501009
147 0.395327 114.784274116927 2.041794 0.764823469638599
148 0.304873 111.199478308655 2.085222 0.79388574013432
149 0.531094 107.608736050399 1.815843 0.791755108221173
150 0.462853 121.946997747195 1.929073 0.784172470585425
151 0.480934 108.676917567959 1.904263 0.768237520252099
152 0.36821 115.146161246384 2.058189 0.794197500009984
153 0.449432 114.663017450312 1.966382 0.750747077796745
154 0.481248 110.108989229904 1.87087 0.711556058964736
155 0.442626 117.3671036463 1.966588 0.761304517771222
156 0.532089 117.548979310782 1.787937 0.738060139606177
157 0.68497 111.319385771976 1.416094 0.661485035335129
158 0.512616 113.093650103666 1.853107 0.74018846216256
159 0.440507 120.165843001452 1.954361 0.755459219870565
160 0.348051 109.640309290913 2.080472 0.742485947182865
161 0.444969 108.73421361592 1.89609 0.755611263665812
162 0.448682 108.652622548936 1.930063 0.76137102352355
163 0.475062 126.448381083383 1.868721 0.807067752633187
164 0.33843 116.539491153533 2.106377 0.794019667509847
165 0.437964 116.536949504211 1.980084 0.811002381109879
166 0.367001 114.609720323742 2.063296 0.806114982132036
167 0.417799 111.704842808394 1.996687 0.621121043067289
168 0.43408 111.890434426957 1.980714 0.747819178467646
169 0.471736 113.654684918684 1.900966 0.756963488813264
170 0.571859 111.961196214027 1.694858 0.751822572311205
171 0.353557 113.787822588766 2.082401 0.763388291725361
172 0.492399 108.179303630892 1.876489 0.751723555666917
173 0.493771 112.091237071249 1.872819 0.721106966171597
174 0.172843 139.31273236938 2.25188 0.819947866464931
175 0.558457 121.332549216564 1.759653 0.7440454798041
176 0.392448 118.435420575827 2.021819 0.805477728823419
177 0.562487 110.742779878189 1.706526 0.763037264915493
178 0.533091 111.716301339962 1.797539 0.747747088053795
179 0.352628 118.33674323665 2.067957 0.79568792133158
180 0.281598 115.897378399638 2.165943 0.764957018964331
181 0.397962 129.312207704025 2.03533 0.823444733146869
182 0.257807 126.511125129726 2.191694 0.802820612272305
183 0.454221 118.236893306953 1.950039 0.800198653328789
184 0.394239 103.375861523787 1.999024 0.760903950782898
185 0.564028 108.316177594558 1.742797 0.725000205319082
186 0.481257 122.082069391114 1.908587 0.800881474241287
187 0.486786 119.063578009867 1.876654 0.778025945291803
188 0.462867 114.147632728161 1.940464 0.750385379408184
189 0.383316 108.963490929013 1.991404 0.756520160512662
190 0.450846 105.642023602915 1.921936 0.725363371264064
191 0.552974 103.19037108985 1.766247 0.685752364862278
192 0.528587 112.934483508097 1.809947 0.779529037569917
193 0.475399 101.625489436441 1.885528 0.738105330161281
194 0.616143 112.294372870821 1.628109 0.72160610709584
195 0.29615 115.552040651335 2.132189 0.801828292084187
196 0.419629 117.786648079754 1.934409 0.79796743770701
197 0.575409 118.349663978041 1.653918 0.713741630399621
198 0.440554 113.54695545342 1.96316 0.734253343789454
199 0.290148 116.920724823914 2.135294 0.767336240306874
200 0.434359 117.111226467464 1.976109 0.731353648441998
201 0.409749 116.938724046543 2.013642 0.743814116380011
202 0.524571 117.087968924204 1.773724 0.757007919509689
203 0.684159 107.142687049579 1.376169 0.727051641138783
204 0.390587 109.856283031855 2.012702 0.731643795777668
205 0.480295 100.366079693347 1.883054 0.742689379904251
206 0.391354 122.091376942598 2.048248 0.7609576044681
207 0.536871 108.22099436126 1.776322 0.734391469009979
208 0.573581 112.411683228348 1.701413 0.728801445850437
209 0.689775 99.1477077986957 1.401557 0.701525859276617
210 0.616001 102.304393390697 1.594867 0.71339615081077
211 0.339959 117.070911980955 2.101038 0.792130784686176
212 0.3847 127.055221973579 2.055 0.811718630865534
213 0.30921 120.039782192663 2.120402 0.79239390057004
214 0.270342 117.026437942798 2.179373 0.800294248425444
215 0.425506 123.388701313535 2.000429 0.800760182966141
216 0.441145 111.708042811839 1.929912 0.751572005928135
217 0.518689 117.960602927448 1.842991 0.776140496655093
218 0.452717 114.329489630293 1.942697 0.764516664105917
219 0.400228 112.629333979744 2.007639 0.769428069863623
220 0.458055 111.417008971156 1.898049 0.752393817144802
221 0.534507 106.680799658561 1.75018 0.694850157088857
222 0.408501 116.150814878286 1.956388 0.805689112543152
223 0.377661 115.443677367575 2.048397 0.775245608070026
224 0.27596 117.365085435761 2.132883 0.788095015330059
225 0.329035 113.911234367113 2.121384 0.790784803728216
226 0.473576 104.908021366827 1.842344 0.748975918594866
227 0.581982 105.782970236045 1.691996 0.738959077485119
228 0.591984 106.716825951363 1.636048 0.675091403804911
229 0.548013 110.404513415465 1.723497 0.71147053170393
230 0.543307 115.493872844696 1.784812 0.7610103631509
231 0.535065 106.927285929181 1.803066 0.730887668994176
232 0.392897 122.504599425749 2.047934 0.786870709334457
233 0.403007 105.424798266259 2.008451 0.746199741434247
234 0.370286 119.081582879415 2.068463 0.790918663739572
235 0.481611 114.217316212265 1.903071 0.775448628573619
236 0.401152 121.685216762761 1.990282 0.791657102632938
237 0.4574 107.983378741288 1.933792 0.776006301067211
238 0.469783 109.322272721222 1.882732 0.75624744232617
239 0.481835 108.74151805191 1.874757 0.736711583372323
240 0.566777 109.99475358801 1.726954 0.740701335862964
241 0.45699 119.816236118519 1.896568 0.787183802419683
242 0.678501 103.307816967686 1.428128 0.727428949516617
243 0.270645 118.271473072853 2.177673 0.798294434472571
244 0.513538 102.821843601952 1.847053 0.740662303478623
245 0.526293 110.613621984909 1.794713 0.77791956314843
246 0.662308 99.9665172330648 1.494299 0.662162014929655
247 0.475409 103.072607542539 1.878606 0.747484164911395
248 0.294561 128.146334626093 2.159968 0.80450195608529
249 0.448768 115.066490278739 1.943009 0.786797961730432
250 0.30933 116.168058361098 2.121858 0.772794688879889
251 0.437789 115.129732833886 1.921937 0.812510434159996
252 0.301293 124.200207796408 2.142769 0.811755435690701
253 0.558603 109.772961726841 1.736039 0.719147140854574
254 0.568946 109.04882023838 1.720666 0.710093588768507
255 0.257185 128.050721031079 2.19646 0.80925151242381
256 0.545771 115.590571541105 1.763949 0.773211359441965
257 0.441948 119.015680884552 1.964018 0.752995471229882
258 0.298023 127.18975735121 2.156296 0.806903931360081
259 0.37188 114.786647269636 2.028104 0.793100332110776
260 0.639365 110.288188118851 1.554009 0.711516757433559
261 0.251794 126.277352390682 2.183923 0.821007024195794
262 0.48227 119.08583797046 1.874865 0.758338853310658
263 0.456264 106.73969051449 1.912321 0.767650215271954
264 0.724795 107.366256952885 1.257578 0.706392966406259
265 0.444062 114.032655553826 1.954823 0.801850732901336
266 0.450777 112.913643495125 1.924542 0.780628795931725
267 0.214547 117.536408140596 2.230319 0.800974046940522
268 0.526379 116.754220905175 1.830965 0.777605989769172
269 0.433247 106.765772831056 1.903727 0.754995178017172
270 0.276252 129.174978988806 2.162033 0.826065454642505
271 0.436995 116.980691966969 1.951941 0.769663906813585
272 0.442212 113.848990630192 1.923843 0.741687035390606
273 0.563908 118.366269016628 1.744572 0.769812630482802
274 0.373177 124.433496667108 2.060256 0.797349291979881
275 0.443888 111.765977953932 1.945839 0.743034333664894
276 0.420747 107.025752180481 1.953553 0.760895234181602
277 0.576819 103.445204283118 1.679628 0.737028372321984
278 0.3162 128.210307605532 2.127419 0.807875160673131
279 0.367267 114.7715631898 2.058965 0.768747966214141
280 0.45234 108.008937046635 1.889609 0.726217261746958
281 0.541688 114.764277927878 1.783399 0.709587584115541
282 0.466733 114.181418776955 1.901072 0.791148016656193
283 0.487839 103.208879704556 1.838256 0.720472956636959
284 0.319681 121.951385367781 2.116364 0.76701337967039
285 0.482519 112.455042520053 1.892049 0.732871016225236
286 0.664406 112.614814749427 1.495812 0.662365420502339
287 0.422554 103.177232069784 1.919775 0.75483366849397
288 0.439651 127.764351184847 1.969768 0.74933749662503
289 0.52078 116.225450641632 1.826382 0.737686793610112
290 0.315416 121.177543849938 2.131811 0.819383902876836
291 0.38398 117.624551733877 2.056792 0.799874681908501
292 0.313624 116.849853218302 2.121959 0.764447081364489
293 0.202436 128.484304805676 2.238051 0.83398429671127
294 0.350855 110.293566797212 2.023984 0.771553790090804
295 0.496875 107.772023678872 1.874476 0.769401395084745
296 0.569235 103.716689095641 1.724567 0.673600446225593
297 0.400491 115.269492362174 1.99378 0.775683473288135
298 0.440342 119.226718241586 1.910218 0.800602966636566
299 0.344686 112.887133089182 2.079585 0.757401951432369
300 0.289589 119.136915774756 2.104356 0.794313821838362
301 0.513801 110.983323579787 1.800514 0.756470409376364
302 0.482648 104.8628874199 1.887785 0.725959169021995
303 0.320521 130.073675130625 2.135567 0.793923902733061
304 0.595672 107.118492588756 1.681145 0.715313171661043
305 0.370563 122.297165079206 2.073379 0.793079352412828
306 0.463292 113.840789785042 1.904393 0.666053022128187
307 0.203122 125.428902602908 2.233184 0.831270715404961
308 0.339923 119.227677506763 2.065197 0.818268239218043
309 0.596451 98.5889125652189 1.637386 0.713053875793532
310 0.376888 113.221007251999 2.067453 0.746636999174832
311 0.300504 124.131966878891 2.144961 0.813012517959765
312 0.42215 111.915079607035 1.994533 0.734777900216558
313 0.508782 107.30712008702 1.81484 0.688607624477762
314 0.565482 110.051686123047 1.694628 0.781855458983071
315 0.438931 116.094311914931 1.974283 0.796409148290424
316 0.491031 108.315174142117 1.839183 0.704970533827179
317 0.545815 108.579859429826 1.748393 0.739443836826513
318 0.493238 115.442826898138 1.826688 0.770371272728987
319 0.508285 108.708433209028 1.829227 0.762934292987252
320 0.394301 112.433942753456 2.031591 0.765897101048098
321 0.242222 131.299741933574 2.195904 0.843899614203899
322 0.676919 102.752733242917 1.377373 0.732590351123923
323 0.359621 117.6935724229 2.047255 0.764558585499042
324 0.444645 122.209818134096 1.958496 0.778996468632498
325 0.546746 113.6467136574 1.783968 0.715076894729237
326 0.337479 119.002201323978 2.087086 0.783233434426264
327 0.49785 107.459284320157 1.849112 0.751680798938348
328 0.196371 123.752001143725 2.237668 0.808665224868254
329 0.534521 117.196437623065 1.756973 0.76749300387922
330 0.619182 103.780023088692 1.572559 0.704319383774239
331 0.313608 116.870876577392 2.11388 0.779501710660413
332 0.493303 114.707264224676 1.885556 0.746589020753251
333 0.476223 110.371533305018 1.898658 0.666247373286035
334 0.386478 126.283441955789 2.034755 0.796992963599204
335 0.629715 99.6281332903819 1.501894 0.689854195642376
336 0.148922 134.223069519739 2.267168 0.860714856216761
337 0.46664 112.045504966494 1.899021 0.73027502557533
338 0.365971 123.650909133333 2.067492 0.772967245861215
339 0.289806 115.802840786388 2.132522 0.780284981493836
340 0.309299 120.634058301128 2.14982 0.799976919458049
341 0.231914 118.151693286776 2.198288 0.789319908534109
342 0.241297 127.645291512647 2.207066 0.818954055086671
343 0.450417 105.15600468357 1.876458 0.771707159973379
344 0.544258 109.285972652273 1.77194 0.734438118298897
345 0.429956 105.483301095867 1.938894 0.637900906595042
346 0.445954 116.399825645641 1.917891 0.760522534159671
347 0.28812 121.667437252895 2.151692 0.774719676328968
348 0.391536 116.514889415877 2.033523 0.797579157302837
349 0.455308 118.342569638344 1.920557 0.723491733944799
350 0.419204 114.77055869705 1.980806 0.758050902173034
351 0.184836 128.380888378195 2.239793 0.84154143197536
352 0.4321 116.526598935574 1.936263 0.766777344279637
353 0.440522 106.060339986554 1.894847 0.762621954325054
354 0.351553 118.325770450541 2.101121 0.794301621976073
355 0.301425 118.984835881655 2.144475 0.807376582258432
356 0.510547 104.035709943564 1.824853 0.727139365035696
357 0.519606 108.105226093839 1.805136 0.710639197377861
358 0.309666 117.573955659496 2.14257 0.80824891276502
359 0.540834 104.197576661338 1.792577 0.713370838126583
360 0.348939 116.124566322568 2.055911 0.790934857874076
361 0.54882 106.726813465975 1.770565 0.679982723247065
362 0.399053 108.893182693118 2.006782 0.738392877078373
363 0.486018 104.024532632569 1.809669 0.768760586979478
364 0.35337 111.107772420175 2.061269 0.761979767330377
365 0.32445 120.980427345075 2.121888 0.761102174758005
366 0.297905 119.804398869499 2.149735 0.780663621345527
367 0.331104 122.020284044156 2.110884 0.801578578855278
368 0.231644 138.700996166744 2.214328 0.806881732724447
369 0.372277 113.367882470632 2.008435 0.783899106895532
370 0.291537 114.057890207549 2.141849 0.755535031244829
371 0.26551 116.480900393499 2.187941 0.800804607077248
372 0.571043 109.930650829288 1.720312 0.74001747961248
373 0.44053 105.159257968891 1.945114 0.74990032387284
374 0.708666 96.5577413760258 1.348912 0.710211144772355
375 0.517794 114.039653251984 1.830591 0.755299926459592
376 0.362049 115.133273627484 2.031778 0.763982719486635
377 0.609191 95.2890237676641 1.628849 0.670553488495278
378 0.531856 111.236460921961 1.797462 0.739328956120916
379 0.519723 106.947391901783 1.838269 0.722516839979914
380 0.429842 116.536060943783 1.973987 0.753788144389616
381 0.506917 112.471488133484 1.814018 0.776565791367558
382 0.458729 109.673688003159 1.92328 0.764798131680209
383 0.447267 115.531953024727 1.907413 0.753724518717952
384 0.544789 100.202547838388 1.723844 0.697694523422455
385 0.403346 118.449020123835 1.992711 0.772741165693033
386 0.546713 109.090957334119 1.755671 0.678983837868918
387 0.531949 107.639100687622 1.81116 0.748413627635891
388 0.461848 113.848483681043 1.943691 0.759671671874963
389 0.497137 116.734914901116 1.849092 0.771053723802163
390 0.459082 108.81436051023 1.878309 0.76350184506873
391 0.43106 112.477293443875 1.965824 0.761117657333163
392 0.520764 113.085499048996 1.80191 0.761551029564509
393 0.402355 122.5791464791 2.020147 0.790769135890247
394 0.406105 113.965011126882 1.947984 0.79991369598417
395 0.302078 120.944961698062 2.141942 0.787932824691243
396 0.512833 104.235341183757 1.839557 0.769843942211462
397 0.55035 114.163972389939 1.710981 0.698910431148366
398 0.537496 114.549412765886 1.763278 0.777152931827467
399 0.410029 115.317613358436 1.964608 0.770177869591957
400 0.501524 107.906998920157 1.785439 0.757570630357773
401 0.272578 117.964081220279 2.119152 0.78920778501007
402 0.535744 97.7655456738631 1.747518 0.708501895783319
403 0.28603 118.211741894805 2.122907 0.791569608163984
404 0.595388 113.440999088051 1.586244 0.701393135233939
405 0.466798 107.939994635329 1.917575 0.74958592429341
406 0.417227 112.73105912033 1.977957 0.763826991899172
407 0.230963 129.630192247331 2.218294 0.831256246659197
408 0.50549 105.405714078799 1.839498 0.753448648376937
409 0.121382 121.302110842456 2.276744 0.820345491867371
410 0.463347 119.558587751962 1.90957 0.748494622584874
411 0.328704 122.276686489171 2.121729 0.75253419124639
412 0.418159 106.822023529126 1.956985 0.690840934329398
413 0.543986 100.455526317944 1.781103 0.696984282404423
414 0.599246 117.569413899567 1.631006 0.768823316925523
415 0.509281 105.046207672067 1.808872 0.706601763487246
416 0.234384 122.107312217003 2.186873 0.808358252922601
417 0.3778 123.205094506842 2.026748 0.755233770589523
418 0.544714 98.8740668976668 1.743737 0.735841820812669
419 0.284987 126.330195310853 2.167951 0.81147294242845
420 0.411965 116.158205691317 1.991654 0.791166967821688
421 0.556656 112.115557105378 1.757792 0.756773237155532
422 0.440396 118.81793843647 1.962447 0.783877694970076
423 0.281649 107.149253943785 2.146263 0.776368527703637
424 0.485909 103.772827643578 1.869902 0.724433601273255
425 0.655344 108.54215145243 1.473575 0.733241217294874
426 0.597774 102.243155459055 1.647585 0.686878414254623
427 0.632317 102.124159935746 1.566908 0.683276568797597
428 0.328461 106.841048011523 2.116177 0.781783308078037
429 0.507011 110.577958708163 1.819535 0.755528537108864
430 0.226221 131.696717761997 2.220536 0.858099777356462
431 0.495628 103.039771470328 1.833121 0.727281378474112
432 0.506498 115.08202137304 1.840339 0.71452913923655
433 0.543438 116.666389787839 1.778542 0.747345833884115
434 0.418049 107.542033833482 1.974816 0.734148113815732
435 0.264286 119.113965637317 2.150518 0.790070531679935
436 0.229416 133.437811862112 2.216793 0.791482726603054
437 0.629215 105.294049609788 1.566678 0.726614614323149
438 0.432406 114.087664048076 1.976001 0.759891573417565
439 0.370029 123.040215674736 2.05332 0.769736270939216
440 0.203595 125.961013291377 2.230332 0.822064785275562
441 0.501213 114.894362730795 1.846362 0.737494346425436
442 0.559044 115.366168127233 1.746713 0.783609373332189
443 0.499971 103.809095635391 1.799966 0.72418914062873
444 0.414461 120.161959991069 2.018867 0.773400795501189
445 0.401584 117.81567477066 1.980255 0.815184652281292
446 0.464123 106.14714431743 1.894021 0.74556662829816
447 0.326554 123.628459308631 2.12425 0.798568064552973
448 0.490538 113.981126362626 1.872539 0.701947847362531
449 0.636117 108.218464526203 1.567021 0.731967164965355
450 0.503361 115.504049999354 1.828254 0.738910317939306
451 0.432752 104.403100404862 1.93739 0.751305234321737
452 0.238632 123.763408559715 2.177949 0.810647049573999
453 0.496626 98.6660914984182 1.814927 0.714106534499867
454 0.328029 122.712646891834 2.122141 0.804530630257091
455 0.229873 121.021382127921 2.217308 0.781698866631848
456 0.387941 116.413004919153 2.018062 0.776124439756406
457 0.264623 117.92088319653 2.160714 0.783887028968487
458 0.488404 107.271908754508 1.895651 0.770327703884739
459 0.248637 129.69446855675 2.204493 0.814619205162928
460 0.400691 112.133128913511 1.955573 0.777192318521145
461 0.34505 115.291779055354 2.07361 0.77672723220715
462 0.338426 122.892390529343 2.079878 0.821257904534776
463 0.527278 116.69197650878 1.740583 0.735481864854737
464 0.408997 114.518337067985 1.984475 0.774416460503996
465 0.310766 123.071892272125 2.141806 0.802327676447497
466 0.397623 108.36412365735 2.002041 0.780884677671411
467 0.551351 107.879558485262 1.77041 0.75339107965069
468 0.269788 127.332709741472 2.165383 0.771336010025981
469 0.427545 112.399680966216 1.935568 0.791338113065369
470 0.375359 112.407639516014 2.039014 0.759368369509644
471 0.510467 99.5442482868388 1.798478 0.737915107957636
472 0.416817 111.258498793408 1.987266 0.748109241046736
473 0.357826 116.843575624938 2.059449 0.748690813991281
474 0.351969 121.455881609809 2.1014 0.789955283599729
475 0.38602 109.794797153371 2.024646 0.77630599868971
476 0.300304 121.324722023759 2.128573 0.789006832673601
477 0.442191 117.002930915452 1.925087 0.717558286552207
478 0.380644 120.884225708802 2.061916 0.78970606008616
479 0.486324 114.342296221798 1.888513 0.719447467710283
480 0.596134 112.493691153638 1.668928 0.788118997477225
481 0.469608 106.798734049716 1.904104 0.751019890307019
482 0.419631 117.209639601975 1.955212 0.759673155178818
483 0.257235 125.248586958415 2.197508 0.8366560510062
484 0.441973 112.609153368825 1.974168 0.785212048432567
485 0.398896 121.581306048303 2.014022 0.814764852302995
486 0.241252 114.889075367149 2.19736 0.801303476416037
487 0.390479 118.626987968267 2.028913 0.79975068627517
488 0.45191 113.831324936705 1.923795 0.765673282326098
489 0.517634 111.767627533559 1.815396 0.729298070595638
490 0.46979 99.7036694346962 1.892689 0.723106081002559
491 0.553949 116.31315873324 1.744612 0.775128536078328
492 0.495178 113.493055529352 1.868062 0.74620838412305
493 0.443347 111.651808568736 1.93833 0.77063561507917
494 0.413099 118.07240048232 1.940474 0.791880010270079
495 0.487094 113.293973689783 1.86891 0.706775971666149
496 0.378689 120.123570408359 2.034633 0.786217056391631
497 0.38965 103.40066103849 1.98073 0.743812854874069
498 0.336069 125.969402252633 2.099379 0.810731779175947
499 0.393008 113.571466848277 2.018062 0.788230880097615
500 0.373936 121.47204304446 2.060537 0.789416089168805
501 0.466021 104.410054150027 1.908996 0.73887578510318
502 0.577871 104.118102814332 1.709738 0.710107024192733
503 0.481707 119.809274337764 1.862724 0.772516598166357
504 0.433782 111.297833567002 1.964344 0.777351789763739
505 0.326529 114.383017349629 2.086184 0.776958854490538
506 0.334526 124.875742471018 2.106163 0.808677064008602
507 0.340892 115.944706052816 2.116347 0.777739646165262
508 0.353721 121.031156682348 2.06738 0.775323293395965
509 0.559811 117.291034350787 1.754263 0.716478831888048
510 0.289941 114.390645537177 2.123501 0.790660852973219
511 0.285049 124.840848017313 2.173257 0.798283487605482
512 0.58808 113.233888948478 1.672078 0.736971658867217
513 0.317917 124.275422551412 2.135804 0.803275430154355
514 0.601248 108.71353022655 1.660316 0.713572883867845
515 0.38372 115.423033197267 2.043997 0.784845331988631
516 0.456363 113.569018079821 1.927856 0.747958243150401
517 0.337536 118.380611092481 2.09948 0.821779327289048
518 0.403407 110.711292537876 1.984985 0.771047610902068
519 0.568373 103.304214705261 1.700819 0.715095533749159
520 0.411707 112.891072794538 2.011207 0.728302551401004
521 0.283625 116.688971394134 2.172703 0.801930697468298
522 0.359682 125.063847942287 2.067219 0.78582036134812
523 0.45795 119.41269580668 1.954769 0.781079977693787
524 0.469119 115.764510856062 1.925145 0.735901576941869
525 0.263855 118.963760309787 2.188273 0.803588667045891
526 0.435225 111.386920728402 1.965114 0.749994324859497
527 0.415422 119.79587069678 1.997668 0.789371114542732
528 0.401953 112.768317182529 2.031331 0.74425003388484
529 0.451502 103.758174480705 1.935495 0.712408287733662
530 0.35924 120.748845016767 2.081233 0.777854411916685
531 0.433093 110.688140619696 1.92194 0.738245768494559
532 0.526134 96.5379834408645 1.762611 0.708170588373651
533 0.432492 117.132173077024 1.980924 0.790845699615861
534 0.259957 126.654208184784 2.192591 0.795495428020347
535 0.410306 113.370247973762 1.974161 0.759311188835986
536 0.517162 115.170933516265 1.795025 0.753848408855834
537 0.24337 126.542703885405 2.209594 0.775223908382527
538 0.398394 110.057546295112 2.006159 0.755174604192886
539 0.464747 108.915108060318 1.889139 0.750076643669625
540 0.446654 101.413919691618 1.903757 0.752109233439147
541 0.472237 104.109676859485 1.880666 0.741678907200925
542 0.547947 103.910551248947 1.758046 0.705634359217599
543 0.379464 114.989935531374 2.043976 0.778509746185445
544 0.409092 112.323242580075 2.01561 0.763129987647074
545 0.355898 115.349127144544 2.049971 0.764681619747936
546 0.370887 116.585155050686 2.055799 0.791452321231097
547 0.257617 125.48417154677 2.193519 0.79369620578392
548 0.483214 119.109618694512 1.887813 0.781419437297471
549 0.402755 107.054160091958 2.000481 0.761017858199844
550 0.522218 110.610704693764 1.801435 0.728738354282971
551 0.548086 99.9486832629009 1.688751 0.71626600541023
552 0.385095 112.937192965712 2.001866 0.778426007973091
553 0.490142 111.972659346308 1.850695 0.791179956525528
554 0.507454 123.454733968994 1.851274 0.752552495427991
555 0.40113 109.817201238462 1.968545 0.741027452317391
556 0.270391 121.730904287215 2.176133 0.80071269819663
557 0.47384 115.873007921127 1.84148 0.767861969650413
558 0.336 120.773434881386 2.113349 0.781740656141508
559 0.480006 116.633631219414 1.881409 0.757115674245383
560 0.524807 111.780682598102 1.815379 0.740705752054501
561 0.630461 102.342788213474 1.495293 0.703180347484246
562 0.346769 122.943398743094 2.098877 0.794511731431867
563 0.396803 116.931991549165 2.013074 0.719039713083365
564 0.383321 109.149308502746 2.018288 0.768545385314175
565 0.48719 108.509353167332 1.871308 0.741382894920221
566 0.231474 129.0024913445 2.216425 0.801420178910212
567 0.42583 120.178543065567 1.968921 0.790143515198296
568 0.447282 106.107648272526 1.947615 0.758266180694008
569 0.299594 115.44510642189 2.147465 0.788659491094462
570 0.388149 115.040247400621 2.023631 0.760883038205126
571 0.41121 120.28595565063 2.008666 0.710236095449138
572 0.275701 121.228605247178 2.180483 0.777091088888318
573 0.513144 116.540792423051 1.812528 0.750764890635052
574 0.39466 119.016789785565 2.035922 0.745978773947033
575 0.54824 106.679000986562 1.760342 0.699490679773668
576 0.354003 106.890372569895 2.071091 0.765868180984205
577 0.223051 117.725227801116 2.22075 0.717421876919552
578 0.555917 117.229767976429 1.76047 0.7534622418461
579 0.606575 108.064532541782 1.642546 0.761259706988457
580 0.373586 124.660789720022 2.070521 0.799644324454351
581 0.320836 120.370406644657 2.133396 0.819542049500259
582 0.492739 108.154818009375 1.845077 0.760875558265311
583 0.590042 115.427282627987 1.682227 0.741510867736805
584 0.325769 123.259067272683 2.091637 0.800043129885216
585 0.419268 114.143859591647 1.960056 0.781103220922659
586 0.44456 121.84759913944 1.947867 0.811089032205479
587 0.557619 101.244745868387 1.760333 0.710915553237354
588 0.461827 113.68035617641 1.937077 0.744146759456093
589 0.373303 125.922314251406 2.044965 0.801256916454177
590 0.528231 105.695998135972 1.795925 0.71828676020838
591 0.377526 127.577595709172 2.005716 0.78504096381036
592 0.435888 111.761876378908 1.98241 0.725615170673516
593 0.477751 119.250907121043 1.919158 0.753713816422342
594 0.452575 118.813313432339 1.953223 0.782081444440503
595 0.346286 112.858430917642 2.038329 0.771570178879577
596 0.411982 110.525423379849 1.958855 0.756705341213857
597 0.430588 104.998583011219 1.973304 0.739478375015693
598 0.435255 113.320261067517 1.955104 0.689472838709817
599 0.198643 123.472226416305 2.237514 0.817763704383024
600 0.578592 112.597328956274 1.700772 0.669057123411335
601 0.320243 134.61452326783 2.134748 0.819358882533838
602 0.417663 107.708458989996 1.957824 0.785075165738785
603 0.411244 105.487552444679 1.972149 0.769326034532409
604 0.506914 106.317668191299 1.820211 0.707440356029811
605 0.405901 118.561515105682 1.984969 0.760556874518473
606 0.321965 133.795281905406 2.132085 0.811961432949436
607 0.502899 102.897031534032 1.852428 0.731448595585313
608 0.536904 115.344899785205 1.794286 0.748367755260008
609 0.566639 115.853736656119 1.711488 0.757309238814572
610 0.211483 126.934036575649 2.229794 0.82017396882825
611 0.382834 114.839820516796 2.009541 0.781182277748509
612 0.411237 120.730087128856 2.001788 0.789607296258666
613 0.547861 102.618844935943 1.758727 0.763107664287986
614 0.206064 128.405632411919 2.222515 0.794269505329198
615 0.462209 103.67916358562 1.918293 0.746729745142794
616 0.414197 110.891107587801 1.994908 0.788735253496536
617 0.256324 126.272906307922 2.199075 0.829008274903962
618 0.544844 108.821439569368 1.750174 0.700725640365345
619 0.416929 109.956492983585 1.969707 0.766085402339806
620 0.380672 111.824854879793 2.005941 0.781858249846894
621 0.464479 111.605135845014 1.90607 0.767190904404671
622 0.480905 114.270308163574 1.872092 0.741946450932115
623 0.376448 110.546516594233 2.006788 0.799884987610736
624 0.447988 106.911583663366 1.902203 0.754292106545957
625 0.459732 103.532761201924 1.928894 0.756952115920184
626 0.256597 128.141864445599 2.195876 0.805921539230949
627 0.363452 115.367123477282 2.02752 0.771947468010307
628 0.462344 111.838547529298 1.943915 0.749539656984869
629 0.284149 118.888332405014 2.132568 0.745447071469467
630 0.527372 111.631186314079 1.779687 0.744496760097859
631 0.283685 119.33013761363 2.171271 0.781444247094081
632 0.352626 113.240640835971 2.031228 0.777211122072309
633 0.362865 108.294569368243 2.053895 0.792575869913905
634 0.38896 111.589078932854 2.00315 0.804143435916077
635 0.422196 113.942696471766 1.963955 0.692853196332955
636 0.45032 117.241525879069 1.953789 0.760689505063949
637 0.492251 104.54443195157 1.873776 0.772207959776842
638 0.422361 123.852721987809 1.984037 0.77449345091383
639 0.45903 111.341746084497 1.914812 0.760229937618679
640 0.502607 115.284730842765 1.839948 0.730589002630526
641 0.330542 120.630025573043 2.094038 0.805100233921657
642 0.583911 102.39573891569 1.647984 0.690327748121706
643 0.374216 122.722116626617 2.042417 0.778369918509556
644 0.404646 111.033482783828 1.9801 0.759346573671218
645 0.373038 112.118503947683 2.036414 0.766735964370186
646 0.574076 94.8127415412287 1.699128 0.666393061125267
647 0.413769 118.454278549449 1.955715 0.814298352892433
648 0.497471 98.3638268567642 1.841081 0.722706024130011
649 0.463272 126.304630878557 1.939177 0.753636351808604
650 0.422889 115.448461004269 1.939353 0.789872494253012
651 0.193621 121.828634404953 2.230149 0.824742630644634
652 0.593925 91.0262523160469 1.653824 0.698388223417123
653 0.390533 109.199856269881 1.988771 0.739520955151914
654 0.462663 116.71374012237 1.932402 0.755884340914824
655 0.587774 104.511596154493 1.674948 0.723888241806196
656 0.352782 118.179286255231 2.052608 0.799226003028643
657 0.420204 123.625292044284 2.001484 0.808809201132229
658 0.522232 109.354700552032 1.784866 0.701884851209335
659 0.194694 131.12439763442 2.241705 0.81039593906229
660 0.493091 104.811716004291 1.882722 0.761769900236632
661 0.196403 123.949628095512 2.23475 0.840851847428382
662 0.322546 118.600686857246 2.095282 0.79490991266846
663 0.461634 109.091429329152 1.918625 0.752324074960548
664 0.508205 110.558004857783 1.835508 0.758599952261046
665 0.419862 121.636096554363 2.007043 0.813168636728915
666 0.24572 121.442278645219 2.171958 0.799372068486963
667 0.31206 117.858048249852 2.123926 0.787035628156358
668 0.267528 117.402268955573 2.182517 0.779469707654776
669 0.545908 112.320767131083 1.762377 0.742876616256218
670 0.476143 115.753708173771 1.898923 0.731917299705358
671 0.598757 108.48359146506 1.627882 0.743786844613694
672 0.345662 117.969185408107 2.087355 0.747928963507006
673 0.184784 126.052185668057 2.232739 0.780434559432464
674 0.366949 114.165330533174 2.053854 0.752879961397031
675 0.421243 110.749722827922 1.968835 0.757658913169062
676 0.357647 126.742894069581 2.094881 0.779157301627267
677 0.146769 127.633745156806 2.267732 0.813555667860494
678 0.352882 110.005290488694 2.069656 0.762334485174939
679 0.4573 116.580140183076 1.913062 0.783050186264591
680 0.121153 126.569098431179 2.278356 0.835824761116581
681 0.422056 117.868280361661 1.977161 0.770737596543424
682 0.453259 120.058137069761 1.901009 0.754602573613505
683 0.418868 121.24369950941 2.006553 0.767182289592479
684 0.301625 112.208280458289 2.126672 0.787577356238823
685 0.196166 133.676326014459 2.240107 0.854412964979149
686 0.632354 104.072671924162 1.550562 0.726165514851331
687 0.52488 108.243626536697 1.794458 0.762397714638723
688 0.393619 107.752683723743 2.004572 0.791372977919241
689 0.582292 110.315678227449 1.699475 0.730687176088847
690 0.268552 126.428934441395 2.165842 0.833714368777922
691 0.363286 115.840895266508 2.033154 0.783888476634509
692 0.431074 108.435322026118 1.91976 0.771160410639279
693 0.453577 117.089253244511 1.959408 0.811127877216787
694 0.269846 131.657543899666 2.18837 0.805692729585077
695 0.413538 117.69561830285 2.0128 0.770774456017382
696 0.568403 110.759987170502 1.717837 0.725816952909847
697 0.395173 114.043034377927 1.965365 0.754507149267318
698 0.204064 123.714919837357 2.213569 0.809801073650411
699 0.447416 122.666121508048 1.946284 0.801572477638046
700 0.248827 121.99565936061 2.200764 0.820345993732677
701 0.370064 112.565838143778 2.040905 0.759737542452641
702 0.503953 113.51981875519 1.797548 0.750712947729896
703 0.133512 129.669315962151 2.267321 0.846448441148559
704 0.416199 117.98021676714 2.010989 0.789854104641833
705 0.436684 109.802131444662 1.922827 0.738364382488396
706 0.3959 124.788423740981 2.045456 0.789613722740379
707 0.449258 115.549004602567 1.934764 0.724247905653625
708 0.389502 120.296375836153 2.010649 0.745810711373842
709 0.396869 117.844905121153 1.961046 0.77989190933522
710 0.42372 109.327462676769 1.998808 0.769714596254744
711 0.350279 116.837266311897 2.055836 0.777168384847527
712 0.540126 97.0753977822691 1.743861 0.704981786982316
713 0.253758 129.336141218462 2.198578 0.814954054145432
714 0.685851 103.099083067572 1.392992 0.725039124951133
715 0.420713 121.848908224697 1.99213 0.790851636942822
716 0.334908 114.082588375927 2.065647 0.803271564456169
717 0.458935 118.364822851657 1.906995 0.768071014591366
718 0.449202 107.354835348533 1.920143 0.75310147947321
719 0.449158 110.923217464508 1.930537 0.761722935451558
720 0.33257 97.9953703849349 2.047099 0.723654472598814
721 0.430718 119.410410638786 1.982887 0.752108034268942
722 0.676607 112.299159203538 1.444805 0.740926354947058
723 0.413439 108.827273622058 2.010436 0.772165779064238
724 0.311996 124.959937718356 2.144442 0.7952304360859
725 0.319925 113.962750849546 2.136074 0.811963748962039
726 0.386944 117.74509574291 2.047887 0.783809835365795
727 0.238047 129.310077914556 2.199592 0.813607217249931
728 0.41427 125.029989268034 2.016402 0.783900897387475
729 0.431248 119.790466411819 1.957327 0.806953815911847
730 0.381954 132.281688510029 2.058414 0.8093321010106
731 0.688098 113.99130591197 1.362809 0.70484780337574
732 0.31141 119.822781949475 2.043034 0.801320756912514
733 0.64011 112.364443468299 1.559966 0.737938975304395
734 0.514335 110.929238507109 1.804502 0.763218619249899
735 0.309499 120.632571221151 2.076241 0.796391187624896
736 0.460676 116.151094134929 1.933219 0.792271155479868
737 0.450059 118.603658420034 1.938828 0.771054247672883
738 0.303385 124.562921292016 2.132745 0.768943633019651
739 0.344871 120.527899800343 2.099006 0.808012220719811
740 0.422762 109.277835041302 1.963797 0.767954928031813
741 0.146573 124.590451343048 2.269388 0.822850756792243
742 0.443413 118.818853611502 1.958638 0.800684392763341
743 0.40263 102.887541151133 1.978507 0.751861862645556
744 0.427398 116.919888463878 2.002462 0.737933999240663
745 0.409831 118.724971301246 1.955883 0.789705812750949
746 0.399954 112.156431491631 2.027968 0.779271198347058
747 0.542554 101.551780013592 1.744448 0.689449565073178
748 0.515643 113.841247345277 1.838312 0.731517123110422
749 0.43544 109.336050389961 1.973118 0.767698841238561
750 0.447162 113.4400520555 1.931562 0.806547525199199
751 0.377526 119.102500762354 2.022016 0.795942874930877
752 0.525632 112.109445095954 1.82133 0.764228850222635
753 0.447113 110.245821635275 1.921165 0.774815333538878
754 0.294704 115.309235859365 2.149536 0.832338154088024
755 0.352777 119.377648773403 2.102493 0.784491177282119
756 0.540995 104.609257436301 1.739674 0.651891829493899
757 0.441436 125.341174035718 1.96963 0.777420134028638
758 0.33857 115.403241436146 2.063414 0.798408111333553
759 0.384974 114.968421617585 2.032352 0.785049918371695
760 0.438485 119.652526879531 1.956017 0.770813281855454
761 0.545769 110.05557407128 1.753299 0.715963366930657
762 0.473002 113.590009916522 1.873419 0.75363553668251
763 0.676719 113.494246970144 1.425763 0.732027114719292
764 0.426857 107.02671796802 1.973698 0.758019912072548
765 0.542423 106.500531466198 1.765413 0.729725643920542
766 0.32452 124.035515267862 2.134064 0.814989393596873
767 0.485226 93.2559311758051 1.879744 0.716966678366679
768 0.555295 111.374182835864 1.746369 0.749334364740309
769 0.500291 98.748013672171 1.831558 0.733419040633029
770 0.380007 125.141292456928 2.060502 0.767566450231695
771 0.545111 101.783012277485 1.755405 0.742550830530944
772 0.455371 114.649566020117 1.893472 0.72289259412813
773 0.367571 118.548207587108 2.052075 0.764484676823109
774 0.522794 107.968956002993 1.816078 0.758000894668215
775 0.569936 105.160224046345 1.701988 0.725838726301498
776 0.408411 106.639139970565 1.957324 0.762332013378222
777 0.399401 109.142530116746 1.978741 0.785014802173961
778 0.357521 115.278049326575 2.017321 0.786155857899894
779 0.345126 121.930238316294 2.107459 0.769357296481558
780 0.4785 114.251838873058 1.862978 0.714931276817534
781 0.546832 115.602886937276 1.760594 0.736342197091031
782 0.355858 120.816482544519 2.098335 0.810470319350161
783 0.316653 126.642184737444 2.135375 0.781452927962803
784 0.586885 107.689519615706 1.641906 0.759502048280871
785 0.401739 121.805366819523 2.039836 0.805419842513635
786 0.516854 115.751640894125 1.833169 0.773170569039737
787 0.571707 117.487205817119 1.698105 0.729089822733746
788 0.334999 124.174122813372 2.091879 0.809484751831881
789 0.609228 115.413091014579 1.645014 0.756602374271475
790 0.433383 120.331994781825 1.961248 0.785064415974405
791 0.580205 113.005188297248 1.67946 0.790822556170939
792 0.48608 110.123901084897 1.891538 0.768045002832013
793 0.429799 110.975011362112 1.947083 0.785948771369738
794 0.363072 112.525354645568 2.052345 0.756454248515296
795 0.429885 121.920235920481 1.966356 0.776079974798972
796 0.516724 105.626279707514 1.780005 0.731612237838107
797 0.452998 105.296973391882 1.91934 0.763675315493681
798 0.484703 111.968971616559 1.882406 0.726050353337179
799 0.446559 116.870154953175 1.92914 0.754303100773122
800 0.284118 124.671271166602 2.1745 0.81049917621021
801 0.488444 108.204482501559 1.832843 0.752480723508491
802 0.25374 123.841154507082 2.197495 0.772605307721852
803 0.529808 111.850883640244 1.709024 0.734272161262311
804 0.531703 111.190303728159 1.794746 0.707058216836565
805 0.466033 118.976240835072 1.907978 0.758070333713509
806 0.465647 108.333736722266 1.866957 0.703102113726006
807 0.448417 103.64923869349 1.917584 0.736381633302901
808 0.298143 122.296302539862 2.139421 0.767444655842724
809 0.349393 114.18576687556 2.043627 0.791199876328682
810 0.50488 115.600972393131 1.85735 0.742916652468709
811 0.535299 105.912740223105 1.796635 0.755385152570803
812 0.301046 119.799630092639 2.131226 0.805430228715886
813 0.309162 115.312258766816 2.1452 0.726743243934923
814 0.473196 121.854381527125 1.928513 0.746685155091086
815 0.483069 100.556423838484 1.859216 0.755087016392748
816 0.407894 104.921367269314 1.945585 0.74349324003854
817 0.465186 118.756415542342 1.937823 0.793415778093271
818 0.566589 117.797676205858 1.725509 0.715257642272626
819 0.406009 106.870875678451 1.998888 0.745200674012464
820 0.130162 136.068967011633 2.272478 0.827266904269385
821 0.379288 120.137042168088 2.045641 0.79487476730015
822 0.472585 108.370961232999 1.806579 0.724763733068827
823 0.384659 116.169325882321 2.038497 0.765712927568769
824 0.58941 110.604004194622 1.610159 0.704282283225628
825 0.632259 110.433076200913 1.536787 0.726628890263229
826 0.504458 112.103288657893 1.854064 0.780646908254916
827 0.206439 118.787837031084 2.226224 0.786560009532826
828 0.349841 113.648763082437 2.043783 0.795984709005534
829 0.458213 109.654985334115 1.880691 0.776693492618233
830 0.635558 107.963111641732 1.558868 0.71742868448639
831 0.452323 109.204795877885 1.960944 0.749035799412083
832 0.406633 117.330983058033 1.985744 0.767970842176552
833 0.437161 108.71657909543 1.94546 0.75406936080762
834 0.326217 119.954355473644 2.12457 0.819148856089739
835 0.528967 116.87121117369 1.815922 0.781499626159447
836 0.398323 115.310971874918 2.034115 0.803992330199967
837 0.265645 141.044120502737 2.159464 0.833257941126328
838 0.500282 122.22832902076 1.855244 0.783835490941405
839 0.285633 122.221701833785 2.172395 0.790156587797756
840 0.572478 111.046860800469 1.719311 0.756704176132353
841 0.43637 120.684975608722 1.979098 0.767289361969654
842 0.46601 111.616535976247 1.905165 0.753064104439548
843 0.155249 129.111751278623 2.264957 0.81289850634061
844 0.380967 112.736748151847 2.00375 0.783617543242873
845 0.518865 119.9231661643 1.836567 0.776310485809337
846 0.292731 125.943125807197 2.1496 0.778627577730312
847 0.363557 121.327447234232 2.059036 0.743862584178461
848 0.424306 117.332673149159 1.925668 0.742246891885518
849 0.255473 127.583506891283 2.186648 0.825810727537343
850 0.436762 109.436584704399 1.973128 0.744058440550102
851 0.325617 113.395843683227 2.0495 0.781957934878433
852 0.486887 110.769265159735 1.870581 0.716325009675798
853 0.415877 112.132575077347 1.978994 0.787987507199523
854 0.442449 116.650121048191 1.974111 0.793290240931386
855 0.416084 114.967395196157 1.97894 0.698436113657644
856 0.560998 105.950513411924 1.733004 0.758380815743402
857 0.351802 113.228367339376 2.07304 0.758100516900423
858 0.497426 105.271872585463 1.811099 0.710413040423423
859 0.202123 124.819866925379 2.237948 0.822256814343783
860 0.365278 113.522715335088 2.016487 0.793141956721107
861 0.581885 115.279375518889 1.683536 0.745255055822206
862 0.270751 121.172483856319 2.165515 0.79236867480943
863 0.454225 114.604103084126 1.929533 0.723547504771343
864 0.385694 123.301278008972 2.033109 0.795506044989619
865 0.399151 100.993755332131 1.970117 0.734988332372029
866 0.375881 119.628815187533 2.043468 0.745678645263422
867 0.449039 105.740076565763 1.883408 0.772582809503262
868 0.398994 112.968142659071 2.009931 0.750206225857842
869 0.417431 124.342216513273 2.000408 0.79053741414379
870 0.499306 107.156827230936 1.839726 0.765561631446944
871 0.28996 120.118757383647 2.163969 0.821014534752187
872 0.378879 120.951555655395 2.031242 0.775742362929829
873 0.530126 107.141865497157 1.808354 0.758353662879932
874 0.492017 103.317515708238 1.850788 0.743659342771745
875 0.32328 115.340717150913 2.103243 0.747275185274444
876 0.420341 117.079114470366 1.974999 0.795194768085052
877 0.587787 109.139236638005 1.669224 0.716337905862414
878 0.50006 119.954066096867 1.851407 0.783536325371669
879 0.598884 108.008922969652 1.628087 0.781077657186511
880 0.44407 118.341731018636 1.945357 0.77265247691764
881 0.477199 113.58448189563 1.903518 0.736325712096301
882 0.567555 112.721242039839 1.721493 0.741809580493304
883 0.432887 108.100640936307 1.925995 0.765056249374026
884 0.466473 104.057423469976 1.897867 0.746878431449038
885 0.553303 114.713127473817 1.769586 0.749130769909694
886 0.31578 128.639196163151 2.143542 0.775863675630525
887 0.422989 111.615533660091 2.001411 0.772888061744777
888 0.52786 117.531310664727 1.763133 0.7640634449684
889 0.534141 108.631555522143 1.801691 0.628466620551493
890 0.404968 112.413269851232 2.003461 0.80973554173223
891 0.407209 111.820269786478 2.034314 0.761069198617356
892 0.517308 108.232558077989 1.829892 0.751095646543936
893 0.544671 113.708785998038 1.784425 0.826522239919258
894 0.298886 117.096014710683 2.125749 0.770326591383459
895 0.32701 120.48357562374 2.107181 0.761772615073527
896 0.451425 114.422356168449 1.949767 0.773840374430016
897 0.293863 124.764588982925 2.161073 0.825081949982968
898 0.143886 119.507522663862 2.263853 0.825094235076859
899 0.211261 124.150399212415 2.197142 0.769703492017405
900 0.34605 119.59181120696 2.107084 0.751100303413613
901 0.351592 111.149964869016 2.050366 0.756764952509479
902 0.302236 123.62811830036 2.150021 0.815213024096228
903 0.517636 114.794613530142 1.817345 0.738512022346271
904 0.282658 128.098235912091 2.172085 0.825635340889299
905 0.369867 121.279559257304 2.053562 0.805997166100395
906 0.332369 110.121325568887 2.119129 0.789294029219501
907 0.596548 105.573158978871 1.646339 0.728840246797041
908 0.378487 111.37214301374 2.060294 0.784310127223715
909 0.451945 118.257234389398 1.902046 0.771514725156792
910 0.532611 102.836424673808 1.796475 0.712188105850727
911 0.62955 108.426344083611 1.564764 0.680226381221805
912 0.398518 108.876964635279 1.966565 0.78058775561295
913 0.282797 122.83072686408 2.174208 0.792489216751394
914 0.307008 126.404721846858 2.149823 0.816819980798329
915 0.249422 119.275592519195 2.183599 0.794851769009774
916 0.364696 121.830884443378 2.073523 0.779290936396463
917 0.493151 112.234906090413 1.87607 0.749076916178928
918 0.591377 106.146825317809 1.65313 0.741586730598171
919 0.383806 119.39522304602 2.042491 0.806331477684841
920 0.293327 127.449384592207 2.165132 0.780917998209143
921 0.371064 119.502420185331 2.036229 0.780092285040374
922 0.378146 109.441517155475 2.040236 0.755223746852346
923 0.412666 119.157488625575 1.96949 0.770318254214815
924 0.330116 116.936779484026 2.082911 0.714220149193219
925 0.472437 105.262222523744 1.875082 0.704094838443406
926 0.451017 117.804110068778 1.895493 0.777438579855406
927 0.419557 115.144996758756 1.99338 0.744968408073773
928 0.329975 115.775895572944 2.101015 0.830766603637864
929 0.626038 108.708066782849 1.541391 0.747481127289754
930 0.324236 105.153384476928 2.127364 0.764484691158353
931 0.347363 109.649181446092 2.078495 0.755356924435413
932 0.361816 116.449829364638 2.064596 0.748799482654773
933 0.426881 107.618101346349 1.947463 0.749969242572258
934 0.534539 100.23771591311 1.77974 0.737240939628478
935 0.497423 113.504618776274 1.808635 0.765783641660235
936 0.48892 115.741840455501 1.838629 0.790121676356926
937 0.357558 116.871447001572 2.054193 0.753018320727702
938 0.457236 120.382392092833 1.900861 0.750721935439926
939 0.472173 109.166177337951 1.905756 0.730644951194682
940 0.263553 122.490541845572 2.177905 0.808834691125702
941 0.456521 119.347886821505 1.919847 0.743445631088668
942 0.45099 106.949698067746 1.927954 0.775349853931379
943 0.380228 114.089309606797 2.016343 0.774268783056656
944 0.369932 123.619648809528 2.068319 0.787256102286286
945 0.341526 106.402018673614 2.088667 0.786249435671819
946 0.362879 118.70644691779 2.00923 0.786598038560751
947 0.327228 109.9963578029 2.074176 0.767105020758197
948 0.297966 121.353595515414 2.157781 0.804015450161361
949 0.401791 119.349704362595 2.015311 0.779082915507336
950 0.456119 111.677055003319 1.899659 0.751114638707126
951 0.232499 133.063795427744 2.213437 0.821660830292079
952 0.550507 120.856593458623 1.747699 0.800215925944932
953 0.252797 118.214521706247 2.165068 0.805305231101219
954 0.387066 115.754073756637 2.035159 0.789927639825167
955 0.512542 114.009355067757 1.802052 0.757253450872344
956 0.330663 124.982512136592 2.120999 0.7957665256552
957 0.397455 112.241496545289 1.998467 0.752662298468228
958 0.345561 103.008851419261 2.072487 0.776600947380976
959 0.398656 126.977659213692 2.016598 0.770612517281403
960 0.542894 119.866733025014 1.772708 0.783065191943717
961 0.368887 112.861686042654 2.025734 0.749476967705744
962 0.484841 108.597080505528 1.842258 0.633294148359416
963 0.275283 118.346368389131 2.115055 0.77404192128838
964 0.18534 129.223403106442 2.243448 0.838154797873594
965 0.464629 111.808028351414 1.913139 0.733439928661901
966 0.310473 125.099248187621 2.122884 0.793198365621588
967 0.440811 108.781390097095 1.950552 0.714894014481527
968 0.443518 111.306967339066 1.919634 0.776848694918885
969 0.497131 104.506292208933 1.826656 0.726709112067755
970 0.281428 120.217093791153 2.153477 0.793313691940754
971 0.403148 124.476683394576 2.021738 0.786046565582402
972 0.435305 115.506533231724 1.978156 0.754594693933094
973 0.460453 108.548228879168 1.925126 0.775321465438707
974 0.3625 110.971514294578 1.994945 0.770003653151406
975 0.519661 102.927979678425 1.814059 0.76702308589825
976 0.352957 121.890530333594 2.073798 0.787327890122743
977 0.51617 107.632074327686 1.826671 0.736631490987964
978 0.559165 94.9363384290987 1.72701 0.712997023900747
979 0.401815 128.363103459048 2.015441 0.787161260185744
980 0.47566 112.493973300934 1.876818 0.775282115612618
981 0.340007 114.426251655694 2.080465 0.762346815623115
982 0.358745 109.560533966545 2.051022 0.754235559500829
983 0.323286 119.965787454747 2.123905 0.812907482477851
984 0.299879 119.414962258155 2.130107 0.813784900128064
985 0.54431 108.950002458209 1.781358 0.672569042580332
986 0.54247 116.678389827586 1.731711 0.758464327329516
987 0.525766 105.564664658229 1.795183 0.734210020722879
988 0.391606 114.606908354789 2.023058 0.781837363977636
989 0.55167 106.500702086284 1.74133 0.724166234092182
990 0.409034 109.977667167248 1.965044 0.769793615558949
991 0.290978 114.797939697729 2.125916 0.774485081047565
992 0.3819 111.118590220961 2.03212 0.763552262963278
993 0.468581 107.492778206405 1.844629 0.690410438658955
994 0.506348 117.003078427037 1.7984 0.768305433401595
995 0.606584 99.0958894282756 1.655664 0.66614894601303
996 0.450314 110.961763614699 1.953671 0.776680259003297
997 0.433231 121.593304983673 1.95213 0.724798568574796
998 0.167027 128.491549032164 2.257382 0.846350834121235
999 0.44945 120.112921373339 1.929299 0.74208551618538
1000 0.246115 122.958668345221 2.194038 0.799108164165582
