rep aei_left left_area adi_left H
1 0.513029 110.492219264616 1.805797 0.709261824067813
2 0.678806 108.989885474215 1.432192 0.751252286918654
3 0.477299 118.388170699858 1.867856 0.763905589089779
4 0.449703 113.253615887575 1.963677 0.80105932300234
5 0.433853 118.559860528441 1.973158 0.80506993602219
6 0.39102 117.585709928143 2.044902 0.770434184755621
7 0.419756 115.963274452055 1.961288 0.746226162450635
8 0.270694 124.474103667406 2.175895 0.800438523330603
9 0.46768 114.171106579656 1.864081 0.762003564914169
10 0.408881 112.495957850543 2.011438 0.780872917674721
11 0.457411 118.691894017044 1.927349 0.776312539120073
12 0.365708 118.257916115096 2.046105 0.808481389859614
13 0.373778 116.44125220117 2.071799 0.777191972195814
14 0.419339 114.796513139331 1.977212 0.771084552114171
15 0.310059 111.687405944479 2.116489 0.771485523964935
16 0.461597 113.690082957018 1.86137 0.746614296758102
17 0.468077 123.357547376919 1.899108 0.804106066815896
18 0.617838 109.105353024105 1.611538 0.7165773902065
19 0.403414 113.561672450253 2.010412 0.734861469569076
20 0.556362 105.315314845005 1.742522 0.743586043921745
21 0.450569 123.438418263276 1.951057 0.787492977191243
22 0.375402 117.846889044439 2.039153 0.783459117814315
23 0.424328 117.668064131783 1.949756 0.794590255103891
24 0.461117 115.434570252357 1.911476 0.769963045077988
25 0.386658 120.474790687185 2.032932 0.793405352980294
26 0.39224 113.619448728996 2.016609 0.767877897636388
27 0.478453 108.711288255805 1.882682 0.743161903464362
28 0.375214 125.74780623774 2.062413 0.783086486977884
29 0.411855 118.855596110643 1.997519 0.820111323204447
30 0.402946 110.643334100059 1.971598 0.768016877340083
31 0.458231 116.826729124121 1.89431 0.772736858309602
32 0.392453 118.120987212418 2.045507 0.828179410080904
33 0.410532 119.489350039607 2.00376 0.797659156209798
34 0.147133 131.420268243213 2.26571 0.839132974811043
35 0.43462 116.344282352177 1.941199 0.781140769634121
36 0.416071 118.32890387082 2.016642 0.779493877660103
37 0.259049 130.071264066441 2.184922 0.831356247643924
38 0.446255 112.334788402394 1.95075 0.765023364312078
39 0.427016 117.537759983636 1.977422 0.788696654916487
40 0.402776 122.395380019422 1.977521 0.739565787837717
41 0.498992 114.73016794368 1.869663 0.745444244031911
42 0.424652 121.201883586595 1.988392 0.778651062090447
43 0.364028 117.892166948506 2.04458 0.798125944438389
44 0.44959 111.441675985066 1.91327 0.770400728803094
45 0.603355 108.484362537295 1.626683 0.745442838896391
46 0.284109 128.530227906327 2.159228 0.827191665661726
47 0.325022 119.761522646196 2.116873 0.783870027554918
48 0.340344 119.90983265701 2.102238 0.806001146398385
49 0.539334 121.769615552129 1.780344 0.785775323113696
50 0.39037 124.103846980347 2.038905 0.786523546381181
51 0.582103 101.852746082774 1.666827 0.735446707350968
52 0.417517 115.22116562182 1.961315 0.799316462265972
53 0.441863 114.311374481043 1.936207 0.768837962994713
54 0.509903 116.069751729653 1.80519 0.767582996309844
55 0.270271 127.888415472863 2.182641 0.837920070540576
56 0.425154 118.821763157533 1.962249 0.797621226983523
57 0.391902 118.332778149974 2.047021 0.80226466456086
58 0.410229 118.917559871968 2.010465 0.779238317944846
59 0.383243 129.242352206347 2.06282 0.807207219131393
60 0.458554 114.100369262486 1.893623 0.745034809039841
61 0.541419 115.579407343261 1.789925 0.765747008489315
62 0.443917 119.631336601806 1.934487 0.802971209842634
63 0.308246 123.878484242361 2.13945 0.801689130104507
64 0.302093 120.755548927839 2.157241 0.761954873043412
65 0.490862 112.699884596815 1.870539 0.763536681717355
66 0.276416 119.575523833741 2.143892 0.720197921327352
67 0.452932 111.042286879686 1.903147 0.745103408266488
68 0.391611 114.078697897518 2.029499 0.798224879891998
69 0.374675 115.093195618824 2.027752 0.787825360082572
70 0.339667 121.45454179318 2.07934 0.799007549209746
71 0.455046 112.453284379057 1.949369 0.749333399053841
72 0.610579 107.608294883696 1.586705 0.766490492096144
73 0.673394 108.78507229048 1.404592 0.702960267443
74 0.323946 107.023429844919 2.067479 0.775199340956341
75 0.413628 116.700628757082 1.952182 0.755149402334293
76 0.535631 115.959996365024 1.7951 0.789041671643251
77 0.380349 115.740874542654 2.026251 0.806252187554644
78 0.365729 127.975163360393 2.077558 0.774510654842047
79 0.707702 116.637487439067 1.304078 0.707360976828443
80 0.331738 123.412127855692 2.081571 0.796358109628644
81 0.444036 123.57420601119 1.970654 0.79453814138917
82 0.380954 115.757777889373 2.011798 0.801802590141925
83 0.399007 108.884722050543 1.970453 0.799225135805806
84 0.56404 109.427991504887 1.734257 0.745267356741678
85 0.336903 123.841432141665 2.11435 0.791482142813476
86 0.338971 121.258761322617 2.090152 0.821981749158718
87 0.400654 117.365643941508 2.017137 0.783741470893989
88 0.413578 113.008685068713 1.963506 0.782100402123207
89 0.388001 113.999371337938 2.041469 0.821718863028989
90 0.460418 114.260600718402 1.916352 0.754521525483369
91 0.186315 127.016036439121 2.245836 0.83507539785881
92 0.46007 112.641266922043 1.904378 0.779013552844086
93 0.256409 125.791463084357 2.193619 0.833605755982778
94 0.302783 122.324562202662 2.142917 0.79075738262013
95 0.374694 115.298190133057 2.057907 0.77716634545682
96 0.490393 112.222691240425 1.877388 0.762062394223329
97 0.361423 123.802290938616 2.039908 0.799505474444972
98 0.380479 116.959324038954 1.997929 0.79951933141938
99 0.490098 109.847492110388 1.881139 0.761174930116446
100 0.434637 115.561966132901 1.945178 0.754402944878177
101 0.570598 106.423591800298 1.705957 0.697636400866837
102 0.451274 117.584553747278 1.929814 0.7833184204161
103 0.440382 115.413610881717 1.932022 0.782975750040731
104 0.400897 109.844044096798 1.998695 0.751815984656074
105 0.472313 106.631030862964 1.876281 0.754978802115304
106 0.391773 119.270817297543 2.034321 0.779815250239945
107 0.51092 109.849231165794 1.843024 0.721574011657983
108 0.430183 119.458180638211 1.989415 0.791745802500691
109 0.478585 110.177859849198 1.89888 0.756853481323863
110 0.366497 113.131444080831 2.066295 0.754577494879435
111 0.271076 111.303956113305 2.15912 0.786409131560824
112 0.601788 110.901670489926 1.645328 0.760875055338349
113 0.465715 117.569903780684 1.883843 0.783508882246889
114 0.56712 115.777651447736 1.694336 0.769242504550348
115 0.475863 111.160189779373 1.86366 0.720540263944604
116 0.44636 111.353489665121 1.934301 0.76680661326774
117 0.477377 111.005974302185 1.903982 0.794971394004826
118 0.350823 124.2330700462 2.101876 0.809364962785464
119 0.349411 124.224904460098 2.056823 0.822493069733384
120 0.276104 123.752487703346 2.164298 0.81414864885749
121 0.349469 119.241554738429 2.045723 0.812290297913527
122 0.391759 118.03170481004 1.991584 0.786055050733554
123 0.517988 109.083614493873 1.783717 0.744426209587421
124 0.280666 127.358535399493 2.172831 0.839926111633521
125 0.222894 124.403159563797 2.197923 0.816941204758336
126 0.406012 118.053677347321 1.987464 0.786462557792375
127 0.257719 124.910958038154 2.177917 0.806268472233953
128 0.322687 123.058256824341 2.115695 0.816097456025918
129 0.402443 117.053984400475 1.995886 0.799804142998421
130 0.399028 118.754273140341 1.996188 0.782576570413376
131 0.43981 114.10630209327 1.931051 0.765943196573444
132 0.353769 113.016895419713 2.021721 0.785783025670222
133 0.440994 114.074024331151 1.978018 0.766021811869406
134 0.356748 122.882212316833 2.087968 0.799391222737249
135 0.42923 120.332817355249 1.981171 0.799711644732141
136 0.355105 127.637584541051 2.097095 0.830931503720566
137 0.370662 116.157444243887 2.017575 0.794581715582082
138 0.455463 119.362051446949 1.939567 0.777323098360831
139 0.445045 114.288169433541 1.912979 0.787667481387018
140 0.392098 118.699968886367 2.02999 0.793840124707747
141 0.396082 123.490401180644 2.015531 0.819190753023375
142 0.484221 116.81422471852 1.884117 0.767336750902413
143 0.372298 118.8967933342 2.052063 0.796366482409244
144 0.27229 124.195225907601 2.154963 0.817657777038005
145 0.438564 122.839836464261 1.958717 0.813024759710497
146 0.41393 122.197291537661 1.970017 0.792210167346744
147 0.387605 110.545866295434 2.003432 0.750874057492171
148 0.441278 124.046031929373 1.968701 0.791190428431
149 0.568073 112.56328314731 1.732033 0.746312634987248
150 0.429535 118.407969428472 1.968196 0.780613743632075
151 0.4643 112.311795243996 1.904966 0.749104407820699
152 0.273439 119.360100793603 2.165702 0.813184237869699
153 0.41784 113.661160602591 1.960913 0.75715195710036
154 0.46692 118.037804447516 1.899122 0.775670052160783
155 0.434736 115.142162243719 1.938275 0.744724039458624
156 0.409089 113.830205891675 1.996825 0.753427496539053
157 0.436679 112.252297597602 1.952448 0.796150905744409
158 0.359474 114.106002075237 2.03964 0.781923119016811
159 0.470339 113.597908264352 1.836381 0.73991797382204
160 0.448173 120.763618156379 1.958801 0.815054214740638
161 0.50696 108.666555842899 1.820431 0.748312132067353
162 0.399647 120.985622697584 1.974176 0.803700330529366
163 0.501048 104.113372673122 1.832998 0.760051826069105
164 0.300605 121.172012351267 2.144827 0.804183849215756
165 0.225547 129.509254715593 2.221906 0.82105484407697
166 0.356902 115.299554475709 2.032009 0.771156542682562
167 0.4893 110.607565728284 1.838315 0.753345815437414
168 0.284853 119.706837697596 2.15431 0.814186014379439
169 0.503881 111.395590859416 1.797731 0.749377641491588
170 0.504526 110.857078359915 1.84377 0.746162312023234
171 0.41126 108.452486295666 1.961014 0.753607667148493
172 0.448613 121.108553175898 1.926576 0.822077974536767
173 0.308583 119.110243780723 2.140589 0.817817137625984
174 0.37031 118.156352760193 2.050272 0.79632630541294
175 0.334267 120.005631314206 2.097912 0.798412584969157
176 0.367658 117.788142864349 2.032013 0.810929613464701
177 0.521055 105.295893007299 1.781836 0.713629337152977
178 0.495089 117.79611550146 1.860132 0.783906334615582
179 0.217101 127.925333463204 2.217363 0.833578797692046
180 0.41533 120.090823230649 2.010113 0.789188414849442
181 0.464687 115.753368524046 1.893708 0.785220094545041
182 0.520667 114.99256982014 1.811459 0.774041613496987
183 0.585202 112.462624768185 1.692824 0.73926877799638
184 0.437127 118.007864967905 1.932924 0.767609229071179
185 0.238149 121.937174833615 2.207497 0.824671884048879
186 0.416063 120.659348530193 1.969405 0.786792313030236
187 0.552307 112.116191255893 1.720456 0.751965980024695
188 0.290544 124.890266853533 2.154719 0.830711471224578
189 0.360256 118.613253332582 2.048239 0.785733896895638
190 0.412296 120.088908782708 2.005392 0.795817100908103
191 0.34909 121.265847471842 2.095466 0.803056933446521
192 0.48601 114.807109026892 1.858721 0.780921729284995
193 0.438122 114.166946523327 1.933593 0.789321800860305
194 0.328468 121.678723790729 2.116929 0.789451118665284
195 0.39896 112.193728091999 1.991824 0.779910890721283
196 0.374598 115.032181062975 2.049 0.789843818713515
197 0.477358 110.002611268938 1.876046 0.712035567818721
198 0.123406 128.494395598953 2.277378 0.84362835937131
199 0.538104 114.468321567675 1.800543 0.73329638542662
200 0.566872 106.365177028513 1.729458 0.732740868893794
201 0.449445 113.89483565628 1.904101 0.760466760389451
202 0.470361 112.772293220673 1.878884 0.76194801288485
203 0.290053 117.107110986823 2.119625 0.775502312114144
204 0.623491 106.791765767614 1.604643 0.677177968671795
205 0.353603 112.190890485367 2.062286 0.76779038205689
206 0.337458 119.599141856115 2.066564 0.799607441198663
207 0.503116 115.252521854886 1.850627 0.748187684028488
208 0.352109 123.700855649761 2.092943 0.817995442626578
209 0.417422 119.320122444349 1.984326 0.817831731667086
210 0.444328 115.307560617407 1.9553 0.754812749830268
211 0.403029 107.085932938124 1.997341 0.788362647086885
212 0.29429 125.531957750452 2.166696 0.840263789542814
213 0.417614 110.488743307221 1.889821 0.765270894587257
214 0.263256 123.958550776307 2.175763 0.834684998521831
215 0.292418 116.850744678778 2.128765 0.803239898484229
216 0.40545 115.564728616169 1.972467 0.795908839677988
217 0.440941 113.010296219184 1.949287 0.749508172009112
218 0.541632 120.754105637941 1.782972 0.830989325996487
219 0.587246 113.031559829143 1.655057 0.756198399527424
220 0.340877 113.043063595939 2.057329 0.770027318461258
221 0.542599 123.284387460151 1.779766 0.779737697997053
222 0.485282 117.251291382289 1.857775 0.761885800862634
223 0.391266 108.605782272481 1.974958 0.774839716624626
224 0.382381 121.175022885479 2.025358 0.809472624236785
225 0.274939 128.046759856386 2.172612 0.823118384185878
226 0.489065 110.125255460889 1.83574 0.774026465742234
227 0.362009 122.17246717963 2.024979 0.779599446104413
228 0.33991 112.037321459794 2.051069 0.769751993849179
229 0.33482 123.339258962128 2.051376 0.806420334457358
230 0.253988 120.929264624898 2.193604 0.804960191298834
231 0.406225 115.573184779569 2.003361 0.792312462258715
232 0.522931 117.322665118912 1.802051 0.781401021093891
233 0.374052 119.914949198866 2.065413 0.783004000086644
234 0.293773 118.220316606772 2.160568 0.811677820005408
235 0.396085 111.666624466933 2.013623 0.787200368301881
236 0.332739 120.581551413296 2.103404 0.792641753761248
237 0.404583 113.536703620991 1.979177 0.78517180857114
238 0.420182 104.49039495086 1.99296 0.7371012014114
239 0.49467 109.687155483142 1.856123 0.754153231841121
240 0.422077 114.993514314368 1.949226 0.750359060656114
241 0.33743 113.605397430083 2.081193 0.785423568366389
242 0.56797 118.39040783686 1.721264 0.752154470364982
243 0.354376 118.248007200721 2.080549 0.800037316149027
244 0.463572 109.663777606797 1.90123 0.795293738671092
245 0.316458 119.005629832301 2.096204 0.77015060558466
246 0.547552 109.700528715869 1.774142 0.741045245224164
247 0.342175 115.993603773125 2.107818 0.795929864254393
248 0.40315 114.69564798104 1.984345 0.767677718584037
249 0.43122 112.974816767495 1.965394 0.786578905050349
250 0.508748 124.927329514752 1.853007 0.819157648331081
251 0.528367 114.107937396157 1.80932 0.720178719201637
252 0.350991 120.08621264179 2.08675 0.786655239357162
253 0.443892 116.62769861466 1.956484 0.785451004831485
254 0.482533 116.948935131789 1.856541 0.743139235540118
255 0.487124 122.791255789021 1.862107 0.761958224027271
256 0.339895 124.960802527196 2.115031 0.77638515630872
257 0.297981 114.181268294828 2.117987 0.797916959110119
258 0.555565 113.364817104285 1.712871 0.75749790897291
259 0.435521 133.493604603152 1.97623 0.826306834013134
260 0.440414 106.422243022944 1.959637 0.753313736789207
261 0.381175 113.371577786965 2.016927 0.782580659945812
262 0.437414 115.118518356821 1.921192 0.771511157726902
263 0.403173 118.313831721009 2.001459 0.77096956036779
264 0.363422 110.25726012945 2.021767 0.787473811601958
265 0.375794 115.911472247976 2.040591 0.802806150728014
266 0.279109 118.759588108174 2.156365 0.799899607288222
267 0.656005 113.467643038487 1.479004 0.74821674527801
268 0.388832 118.315789474966 2.008916 0.777695787342569
269 0.511571 114.792559733303 1.836017 0.740292911575877
270 0.424093 113.10478387917 1.963343 0.779040995486509
271 0.510535 121.90966265906 1.858836 0.753065006642301
272 0.564941 108.693268188863 1.732558 0.770979493153342
273 0.328436 118.152993780682 2.072381 0.786461764826836
274 0.485627 113.470327303416 1.861357 0.756713923908599
275 0.389148 116.348334527108 2.034085 0.785841191029732
276 0.342017 117.816673910761 2.113511 0.761386609907735
277 0.431598 107.283931460098 1.9213 0.79751140747622
278 0.574297 104.329784546328 1.693189 0.745396022095133
279 0.342814 117.851542732054 2.107108 0.793479070308103
280 0.438194 121.691302988143 1.954269 0.821398942930101
281 0.284371 114.88129668256 2.119544 0.737742194306518
282 0.22512 113.178174382827 2.204304 0.808529364545491
283 0.339633 117.977529834515 2.04223 0.788871555373518
284 0.426772 120.271840609345 1.950234 0.785616497063793
285 0.649274 109.627260700704 1.484937 0.688330292929023
286 0.422758 115.648081208456 1.952073 0.789361524957203
287 0.438624 113.673271883463 1.940845 0.777508458606485
288 0.453909 108.483779255267 1.907182 0.757312024692558
289 0.448182 113.386940635083 1.951603 0.773735881854237
290 0.478894 105.317044514281 1.867236 0.753783953671137
291 0.504696 117.720726154149 1.846589 0.757639145892721
292 0.265154 126.631720365003 2.183168 0.821152873581021
293 0.522318 110.543584568105 1.832575 0.736672120279543
294 0.388564 110.270811782744 1.960908 0.785325651316636
295 0.452573 116.474790461028 1.926768 0.803895478212979
296 0.493813 116.729647998085 1.873847 0.761420434952996
297 0.596322 100.218144266104 1.620785 0.7142089499163
298 0.447503 112.473026529898 1.964125 0.796685005637428
299 0.503734 111.869691719432 1.827604 0.746379391783585
300 0.359153 118.566598049346 2.094053 0.763204552604854
301 0.355964 121.336804792826 2.017657 0.789672900970704
302 0.394746 117.380409924591 2.032669 0.80965431328107
303 0.301043 127.833160430504 2.153087 0.82624014131665
304 0.395503 109.542490148468 2.015711 0.782538621814445
305 0.487153 110.398831693945 1.819292 0.778086971658805
306 0.471483 111.713803308406 1.891848 0.789430931686299
307 0.41475 115.364397374169 1.983341 0.759294711031283
308 0.461226 122.458303295343 1.91265 0.822365759181772
309 0.542191 121.25129696939 1.775264 0.780913254101738
310 0.416199 122.143617414503 2.010118 0.773580990511857
311 0.442482 114.759709741424 1.942608 0.783354561597291
312 0.448701 109.619152253084 1.941076 0.761042591845531
313 0.562039 121.853920112872 1.726966 0.811893705402034
314 0.494871 117.149504498442 1.862509 0.775912641418624
315 0.599813 114.984587541902 1.6133 0.735391541719602
316 0.281433 128.67741637767 2.167603 0.805510439115045
317 0.348379 120.871080709267 2.074488 0.740914812395784
318 0.423157 123.925363307563 1.972616 0.829006030820901
319 0.279213 123.914063165244 2.151268 0.803423662526122
320 0.507952 111.257968589775 1.788454 0.763336851007045
321 0.337769 118.96591241363 2.112595 0.804681383779621
322 0.437411 114.179946664063 1.914134 0.789126274601857
323 0.242319 121.765410559318 2.182767 0.809536878453764
324 0.388337 116.62406248236 2.025212 0.800204928708542
325 0.478538 125.025298824116 1.885515 0.78883304134067
326 0.39744 114.259080365101 2.041296 0.797836707233357
327 0.623496 117.785169037757 1.608838 0.702755760890226
328 0.298364 118.578617475223 2.109801 0.788749875711076
329 0.445705 112.962153688697 1.933377 0.69975169001868
330 0.431083 121.294834697687 1.97513 0.793964713502382
331 0.356433 115.442005937191 2.070101 0.809874293237123
332 0.286738 124.81265809305 2.1664 0.821072491704863
333 0.370862 122.215634391063 2.058023 0.787357456874176
334 0.314594 122.24537226813 2.121436 0.797240735379318
335 0.426929 117.932843812384 1.914308 0.735070389975716
336 0.364474 113.52380566416 2.026653 0.770751718699445
337 0.466109 122.127620677874 1.916703 0.767430827388232
338 0.421642 121.978934967791 1.997058 0.775988353889271
339 0.40783 117.666750329843 1.973791 0.76833906562693
340 0.353508 121.258277167119 2.076018 0.795981321744292
341 0.37284 115.80181495999 2.034061 0.773764058917762
342 0.420363 118.664461301596 1.962179 0.790610608704406
343 0.323374 121.292213242072 2.110896 0.760271928051518
344 0.414722 109.727837129312 1.95461 0.778703756809007
345 0.430763 113.010955160402 1.91536 0.784556210380957
346 0.321485 118.153602716121 2.106631 0.780033982502524
347 0.300915 118.412578077469 2.126895 0.786156944374666
348 0.455137 114.68618614301 1.925159 0.775888754336745
349 0.3759 112.840195606139 2.041591 0.783445345281781
350 0.289624 126.354230395019 2.164816 0.790186463512908
351 0.317491 111.363199888754 2.114507 0.751913505665621
352 0.48913 120.196383897225 1.873861 0.789083347715072
353 0.561884 115.015026188612 1.747185 0.774510383551113
354 0.263883 128.296658757132 2.173505 0.822542386624211
355 0.499552 111.558972066533 1.881048 0.694908729309694
356 0.253786 130.709462022258 2.175003 0.799116095202018
357 0.564338 114.363318505741 1.711282 0.710147081045056
358 0.504031 124.534274796498 1.857675 0.784796769817527
359 0.353379 115.042045826446 2.092015 0.772902223889533
360 0.326998 123.396077883114 2.074263 0.794944351778348
361 0.401241 122.659630514394 2.03189 0.794690988982018
362 0.386629 114.716223526876 2.00363 0.812798862837004
363 0.170054 137.431623813834 2.255587 0.837023752614554
364 0.482199 105.727223819401 1.845786 0.731789055072903
365 0.387977 124.742207799587 1.992451 0.801834438371822
366 0.27811 122.504637813086 2.173293 0.814252412936342
367 0.36989 122.088485604107 2.052226 0.803686591546039
368 0.427063 115.666394178464 1.935442 0.734528135677027
369 0.446887 113.538205926301 1.917424 0.75275924450127
370 0.27241 118.949519435674 2.168376 0.793501804475315
371 0.467177 102.866716741981 1.854508 0.759430692978198
372 0.434472 112.167472811251 1.969178 0.782631052249836
373 0.409884 124.342625304728 2.020327 0.788248703338342
374 0.302687 122.106222677801 2.129845 0.777459807716656
375 0.437273 117.611546714043 1.938801 0.740054139901656
376 0.294103 127.357685725435 2.157875 0.826833856442227
377 0.389406 125.759095229951 2.039609 0.795775162436439
378 0.528252 106.637684115911 1.768349 0.750886820178497
379 0.435367 117.801858077264 1.951344 0.783121993999312
380 0.651271 105.043665461924 1.519987 0.702914541086295
381 0.172973 123.778531259585 2.255147 0.803747656433977
382 0.291007 125.123520260894 2.165679 0.829534890523393
383 0.329434 116.835280434213 2.08066 0.811827298059248
384 0.407877 114.702388947971 2.011523 0.811210056684187
385 0.477687 113.254313176074 1.868877 0.761656619164171
386 0.428122 112.334497025781 1.943527 0.785136900786261
387 0.469809 112.058680225088 1.844818 0.766718773051599
388 0.315705 134.665671000186 2.143924 0.815894646945536
389 0.478296 107.94329496176 1.871633 0.75177983145696
390 0.496407 107.731108297436 1.867144 0.762755522100508
391 0.358068 111.838605382939 2.022122 0.792139148280331
392 0.51034 109.58652267417 1.840712 0.742116009148642
393 0.425027 125.500339686439 1.966821 0.806462115380089
394 0.454529 123.99351457298 1.942217 0.803646532335164
395 0.471098 113.804954809757 1.930817 0.793975629857412
396 0.351735 118.660555429813 2.085901 0.789619401953326
397 0.455251 115.708299090429 1.899038 0.782263019060085
398 0.438884 112.398382704595 1.95229 0.75607769349983
399 0.328797 126.536782393227 2.11478 0.829814278667589
400 0.284549 121.123068351714 2.171999 0.806746502348585
401 0.363137 115.215251747788 2.018926 0.776043401867446
402 0.464877 123.240921514977 1.929044 0.788699628123732
403 0.385105 120.859017344675 2.020247 0.817665603728515
404 0.446984 125.719394441294 1.934887 0.796033443423009
405 0.358932 118.466627358243 2.078429 0.780295556416789
406 0.410975 109.423257917182 2.001843 0.765856525181879
407 0.307773 125.979934793194 2.135806 0.790588098248168
408 0.429217 117.92637989514 1.95485 0.789239728910721
409 0.422538 114.140187293923 1.966606 0.770915921748888
410 0.371726 123.415371672397 2.057214 0.809522039279198
411 0.356804 126.43654799041 2.06153 0.783294239221504
412 0.481639 118.295638879225 1.900617 0.776229807445971
413 0.440912 121.33118709642 1.949877 0.785736490266801
414 0.470231 117.393468161247 1.91106 0.772090888390328
415 0.375387 114.0309468713 2.048277 0.780456365707006
416 0.454093 126.437065248366 1.919254 0.789476783842601
417 0.525814 115.326831998818 1.780078 0.764694200527909
418 0.441238 109.160453893791 1.94893 0.732978184433603
419 0.443368 122.271081602143 1.953509 0.808883036448655
420 0.494458 115.691584336148 1.864306 0.757229158076688
421 0.364461 116.953004545644 2.002672 0.794247055692366
422 0.308946 125.324498541684 2.127841 0.802393244269273
423 0.506763 110.115598560734 1.777513 0.742269777728532
424 0.368093 125.477734250709 2.078416 0.817176975890239
425 0.4535 120.12820847089 1.962697 0.76944080362541
426 0.502296 110.195392152694 1.805153 0.772563815566698
427 0.402218 122.413616351638 2.012271 0.780567340607245
428 0.419683 124.519457915701 1.991389 0.804726247230146
429 0.414997 118.308851243751 1.976311 0.821916551510628
430 0.432967 111.030386932826 1.971604 0.756855260691332
431 0.457908 111.071472401459 1.898679 0.755326476593543
432 0.256564 120.44274951351 2.186102 0.788405067530472
433 0.3152 114.09106127827 2.104992 0.821935928686321
434 0.467805 116.785066815262 1.901633 0.762490045091452
435 0.382083 110.645845529485 2.023178 0.719977656645862
436 0.446863 115.69720669395 1.921457 0.776098223944344
437 0.46958 115.319421960617 1.92381 0.772831696053895
438 0.320541 121.611544558626 2.11892 0.797676267296619
439 0.475913 116.935069938591 1.886297 0.787421700783831
440 0.435439 119.847952919432 1.952771 0.805955437143154
441 0.405555 115.076076668851 2.012235 0.766119736789256
442 0.439312 117.755140059358 1.944705 0.788306279200541
443 0.437411 120.384190447644 1.9578 0.761647038438112
444 0.380119 126.463593680848 2.055108 0.809094243228131
445 0.431452 119.097456965004 1.950694 0.783362065997429
446 0.373888 118.117062925605 2.050117 0.783860363959876
447 0.476716 111.213215712982 1.890127 0.761180628201075
448 0.490934 117.162888630669 1.868397 0.74886052018883
449 0.304347 121.64916886749 2.122848 0.781666914679234
450 0.473545 118.207840885997 1.920867 0.753842346887468
451 0.460536 112.508919257205 1.923078 0.803075241721537
452 0.487588 116.90856496063 1.820197 0.776576013586333
453 0.35585 120.405878223914 2.094558 0.777701363625284
454 0.389023 114.069956243569 2.007039 0.787874370295119
455 0.60428 107.723290457775 1.624752 0.6846753829853
456 0.484319 111.963929552709 1.864845 0.76791998608256
457 0.493891 117.328568504401 1.860068 0.764916810223381
458 0.391707 106.293954613792 1.987904 0.746169532227807
459 0.485235 117.061854315062 1.859226 0.81438776752936
460 0.465077 104.755622352756 1.888408 0.756111582223531
461 0.421567 113.429348518334 2.003485 0.759120065831627
462 0.670663 120.420382947838 1.465536 0.767046914317387
463 0.517662 104.146815186254 1.768494 0.718222988619354
464 0.289343 120.92090404842 2.132968 0.76900337348724
465 0.340632 117.171014950751 2.050815 0.791587152630163
466 0.255721 129.720554445058 2.198987 0.824981959315734
467 0.196572 123.53636178961 2.235711 0.836035377720975
468 0.353708 122.111398202187 2.051571 0.755661726539292
469 0.482032 116.211433018883 1.878062 0.742438059345567
470 0.301477 121.167292595372 2.134651 0.751181177541048
471 0.288539 119.261590961571 2.159316 0.788147462642664
472 0.472838 116.862288384859 1.907133 0.776685962059421
473 0.565472 112.56793267028 1.72256 0.731531024515437
474 0.481393 113.728847986198 1.885981 0.767657859815859
475 0.641862 109.005171162931 1.540067 0.769189107497343
476 0.415321 120.23889927014 1.992439 0.795316714205676
477 0.500798 113.854162730708 1.881411 0.783343864034756
478 0.519365 110.177539411988 1.768793 0.758993755789256
479 0.443339 118.772605940863 1.946351 0.800273674958132
480 0.277729 123.335513929893 2.170998 0.792245394789934
481 0.438939 107.166209707975 1.910297 0.782221933590345
482 0.562184 115.953329046432 1.748214 0.746866237362192
483 0.469288 117.785385707628 1.901041 0.800818540329679
484 0.363672 120.110245677929 2.08211 0.818328999557983
485 0.3568 119.601695651094 2.076355 0.791780541083744
486 0.355488 111.928659022258 2.040564 0.787549793323115
487 0.342396 112.629303667809 2.077353 0.774806574447994
488 0.494838 111.67124410514 1.868479 0.746154114365773
489 0.458902 115.64498599685 1.918521 0.796918592328778
490 0.498292 117.378097234244 1.867273 0.764236457970289
491 0.391912 115.764478333261 2.018173 0.77366973225362
492 0.270742 124.623985431954 2.171316 0.819015811452178
493 0.495459 116.23232594861 1.881156 0.78359811173597
494 0.388938 123.175960776472 2.039595 0.766281719163131
495 0.407844 115.083599811208 1.976162 0.774348587483408
496 0.373959 122.672017365863 2.054916 0.83718441464811
497 0.473284 115.741611356334 1.835763 0.762834576071398
498 0.525792 122.53493063314 1.818175 0.747262961001472
499 0.448356 118.386680030806 1.952718 0.757715986123402
500 0.379679 115.373972389405 2.038781 0.79745329351222
501 0.380516 117.539333395168 2.040392 0.790499562863267
502 0.447172 115.136873833321 1.88711 0.755246368767388
503 0.482744 112.133043259847 1.898516 0.747915064207538
504 0.490832 114.908187331196 1.870445 0.732528995474088
505 0.409539 117.910525272267 1.999466 0.80712106300725
506 0.505836 120.948759154742 1.842019 0.765168871499988
507 0.482481 116.472715741445 1.911089 0.776040736252894
508 0.294609 121.620669093494 2.147233 0.815015533009385
509 0.362297 118.691118890356 2.0229 0.778243841803895
510 0.370584 114.152908840729 2.053745 0.784799310894356
511 0.330614 115.69935676026 2.115771 0.790636132475407
512 0.38987 123.984052241513 2.05052 0.811604065143722
513 0.441882 119.495395157127 1.939847 0.778346631351811
514 0.470753 113.333283257187 1.88951 0.782989095261103
515 0.438098 108.240584794172 1.95369 0.756191510282937
516 0.350503 116.694164197771 2.054706 0.774806746821016
517 0.394089 118.358942580219 2.015702 0.783985627295933
518 0.335944 121.716257403698 2.094139 0.762784032639667
519 0.499829 115.204331536759 1.848299 0.688434751421201
520 0.514544 122.870911864264 1.850813 0.795308260510059
521 0.395884 122.044607844413 2.04195 0.810732039608977
522 0.350602 121.619109829462 2.082428 0.807854321215673
523 0.496276 108.006178073104 1.808297 0.783871168359121
524 0.417272 115.265254052616 1.966864 0.79214757292073
525 0.284571 125.34076893789 2.157937 0.82030274833896
526 0.223156 124.807473350508 2.191054 0.804825151608608
527 0.415913 114.187622074379 1.978591 0.762536394679919
528 0.495062 104.993799656819 1.878862 0.779819065696781
529 0.358763 118.282730248337 2.066283 0.770198941620542
530 0.34825 121.508863523372 2.089056 0.783075834658132
531 0.423929 107.088313813218 1.967339 0.774200450376054
532 0.354625 121.2234438486 2.095929 0.794150324390756
533 0.424517 118.536943444589 1.972714 0.795557709812432
534 0.456505 111.363891004978 1.908226 0.771813369122254
535 0.489043 117.541104412094 1.858227 0.767982012740483
536 0.471877 120.712953871611 1.886778 0.778232360516393
537 0.345288 115.612990614564 2.063793 0.806415644267278
538 0.288777 122.091316734489 2.082101 0.81117417143733
539 0.373639 121.375599025904 2.026618 0.791206641711087
540 0.519677 114.548641460177 1.759945 0.787088050641969
541 0.309724 121.24504540191 2.108553 0.829254826278361
542 0.560959 114.811544994069 1.724126 0.762226026685149
543 0.378751 114.257472150612 2.041989 0.753505959313184
544 0.397672 113.878347747738 2.00442 0.77315520031628
545 0.403628 111.49794198282 2.019602 0.74784714555799
546 0.501411 114.953563658263 1.83664 0.772770798001801
547 0.490202 107.123623819713 1.868955 0.771325084847355
548 0.523225 111.512583751995 1.752636 0.733439437937604
549 0.326806 118.368615384805 2.11068 0.7582963059148
550 0.652171 110.951214863889 1.486035 0.665512473956872
551 0.401472 109.006868033978 1.987017 0.773228492152918
552 0.319779 118.844570204936 2.124366 0.795120793036017
553 0.636771 114.173112527022 1.553446 0.779542379997035
554 0.457662 113.298451831621 1.878833 0.767388033288178
555 0.447724 117.372197006136 1.943573 0.791246836143721
556 0.553586 109.867948871341 1.696566 0.729395407404737
557 0.433614 125.766225587053 1.992731 0.815494808802866
558 0.496124 114.611562078125 1.865413 0.760474311542693
559 0.381014 117.430881522348 1.988868 0.784975612745953
560 0.365922 124.324752002509 2.055657 0.793567235615247
561 0.24167 128.491659022559 2.204543 0.835018244691214
562 0.397515 115.816417044307 2.015175 0.778194219362847
563 0.462291 117.553264967384 1.849051 0.789904243035986
564 0.573716 120.240733545874 1.691055 0.765981100323973
565 0.423637 123.843460816609 1.970583 0.790527393897225
566 0.238406 123.181689988785 2.209958 0.798759590208061
567 0.483401 113.659346729576 1.891608 0.781943165295568
568 0.376049 119.04268764697 2.020726 0.77073242749089
569 0.425237 123.880467448286 1.986894 0.764725506664473
570 0.443233 105.660087037832 1.945358 0.743978549437682
571 0.455327 113.443946747799 1.956704 0.788449245487226
572 0.385625 118.487670041538 2.007074 0.792838348904159
573 0.366977 116.485920817231 2.059693 0.802489572843636
574 0.52598 114.100535509128 1.799958 0.738395740768026
575 0.43019 121.053758067032 1.974463 0.789961436742686
576 0.367917 112.703503573927 2.050251 0.786169767580037
577 0.404881 113.147643682706 1.998638 0.788614415251053
578 0.288531 127.365160206599 2.157008 0.823583052890901
579 0.253368 131.038729199886 2.189296 0.836031964839291
580 0.324131 106.21280492919 2.078552 0.786400058323933
581 0.400696 102.9076143265 2.015933 0.783040842938931
582 0.487804 115.313881279802 1.842368 0.781116668190965
583 0.323595 114.450174656316 2.103702 0.785845263251945
584 0.32671 115.868788983173 2.109649 0.740946287942022
585 0.380684 114.64651630898 2.041097 0.7756067334607
586 0.358475 115.367386179975 2.082264 0.769182855301352
587 0.324197 119.643364493755 2.093824 0.794452967689413
588 0.48177 109.099668123133 1.821266 0.772341858585721
589 0.345136 122.701562506027 2.057122 0.820053818664011
590 0.438594 110.028556592856 1.932131 0.739224112162004
591 0.339285 121.15495360178 2.027243 0.805244563757214
592 0.33472 107.340932158522 2.068274 0.732447273069474
593 0.302788 116.919019294393 2.1361 0.78441538645496
594 0.3712 113.686600160466 2.017263 0.799388662759492
595 0.377395 117.143646300529 2.032079 0.786034187583475
596 0.279197 129.739614224574 2.10367 0.798245548636938
597 0.493135 99.8470821472836 1.817774 0.736580532007632
598 0.395483 121.1259951301 2.030806 0.765706781465606
599 0.26743 125.140256195653 2.170915 0.80650526793333
600 0.50937 111.10933621227 1.812371 0.716875832388305
601 0.304988 120.514708529919 2.144479 0.792762119543675
602 0.336499 119.755544973967 2.099671 0.786498988659548
603 0.462605 118.527082799307 1.93665 0.728097939268171
604 0.3226 122.674037418974 2.122049 0.769504131788167
605 0.303679 129.593221982025 2.148132 0.794505936139041
606 0.543932 110.10492685056 1.781884 0.725714115391189
607 0.447929 113.918748688898 1.901562 0.743902459116568
608 0.427511 121.884895149854 1.986421 0.81180285984524
609 0.46264 108.933548117296 1.887246 0.757227977170402
610 0.452492 118.616348475515 1.931753 0.80748663265522
611 0.539932 104.912917044767 1.784816 0.756120891411193
612 0.396847 108.522489980965 1.972618 0.739513794486117
613 0.329994 126.940299675945 2.096216 0.80940714140401
614 0.362855 115.38022437123 2.037819 0.802551326814043
615 0.264409 127.430085907311 2.17647 0.826256665574098
616 0.374012 120.193678542582 2.042111 0.796626811161262
617 0.41637 115.291276609587 1.980325 0.727939035290463
618 0.460619 102.772497670567 1.918272 0.752826210107476
619 0.336419 115.772173913665 2.090758 0.805804064945504
620 0.534044 107.670206225448 1.777086 0.746957434971581
621 0.399824 115.618487173253 1.976537 0.806915810496594
622 0.505869 113.308722904142 1.858914 0.75840178421915
623 0.46441 117.680950575845 1.903311 0.773176357118313
624 0.302886 113.655326793436 2.117473 0.766893578264316
625 0.336263 116.78464849568 2.092348 0.797942319208961
626 0.454246 113.628885284789 1.891344 0.762152337938717
627 0.365251 118.957772475004 2.040874 0.808377474329392
628 0.254502 115.461807971492 2.163447 0.728096761245331
629 0.494158 111.844270315567 1.823835 0.764488355992955
630 0.448589 111.97059033881 1.945528 0.756069356183796
631 0.317613 125.648128872355 2.118328 0.784955346708648
632 0.449165 119.272603678896 1.944472 0.792392301039621
633 0.426601 116.678540569836 1.971863 0.748156117912146
634 0.489877 114.229766757679 1.887521 0.751264360262463
635 0.519645 116.793878965148 1.832059 0.781323516355617
636 0.340918 115.513759514418 2.075568 0.795941521824003
637 0.266872 124.581959992368 2.163776 0.807771798897773
638 0.512601 110.750275752494 1.829298 0.738242618308847
639 0.610273 103.561514945365 1.603006 0.712552691633575
640 0.356245 107.008369456507 2.077061 0.788185288318732
641 0.436406 117.755093821692 1.988614 0.744999333666106
642 0.377778 118.086954398356 2.049491 0.790684434524717
643 0.538042 110.104742432256 1.779094 0.781576167378618
644 0.341067 114.53750975975 2.095427 0.780102505616152
645 0.478641 117.624896261558 1.91581 0.774575322557307
646 0.473558 111.616038966127 1.88445 0.759443634428892
647 0.360741 116.92057958538 2.049999 0.802273584656914
648 0.211846 125.527974680511 2.215239 0.817381864110821
649 0.322722 119.909218740088 2.10952 0.80130259971406
650 0.459567 116.643716283213 1.948855 0.735893100035047
651 0.497372 114.192148126267 1.794444 0.793435958251887
652 0.463112 115.536523478761 1.849066 0.779974575504039
653 0.519699 111.396639387027 1.832821 0.77062722334497
654 0.366527 114.83191219261 2.070771 0.805885832818449
655 0.334263 114.591842558615 2.093276 0.800577298931919
656 0.415624 115.610386114129 2.002844 0.791109626627712
657 0.394179 119.023502379461 2.035416 0.791623747902351
658 0.334519 121.041528457502 2.121126 0.814415741208458
659 0.252283 123.221948996035 2.201443 0.769244787573375
660 0.599335 115.996947859758 1.665037 0.774445073468887
661 0.519328 109.213308735832 1.810219 0.751565637921888
662 0.250612 128.957998998578 2.173141 0.821827327752843
663 0.457356 110.11199950472 1.869461 0.746132630624785
664 0.431598 119.978497904678 1.980826 0.804272629738248
665 0.406675 114.461988315791 1.986949 0.788089299629135
666 0.314824 116.840942274513 2.093712 0.801433038221367
667 0.234179 125.348175630719 2.20813 0.848149922339834
668 0.419139 123.957273735727 1.99194 0.814748940620916
669 0.461794 128.67640442615 1.943306 0.77619847955543
670 0.355404 124.687218980419 2.075739 0.818853851642574
671 0.604652 118.42639404017 1.626919 0.75248410393541
672 0.529752 113.530250262652 1.791848 0.790199771919307
673 0.286443 118.234972907863 2.168251 0.787099775690748
674 0.44409 114.897928707936 1.950717 0.758440559314058
675 0.45493 112.612289052819 1.924903 0.767762186514042
676 0.579503 106.334613258562 1.69185 0.753305015814376
677 0.279996 119.91018768917 2.119965 0.817686235750264
678 0.361229 120.706918112668 2.054546 0.799410756453816
679 0.542935 115.337854098051 1.766956 0.792123725172166
680 0.479848 111.487132153634 1.884303 0.792024170564414
681 0.418659 114.713962507345 2.004981 0.771302060622649
682 0.44358 114.503032943569 1.975306 0.774303452588426
683 0.433872 105.182196802801 1.921077 0.755010642062467
684 0.349195 121.064335572852 2.091775 0.812786733888166
685 0.391519 119.414828103947 2.024033 0.793119296635017
686 0.460375 104.378078230321 1.899543 0.753700368223823
687 0.473093 117.810730183447 1.908624 0.809387337597855
688 0.474207 113.079271005269 1.892159 0.772199736390982
689 0.432116 119.983204608993 1.98046 0.786903607737876
690 0.494846 109.293787611985 1.838732 0.782718514651617
691 0.290757 118.516379895343 2.135813 0.809565012764931
692 0.50509 115.151466185654 1.835196 0.73665189087739
693 0.375967 119.005211314758 2.032129 0.813161624279834
694 0.44477 121.985393680423 1.960536 0.804440353138102
695 0.471938 114.551176567379 1.923212 0.731124464942525
696 0.48352 119.037297232658 1.890062 0.800083747915502
697 0.464201 116.344024661408 1.927693 0.786461058877649
698 0.41848 122.677347493571 2.01083 0.771932939439392
699 0.302854 122.738953502248 2.137185 0.821421024166146
700 0.487549 108.433079038531 1.875225 0.768930368792753
701 0.30085 124.456960816867 2.121632 0.817266737778596
702 0.403207 119.548035784332 2.011609 0.811676755926444
703 0.362725 115.117921948301 2.009994 0.798140688293258
704 0.400858 117.911339235404 2.033538 0.776989374025996
705 0.506471 109.361496554196 1.854049 0.76207630077663
706 0.348681 119.534849410341 2.039048 0.775615178388026
707 0.385953 114.62611904867 2.057978 0.780017188170782
708 0.406691 108.164942518699 1.995489 0.800415963249019
709 0.336014 111.551200314724 2.091236 0.793503670309879
710 0.188877 128.769644180144 2.232847 0.830775575105341
711 0.310626 126.058779591763 2.135788 0.806372279023272
712 0.532124 108.632344844258 1.689807 0.72741476932976
713 0.389875 112.476189596963 1.990484 0.772938239659141
714 0.349203 117.422064225048 2.043053 0.801324167192424
715 0.44067 117.098835464979 1.937938 0.772591162825412
716 0.397146 111.337700737057 1.981051 0.779051288529608
717 0.327918 117.530650530451 2.076668 0.79159238873911
718 0.484462 109.507461409133 1.861135 0.754427027471999
719 0.48017 122.930979574706 1.879906 0.828153176958025
720 0.465353 114.019639492196 1.910332 0.791463221931462
721 0.286221 122.673718978414 2.170061 0.7867058812029
722 0.384266 115.894868047592 2.042942 0.790809200454498
723 0.38287 120.410473277419 2.062701 0.774117746092554
724 0.492569 108.489590352987 1.842798 0.713578842381982
725 0.494722 116.56600016 1.847414 0.752596145084946
726 0.488813 117.248813042974 1.864672 0.784861219678281
727 0.52326 113.74904795871 1.809708 0.768014244448051
728 0.36583 123.642256682255 2.04067 0.824113044576906
729 0.3855 125.691091261631 2.054657 0.822415714113207
730 0.32672 114.532566337902 2.081475 0.783267588763227
731 0.4424 110.923283434209 1.88088 0.76258797673789
732 0.505739 95.6483528546476 1.826864 0.707106117983008
733 0.308227 122.729731104021 2.106218 0.790130678647099
734 0.410721 122.941282667451 2.006514 0.803174971032714
735 0.454057 114.718957958886 1.943097 0.762677513569534
736 0.343321 121.831830075421 2.092692 0.802883861867709
737 0.504565 117.294219838213 1.868242 0.778970310183241
738 0.504565 111.697578760648 1.866671 0.756579927381545
739 0.319282 123.675090697198 2.13932 0.803933906537698
740 0.411653 118.283173396803 2.019259 0.813672217478776
741 0.348189 116.277469663831 2.063587 0.80312801639695
742 0.358204 124.301578190492 2.045539 0.815287587430812
743 0.46721 111.138035329808 1.913164 0.785727385168283
744 0.374919 112.947014074732 2.032787 0.766997131060237
745 0.526292 112.010814173446 1.822781 0.722413298848163
746 0.412452 120.939864161954 1.985935 0.768431097069157
747 0.387092 125.854463151896 2.054806 0.822559387325234
748 0.400659 119.945231446718 2.02286 0.811503116186825
749 0.486843 111.68302329879 1.859791 0.779353609827848
750 0.22163 120.872932614437 2.19622 0.815471757320227
751 0.412744 120.613575264577 2.014243 0.756863550038084
752 0.388556 114.925840778097 2.016419 0.772615037349314
753 0.290155 127.65039396626 2.155245 0.816452511953432
754 0.369323 113.69518923011 2.038881 0.795673785309724
755 0.557156 106.248058382558 1.736756 0.690349431842627
756 0.371472 122.175767634174 2.063679 0.80375971452017
757 0.395013 119.589283277972 2.026561 0.782911322238631
758 0.320103 96.903982629959 2.097221 0.806566099577135
759 0.454498 113.767305174432 1.90852 0.720946317367929
760 0.305594 118.762347427965 2.139462 0.80543570275628
761 0.611132 99.2554459135919 1.612261 0.725637615940557
762 0.429591 106.266882228296 1.98154 0.771828878643108
763 0.376291 107.531293296773 2.026763 0.791366513239573
764 0.347789 118.507966061825 2.093816 0.787307288513458
765 0.405813 112.713033258808 1.990665 0.783179105184211
766 0.509805 118.641360950937 1.832384 0.760181272944339
767 0.39839 117.603130869641 2.012438 0.760533604459407
768 0.492765 105.290027114968 1.862342 0.744333922976142
769 0.303963 116.909413945866 2.114576 0.798315065854789
770 0.279064 127.218498628757 2.170999 0.814207033737945
771 0.306083 118.963693787244 2.131833 0.795674240268239
772 0.427745 113.2502164135 1.931174 0.776307791760691
773 0.373022 119.190488695473 2.046589 0.819975989303088
774 0.407079 112.561280887847 1.955925 0.755188501907865
775 0.333943 113.076163715927 2.098156 0.793047133845291
776 0.360677 114.176213236465 2.079202 0.776445193259048
777 0.362451 107.412930157034 2.029035 0.779210141504305
778 0.371223 115.407851407284 2.055829 0.766356106350358
779 0.442196 114.345673367233 1.953447 0.751382092310915
780 0.317575 119.471562244777 2.138449 0.786191651415956
781 0.437458 112.812871086819 1.957304 0.749483140628508
782 0.618459 100.610297671498 1.59193 0.721383805729603
783 0.40239 112.303212131427 1.984925 0.78693081758806
784 0.388173 121.729913808993 2.050005 0.779979907948718
785 0.613413 116.907167968474 1.604082 0.805192180199391
786 0.177976 124.039734524543 2.250487 0.830119589922951
787 0.439767 123.792566247459 1.937601 0.802831689403438
788 0.447993 103.608624559334 1.918987 0.723649164450046
789 0.424234 121.520199357681 1.998995 0.829783790200135
790 0.352613 120.703623541462 2.055993 0.783275818902445
791 0.546882 101.051055933229 1.677725 0.682972184762391
792 0.297328 124.334267863736 2.156385 0.81587956566214
793 0.413524 107.755729672911 1.980488 0.718376375052654
794 0.183396 133.018549977013 2.240548 0.844242514766147
795 0.499249 114.768849772768 1.841826 0.752407206571988
796 0.468501 114.906439493072 1.884668 0.792328594587423
797 0.417756 112.992584889107 1.975112 0.779646828336184
798 0.435467 124.428011517436 1.978968 0.814791512902044
799 0.396943 120.636498190533 2.003293 0.80411447565737
800 0.352603 118.056811980589 2.09049 0.798544423317705
801 0.509711 116.938563603751 1.823945 0.748338114554804
802 0.343751 119.952781997151 2.09251 0.811864671203341
803 0.662034 118.923239636287 1.49023 0.769440465427451
804 0.488716 118.670204416973 1.868927 0.80167661216741
805 0.424759 109.069016976423 1.91414 0.78613026798307
806 0.547968 106.957218651132 1.761582 0.711848512318025
807 0.404302 124.85724154128 2.01834 0.830047402192597
808 0.346348 117.949686501538 2.076443 0.768406955705441
809 0.330812 117.634175429797 2.092799 0.778892458104633
810 0.243755 124.596350235074 2.186913 0.841639416830457
811 0.288698 125.574805344495 2.160786 0.802071730891228
812 0.385437 118.201380772052 2.036818 0.77351430474577
813 0.294343 124.3588049854 2.144319 0.797728385575218
814 0.4113 114.107619321582 1.97047 0.789255880024975
815 0.327365 117.253302534793 2.096682 0.794189731079287
816 0.484298 109.438051188292 1.842488 0.762261659797595
817 0.535617 116.038117842199 1.789749 0.796322768417245
818 0.440709 114.523538351898 1.911942 0.791386522735782
819 0.506705 108.32838334475 1.852996 0.755777215527872
820 0.405978 114.543053371081 1.97658 0.785638692931322
821 0.262026 121.948291896191 2.164034 0.808222954737053
822 0.528124 110.148711866313 1.801134 0.786622046961569
823 0.297693 121.178341228644 2.14339 0.815710708318317
824 0.35609 115.199205107114 2.03361 0.784626519424857
825 0.41922 120.755461839491 1.989775 0.809237731214807
826 0.463361 115.104490107505 1.910379 0.746187086004006
827 0.375631 117.091062673535 2.032681 0.813501887319663
828 0.433521 113.49911872665 1.974498 0.760698040921723
829 0.359333 123.081132243995 2.049634 0.797810860320862
830 0.508953 112.083444071377 1.833338 0.766490830721558
831 0.517852 109.651160803802 1.815372 0.769584188571427
832 0.550339 120.626919285862 1.746008 0.756100728181008
833 0.57575 114.410957761597 1.66682 0.732560248501953
834 0.561815 115.772485205708 1.727997 0.780727848401219
835 0.401477 113.727248107634 1.996417 0.797950357159953
836 0.43492 120.254830215733 1.925225 0.803405256937553
837 0.565568 104.420560678576 1.707765 0.720649085313523
838 0.458552 118.6153349051 1.912204 0.790172500038556
839 0.382966 124.019988316827 2.058135 0.771541368604958
840 0.491079 103.523648220556 1.828691 0.744219139095051
841 0.482121 109.426074332352 1.866857 0.750805497793441
842 0.461228 107.67389029134 1.861984 0.754474804229566
843 0.370473 114.711344003471 2.018148 0.80475788779963
844 0.263216 119.049184223415 2.156557 0.815207406682499
845 0.452458 108.904224338329 1.938203 0.775444684585129
846 0.431135 113.00556251264 1.940887 0.760512610057698
847 0.275056 123.788835554867 2.177592 0.829572988344948
848 0.196999 127.193705412125 2.229536 0.83264153826494
849 0.403968 115.491885794888 1.987513 0.799197217236611
850 0.45824 110.904839644622 1.944951 0.743452664231731
851 0.370268 125.823585462183 2.037436 0.802061816887458
852 0.294142 122.811837434054 2.161745 0.759139705534065
853 0.321519 126.129909691272 2.118345 0.812974514913729
854 0.42218 110.318845226299 1.971714 0.769761635129028
855 0.48834 109.550631050417 1.82906 0.744832060738522
856 0.513448 104.788140415074 1.793838 0.74327199611445
857 0.319553 118.910760332047 2.121459 0.809972454151344
858 0.239266 131.267811883112 2.209954 0.841112739670958
859 0.323698 118.734540491247 2.060477 0.796788915055444
860 0.482126 114.558876141504 1.874439 0.755121141086024
861 0.330791 127.026896526548 2.115285 0.776317081602167
862 0.340548 121.648665969828 2.07876 0.774967062444221
863 0.418013 118.516657521042 1.989633 0.802746603492265
864 0.466074 116.20350743838 1.906737 0.787174111857457
865 0.399797 118.354641324269 2.023157 0.794185750892872
866 0.427478 114.082787963667 1.914695 0.776173288160172
867 0.417904 114.348494310187 1.977599 0.718769377499127
868 0.283411 113.723581630846 2.112286 0.775818214472114
869 0.490924 105.734048532716 1.811123 0.722470959594115
870 0.364494 121.597908907154 2.082694 0.791176720302121
871 0.576602 105.565815382355 1.677431 0.75131644817466
872 0.448511 124.212803799469 1.970462 0.790602486731875
873 0.416953 120.271510151181 1.978548 0.799118670279835
874 0.278867 124.948641424025 2.180997 0.816821908191124
875 0.505578 108.973203730986 1.852783 0.777186289315041
876 0.464645 103.357382436899 1.875328 0.746663893741155
877 0.599435 113.323324530153 1.623876 0.789471878358451
878 0.475103 108.185897749774 1.907598 0.7516873518618
879 0.383412 122.791477236667 1.996744 0.786041900601249
880 0.256319 126.182420998977 2.193274 0.829730477930939
881 0.361919 115.31868332214 2.054157 0.758900908964564
882 0.470556 110.334930359798 1.883453 0.761907357424611
883 0.369813 121.271736876444 2.053998 0.786546525697435
884 0.465637 114.916196940019 1.8786 0.750010683374221
885 0.530657 113.252207016437 1.806957 0.760902308171032
886 0.364475 120.368294592281 2.047189 0.807472735892334
887 0.294036 124.706757027026 2.144793 0.827127818361685
888 0.398764 112.706236601599 1.988814 0.778098841744321
889 0.236957 127.720811697351 2.206722 0.847183327871954
890 0.512579 115.696294865679 1.834401 0.799410514179799
891 0.389959 118.362091917651 2.037083 0.790215443013143
892 0.477184 109.117391718476 1.877539 0.765623242339718
893 0.30986 119.355742017068 2.128621 0.807162389222066
894 0.467879 114.701434164702 1.933264 0.799073837375159
895 0.295193 113.807409657763 2.106474 0.790411371913977
896 0.494912 109.979982250021 1.845172 0.767734574521261
897 0.543351 107.78899928262 1.768162 0.732701093093635
898 0.53219 112.427911332503 1.783151 0.763994510130356
899 0.350346 113.303641579611 2.057034 0.792055306089635
900 0.343231 128.417419900148 2.10896 0.762356433704807
901 0.464505 109.892964828557 1.908447 0.764546452313836
902 0.551054 118.271186760742 1.762846 0.772292973550579
903 0.209172 132.437629881482 2.230342 0.828256709746896
904 0.396675 117.262497695202 1.998163 0.791742982700984
905 0.483168 112.396962945976 1.857878 0.771801311826889
906 0.349994 120.16573533858 2.072352 0.811772463600376
907 0.398199 117.971863541197 2.007416 0.719453983256253
908 0.438204 116.562025374392 1.980274 0.788264810997572
909 0.487553 119.051587821686 1.898458 0.771853591920601
910 0.501791 112.522402904131 1.860727 0.761898759693063
911 0.522511 110.764756938273 1.802236 0.770555366720038
912 0.573658 104.674775056717 1.640801 0.688251500359511
913 0.337429 127.878809446223 2.118117 0.790778364758973
914 0.406617 120.143720708325 2.017501 0.777584740663544
915 0.397778 125.038506278346 2.023954 0.794075535126762
916 0.133879 125.369934159961 2.272905 0.820882565015493
917 0.331023 133.181971886989 2.12793 0.852519246240057
918 0.470143 110.730355903526 1.846469 0.753467732835175
919 0.427277 125.652345534532 1.939046 0.780874063825862
920 0.570425 103.831277621698 1.677764 0.726041935634669
921 0.208316 122.276618505171 2.226713 0.82041838309245
922 0.466581 112.723135089158 1.867919 0.754751837279814
923 0.339569 103.562743320664 2.057434 0.75591362035876
924 0.416866 111.953823555364 1.943206 0.799386396895877
925 0.395145 120.855381890436 1.99831 0.823904423298068
926 0.462427 109.297449636607 1.88441 0.76694696119772
927 0.253812 128.221536708258 2.196228 0.831280849873112
928 0.377433 118.546473421029 2.064652 0.782888128593394
929 0.427783 111.168698416841 1.917148 0.768032588747799
930 0.433882 115.549010283275 1.942532 0.792451978977915
931 0.338471 129.414144236102 2.100176 0.822069391922681
932 0.403016 118.433643590708 2.007556 0.749348542033164
933 0.370475 118.611776794042 2.055481 0.793277104753247
934 0.417181 109.64435940792 2.000033 0.751375920438356
935 0.380479 116.350967143117 2.048919 0.797576062544379
936 0.414662 118.689988330722 2.013811 0.806873820199531
937 0.468073 117.509922733418 1.905392 0.800447594261406
938 0.302942 129.196445088847 2.144544 0.816719416832715
939 0.412058 116.726682727997 1.986152 0.77174758120347
940 0.59055 114.543337339543 1.692101 0.786175362413218
941 0.298169 122.994117334243 2.149905 0.808541008781042
942 0.400464 122.791108517412 2.032416 0.787598993016021
943 0.385109 113.27661297555 2.050004 0.779396055698971
944 0.316145 122.789637673201 2.127088 0.793628685500191
945 0.291124 119.930502155883 2.149816 0.757244435843627
946 0.486036 115.986689491276 1.905701 0.799185469379109
947 0.408767 115.865305519217 1.975459 0.781226577022318
948 0.531878 113.505195207122 1.799896 0.75702414429387
949 0.326138 123.106107791132 2.12087 0.799361909489925
950 0.340393 118.039335855625 2.073747 0.813674342702126
951 0.286995 132.327098052112 2.158648 0.809925333927454
952 0.440431 114.119863037939 1.911027 0.781486427946654
953 0.428242 116.123642889957 1.92398 0.767822357725446
954 0.495103 108.793866013958 1.864821 0.761233382632769
955 0.437414 112.549395657726 1.946863 0.767215904351067
956 0.4994 114.514088326054 1.853278 0.776258321468487
957 0.400628 113.734502857782 2.000932 0.769072911877602
958 0.394686 114.505343283152 2.033206 0.792522195101789
959 0.374804 124.576206262904 2.065073 0.802213282758995
960 0.423567 113.719641627891 1.982386 0.778351833765273
961 0.344686 120.79379269684 1.998154 0.811905991252856
962 0.35242 117.674843104776 2.041462 0.779783368907187
963 0.235194 111.059191215518 2.125448 0.775861671914613
964 0.373612 111.317449946759 2.038992 0.778436823161017
965 0.357912 112.53802175847 2.039155 0.771990223972864
966 0.407149 127.142794321089 2.019157 0.805628633176886
967 0.242003 124.788450656793 2.196599 0.832035751331569
968 0.574194 113.816512531354 1.718064 0.778936580580658
969 0.468863 111.864765030229 1.870218 0.779011275133812
970 0.481252 119.052465696214 1.898431 0.777370155473639
971 0.341008 128.939744119888 2.10923 0.818831077477508
972 0.433015 110.564235837856 1.957837 0.756933577911931
973 0.541843 112.88902985228 1.779906 0.74995081544833
974 0.552488 102.924140252682 1.763006 0.76317528960832
975 0.341944 115.309209360203 2.108055 0.778783848734556
976 0.500933 117.787685632227 1.861296 0.768113346838127
977 0.342749 120.675917306563 2.064337 0.828616821015588
978 0.58217 118.259749371028 1.688094 0.785390141766698
979 0.477348 116.22535309652 1.864562 0.763709201485854
980 0.27093 120.628409224166 2.160888 0.822008557319423
981 0.341525 116.06970681051 2.066308 0.802619543609311
982 0.350052 122.997183979009 2.083312 0.770858386698378
983 0.542113 110.062382909764 1.76636 0.73723216607573
984 0.201725 127.087900203474 2.232247 0.842376778118199
985 0.580627 117.811052288918 1.689187 0.785692106864563
986 0.343129 118.023950145002 2.101975 0.771214479120781
987 0.432548 115.191867426184 1.942297 0.706466214606131
988 0.416341 111.130714686817 1.972007 0.745861037435197
989 0.41101 127.088455597354 2.006924 0.786843785034495
990 0.370953 120.944730330642 2.057353 0.783699388538286
991 0.317117 124.56107693866 2.138874 0.814579024286246
992 0.408989 109.793727091626 1.95921 0.770951629775445
993 0.342927 120.350892052197 2.094063 0.831270265686812
994 0.514347 114.250048869808 1.815272 0.729851235974608
995 0.574274 108.074182538463 1.705745 0.754753641331572
996 0.271336 120.311864372066 2.146387 0.805130153560885
997 0.45513 114.736003944659 1.925211 0.75335073805325
998 0.513827 120.760182889656 1.855825 0.787673900559313
999 0.38593 121.159656747459 2.027927 0.79682918483556
1000 0.323843 123.573887953028 2.133988 0.774547035459068
