rep	aei_left	left_area	adi_left	H
1	0.195349	133.0690454	2.239578	0.821253411
2	0.384924	119.4743701	1.99662	0.800102199
3	0.426652	117.6796365	1.941004	0.790174152
4	0.418774	110.3457565	1.948414	0.78691869
5	0.379586	120.1872879	2.053593	0.780292725
6	0.458984	121.9569574	1.943317	0.783269235
7	0.408876	118.9368729	1.963457	0.796530622
8	0.39445	116.9221476	2.016353	0.803727125
9	0.436423	123.4496693	1.974765	0.792096614
10	0.43716	114.6144156	1.966351	0.774126387
11	0.428543	110.8609287	1.945593	0.77471166
12	0.419619	116.8643107	1.937349	0.79425672
13	0.381604	112.3599815	2.007553	0.788119626
14	0.512263	113.3178818	1.782384	0.715776314
15	0.340622	123.1647201	2.070934	0.803818912
16	0.321213	118.4890446	2.08564	0.776029438
17	0.320934	127.3164946	2.128183	0.806933237
18	0.43912	111.6962979	1.910087	0.779649649
19	0.413575	111.1829566	1.967486	0.763640572
20	0.302542	115.7913439	2.11416	0.78018703
21	0.374464	120.4934548	1.998559	0.792619011
22	0.409389	120.5566434	2.000666	0.789237124
23	0.43359	120.0167042	1.95664	0.796144665
24	0.351546	124.1115896	2.073655	0.79472605
25	0.232345	127.7793571	2.195816	0.817541733
26	0.49805	112.396368	1.87906	0.752047765
27	0.488044	123.0882709	1.872471	0.808489047
28	0.354005	123.1423837	2.06628	0.813676149
29	0.350059	123.4486567	2.091097	0.834646465
30	0.386604	122.1689861	2.03747	0.651942933
31	0.374818	127.183709	2.052921	0.786661488
32	0.471158	111.5543507	1.908591	0.788717098
33	0.424485	117.2591748	1.962727	0.788241015
34	0.307492	127.4309689	2.127576	0.806157547
35	0.501294	110.7504463	1.821101	0.767023314
36	0.429935	117.7942478	1.945679	0.791197483
37	0.437724	116.0971751	1.953803	0.786333434
38	0.537706	116.1684851	1.774219	0.773148574
39	0.260434	126.8470179	2.179304	0.8160418
40	0.394034	114.9295651	1.976595	0.807862275
41	0.357121	119.8714633	2.049256	0.790092078
42	0.320933	118.8354905	2.073264	0.781422196
43	0.36255	120.6932527	2.044017	0.819857756
44	0.489771	109.9508143	1.862251	0.748890279
45	0.476537	112.9407426	1.88603	0.763851421
46	0.465677	113.8979724	1.897578	0.766008622
47	0.409544	119.4308816	1.976209	0.786416217
48	0.308707	115.1965448	2.054406	0.806056385
49	0.303166	120.11148	2.136424	0.778717477
50	0.409398	113.7832085	1.983932	0.762715629
51	0.389334	113.9863874	1.966324	0.744343992
52	0.347033	127.7976192	2.093857	0.811112277
53	0.342216	117.7131514	2.079741	0.797921591
54	0.342369	122.890985	2.097159	0.8130541
55	0.460334	114.2083406	1.899753	0.790871472
56	0.31968	113.7788523	2.111186	0.786296985
57	0.516208	115.0162029	1.772471	0.777212418
58	0.420097	125.5720924	1.991215	0.819300357
59	0.429083	114.2730041	1.913552	0.791686503
60	0.393248	121.9951433	2.024524	0.82134176
61	0.314838	120.6029181	2.141021	0.782064242
62	0.463393	127.7696942	1.921612	0.804868257
63	0.313009	121.6459148	2.137982	0.798505547
64	0.343439	118.8596706	2.088922	0.786583554
65	0.455604	112.1664994	1.897229	0.76521076
66	0.520938	111.7929893	1.788045	0.791630865
67	0.437015	117.9054976	1.96857	0.730398217
68	0.406261	116.7166306	1.964779	0.797464594
69	0.541979	111.1003133	1.772146	0.759524581
70	0.459234	118.0768274	1.933973	0.802105702
71	0.374872	120.2779235	2.033857	0.804751404
72	0.485229	109.1288773	1.849463	0.765813193
73	0.436544	123.4011683	1.956029	0.782731737
74	0.433445	123.3266396	1.925696	0.808128887
75	0.407251	114.8430687	1.987242	0.783811013
76	0.3987	121.4585074	2.023067	0.795365464
77	0.427947	114.8512241	1.960891	0.769394087
78	0.399769	119.3429527	1.999107	0.796253288
79	0.405439	116.2185789	1.971373	0.791425219
80	0.348451	121.6913961	2.059506	0.812160007
81	0.382608	117.7187241	2.029176	0.802023396
82	0.336515	122.7220921	2.097194	0.803457657
83	0.435135	119.6293711	1.966029	0.790578719
84	0.326739	122.1044838	2.114689	0.815419431
85	0.258815	126.3514476	2.170147	0.812515585
86	0.501106	114.5998501	1.871118	0.75418815
87	0.386874	120.0774784	2.027853	0.798163547
88	0.446587	113.9601052	1.920081	0.783546668
89	0.484774	124.2710606	1.911981	0.787483141
90	0.253707	120.6482463	2.18287	0.83068773
91	0.491107	106.4345885	1.825166	0.744695679
92	0.355011	116.482153	2.090166	0.78195761
93	0.461852	108.0902003	1.88296	0.797199481
94	0.374008	112.3249936	2.039247	0.788481167
95	0.277355	125.828073	2.173386	0.837325668
96	0.22575	127.8045385	2.190998	0.812481089
97	0.381371	125.4679605	1.991198	0.801154957
98	0.276027	121.641447	2.147355	0.800559
99	0.34849	125.2301411	2.081757	0.789173691
100	0.331918	118.6993854	2.102368	0.76445645
101	0.53355	111.9725842	1.777705	0.728194943
102	0.269382	123.3815387	2.182289	0.795274393
103	0.351358	118.4720713	2.087503	0.80252046
104	0.372106	113.3513472	2.049272	0.779575223
105	0.447991	113.9134748	1.876996	0.787261038
106	0.460134	119.5480183	1.914433	0.807930312
107	0.416156	114.5748472	1.984106	0.776924782
108	0.390028	118.5900739	2.018617	0.78982055
109	0.453136	115.2511893	1.908474	0.806109068
110	0.387131	128.188896	2.048683	0.836369371
111	0.40615	118.9594559	1.994843	0.782589432
112	0.514133	108.6550564	1.823981	0.768700245
113	0.468181	114.7563901	1.84688	0.764536963
114	0.44696	117.3208824	1.922261	0.804725233
115	0.374493	117.9499111	2.041143	0.782640771
116	0.370478	116.2915649	2.018723	0.776722501
117	0.464105	112.8451657	1.920462	0.762650371
118	0.259969	124.9884774	2.193578	0.807374378
119	0.472006	117.6191947	1.919596	0.789806862
120	0.372445	124.5593755	2.055775	0.805582732
121	0.368594	125.3755541	2.053851	0.807805926
122	0.391115	117.0156062	2.021963	0.790556751
123	0.308761	117.1734364	2.096238	0.784934809
124	0.563848	104.4919921	1.729082	0.755652382
125	0.367697	114.4702028	2.064282	0.788704715
126	0.290727	119.796189	2.148522	0.811638665
127	0.450898	125.6197496	1.96772	0.770371137
128	0.470458	110.9290601	1.873113	0.765538139
129	0.424707	118.1561223	1.965872	0.782408857
130	0.275484	119.3594345	2.16158	0.781441411
131	0.334341	118.8245566	2.11752	0.788807351
132	0.411677	114.4770511	1.961942	0.791268161
133	0.405345	115.0389269	1.948533	0.778033615
134	0.330834	123.7499792	2.117047	0.809592622
135	0.444273	115.8896089	1.940107	0.758999976
136	0.475168	116.0486118	1.90519	0.781540155
137	0.482408	107.998848	1.847719	0.753470943
138	0.424014	118.2033431	1.976125	0.71907922
139	0.373037	114.0852022	2.038802	0.772638172
140	0.418585	124.4094035	1.960916	0.819088289
141	0.396258	114.7677077	1.991166	0.775064155
142	0.451451	110.6933551	1.886136	0.768229527
143	0.302005	115.3132216	2.073962	0.775262516
144	0.438373	115.3851678	1.939606	0.780806261
145	0.398226	114.2174234	1.963674	0.78588203
146	0.317294	128.907398	2.126915	0.819969048
147	0.309695	114.0525349	2.06186	0.794763351
148	0.420286	121.8845163	1.960069	0.804084933
149	0.318523	123.9124696	2.105292	0.796658561
150	0.505747	119.4737213	1.831765	0.798746261
151	0.518187	113.5914444	1.774352	0.729832226
152	0.319694	124.7101078	2.13078	0.809312345
153	0.288918	120.468646	2.119464	0.791982271
154	0.309685	114.4054793	2.134306	0.785475547
155	0.351873	119.7436424	2.073755	0.808569028
156	0.337752	120.0974841	2.077186	0.7898268
157	0.348756	120.4744215	2.0478	0.805366874
158	0.318476	124.9917892	2.123478	0.796688489
159	0.303737	122.3498415	2.109091	0.794203333
160	0.378987	118.9646667	2.051018	0.775636606
161	0.240677	130.2188552	2.195038	0.84382786
162	0.411021	122.9658375	2.010755	0.818602169
163	0.34182	121.4933541	2.075801	0.797866621
164	0.364313	120.2990014	2.077818	0.79141224
165	0.475924	115.0706535	1.901962	0.790693201
166	0.29865	125.5322312	2.139122	0.818930017
167	0.323766	117.0362695	2.097054	0.773311574
168	0.272593	122.3269922	2.152255	0.80693239
169	0.413125	119.4966936	1.990451	0.793928391
170	0.300127	114.2485275	2.137607	0.794914741
171	0.39515	119.817498	1.992092	0.782026992
172	0.422887	120.4452028	1.940922	0.791605954
173	0.41883	114.5245727	1.972712	0.775150261
174	0.439854	115.2038291	1.947736	0.797320663
175	0.385172	125.062386	2.043843	0.821053391
176	0.419111	115.4249578	1.936219	0.779213121
177	0.43922	107.8451309	1.944723	0.769350197
178	0.371047	126.0660184	2.053987	0.823484867
179	0.417398	120.9842644	1.993528	0.781485418
180	0.478001	116.7851754	1.903301	0.766598647
181	0.357912	124.7895766	2.079319	0.79888743
182	0.310486	120.3342751	2.115644	0.80900868
183	0.438622	118.2068518	1.963881	0.79002491
184	0.410184	116.3561655	1.975576	0.786673645
185	0.375756	115.7855273	2.028663	0.773359636
186	0.336012	121.1794713	2.111049	0.806072498
187	0.403852	118.335338	1.97896	0.786864356
188	0.413253	116.1148585	1.963928	0.785823046
189	0.439462	113.4818619	1.909163	0.772278044
190	0.439275	117.7601285	1.953047	0.794778831
191	0.429422	108.0696852	1.938335	0.775439029
192	0.411663	112.4118224	1.960194	0.7836603
193	0.432025	120.9289624	1.963708	0.77599829
194	0.428952	115.7625902	1.948906	0.769051882
195	0.426656	118.6885321	1.961094	0.791004507
196	0.448077	112.0621716	1.932763	0.781356954
197	0.360339	120.0912852	2.013041	0.793084627
198	0.365199	118.1531879	2.034123	0.792253024
199	0.378941	119.9434402	2.046557	0.786656673
200	0.430926	121.1681664	1.988826	0.805626995
201	0.389937	127.0687502	2.052564	0.814246301
202	0.399463	112.6895397	1.978078	0.790966574
203	0.290167	115.8274388	2.103367	0.772681147
204	0.312664	120.2299957	2.14415	0.802629156
205	0.474167	115.9934528	1.924925	0.765504567
206	0.432279	119.7699162	1.948858	0.81374468
207	0.246606	127.708016	2.189438	0.824573789
208	0.410468	115.4538408	1.972709	0.774027114
209	0.340459	125.8462115	2.077544	0.8111366
210	0.452708	118.7247318	1.932378	0.78917296
211	0.341945	117.5793704	2.078135	0.790398398
212	0.370748	119.6678889	1.993578	0.802396686
213	0.484663	113.5165422	1.850892	0.769158418
214	0.419353	122.3087179	1.97364	0.806571922
215	0.432284	108.8930224	1.949452	0.762956707
216	0.364412	120.311188	2.048538	0.795651486
217	0.415767	112.4206516	1.998653	0.776024911
218	0.422109	113.8154404	1.946256	0.777453723
219	0.522479	115.2403404	1.829918	0.764615775
220	0.493785	107.1190069	1.854362	0.749689546
221	0.282341	119.3792227	2.147823	0.776333507
222	0.448717	115.5911461	1.915791	0.761627452
223	0.397813	117.8433917	1.994176	0.788071512
224	0.326418	123.896624	2.107529	0.801365795
225	0.456762	116.2905046	1.952437	0.799053698
226	0.381811	116.6583956	1.967533	0.778434065
227	0.50612	108.9331729	1.830184	0.771143033
228	0.451275	114.4380835	1.901987	0.798846006
229	0.438951	119.3366549	1.950842	0.775256589
230	0.434036	116.2844345	1.947033	0.792880937
231	0.446134	114.2885983	1.909728	0.725637495
232	0.452053	115.520019	1.928199	0.800348506
233	0.422466	108.8956651	1.931943	0.774266616
234	0.433287	117.1709572	1.927699	0.786779512
235	0.380882	126.1938479	2.039243	0.814000629
236	0.400526	114.5960254	2.000008	0.785569707
237	0.364962	117.8277775	2.070415	0.788804323
238	0.427232	114.3560534	1.928874	0.778057951
239	0.421472	115.6883317	1.936798	0.788229135
240	0.459587	113.9478053	1.931766	0.79252517
241	0.50371	112.3627514	1.836996	0.769669394
242	0.35977	113.1585715	2.057651	0.772307738
243	0.416778	122.2823815	1.995671	0.804993466
244	0.508754	114.7537943	1.834359	0.769927645
245	0.457611	110.3779117	1.926807	0.777400553
246	0.394982	122.0422394	1.989866	0.79047818
247	0.404933	117.7445215	2.012048	0.764648464
248	0.439221	118.2867962	1.965233	0.801299387
249	0.455389	117.8042624	1.90714	0.804886879
250	0.473656	102.1070766	1.889404	0.760924876
251	0.470207	118.5607618	1.889114	0.765032219
252	0.405368	121.8849516	2.024927	0.808321894
253	0.323479	114.2425947	2.097987	0.810885772
254	0.388654	114.1383608	2.025265	0.752529131
255	0.435037	120.2599498	1.957381	0.799684797
256	0.396946	120.477919	2.02786	0.780040482
257	0.474582	114.5968782	1.877873	0.791534544
258	0.421076	117.5100548	1.966858	0.739856665
259	0.387144	117.6575871	2.028807	0.785003259
260	0.450136	116.2566704	1.936934	0.772714767
261	0.343057	122.6449331	2.096353	0.791092567
262	0.346222	120.0846438	2.073461	0.804479165
263	0.39454	114.7423065	1.996802	0.767882364
264	0.35861	122.2709976	2.046452	0.769034141
265	0.416934	123.3286189	1.997931	0.794070298
266	0.352278	116.1764942	2.055342	0.801446213
267	0.201866	127.0529477	2.233736	0.82750545
268	0.47405	112.2532522	1.904757	0.757680908
269	0.289084	129.6035699	2.169345	0.828808031
270	0.432977	110.2687064	1.917279	0.765784783
271	0.486679	113.0517083	1.861569	0.748944365
272	0.391792	118.1331685	1.980888	0.806500736
273	0.411943	117.9276203	1.931751	0.772068479
274	0.418301	116.7967033	1.972273	0.794107621
275	0.354247	119.3082182	2.032887	0.770008247
276	0.38001	113.9906914	2.016676	0.794767877
277	0.498464	116.5395456	1.869214	0.770855853
278	0.553094	118.2184084	1.765019	0.793569484
279	0.446488	113.2072422	1.875977	0.767910858
280	0.447235	119.1732925	1.903217	0.779061429
281	0.423091	114.909158	1.931697	0.766514251
282	0.226216	127.7714999	2.207449	0.807454192
283	0.497717	119.2117929	1.856198	0.757792873
284	0.31467	122.1415213	2.121254	0.787218176
285	0.335816	123.4288521	2.117816	0.818822703
286	0.37915	113.4681004	2.004884	0.775182018
287	0.400327	118.3737086	2.031221	0.794377387
288	0.336467	116.2886672	2.081919	0.779764777
289	0.465461	111.669258	1.8676	0.747016903
290	0.408893	111.3370989	1.962874	0.787392527
291	0.339757	119.2606611	2.064607	0.789127193
292	0.443203	117.2596287	1.927931	0.769451929
293	0.341556	123.2053755	2.066457	0.80440215
294	0.4367	115.4005618	1.948716	0.789915288
295	0.287664	126.5169212	2.141702	0.810550953
296	0.385063	121.5584619	2.01281	0.80491264
297	0.416886	114.167551	1.999428	0.767376274
298	0.421801	112.0890328	1.967293	0.768600451
299	0.388578	118.5865561	2.022441	0.791705012
300	0.490271	119.8833902	1.868569	0.777843186
301	0.371426	115.2913594	1.992571	0.779014514
302	0.499469	114.5347902	1.837311	0.763091868
303	0.409052	117.9208151	1.984333	0.789414356
304	0.277251	120.0971852	2.171087	0.805308863
305	0.286972	124.2745165	2.154861	0.80524659
306	0.325793	117.0793012	2.100616	0.799761901
307	0.473771	119.4497106	1.868401	0.781062448
308	0.332912	124.1845691	2.112684	0.777908415
309	0.351835	124.0069057	2.061462	0.808751977
310	0.35632	123.7794679	2.080984	0.799903967
311	0.344126	124.2260118	2.08657	0.800109075
312	0.481768	102.4334769	1.830672	0.732016326
313	0.350666	125.7441337	2.043569	0.827237256
314	0.438209	120.279865	1.954164	0.817606826
315	0.595296	111.2918296	1.660491	0.771700093
316	0.410191	116.4338226	1.976937	0.816500916
317	0.459374	116.3567386	1.941528	0.757588857
318	0.330037	119.6863585	2.097726	0.806671055
319	0.37506	117.8927485	2.045639	0.799343818
320	0.345627	119.5207348	2.087835	0.760462065
321	0.353955	119.8162488	2.073754	0.804779617
322	0.466907	110.623136	1.883315	0.748842395
323	0.226148	130.9658046	2.215825	0.841503294
324	0.450689	114.9336313	1.866377	0.794348371
325	0.329579	124.164021	2.114229	0.813106465
326	0.486666	116.1182282	1.89553	0.780435956
327	0.335063	120.528724	2.072803	0.810766449
328	0.400655	117.9623017	2.007103	0.790550125
329	0.391681	115.4457605	2.018255	0.758505082
330	0.582708	112.756278	1.687354	0.750644293
331	0.405316	125.0988907	2.003282	0.78222606
332	0.479137	119.6405496	1.899503	0.774087606
333	0.44872	120.9664723	1.920736	0.716317025
334	0.38007	119.5167393	2.051129	0.792297324
335	0.342484	123.3098583	2.055189	0.798200717
336	0.424366	112.8452578	1.972736	0.786655048
337	0.418523	119.5012191	1.964371	0.793075321
338	0.36445	118.3802646	2.016421	0.793002175
339	0.421829	117.3042541	1.964904	0.786103054
340	0.456784	109.9976428	1.891792	0.775341057
341	0.328985	129.0847371	2.112243	0.816238535
342	0.36576	120.1999568	2.054361	0.812078951
343	0.367819	113.981952	2.030037	0.787589383
344	0.40931	117.6454317	1.973918	0.782961978
345	0.432999	114.8334371	1.942753	0.78452976
346	0.412818	127.8646048	1.999681	0.783412682
347	0.495663	115.1384361	1.838179	0.761269537
348	0.238652	125.9133241	2.157936	0.811783031
349	0.42452	119.5453193	1.919315	0.79221544
350	0.348031	119.346197	2.103819	0.796105926
351	0.460796	114.0341652	1.882989	0.778137878
352	0.219347	127.8952913	2.223385	0.820722
353	0.508235	120.9492234	1.83451	0.780121238
354	0.365162	116.200481	2.054464	0.802091397
355	0.482785	112.1865412	1.85367	0.783640279
356	0.448141	125.6792663	1.951858	0.801928158
357	0.433779	121.0106885	1.990886	0.787016609
358	0.421901	129.0786605	1.974344	0.810742244
359	0.485181	111.5869872	1.843439	0.766848157
360	0.403712	117.1095232	1.995626	0.815270339
361	0.410786	113.4756225	1.979296	0.794325315
362	0.401548	118.5083516	1.978313	0.795738394
363	0.460701	122.2449715	1.917627	0.807651015
364	0.611978	116.0548623	1.634408	0.764518707
365	0.457138	112.8375363	1.920361	0.764582941
366	0.30415	122.3561532	2.122188	0.794001311
367	0.247044	128.0934692	2.20141	0.834294098
368	0.412374	123.8177636	2.002499	0.802763832
369	0.392995	122.918212	1.997767	0.787944391
370	0.306347	123.613078	2.138598	0.817331603
371	0.347228	120.1671099	2.065229	0.827528128
372	0.366419	121.7369989	2.076795	0.77090603
373	0.359622	118.1600089	2.026874	0.805240744
374	0.446056	116.4304749	1.937872	0.777743668
375	0.332711	114.6129704	2.08933	0.784600992
376	0.328387	124.7696528	2.088779	0.802577578
377	0.416862	123.1792696	2.012348	0.786879135
378	0.430936	117.2217678	1.890815	0.788347878
379	0.372605	121.02237	2.039425	0.791615726
380	0.319397	118.9720118	2.110699	0.803027805
381	0.354688	116.8825678	2.077101	0.782089029
382	0.333196	122.2997431	2.096245	0.794739673
383	0.460612	117.2769029	1.874309	0.794991403
384	0.431192	111.3335841	1.948065	0.7615257
385	0.447426	114.973145	1.933041	0.780861038
386	0.364439	115.4507807	2.026141	0.782136743
387	0.400045	117.779575	1.99579	0.812758747
388	0.28126	118.1856655	2.129091	0.794361516
389	0.399486	116.8464703	1.997066	0.788277016
390	0.541141	106.8850843	1.71659	0.747249841
391	0.438837	113.3756022	1.937716	0.774023969
392	0.422098	117.524185	1.95566	0.792639955
393	0.299877	122.79545	2.132025	0.801435442
394	0.414087	118.1431505	1.982556	0.779999675
395	0.399746	113.0807151	1.991723	0.80278195
396	0.283939	122.6865467	2.17082	0.815708697
397	0.297617	116.237636	2.143608	0.797764012
398	0.264529	134.6824275	2.159311	0.860223174
399	0.420656	115.5790387	1.923373	0.804140577
400	0.515388	118.2937252	1.84413	0.760911622
401	0.390787	114.2730665	1.970409	0.773899812
402	0.520403	114.0905186	1.801892	0.776405357
403	0.370244	118.9401824	2.042189	0.782821716
404	0.378706	116.4599182	2.064746	0.793659367
405	0.358668	123.386791	2.047631	0.82967363
406	0.42865	116.1141217	1.965134	0.763720375
407	0.494021	110.7250508	1.822881	0.766413169
408	0.388437	118.9709184	2.002865	0.791251677
409	0.423398	111.6215096	1.943947	0.767077816
410	0.391089	114.9227943	2.024299	0.795367976
411	0.345887	124.0605512	2.090382	0.790003088
412	0.47827	118.2518624	1.865334	0.762776861
413	0.475772	115.8797269	1.897321	0.772086759
414	0.473952	111.4435319	1.845277	0.771986619
415	0.273949	122.00376	2.11053	0.815712611
416	0.378931	113.9931472	2.021807	0.777772717
417	0.415558	115.7805569	1.957183	0.747422794
418	0.410594	114.7471637	1.993161	0.781784805
419	0.393869	114.4258134	2.00586	0.785107237
420	0.397216	117.3569032	2.005936	0.755355488
421	0.390986	114.431547	1.999682	0.790252955
422	0.463822	105.564687	1.891878	0.746459005
423	0.408521	123.0911316	1.99571	0.794689299
424	0.417813	115.2985267	1.969324	0.783367166
425	0.324515	122.8786624	2.119275	0.795851296
426	0.406185	117.9042585	2.008205	0.786805093
427	0.381109	114.833316	2.003899	0.788046754
428	0.581937	115.5020474	1.695801	0.726436846
429	0.37883	111.3068562	2.017197	0.778353058
430	0.433041	122.6878756	1.983738	0.794685134
431	0.501698	110.3803354	1.847615	0.767998069
432	0.374305	114.1702289	2.034925	0.772484727
433	0.284448	127.2021937	2.147942	0.805511932
434	0.317612	128.4466517	2.130869	0.822633553
435	0.400305	115.5069093	1.977648	0.781656831
436	0.272283	113.8917913	2.147122	0.774119082
437	0.456434	113.6278752	1.932085	0.738887526
438	0.425561	122.336967	1.976838	0.760055725
439	0.460227	115.6185713	1.911373	0.797153884
440	0.334093	121.9526048	2.080597	0.805975258
441	0.43314	119.7315717	1.990955	0.7625802
442	0.434885	120.7057765	1.935902	0.805809923
443	0.431483	118.4634194	1.957648	0.77108915
444	0.403388	112.2792583	1.960659	0.795753954
445	0.356848	119.3949914	2.062052	0.806085614
446	0.28372	121.7672491	2.165382	0.789338341
447	0.464905	114.2267346	1.908197	0.782741862
448	0.395267	121.2845884	2.006308	0.7967443
449	0.421267	114.6573328	1.981387	0.777794179
450	0.369114	119.4467508	2.051102	0.79649675
451	0.364849	116.5984244	2.064037	0.801608542
452	0.5039	110.9410953	1.802321	0.782529034
453	0.432398	116.8381253	1.934866	0.794774868
454	0.479488	116.2014825	1.885836	0.760715705
455	0.3847	122.9800993	2.001005	0.792741256
456	0.512563	117.9605993	1.853147	0.743477259
457	0.541069	109.9439557	1.771236	0.752842714
458	0.489215	123.1252407	1.893625	0.794993021
459	0.334239	123.2887531	2.096308	0.805042384
460	0.428451	117.8550543	1.959932	0.813886601
461	0.461209	116.6315207	1.876743	0.781841826
462	0.353102	115.4484708	2.04791	0.757192441
463	0.415976	115.9792094	1.991798	0.788389592
464	0.381566	112.4904533	1.988038	0.79342144
465	0.338426	121.1347627	2.109056	0.797682436
466	0.470639	107.6818567	1.895789	0.774636701
467	0.46633	119.068086	1.885869	0.782487333
468	0.465665	121.8224355	1.929628	0.776970819
469	0.487676	118.0000658	1.861473	0.772333369
470	0.440642	114.6729218	1.933016	0.647293259
471	0.359735	117.0541799	2.040973	0.802182206
472	0.289202	126.8576335	2.112976	0.817596876
473	0.400574	112.9436176	1.975962	0.787170276
474	0.380688	121.1961072	2.023019	0.800354008
475	0.345564	110.0673924	2.066729	0.793952442
476	0.513131	115.7696636	1.727139	0.765480934
477	0.390978	123.1502713	2.019022	0.788032601
478	0.342317	115.1636471	2.040033	0.782083321
479	0.39265	118.8486628	2.007618	0.788141158
480	0.362237	121.3436522	2.020058	0.804461309
481	0.380249	121.7740816	2.026105	0.796566806
482	0.366655	117.9901376	2.065562	0.78871413
483	0.390701	120.6788036	2.021823	0.776179693
484	0.225118	124.013663	2.214907	0.793659293
485	0.497884	114.4987715	1.857482	0.782525925
486	0.469327	112.1119573	1.893642	0.754426205
487	0.408302	115.1934915	1.951236	0.792824771
488	0.411001	117.4044922	1.971495	0.797909501
489	0.381391	119.0846935	2.014504	0.778904768
490	0.466789	113.9618157	1.878717	0.786048781
491	0.415352	115.2854312	1.958687	0.776514783
492	0.40242	119.8604636	2.01999	0.78072346
493	0.445692	112.1171602	1.960184	0.776996519
494	0.470572	118.516032	1.922216	0.793662683
495	0.318046	121.7756712	2.092374	0.794025542
496	0.382624	121.7672928	2.022862	0.794116686
497	0.461812	118.0826934	1.940729	0.763301547
498	0.346783	122.0328967	2.032053	0.794301237
499	0.284923	129.9081248	2.158118	0.821427515
500	0.343132	113.2349319	2.055791	0.776693985
501	0.559492	111.416408	1.743918	0.779209918
502	0.337876	119.854602	2.085951	0.78405762
503	0.400004	117.3366816	1.990783	0.805691022
504	0.274363	126.4056609	2.172856	0.819150585
505	0.420816	110.9951261	1.946662	0.755783098
506	0.258583	121.0017419	2.19289	0.813414694
507	0.392104	118.1054682	2.027527	0.775582004
508	0.397192	123.1949823	2.038769	0.809460679
509	0.319047	118.1111314	2.121885	0.805017281
510	0.468299	112.330286	1.888601	0.725092209
511	0.360905	120.4251671	2.034296	0.801530087
512	0.307292	120.3523441	2.118433	0.816967265
513	0.456412	117.5038978	1.929525	0.763538591
514	0.370653	114.186643	2.027166	0.792836021
515	0.461795	111.9031216	1.920275	0.736767022
516	0.355937	118.1645512	2.036321	0.781812607
517	0.23696	124.2584187	2.196511	0.814462429
518	0.443193	118.6066979	1.950728	0.763104578
519	0.373704	120.559418	2.050053	0.801323094
520	0.383659	115.7211442	2.030764	0.795942712
521	0.483851	114.7127081	1.874137	0.670646241
522	0.448074	125.7117174	1.954854	0.802698063
523	0.425363	119.3769656	1.992484	0.784105718
524	0.532165	117.0010777	1.769833	0.757129378
525	0.288818	118.7398239	2.156878	0.798983104
526	0.325277	116.365993	2.078628	0.800984059
527	0.331583	126.9423693	2.127806	0.827429353
528	0.580032	108.4428865	1.6862	0.752225673
529	0.313779	122.5072855	2.131281	0.8147161
530	0.433309	121.9126637	1.943913	0.757407516
531	0.313415	123.0294367	2.119155	0.81725078
532	0.512137	104.0373571	1.83514	0.748016835
533	0.4442	121.7930886	1.948123	0.782559119
534	0.445121	115.8913765	1.947131	0.735517196
535	0.420227	111.65667	1.937726	0.779011642
536	0.415912	119.349864	1.983596	0.782897359
537	0.35249	112.8645504	2.038418	0.790208738
538	0.409664	113.3324077	1.972398	0.767822969
539	0.422488	115.2644881	1.991147	0.789055911
540	0.427481	112.6112735	1.976778	0.768158455
541	0.388882	126.0560428	2.028629	0.821117267
542	0.393431	117.3033443	1.999647	0.778124029
543	0.261495	126.6872911	2.190461	0.818483314
544	0.351138	117.6117155	2.033538	0.798421403
545	0.443677	113.2327653	1.929273	0.766685414
546	0.412182	115.516232	1.954656	0.766389646
547	0.400796	119.8325469	1.975314	0.802633927
548	0.37562	120.2554787	2.068774	0.789286103
549	0.381209	117.1952071	2.024193	0.806123135
550	0.412854	114.953553	1.974324	0.77014404
551	0.531836	106.9778916	1.789333	0.757522168
552	0.401277	116.0783586	1.983926	0.792973402
553	0.348939	112.8807601	2.057954	0.809007451
554	0.290401	129.2334164	2.14525	0.803866573
555	0.311258	127.7735028	2.146435	0.817442157
556	0.434353	117.4267927	1.951012	0.788134309
557	0.320101	123.4191166	2.086784	0.824214399
558	0.257525	124.3971208	2.190614	0.835131042
559	0.313632	127.7052825	2.123772	0.805051279
560	0.430891	109.4635789	1.933787	0.762393335
561	0.284918	112.5798411	2.1231	0.782604388
562	0.349788	121.5630345	2.08527	0.798909634
563	0.324036	120.3296817	2.12408	0.792377753
564	0.387123	120.7731901	2.024747	0.795128656
565	0.309735	112.3423123	2.111927	0.792251447
566	0.397524	125.3058482	2.029135	0.808525078
567	0.368905	111.0142005	2.007329	0.788877388
568	0.423671	112.7663333	1.951131	0.769469316
569	0.298777	123.9149795	2.144673	0.796676066
570	0.348476	113.7437587	2.047021	0.785703812
571	0.322049	120.2867081	2.09536	0.812993161
572	0.416056	111.3206702	1.992296	0.776979587
573	0.347761	121.1008332	2.062932	0.782147507
574	0.304097	119.2135006	2.10356	0.815448614
575	0.494812	113.817693	1.832579	0.782143948
576	0.448576	112.3489688	1.903277	0.743389938
577	0.261388	119.6836519	2.184148	0.808161854
578	0.405562	121.10699	2.019472	0.787480544
579	0.483376	110.4701371	1.859806	0.757388023
580	0.389838	117.4423967	2.027429	0.79858726
581	0.315837	126.8268169	2.139746	0.803104971
582	0.389172	115.9213119	2.021337	0.717736233
583	0.395306	113.5705428	2.014265	0.765105772
584	0.291374	122.8102323	2.166483	0.824548801
585	0.412147	112.0193965	2.005218	0.766765097
586	0.376166	111.0653612	1.998698	0.787700014
587	0.468105	119.7301776	1.882007	0.773807872
588	0.307238	120.4296594	2.097006	0.802048588
589	0.429535	110.5042853	1.94973	0.770105797
590	0.442965	108.5178002	1.881469	0.75978583
591	0.440537	115.7825919	1.915992	0.782189487
592	0.312903	124.712553	2.13955	0.812765682
593	0.334115	115.1524254	2.064238	0.79597867
594	0.307595	127.2126239	2.098055	0.821404254
595	0.317034	118.317429	2.103236	0.782442331
596	0.29966	136.3821961	2.158474	0.844847685
597	0.430372	116.9007072	1.921156	0.780137945
598	0.401229	120.7299996	1.960118	0.795403848
599	0.462951	110.6252838	1.89511	0.743883108
600	0.430971	117.4503839	1.969958	0.77511657
601	0.359453	113.0741519	2.057043	0.779951584
602	0.387157	116.2666575	2.016919	0.777092104
603	0.385945	120.0620192	2.05493	0.797072274
604	0.428146	115.1802532	1.947735	0.777886543
605	0.44703	116.1470438	1.913208	0.781833795
606	0.432076	117.5103585	1.949911	0.796141405
607	0.450042	117.43686	1.929201	0.794280709
608	0.408091	115.2994244	1.955997	0.783005391
609	0.419996	121.6016115	1.997575	0.813252375
610	0.465358	120.1139173	1.879232	0.787595287
611	0.297491	123.7440835	2.161	0.83179657
612	0.392146	121.198811	1.993153	0.785903826
613	0.351555	116.1145524	2.052342	0.767777838
614	0.267195	121.8990894	2.132079	0.791469669
615	0.442395	114.4718799	1.934574	0.770729337
616	0.431606	121.5378413	1.997653	0.788013328
617	0.460338	122.2573188	1.923953	0.771118825
618	0.471116	114.6969841	1.863876	0.777680843
619	0.404633	116.348412	1.972978	0.785782522
620	0.373188	120.4691233	2.023091	0.79049184
621	0.364403	116.964409	2.05342	0.784844313
622	0.484649	114.4558763	1.846403	0.76602903
623	0.428278	115.1592171	1.972679	0.79111242
624	0.270519	124.2869031	2.185522	0.815876387
625	0.446273	114.5823115	1.953624	0.772433906
626	0.371013	127.3929714	2.04994	0.807438423
627	0.329979	120.4692807	2.091037	0.809180855
628	0.39124	114.6461285	2.010743	0.806321097
629	0.37808	119.5802089	2.038522	0.806174257
630	0.355555	125.5800088	2.074654	0.794245615
631	0.363175	114.5169577	2.026682	0.796621519
632	0.482198	112.2589758	1.865528	0.777331992
633	0.421454	115.3182346	1.959719	0.773348536
634	0.485614	111.4103671	1.837626	0.74944508
635	0.335325	116.429356	2.090997	0.798631772
636	0.344405	115.1282396	2.019301	0.79103245
637	0.384585	110.5707868	2.037564	0.773362822
638	0.39522	116.4185824	2.014868	0.79020951
639	0.400104	115.4747412	1.993819	0.785927516
640	0.382381	109.3460598	2.031517	0.776065646
641	0.385621	116.3182049	1.988992	0.785468473
642	0.437089	107.3140382	1.930001	0.77915014
643	0.44994	115.7329562	1.929173	0.782341662
644	0.498963	113.4877976	1.857139	0.756016918
645	0.377263	120.2190743	2.061133	0.773170417
646	0.398051	118.6133532	1.990605	0.76515027
647	0.362622	118.8612849	2.057607	0.777021908
648	0.39271	113.2413097	2.019833	0.785678443
649	0.453152	109.4197061	1.913376	0.766399529
650	0.500328	115.637513	1.856656	0.782261251
651	0.380167	122.9613708	2.024971	0.800984058
652	0.291812	124.2544398	2.145916	0.815545902
653	0.428719	115.8201977	1.96875	0.771559845
654	0.320155	118.2901312	2.077698	0.792654618
655	0.43678	115.8649261	1.961133	0.759785047
656	0.33349	115.4922863	2.095086	0.783316793
657	0.358734	119.668137	2.053435	0.809242357
658	0.421364	122.1832408	1.975188	0.821702766
659	0.423295	114.2283759	1.97571	0.777330769
660	0.405356	117.373141	1.995291	0.764958047
661	0.374618	117.5096109	2.039626	0.76777166
662	0.388771	121.6630261	2.023826	0.790879367
663	0.200402	132.8823945	2.23426	0.846432053
664	0.411034	115.2989559	1.98968	0.802709722
665	0.374373	111.9493895	2.02188	0.795351576
666	0.369627	125.4039611	2.029663	0.80931365
667	0.267006	121.3551392	2.177856	0.810782086
668	0.385883	116.5580483	2.012881	0.78417648
669	0.355755	122.2297577	2.054295	0.809732619
670	0.396324	116.8215771	2.024996	0.78489355
671	0.327305	118.2354506	2.098295	0.773687666
672	0.45034	112.8116587	1.904933	0.751659587
673	0.271239	128.3487066	2.170323	0.829348905
674	0.3509	121.8771237	2.075193	0.80277607
675	0.351793	127.1454961	2.082612	0.800002309
676	0.314735	120.0536225	2.122942	0.807922291
677	0.368318	122.4044131	2.050597	0.803929765
678	0.373988	119.4416427	2.023855	0.811198891
679	0.382187	116.7530565	1.957152	0.811285695
680	0.473271	111.316302	1.863603	0.748808936
681	0.386384	122.1271876	1.991101	0.784961999
682	0.485602	110.0319109	1.88624	0.761634067
683	0.371484	113.3726103	2.016585	0.770005681
684	0.417649	120.201706	1.970939	0.731404604
685	0.423492	119.2183185	1.982382	0.78932447
686	0.395699	113.2380653	1.996183	0.774532754
687	0.419059	119.2405893	1.961371	0.766972389
688	0.386752	109.0595049	2.043361	0.761304083
689	0.386394	118.3116789	1.970214	0.791172995
690	0.34088	119.0518335	2.083737	0.796656597
691	0.346982	121.3522656	2.085431	0.810734401
692	0.43313	117.1209778	1.919445	0.764452445
693	0.434758	119.8568991	1.974068	0.796612745
694	0.395847	114.9738923	1.966531	0.781366272
695	0.462893	112.3994806	1.896351	0.771927413
696	0.43535	119.0339332	1.974694	0.757696778
697	0.395002	119.1713814	1.991381	0.793872634
698	0.388441	112.7829895	2.011641	0.774873248
699	0.369481	122.3481461	2.066488	0.804357629
700	0.416242	121.0443506	1.964325	0.809965366
701	0.318644	120.9712764	2.095826	0.796897459
702	0.508058	119.0632024	1.842511	0.763505443
703	0.430982	114.8057785	1.966414	0.784270843
704	0.346172	122.041035	2.100844	0.809219891
705	0.492236	111.4856131	1.842251	0.765493949
706	0.496541	115.2758152	1.856459	0.764267403
707	0.395143	120.6968547	1.961871	0.776441571
708	0.400459	116.2779382	1.965514	0.76013777
709	0.239313	129.8483699	2.200585	0.831806487
710	0.388692	122.6366747	2.007758	0.785221443
711	0.335247	122.0430647	2.09128	0.816752442
712	0.452955	116.9632627	1.8978	0.804199592
713	0.413519	121.8453851	1.957354	0.799549613
714	0.338034	115.764237	2.063853	0.806207882
715	0.35146	119.5441992	2.083403	0.803430923
716	0.283889	129.6779262	2.165084	0.823905957
717	0.308951	123.3117621	2.151224	0.805371849
718	0.386605	120.9938862	2.00081	0.808758042
719	0.460393	118.1403707	1.897349	0.77217167
720	0.351773	116.6708724	2.040304	0.774739182
721	0.317446	119.5219572	2.133731	0.819824508
722	0.398541	114.0107125	2.005002	0.786206995
723	0.329749	110.4506761	2.030972	0.777161971
724	0.338695	113.7659476	2.081426	0.772986451
725	0.461939	116.4378514	1.888018	0.778890584
726	0.310586	127.9459848	2.14119	0.775458785
727	0.391969	117.2541524	2.044948	0.780375111
728	0.489668	118.2802218	1.883541	0.772279366
729	0.493581	117.2116767	1.821079	0.781938062
730	0.319222	123.0590208	2.102562	0.812317991
731	0.375261	122.755861	2.051346	0.801880912
732	0.468293	118.6691933	1.891491	0.807154631
733	0.284002	117.3513594	2.152234	0.793087219
734	0.38336	117.2497669	2.03229	0.787718638
735	0.366657	122.7320194	2.049154	0.788689338
736	0.351423	122.273462	2.093593	0.811900445
737	0.391744	119.2154983	1.981231	0.787902025
738	0.360473	122.0344776	2.030321	0.779426708
739	0.39757	120.5614149	2.016196	0.793595764
740	0.453584	112.9722098	1.913917	0.780009904
741	0.296606	117.9143303	2.138073	0.798293374
742	0.308826	118.6228569	2.13733	0.803797458
743	0.222221	126.9825535	2.201991	0.801850113
744	0.366643	115.3461724	2.022605	0.757864552
745	0.360397	119.0992349	2.075167	0.777570606
746	0.430413	119.3197267	1.988279	0.768718014
747	0.396287	112.9848748	1.981346	0.78637969
748	0.468482	121.4022702	1.941144	0.785976337
749	0.439074	122.6317779	1.943608	0.823989877
750	0.417023	120.1628332	2.011631	0.765618327
751	0.482842	117.2995982	1.893593	0.761142201
752	0.342279	123.6916976	2.065678	0.805818781
753	0.460204	116.0544976	1.900203	0.761610168
754	0.426099	119.9560476	1.927136	0.796795546
755	0.261377	123.3422258	2.18566	0.802725034
756	0.429205	109.8959639	1.969949	0.764821093
757	0.415375	113.3286061	1.971602	0.78062062
758	0.336756	114.8533745	2.07346	0.785819938
759	0.23258	126.6791267	2.176473	0.809587881
760	0.392518	124.321722	2.006212	0.786525541
761	0.288516	124.9749557	2.143945	0.817271026
762	0.382231	119.0312727	2.012814	0.798487702
763	0.383969	118.8654705	2.027256	0.776900866
764	0.378628	124.0319603	2.040669	0.809143923
765	0.402275	116.6995124	2.010923	0.780758692
766	0.392483	122.9012802	2.029269	0.781285195
767	0.506967	109.1127402	1.760741	0.747028291
768	0.344863	123.2121254	2.106145	0.816259019
769	0.325958	126.6458167	2.116051	0.837538754
770	0.508739	113.712742	1.848055	0.772534677
771	0.441574	115.1829584	1.948312	0.776443719
772	0.323149	115.6919052	2.08788	0.800250831
773	0.327818	121.9700439	2.064727	0.771602403
774	0.510661	112.4347901	1.814991	0.758758756
775	0.407523	114.6835226	1.967084	0.770391846
776	0.307988	124.3565186	2.148434	0.798581675
777	0.300376	114.1327261	2.103256	0.798096077
778	0.460875	115.8330914	1.863872	0.79191021
779	0.191074	123.8405988	2.229106	0.828971777
780	0.383369	112.9829937	2.002345	0.742116963
781	0.410771	114.349998	2.006801	0.799322002
782	0.294253	116.0102816	2.142231	0.782784119
783	0.435944	117.8075003	1.949021	0.77943878
784	0.497814	114.0821656	1.851916	0.793200501
785	0.469438	109.6643352	1.931309	0.758882164
786	0.552604	107.1448654	1.744639	0.723975512
787	0.440262	113.8588591	1.948552	0.793893208
788	0.396037	118.5096625	1.97614	0.797828963
789	0.23416	132.0761035	2.215242	0.820631707
790	0.375522	118.7495846	2.020439	0.791866523
791	0.36831	121.4400566	2.054926	0.793795577
792	0.447699	114.6612867	1.924918	0.726974311
793	0.391102	117.1536075	1.994059	0.798761756
794	0.476848	110.892719	1.866339	0.769498538
795	0.443825	114.5188455	1.928516	0.757930712
796	0.359022	120.912967	2.037592	0.79757829
797	0.44539	111.5672015	1.903264	0.768990134
798	0.399682	116.8279934	1.987273	0.806421826
799	0.447648	115.022125	1.908064	0.774978671
800	0.340398	127.3036959	2.114425	0.793192738
801	0.458805	118.1615565	1.899905	0.778668892
802	0.517946	113.1682623	1.824694	0.762766996
803	0.308977	120.6936154	2.129654	0.770331195
804	0.469031	112.8200855	1.895515	0.795760299
805	0.235299	128.0679888	2.214735	0.824761625
806	0.311233	121.7371337	2.137525	0.817193371
807	0.402907	120.5256762	1.96878	0.807481354
808	0.451465	110.865656	1.902894	0.794169457
809	0.440889	123.1657305	1.945259	0.805381312
810	0.389913	116.6735156	2.007652	0.789687567
811	0.485269	111.2934013	1.853176	0.742315658
812	0.398532	111.9286424	1.963325	0.769952538
813	0.529218	116.0308762	1.776403	0.772584307
814	0.286905	128.2019934	2.167106	0.831021138
815	0.439204	118.5232164	1.917676	0.77421456
816	0.422312	110.5756667	1.973338	0.777004915
817	0.427546	116.447643	1.963508	0.780092807
818	0.44582	115.9051384	1.936363	0.753588888
819	0.400878	119.3570424	2.019683	0.818241481
820	0.332772	121.8103217	2.101169	0.805662582
821	0.339121	123.8315704	2.079116	0.798904154
822	0.474409	120.9323632	1.902592	0.797033661
823	0.421495	120.1432489	1.968815	0.806910445
824	0.454532	119.4263754	1.921652	0.772375854
825	0.438249	117.8704156	1.930789	0.794684229
826	0.447408	112.5289434	1.916966	0.747558799
827	0.4505	115.1341549	1.88977	0.782985161
828	0.441387	117.141318	1.899847	0.782370031
829	0.392076	121.7048028	2.033748	0.799426863
830	0.442318	116.882469	1.885633	0.786444224
831	0.41712	122.1009087	1.998832	0.796136661
832	0.378572	114.2949656	2.02529	0.7691042
833	0.426302	113.3512338	1.954033	0.797724872
834	0.499336	115.669602	1.856322	0.701243048
835	0.444921	116.0975007	1.957911	0.776460085
836	0.241172	120.5306923	2.197947	0.817914907
837	0.422741	111.1708847	1.938889	0.772055196
838	0.520757	110.3918627	1.764051	0.780938612
839	0.458533	119.7424763	1.950355	0.800671481
840	0.429488	115.8953794	1.933447	0.766829244
841	0.403402	113.5372763	1.982389	0.7584659
842	0.459294	129.848944	1.945531	0.804335834
843	0.436915	118.4508105	1.964103	0.811474041
844	0.43338	113.9269076	1.942524	0.782842614
845	0.388249	125.4190473	2.03904	0.810345675
846	0.442175	115.5722326	1.930697	0.786143059
847	0.39552	122.8330162	2.03184	0.82667927
848	0.378765	119.3005083	2.023183	0.787162969
849	0.367891	126.0256069	2.056954	0.805629251
850	0.225174	130.496398	2.220905	0.8502304
851	0.371849	123.2650524	2.045259	0.792953806
852	0.426687	118.6395272	1.958931	0.73260468
853	0.421046	113.2612109	1.954629	0.77386731
854	0.357212	124.5697511	2.065191	0.802476831
855	0.390794	123.9137077	2.032819	0.770814719
856	0.293837	120.7985343	2.145294	0.816816219
857	0.426786	112.3098779	1.958702	0.776454582
858	0.482137	116.4562639	1.892391	0.782888297
859	0.440565	113.1101037	1.913375	0.765054396
860	0.402744	115.8663311	1.955186	0.793386409
861	0.295579	120.1175088	2.119046	0.790009707
862	0.34437	120.3979831	2.027196	0.784708428
863	0.468925	116.4850642	1.89602	0.793399052
864	0.425751	121.1968947	1.933107	0.807736601
865	0.484285	114.75046	1.90416	0.768768741
866	0.431441	112.638213	1.971117	0.780142609
867	0.372552	121.603403	2.055	0.809998017
868	0.419567	114.3433438	1.943117	0.764468555
869	0.37122	116.2264144	2.071476	0.784466751
870	0.3344	118.6279842	2.027411	0.790870632
871	0.547169	114.7386369	1.770113	0.772478116
872	0.287494	122.0264385	2.133387	0.813664741
873	0.373328	119.6193357	2.010229	0.790047426
874	0.497434	115.0221289	1.832054	0.788334589
875	0.497011	120.650936	1.832834	0.78768182
876	0.434308	118.9461156	1.936591	0.810847696
877	0.450641	116.0163517	1.943009	0.780788255
878	0.363824	109.5023963	2.039316	0.758583554
879	0.399562	108.4833419	1.996136	0.759269185
880	0.256764	126.6037232	2.177381	0.837679574
881	0.272607	123.8747183	2.178317	0.786705938
882	0.477923	114.390518	1.845616	0.750961733
883	0.395748	112.6711046	2.013223	0.780394975
884	0.332753	126.8206029	2.088467	0.803515201
885	0.439063	115.59293	1.923917	0.806947894
886	0.409845	118.4320956	1.98777	0.786051304
887	0.275455	125.1170666	2.177616	0.822523109
888	0.447531	115.5673195	1.924916	0.770797794
889	0.390348	116.9462798	2.043033	0.779255951
890	0.456519	125.3461429	1.94648	0.789254043
891	0.450094	126.9230129	1.934775	0.808200523
892	0.489982	118.8726267	1.843168	0.790703059
893	0.303293	122.2434889	2.111675	0.81525791
894	0.325101	120.0477559	2.119243	0.789008099
895	0.411464	120.582646	1.98482	0.800323019
896	0.434754	115.8103918	1.949283	0.763441678
897	0.486986	110.5212923	1.865358	0.739570614
898	0.473927	115.8814113	1.881654	0.772222249
899	0.497894	119.3956034	1.862511	0.748496108
900	0.375149	117.3645413	2.009711	0.778531699
901	0.36774	116.3454526	2.060184	0.787910637
902	0.296966	108.8017985	2.131169	0.772327888
903	0.213821	127.9682635	2.217017	0.839945496
904	0.378423	122.9476044	2.031604	0.804850212
905	0.45296	116.4481463	1.885039	0.781537157
906	0.225366	129.0203828	2.193167	0.816687182
907	0.202874	128.3400748	2.222781	0.830966953
908	0.423914	120.0337165	1.98292	0.796096637
909	0.303817	121.3546222	2.129037	0.809252445
910	0.450331	111.9373886	1.92619	0.74849996
911	0.474059	117.9965569	1.911756	0.798944083
912	0.51119	115.1660408	1.786427	0.761184255
913	0.457305	124.2037288	1.917775	0.807022696
914	0.424868	112.9706987	1.949423	0.774721561
915	0.495006	108.3840679	1.830682	0.757674243
916	0.412403	119.4504089	1.986179	0.812816484
917	0.514426	114.953857	1.84357	0.776190134
918	0.338475	119.6595424	2.090913	0.801886726
919	0.296309	122.8455275	2.152617	0.807320677
920	0.326291	119.6150189	2.106842	0.820775585
921	0.398169	119.66538	1.999396	0.788310529
922	0.371472	118.1744639	2.041357	0.803652841
923	0.499055	119.9187658	1.853864	0.802949367
924	0.346733	123.7698874	2.108508	0.817364186
925	0.348223	115.7178173	2.063339	0.796822804
926	0.399414	124.3334607	2.023854	0.766964711
927	0.3728	114.8201167	2.04247	0.781675976
928	0.35063	121.5855377	2.067539	0.805018266
929	0.308168	126.253564	2.129487	0.845824287
930	0.404136	125.0649734	2.007361	0.801263242
931	0.337446	117.8422401	2.084682	0.807571483
932	0.3034	116.6533838	2.133467	0.803269378
933	0.500583	118.801513	1.867223	0.746004925
934	0.47239	116.7207203	1.888528	0.782414762
935	0.40646	111.8702945	1.985944	0.78836438
936	0.422425	109.9226477	1.920277	0.766962142
937	0.443924	111.5263943	1.902297	0.774297
938	0.334133	125.2487101	2.110841	0.820263512
939	0.208679	123.1119666	2.2315	0.812640184
940	0.339736	120.4513322	2.082855	0.801567754
941	0.44299	109.667965	1.922551	0.764290945
942	0.370564	121.8164306	2.065758	0.818678219
943	0.510359	110.9201921	1.826126	0.733532482
944	0.538093	116.1837329	1.77452	0.774002113
945	0.547977	105.4562705	1.762122	0.735616195
946	0.403599	122.8024565	1.991585	0.778451541
947	0.489612	119.2932968	1.891253	0.8060013
948	0.443964	119.9681173	1.949694	0.787810829
949	0.369018	117.8938968	2.050432	0.787889647
950	0.325798	118.6302182	2.089442	0.811188215
951	0.478441	112.9602095	1.895383	0.777135873
952	0.360805	116.193542	2.061799	0.779975042
953	0.440515	117.4294648	1.954796	0.772265629
954	0.407848	116.8336178	1.999635	0.782578668
955	0.408961	110.135018	1.997577	0.775604443
956	0.458714	116.8925629	1.879195	0.795637263
957	0.439338	118.0877194	1.966029	0.775677585
958	0.384184	119.447294	2.001654	0.777561501
959	0.299877	126.0597559	2.158771	0.796461328
960	0.358551	121.8322503	2.054514	0.804845777
961	0.395007	124.1335417	2.033096	0.797196757
962	0.454391	106.8889889	1.878105	0.763550526
963	0.375807	123.6987433	2.044376	0.80542148
964	0.451173	116.7627439	1.938476	0.773739875
965	0.349932	117.1658116	2.017536	0.792893039
966	0.455003	111.4674934	1.914854	0.718712627
967	0.283321	116.0407084	2.157981	0.800799661
968	0.336641	118.0950148	2.0923	0.805923794
969	0.441757	113.7081543	1.957037	0.754118318
970	0.315609	112.6277968	2.102409	0.783551666
971	0.329449	123.9282492	2.106887	0.801455455
972	0.50883	125.7331578	1.833585	0.729698793
973	0.43497	110.3022037	1.930007	0.774003484
974	0.378419	116.637896	1.997238	0.792745208
975	0.376849	117.7109681	2.028642	0.796301169
976	0.395559	119.8494549	1.979107	0.808364686
977	0.336688	121.551962	2.101657	0.793049212
978	0.549648	115.0619195	1.742972	0.763203344
979	0.474076	112.2245865	1.87799	0.765705482
980	0.451072	120.4105935	1.927489	0.777374274
981	0.409113	115.7278295	1.948338	0.765000776
982	0.431147	120.86417	1.992851	0.797933047
983	0.43646	112.8966731	1.941536	0.751818717
984	0.415294	110.9025187	1.958027	0.742128661
985	0.436924	121.8404079	1.926988	0.821598706
986	0.366912	109.8175322	2.026447	0.762691294
987	0.386408	120.5975463	2.006377	0.791709989
988	0.353062	120.3257824	2.068283	0.789314235
989	0.41329	117.5238266	1.999398	0.770855358
990	0.298809	126.7375419	2.147283	0.807674676
991	0.401348	117.0048846	2.020225	0.793060584
992	0.449639	118.7206826	1.924822	0.790679664
993	0.39108	119.9643674	2.00792	0.777101895
994	0.358294	118.0725216	2.052991	0.793305928
995	0.485699	112.9860676	1.852244	0.77188001
996	0.382436	120.0971766	2.012765	0.771313747
997	0.457422	115.9443351	1.92139	0.774043019
998	0.394406	122.9057379	2.007231	0.797981721
999	0.42532	113.3858988	1.965781	0.79342763
1000	0.417958	117.9409908	1.958433	0.763915891