rep	aei_left	left_area	adi_left	H
1	0.3227	117.1153358	2.098323	0.814908159
2	0.411495	118.4568438	1.944575	0.824466002
3	0.346951	119.8869752	2.081388	0.815164393
4	0.306006	124.6611213	2.107779	0.836667306
5	0.336998	122.9255883	2.081829	0.838453142
6	0.437924	117.5207912	1.942673	0.783837958
7	0.475748	114.1620678	1.863516	0.800348845
8	0.397216	115.8498127	1.949651	0.821686234
9	0.36112	121.0319175	2.029194	0.825771615
10	0.360353	119.2212994	2.049288	0.823592873
11	0.403783	116.2465516	1.995258	0.798118953
12	0.350674	122.9386312	2.077309	0.8266523
13	0.30298	121.0527004	2.118437	0.820562961
14	0.316281	122.010631	2.101415	0.831507894
15	0.416299	114.6157369	1.95185	0.796154011
16	0.266406	124.0046507	2.171949	0.843979409
17	0.358384	118.4251906	2.034798	0.829944134
18	0.319844	121.6287078	2.089445	0.838164334
19	0.339109	118.0694032	2.047484	0.81940524
20	0.470114	117.1847143	1.857628	0.794707256
21	0.373004	122.1034522	2.018163	0.839200416
22	0.31816	119.9008087	2.099779	0.820391707
23	0.348882	117.9740136	2.052192	0.82524292
24	0.239321	127.4260252	2.19534	0.855807188
25	0.375951	117.1576708	2.049338	0.811540972
26	0.412341	120.2933094	1.991817	0.824278992
27	0.376242	117.9650973	2.024318	0.829720889
28	0.322239	118.6195768	2.090718	0.818397146
29	0.337204	117.4787362	1.992442	0.81722808
30	0.395613	118.9370809	1.992693	0.815873245
31	0.369781	124.0133746	2.029344	0.818372194
32	0.457906	116.8682531	1.895862	0.801636143
33	0.39334	119.8703938	1.975186	0.809334837
34	0.257	124.4171812	2.136667	0.822976141
35	0.366644	124.8109152	2.042082	0.826202707
36	0.427846	119.6760083	1.928036	0.827484097
37	0.403054	121.1549925	1.992595	0.812390637
38	0.408807	123.7303315	2.002532	0.810680824
39	0.331767	121.5410224	2.074528	0.837157856
40	0.28741	118.0814152	2.148667	0.82495985
41	0.310005	119.844041	2.110031	0.821655755
42	0.317132	119.4913176	2.103075	0.825389394
43	0.381786	118.1830742	2.00218	0.814094529
44	0.474211	112.2212548	1.850517	0.786227925
45	0.416341	119.5080816	1.919141	0.810933098
46	0.33733	125.9960617	2.076684	0.827789708
47	0.321122	120.6082466	2.072904	0.840913126
48	0.331707	123.9874663	2.094224	0.847639468
49	0.359492	122.7884084	2.074715	0.819468566
50	0.324233	125.689675	2.103418	0.844970202
51	0.377415	114.9579165	2.017597	0.815277108
52	0.335266	127.8920514	2.104586	0.828876958
53	0.383671	116.3437931	2.000459	0.79610025
54	0.311789	119.7140838	2.092262	0.825891235
55	0.374949	114.6094665	2.010744	0.810876749
56	0.335916	121.1042254	2.077122	0.835778198
57	0.486468	118.9758518	1.884711	0.816546618
58	0.321066	122.0470465	2.066799	0.810053219
59	0.360703	115.7527608	2.024171	0.80945421
60	0.435677	118.486932	1.924166	0.80138408
61	0.350018	121.8025358	2.025443	0.827612534
62	0.457146	122.3981576	1.9157	0.813684525
63	0.398142	120.4945064	1.983303	0.820953756
64	0.423222	120.2118291	1.965515	0.811273589
65	0.378738	116.2212031	2.018272	0.807261162
66	0.39409	119.8388265	1.985036	0.827101706
67	0.207602	129.779313	2.200105	0.860006301
68	0.381019	120.6790965	1.98134	0.831026709
69	0.332644	124.8849075	2.065443	0.840786182
70	0.385679	121.3768388	2.020829	0.829243971
71	0.406142	122.8021499	1.944625	0.825803704
72	0.251682	127.8613925	2.184737	0.862569176
73	0.330388	118.2094168	2.075078	0.824290718
74	0.406656	118.7085791	1.987184	0.806127826
75	0.347424	119.5556185	2.069524	0.832676321
76	0.395531	121.021612	2.015994	0.811459147
77	0.501047	113.4690253	1.801598	0.765527805
78	0.408306	118.3534545	1.94485	0.809024172
79	0.381717	115.5539787	2.022561	0.810010368
80	0.406093	122.7495956	1.971726	0.812438866
81	0.385464	115.6052028	2.030772	0.802076559
82	0.442995	119.6836313	1.944824	0.797459157
83	0.319537	125.0268372	2.075298	0.822970135
84	0.357723	122.7861743	2.05607	0.824348583
85	0.405745	118.8574952	1.96923	0.827040081
86	0.313314	122.3834905	2.091615	0.802195256
87	0.326699	123.4154944	2.087833	0.827958088
88	0.424978	121.8861802	1.961837	0.82225933
89	0.290077	127.5203142	2.150267	0.842319225
90	0.468718	116.3630838	1.897856	0.780632803
91	0.451805	116.3540051	1.901817	0.811812943
92	0.463617	117.4327024	1.898033	0.805051978
93	0.344613	119.1244607	2.06296	0.839712541
94	0.44819	119.7702568	1.919998	0.819752196
95	0.36311	116.2760494	2.008218	0.819867761
96	0.378773	120.4869441	2.029501	0.804957022
97	0.361609	122.9583859	2.058347	0.834502635
98	0.358756	118.7098056	2.030482	0.795783303
99	0.432297	115.6563618	1.910393	0.793069625
100	0.235418	126.1691878	2.193371	0.856323983
101	0.459207	116.9034052	1.883325	0.803630634
102	0.323217	120.9175527	2.091378	0.833524096
103	0.316014	119.9724284	2.037174	0.82216557
104	0.291135	122.8198192	2.129323	0.838697448
105	0.456725	120.8604965	1.931014	0.801458858
106	0.28583	122.5790241	2.140179	0.838764959
107	0.267922	130.8235277	2.142829	0.852461331
108	0.453534	116.31305	1.877623	0.801209917
109	0.398179	116.9289622	1.98249	0.812028186
110	0.292265	126.5345352	2.147136	0.848214712
111	0.257048	121.2604575	2.17134	0.831696695
112	0.41776	117.683843	1.971491	0.817108626
113	0.332858	120.4202902	2.017871	0.811505874
114	0.309716	118.0661717	2.111048	0.832042328
115	0.339004	123.6989576	2.072984	0.839024652
116	0.365889	122.6993403	2.059702	0.826973117
117	0.33966	119.1639777	2.082073	0.816651301
118	0.254313	127.2491848	2.180093	0.853743284
119	0.349103	122.905647	2.099824	0.834798357
120	0.284675	117.3102097	2.127888	0.830599898
121	0.436099	118.4561075	1.946171	0.804799403
122	0.332571	119.2375944	2.045021	0.818710382
123	0.36791	116.0828381	2.04786	0.799240376
124	0.378534	121.6269206	2.052617	0.791086818
125	0.329822	120.7819782	2.089426	0.8366466
126	0.373176	117.6679457	2.038911	0.795082962
127	0.312273	119.943725	2.067289	0.807876558
128	0.411614	122.6597066	1.984796	0.821479658
129	0.249179	127.6818333	2.185744	0.848766213
130	0.382166	119.5118603	2.043097	0.822435399
131	0.324928	118.7624458	2.068275	0.828318342
132	0.38449	120.8152797	1.973163	0.825074121
133	0.262465	122.161408	2.116927	0.83527972
134	0.448556	118.4450058	1.915343	0.814464281
135	0.332996	122.4480427	2.079464	0.82589892
136	0.290396	128.7926095	2.148722	0.834209456
137	0.372508	122.7317929	2.040099	0.837443706
138	0.300143	120.5140187	2.121162	0.821163603
139	0.374325	118.1186635	2.011487	0.813928101
140	0.355295	118.6409695	2.055505	0.812000925
141	0.389657	117.4091723	2.004024	0.807512444
142	0.437713	120.8662507	1.923096	0.801406931
143	0.42675	116.7664536	1.958586	0.811962945
144	0.334736	121.7988324	2.091072	0.821361387
145	0.408397	118.2458703	1.961389	0.802132796
146	0.411811	117.7097162	1.97819	0.805912915
147	0.383411	120.9770758	1.997465	0.818407214
148	0.373937	120.6951009	2.04468	0.824744769
149	0.360906	121.017948	2.01728	0.819082387
150	0.347631	119.320067	2.04919	0.832416523
151	0.296547	120.3827771	2.133556	0.831455242
152	0.345967	126.5312985	2.086355	0.840825114
153	0.332539	118.8059553	2.058547	0.81446915
154	0.392683	121.7317833	1.995593	0.83266456
155	0.381817	126.4208496	2.012111	0.835245997
156	0.445109	114.2457045	1.880701	0.78951188
157	0.355027	112.8897786	2.052162	0.83056066
158	0.419169	112.4706414	1.936876	0.7984607
159	0.246906	124.313225	2.162577	0.836281669
160	0.329724	121.5068301	2.10037	0.811106645
161	0.405118	119.4935837	1.991045	0.809854102
162	0.442133	116.2814006	1.941778	0.782669873
163	0.376591	119.7502384	2.034936	0.805030525
164	0.415133	116.854374	1.979651	0.7995852
165	0.399525	117.0649801	2.000525	0.811550829
166	0.359037	120.9054149	2.049107	0.811794386
167	0.334765	115.9877694	2.075631	0.823202247
168	0.419883	115.7025758	1.967241	0.795461772
169	0.357041	119.9566005	2.038547	0.813401193
170	0.380038	119.0243087	2.026209	0.778689683
171	0.441246	116.0815268	1.943706	0.800288617
172	0.379871	119.4095044	2.029601	0.814910179
173	0.379549	119.151162	2.033045	0.807253773
174	0.367782	120.7001088	2.065094	0.81554993
175	0.395874	116.5583141	1.985196	0.81125499
176	0.359496	119.0223719	2.023119	0.809433551
177	0.298044	121.5631826	2.105425	0.812073989
178	0.289956	123.6871888	2.096609	0.831912911
179	0.46526	116.9251158	1.869261	0.796141707
180	0.368527	119.4926391	2.025839	0.822513308
181	0.302287	124.2428259	2.092725	0.83673871
182	0.431399	114.298569	1.959672	0.81084106
183	0.417756	114.9354976	1.982436	0.804396753
184	0.27312	127.2625046	2.152401	0.839388594
185	0.379886	120.9867629	2.008175	0.795707454
186	0.324656	126.7879537	2.095437	0.851487072
187	0.367683	117.9360614	2.056213	0.820560825
188	0.308402	121.7648023	2.119223	0.837792708
189	0.366644	118.4474293	2.041499	0.830155234
190	0.295333	122.2693794	2.087512	0.826738722
191	0.284543	121.6032405	2.146805	0.830006413
192	0.35055	130.5640027	2.064142	0.852715105
193	0.342384	120.3835483	2.063189	0.825560961
194	0.282286	124.0058274	2.147699	0.837762895
195	0.323986	124.7803622	2.094535	0.827946716
196	0.299125	117.3159994	2.126189	0.81740907
197	0.329366	118.2801349	2.093917	0.827042505
198	0.321099	124.6488909	2.097912	0.842996236
199	0.40576	122.3131578	1.983135	0.797754146
200	0.330244	117.0286624	2.077462	0.830325984
201	0.268904	119.8187495	2.163396	0.833723602
202	0.434185	114.7408394	1.932084	0.796720855
203	0.430123	120.6481854	1.949079	0.821156387
204	0.308219	121.8994188	2.113312	0.811507452
205	0.331477	126.8404056	2.092562	0.841407607
206	0.399123	122.5034495	1.976994	0.814759078
207	0.381169	119.8374586	2.008781	0.832555376
208	0.357057	125.2524252	2.078885	0.84333222
209	0.360716	123.1972961	2.064811	0.83241344
210	0.36953	121.0186111	2.052613	0.823194658
211	0.321152	125.0061938	2.08648	0.847730122
212	0.349758	123.3528384	2.055221	0.836205504
213	0.280299	121.5638256	2.149794	0.83900551
214	0.328299	120.0833915	2.090309	0.8147833
215	0.402824	120.0893107	1.965082	0.821585488
216	0.24385	125.4353451	2.18795	0.846468413
217	0.392144	121.2182802	2.022889	0.834594486
218	0.389213	114.5878886	1.996363	0.810796367
219	0.273105	126.1150293	2.169928	0.847927109
220	0.203134	123.7804469	2.214039	0.841095048
221	0.411155	113.6212476	1.982156	0.797728182
222	0.43386	110.7170058	1.933232	0.787531911
223	0.371643	119.443693	2.029113	0.823634005
224	0.355719	122.1523737	2.040272	0.817896095
225	0.418406	121.0861377	1.953069	0.81319166
226	0.345882	122.9590145	2.058271	0.831156876
227	0.315907	119.4352967	2.077672	0.833425246
228	0.389714	122.7105163	2.029488	0.815136417
229	0.33013	121.0024536	2.094388	0.823853327
230	0.302571	117.5423275	2.080588	0.810430573
231	0.382348	124.2838442	2.025512	0.82207831
232	0.393683	121.1395365	2.002535	0.826990825
233	0.382677	115.3805834	1.973169	0.813128168
234	0.33323	124.0851133	2.062282	0.848017915
235	0.373033	116.6053573	2.012433	0.813433184
236	0.412965	123.1610644	1.976712	0.816974798
237	0.408996	119.4305009	1.978994	0.815172168
238	0.300761	123.8546295	2.137685	0.841714134
239	0.426206	121.4570864	1.976572	0.83012531
240	0.386764	118.9571346	2.003012	0.817005947
241	0.395996	123.8676074	2.029103	0.804333432
242	0.334164	119.5346007	2.083374	0.823994589
243	0.376684	119.0553595	2.003259	0.812390035
244	0.375254	119.3446638	2.043645	0.81769237
245	0.386875	119.5200463	2.01214	0.817088998
246	0.365479	121.5006465	2.026035	0.833394344
247	0.41626	117.7232296	1.984822	0.804740078
248	0.377177	120.3770608	2.003895	0.826473591
249	0.478869	115.7598806	1.876614	0.807550999
250	0.387436	118.2520626	1.993034	0.81278981
251	0.329026	121.1406204	2.116482	0.82377413
252	0.43416	120.3912783	1.941261	0.814538271
253	0.355824	118.8961567	2.044649	0.809370334
254	0.329298	119.06864	2.078109	0.81652646
255	0.343514	118.7031424	2.058653	0.803868483
256	0.294639	124.068724	2.116823	0.853523027
257	0.373225	120.7459949	2.038574	0.807256172
258	0.277495	120.3204683	2.129108	0.829259654
259	0.302566	125.9355933	2.118178	0.844166217
260	0.423908	118.3645138	1.981783	0.786936917
261	0.356946	123.6695017	2.043026	0.814238955
262	0.306311	118.9826435	2.083121	0.818267395
263	0.433235	118.5876825	1.932603	0.813506083
264	0.42585	115.623391	1.950274	0.80675411
265	0.343598	109.8570818	2.041738	0.826184712
266	0.310009	129.5797965	2.128128	0.861511756
267	0.308165	121.8009118	2.129717	0.845776874
268	0.327421	120.7639478	2.087552	0.819526126
269	0.477266	124.333595	1.858896	0.816346102
270	0.292299	125.4965904	2.133161	0.835549207
271	0.375276	118.3072944	2.024862	0.816642562
272	0.388673	117.4540491	2.007093	0.816729592
273	0.415303	119.683982	1.973743	0.811487863
274	0.418246	117.775681	1.936516	0.789833585
275	0.292426	126.4017052	2.138252	0.837284994
276	0.386744	122.9053999	2.003281	0.828448889
277	0.462747	111.6400945	1.896569	0.77237657
278	0.42769	116.1591485	1.909455	0.805395487
279	0.365843	123.338727	2.068252	0.826908939
280	0.399235	115.3271771	1.969479	0.806874807
281	0.33156	117.0815952	2.071351	0.831274641
282	0.312072	126.2542794	2.109032	0.830256765
283	0.270606	119.0186547	2.133034	0.824436198
284	0.324005	120.6390869	2.083301	0.826438355
285	0.37907	124.1962759	2.045166	0.832969379
286	0.363481	117.9472236	2.023425	0.819729386
287	0.322941	118.8020714	2.092368	0.824282389
288	0.388365	114.9130219	2.017936	0.802322211
289	0.33815	122.8939628	2.108706	0.822260737
290	0.371505	118.9710369	2.039196	0.820843463
291	0.265529	118.649693	2.173395	0.825502828
292	0.411883	115.4293803	1.979356	0.809714127
293	0.322443	126.6683109	2.113866	0.833878289
294	0.418893	113.3193763	1.938098	0.778654349
295	0.302792	116.6098521	2.112586	0.82047994
296	0.358503	125.3898557	2.075856	0.826206733
297	0.404341	117.8196016	1.96425	0.817048273
298	0.375818	120.9378827	2.004809	0.827774551
299	0.28518	124.4114926	2.147907	0.850009049
300	0.391662	119.8230175	2.012868	0.821209174
301	0.353792	122.796041	2.07189	0.826692733
302	0.209888	124.2096781	2.189362	0.84641603
303	0.366634	122.3575354	2.048631	0.829846481
304	0.342952	121.3297937	2.079637	0.838421328
305	0.307393	125.033823	2.111392	0.847485557
306	0.250137	125.5712335	2.174164	0.854780268
307	0.387285	116.4487898	2.013289	0.812302118
308	0.37299	117.1550004	2.010017	0.821079266
309	0.37987	118.1263321	2.015744	0.814002146
310	0.284683	125.7058806	2.149087	0.835739229
311	0.421474	118.8246386	1.952005	0.819875504
312	0.403459	115.6684191	1.987617	0.811565892
313	0.455734	117.9948611	1.898587	0.813522334
314	0.431873	117.5603012	1.94211	0.811885161
315	0.382664	119.3566771	2.027718	0.812140431
316	0.334796	123.3607072	2.094916	0.824361001
317	0.392969	117.0910122	1.988759	0.807103538
318	0.487353	113.1973269	1.852286	0.792654382
319	0.403332	124.3650237	2.026694	0.824062939
320	0.302644	126.6259532	2.123894	0.851556137
321	0.408404	118.568857	1.975111	0.81068239
322	0.470424	115.4249133	1.877257	0.798767081
323	0.330728	118.8140995	2.110535	0.82924606
324	0.350787	120.6792097	2.060976	0.830646941
325	0.417331	116.6655604	1.976792	0.796457242
326	0.33365	123.4319991	2.097817	0.823052485
327	0.369265	125.6294443	2.027211	0.822326388
328	0.404399	116.5718874	1.960971	0.809125082
329	0.376581	118.4409305	2.021594	0.804865937
330	0.350758	117.4176712	2.033502	0.820984201
331	0.297228	122.4999032	2.098172	0.831126218
332	0.379861	121.168024	2.010867	0.808385571
333	0.390207	117.2440814	2.004415	0.810016633
334	0.611967	117.631067	1.606442	0.775720088
335	0.269741	121.2330386	2.161364	0.840096522
336	0.19974	126.2430314	2.211973	0.862202417
337	0.278165	123.9816932	2.119937	0.845339117
338	0.378376	123.3675498	2.006011	0.842826957
339	0.396095	122.2001623	2.030723	0.813085282
340	0.383353	115.7292274	2.019532	0.80184365
341	0.389098	119.4363068	2.014224	0.809055747
342	0.280785	124.4946609	2.135599	0.84359689
343	0.337188	119.665121	2.070087	0.811764429
344	0.444251	116.0112822	1.92921	0.799132632
345	0.337599	117.529874	2.051093	0.826147693
346	0.343438	114.5879011	2.072449	0.816094756
347	0.400206	116.2739671	1.97992	0.803630478
348	0.301106	120.2840752	2.125896	0.847460564
349	0.353957	120.846797	2.047992	0.827529652
350	0.399294	124.4911618	1.983123	0.823305032
351	0.318337	124.6847669	2.089231	0.831395451
352	0.441229	114.8579124	1.927219	0.804512218
353	0.261844	118.4993614	2.143999	0.842578051
354	0.433235	119.1331453	1.953588	0.803966594
355	0.306146	124.4908119	2.131276	0.825437884
356	0.380101	117.7107886	2.021783	0.818980355
357	0.294254	125.062065	2.108104	0.844439079
358	0.230574	120.8478703	2.191852	0.833473897
359	0.250402	125.957754	2.166822	0.840566984
360	0.369452	117.3128393	2.014619	0.822137029
361	0.476851	117.7194632	1.885659	0.816031161
362	0.377431	121.4696292	2.023656	0.822836229
363	0.317986	125.3236954	2.103523	0.842919717
364	0.387607	117.5079992	2.009205	0.821845697
365	0.378531	118.9288034	2.003781	0.82450321
366	0.29985	122.7131084	2.103395	0.833286559
367	0.485883	118.0780219	1.854099	0.799183946
368	0.290951	129.6908125	2.138474	0.849272298
369	0.314609	113.8965566	2.095367	0.823872707
370	0.448765	121.5092508	1.9515	0.819497233
371	0.406256	120.4842214	1.993922	0.828930033
372	0.391678	117.8208427	1.994326	0.817092138
373	0.398071	121.7200374	1.965538	0.825035106
374	0.427462	119.7245696	1.916762	0.798929697
375	0.327674	124.735511	2.09518	0.84200661
376	0.403157	115.6066674	1.965195	0.810358411
377	0.373266	112.9394587	2.004338	0.800037764
378	0.307151	118.3596894	2.091095	0.80874238
379	0.398683	118.3147287	1.98336	0.817602765
380	0.337816	124.3228354	2.065738	0.829348606
381	0.456669	121.0538392	1.885843	0.818389058
382	0.465437	115.2539694	1.882459	0.789032733
383	0.25994	127.9379735	2.15898	0.838166774
384	0.420489	114.6098962	1.94841	0.808233306
385	0.42493	119.3780586	1.981166	0.809248612
386	0.361813	120.1336231	2.050477	0.818450414
387	0.277403	124.7011463	2.163966	0.845611749
388	0.323585	124.5998312	2.111849	0.829637585
389	0.336244	120.7437831	2.094512	0.828181244
390	0.412532	119.5506618	1.953548	0.81395392
391	0.366318	123.115329	2.052042	0.810222218
392	0.284163	125.1349636	2.151677	0.833226172
393	0.40183	124.4659511	2.024236	0.815732159
394	0.371859	119.3765856	2.034648	0.819934833
395	0.348182	118.2548089	2.05035	0.827905188
396	0.394932	117.2412295	1.980717	0.815404469
397	0.278254	125.4240771	2.159088	0.842461911
398	0.436181	117.7373266	1.920506	0.809179147
399	0.298769	120.6917155	2.131013	0.836506492
400	0.367173	118.5269664	2.003784	0.825220721
401	0.271319	127.8356769	2.159681	0.851775837
402	0.434712	118.2158498	1.952046	0.814134227
403	0.449152	115.6363538	1.920048	0.811911741
404	0.3936	115.6055066	2.001375	0.78381629
405	0.309295	122.2694224	2.124118	0.836157458
406	0.30559	119.2869683	2.127181	0.836753884
407	0.413479	117.6430688	1.95788	0.811966892
408	0.379498	113.7985357	2.019731	0.815335745
409	0.470719	119.7661188	1.856752	0.824589733
410	0.316014	116.4878328	2.104312	0.815780318
411	0.257996	125.4152219	2.159493	0.844100772
412	0.307576	120.8119441	2.110732	0.823047957
413	0.35851	119.6015913	2.049525	0.823473534
414	0.322989	117.5928792	2.089492	0.820995194
415	0.258587	127.4589042	2.150378	0.837582623
416	0.3151	120.3620575	2.091301	0.825830066
417	0.435672	122.6933525	1.937233	0.821346773
418	0.428551	120.6195917	1.926645	0.821785523
419	0.357307	116.5062669	2.051193	0.817002755
420	0.33236	124.738829	2.102346	0.834143415
421	0.31075	119.5658446	2.117353	0.827266451
422	0.296709	124.5392419	2.12228	0.838647196
423	0.374022	118.1132217	2.020925	0.808082155
424	0.365718	121.4764323	2.024278	0.831076689
425	0.398074	118.3627118	2.008821	0.818420162
426	0.278186	125.6743318	2.148147	0.836846428
427	0.325111	126.4121318	2.118402	0.844306465
428	0.334801	122.0895249	2.093028	0.821939874
429	0.406337	122.1847987	1.977437	0.798761616
430	0.436761	121.7089491	1.940091	0.814587104
431	0.390256	121.0224582	2.03206	0.815072692
432	0.363723	121.8060036	2.014107	0.810871131
433	0.350047	122.3084323	2.092102	0.831374542
434	0.336408	120.3526626	2.08398	0.835632841
435	0.34246	126.1405965	2.074449	0.834059619
436	0.339224	118.1302953	2.063967	0.816227363
437	0.35782	120.6160924	2.032521	0.825032462
438	0.390431	120.8614625	2.002571	0.818900756
439	0.20981	121.268316	2.188391	0.840259439
440	0.389924	115.2331272	1.99916	0.810425859
441	0.345235	117.4288715	2.043103	0.816870253
442	0.421458	121.6993416	1.97887	0.81414893
443	0.320116	121.447514	2.109751	0.821945118
444	0.322462	122.3761032	2.102447	0.83845231
445	0.391253	122.4663504	2.0016	0.816337246
446	0.323871	117.4110435	2.081005	0.797119941
447	0.274556	120.4261833	2.100694	0.830477036
448	0.369809	116.3265799	2.014789	0.800719682
449	0.319907	122.4231722	2.10153	0.828707704
450	0.324762	122.3493972	2.115388	0.827283589
451	0.293102	121.8516199	2.093702	0.832895496
452	0.314081	119.9680609	2.07864	0.826673665
453	0.36975	116.247265	2.013193	0.819712792
454	0.385173	121.0739527	2.005889	0.826987965
455	0.390765	120.7268791	2.004288	0.823164478
456	0.385145	119.7329588	1.995221	0.802464976
457	0.415201	123.5370765	1.952098	0.832090642
458	0.400256	120.4447333	2.005976	0.809218993
459	0.331349	120.3673721	2.093702	0.830002902
460	0.432046	123.8282091	1.976663	0.800641751
461	0.447693	120.168539	1.91277	0.809230915
462	0.36013	115.272858	2.031521	0.811669985
463	0.373758	122.533743	2.027274	0.832894656
464	0.493606	115.1634551	1.820987	0.774710034
465	0.370097	121.4727001	2.028543	0.837066027
466	0.450156	115.5279063	1.893541	0.782985168
467	0.304122	121.5859067	2.12025	0.834325263
468	0.384293	116.9214787	1.993456	0.808096608
469	0.305289	120.7797899	2.129095	0.80881645
470	0.439699	116.2277988	1.918694	0.793122615
471	0.283618	119.3932481	2.146039	0.840376339
472	0.38783	120.620468	2.028515	0.814270125
473	0.422346	122.1013091	1.961955	0.81293486
474	0.418294	121.5145404	1.934627	0.792147521
475	0.363222	118.4073256	2.03728	0.827559316
476	0.351397	119.5380802	2.046941	0.815232044
477	0.418896	119.7398922	1.91826	0.808167218
478	0.376525	119.0174593	1.995536	0.806755707
479	0.399292	124.4304163	2.000718	0.815442586
480	0.439751	118.5211253	1.91895	0.800583768
481	0.354615	120.6600145	2.061907	0.81038911
482	0.364165	121.0904836	2.037196	0.811915203
483	0.313526	125.236358	2.106375	0.833781559
484	0.351076	122.4353507	2.055922	0.830059137
485	0.375928	123.8573522	2.031464	0.839505395
486	0.403837	117.8872759	2.00906	0.80357432
487	0.337359	119.1939266	2.063549	0.828393129
488	0.393101	120.0855724	2.002767	0.816882873
489	0.407945	117.3628863	1.996253	0.792535361
490	0.34685	123.5358831	2.072077	0.829234063
491	0.315084	121.0779016	2.085247	0.83158303
492	0.430787	118.5609798	1.960916	0.820793593
493	0.475113	127.6965398	1.915083	0.839160423
494	0.398781	116.369633	1.970972	0.814985687
495	0.286087	126.2497465	2.156332	0.83912172
496	0.437375	114.9201211	1.914081	0.795392604
497	0.413196	119.4812673	1.964058	0.8069419
498	0.330719	127.0147448	2.081588	0.838632694
499	0.297761	119.2733365	2.1239	0.824201759
500	0.374827	113.5458419	2.016728	0.814372447
501	0.347177	120.4570031	2.073158	0.815739524
502	0.440068	116.8081589	1.926468	0.800861732
503	0.371504	116.9644324	2.048422	0.810889014
504	0.379952	119.5638264	2.02538	0.81617045
505	0.257468	125.6120963	2.156835	0.838821799
506	0.294634	122.6143018	2.128893	0.836391781
507	0.421261	118.8939159	1.959493	0.81810316
508	0.413959	118.2868448	1.981452	0.812301247
509	0.375981	122.3984304	2.038357	0.842458693
510	0.312556	118.9343561	2.09976	0.82826147
511	0.302227	124.0731637	2.112515	0.849597641
512	0.352667	126.3535033	2.076487	0.814225623
513	0.382953	121.2365119	2.004851	0.818803836
514	0.388304	115.8116026	2.003278	0.817187705
515	0.416224	112.3793316	1.945375	0.803083053
516	0.382394	119.2848452	2.024128	0.8198629
517	0.424936	115.4649726	1.911215	0.812254692
518	0.299185	124.8276002	2.100827	0.818136709
519	0.395787	121.8467981	2.008856	0.82415856
520	0.316489	117.8268394	2.075109	0.830443492
521	0.436109	115.7938194	1.936294	0.812345988
522	0.396186	119.5955677	1.96117	0.820180027
523	0.376023	118.0485171	1.999519	0.819016805
524	0.39945	118.1746829	2.000192	0.802383307
525	0.284427	118.8860661	2.087548	0.815975036
526	0.461431	113.0423662	1.909967	0.779586186
527	0.383787	115.557605	2.008688	0.817720028
528	0.351247	121.5648822	2.045642	0.834395125
529	0.345523	122.1972573	2.082375	0.836047597
530	0.256794	126.0772053	2.183832	0.849528654
531	0.411896	119.8055947	1.994462	0.816746708
532	0.375441	118.8311254	2.059087	0.818084919
533	0.320208	131.1104173	2.109489	0.850433377
534	0.317976	121.6204743	2.094955	0.831610584
535	0.35976	116.2276793	2.059334	0.815817628
536	0.285923	120.1669494	2.122694	0.833252997
537	0.364381	122.4198723	2.050892	0.824872871
538	0.282101	118.3829724	2.123147	0.823374411
539	0.321628	121.0107844	2.085187	0.830629172
540	0.36967	119.3619297	2.037252	0.826511288
541	0.471671	111.3044843	1.875266	0.776488098
542	0.38475	119.0869267	2.006299	0.813947702
543	0.370247	114.1638979	2.016243	0.812034108
544	0.394528	119.7540475	2.001784	0.818450547
545	0.426252	122.2439583	1.952268	0.819203475
546	0.318511	119.0442253	2.075426	0.823105021
547	0.384198	123.0353921	1.988329	0.823557301
548	0.455721	115.0815043	1.909069	0.822941927
549	0.439919	114.7723257	1.934429	0.802581469
550	0.402756	111.184463	1.959855	0.798862341
551	0.316133	125.4541718	2.0927	0.830447557
552	0.443882	123.2771699	1.947141	0.825325345
553	0.280819	123.1773169	2.142483	0.831975851
554	0.334112	118.9975707	2.058534	0.837883882
555	0.398256	122.965669	2.007905	0.820118848
556	0.298097	119.0765277	2.080029	0.821697571
557	0.25046	126.3537319	2.191548	0.851604348
558	0.35864	118.9790946	2.039549	0.811983547
559	0.364981	118.4942123	2.049931	0.809891028
560	0.3687	119.6346183	2.010488	0.825229355
561	0.473378	115.2945974	1.885337	0.792749124
562	0.281431	127.4424103	2.16957	0.852651372
563	0.395631	116.7548989	1.992099	0.821323787
564	0.366913	115.9012794	2.023623	0.811914804
565	0.234943	122.3175899	2.1902	0.839081762
566	0.314505	123.49846	2.080434	0.819264225
567	0.386451	118.6293745	2.014691	0.805783306
568	0.366589	117.1783862	2.025386	0.814944887
569	0.393425	117.6846785	1.980951	0.83622699
570	0.382895	120.3371473	2.029583	0.814036114
571	0.317866	128.2102291	2.098472	0.84612638
572	0.398157	120.3585846	1.989255	0.822899965
573	0.317274	123.0167566	2.081666	0.844341386
574	0.406064	116.3286306	1.963062	0.816781454
575	0.353327	124.8384881	2.061619	0.830850432
576	0.462273	114.7357859	1.884946	0.803634474
577	0.350212	117.3161536	2.046939	0.822661049
578	0.351803	120.5436101	2.067263	0.819368429
579	0.344482	119.5884204	2.063101	0.812679653
580	0.373732	118.3269182	2.007493	0.801639013
581	0.290383	121.071781	2.139781	0.841426382
582	0.291792	119.0586992	2.126583	0.829800665
583	0.404805	117.8422386	1.988424	0.801997367
584	0.317324	123.2831671	2.101054	0.833610466
585	0.41883	117.3377867	1.966917	0.813796198
586	0.397198	131.4729781	1.956357	0.843944344
587	0.428315	115.8884689	1.977628	0.805600098
588	0.319819	119.7948967	2.111196	0.82447402
589	0.274412	121.2683105	2.166927	0.837565037
590	0.292855	119.9114982	2.13707	0.814888459
591	0.385504	120.4032123	1.994424	0.827403307
592	0.324842	126.8162105	2.11576	0.828838144
593	0.330146	119.0064643	2.069771	0.824445537
594	0.381222	120.6172169	1.996494	0.816716624
595	0.24009	123.4246856	2.134591	0.828755164
596	0.452236	113.6717622	1.889771	0.79761101
597	0.421139	116.5877899	1.957772	0.817293904
598	0.408141	115.998009	1.976346	0.814981137
599	0.330969	119.2636143	2.095209	0.82722668
600	0.453501	116.5999913	1.905067	0.774921299
601	0.388878	117.9026096	1.972345	0.809829301
602	0.418271	114.7099887	1.95832	0.805972654
603	0.364767	123.0681772	2.034685	0.838198984
604	0.333027	125.8016421	2.096362	0.836936733
605	0.438126	117.7961617	1.915112	0.79625167
606	0.342983	120.6436327	2.06126	0.845696452
607	0.423337	117.8653815	1.924687	0.800169775
608	0.25186	124.3774732	2.143666	0.841505895
609	0.266023	126.5488751	2.171667	0.843380929
610	0.413101	116.0602673	1.981292	0.795880179
611	0.390899	120.5419889	1.988196	0.806036538
612	0.326319	128.560144	2.061833	0.80865474
613	0.413541	114.7110348	1.961525	0.802201437
614	0.349309	120.6605383	2.050521	0.830799576
615	0.405788	117.4316238	1.982448	0.810370264
616	0.355298	121.2210472	2.070143	0.830369957
617	0.362663	128.1300572	2.058293	0.842649605
618	0.399154	121.3495055	2.002585	0.815659456
619	0.332853	121.0370348	2.062221	0.834604396
620	0.39306	121.0449116	2.004167	0.81272082
621	0.474036	117.8423256	1.869973	0.805961005
622	0.323985	122.0340007	2.096122	0.823674754
623	0.403862	121.3712083	1.975202	0.814520996
624	0.437156	116.9128968	1.911892	0.813734839
625	0.452209	113.98628	1.94717	0.778633125
626	0.418184	118.9100925	1.970089	0.794761718
627	0.367246	122.3302938	2.050659	0.821058442
628	0.380636	119.243511	2.010497	0.825589902
629	0.278652	125.2083496	2.147773	0.854545024
630	0.361558	116.6272213	2.014941	0.818739545
631	0.351409	124.4119387	2.02985	0.832271942
632	0.426526	118.5016199	1.909725	0.811708857
633	0.228395	123.823095	2.205192	0.844745236
634	0.335731	122.0533451	2.069937	0.822360899
635	0.26844	119.9735103	2.170428	0.832205764
636	0.37775	119.2094905	2.025181	0.810068915
637	0.39172	114.5305344	1.960487	0.810757389
638	0.308995	126.8638167	2.104885	0.843714343
639	0.372045	111.2882965	2.004295	0.780082913
640	0.386864	123.0803207	2.023781	0.79222064
641	0.401608	115.811406	1.952056	0.804131496
642	0.448444	118.8549033	1.899283	0.782650085
643	0.383087	114.8035866	2.035839	0.803948707
644	0.352838	123.0804721	2.035096	0.826342671
645	0.449667	122.6043094	1.940341	0.816726184
646	0.271152	127.6449014	2.15927	0.848182166
647	0.388462	119.4242535	1.974887	0.822772994
648	0.408854	122.7100293	1.967292	0.82521827
649	0.280904	123.8553025	2.123391	0.843906935
650	0.352924	120.9022204	2.045403	0.827807795
651	0.30073	124.4628147	2.1392	0.8342179
652	0.323063	119.0926282	2.082226	0.828343053
653	0.307234	120.9721397	2.140696	0.824162918
654	0.233741	123.814205	2.199625	0.849611054
655	0.363902	113.4899478	2.039877	0.814448915
656	0.376553	114.425902	2.015521	0.816801323
657	0.408106	115.7271049	1.947154	0.800949132
658	0.33012	123.6554649	2.098301	0.831451955
659	0.402335	118.1631201	1.939673	0.826546762
660	0.307909	126.3742142	2.138297	0.842480193
661	0.474184	115.1310454	1.874773	0.809364165
662	0.318527	120.8995375	2.093012	0.830414279
663	0.483965	114.6760925	1.842133	0.787385986
664	0.442469	117.1453603	1.947187	0.806109257
665	0.382789	118.423596	2.011119	0.818404188
666	0.355164	118.787019	2.078289	0.821536606
667	0.389201	120.2751123	1.988142	0.818928158
668	0.383983	116.5638195	1.990986	0.811058582
669	0.394207	122.2201359	1.995322	0.824605996
670	0.38522	118.822044	2.044663	0.801591516
671	0.436007	119.1065058	1.946916	0.817949629
672	0.322657	120.3250733	2.101318	0.831868972
673	0.309625	122.2848415	2.102895	0.838247733
674	0.385752	113.6321831	1.993209	0.787211433
675	0.348655	121.0216995	2.07202	0.825286896
676	0.330971	122.5360958	2.089157	0.846583276
677	0.340639	117.5650146	2.057527	0.807341399
678	0.332636	119.9944851	2.081112	0.824496248
679	0.298898	126.612824	2.140288	0.83993456
680	0.394774	117.836063	2.004093	0.815245084
681	0.33626	122.7138223	2.074991	0.832457682
682	0.285826	125.7350678	2.160007	0.84546163
683	0.434832	120.9711548	1.91835	0.840137485
684	0.269748	123.0737289	2.151087	0.843908198
685	0.440071	115.6841479	1.945703	0.802201282
686	0.281053	121.5504111	2.138788	0.831701734
687	0.301006	124.0851634	2.139953	0.837242245
688	0.356018	122.002581	2.019866	0.783117631
689	0.35546	118.2258956	2.015533	0.808562537
690	0.293474	116.614641	2.090721	0.813613089
691	0.371071	118.1795673	2.00782	0.818852801
692	0.421845	119.7086673	1.940724	0.8311581
693	0.317342	120.9662549	2.07755	0.827580403
694	0.358431	116.2914987	2.034513	0.820421364
695	0.454143	125.9040229	1.917683	0.831501723
696	0.466704	118.7622727	1.918927	0.795518712
697	0.27907	125.2166727	2.158644	0.837876534
698	0.27281	120.360263	2.134815	0.818376309
699	0.365526	123.0245258	2.049404	0.818538112
700	0.348176	115.6521278	2.064351	0.814080265
701	0.414229	114.0040328	1.968771	0.810972766
702	0.278661	122.6355006	2.115674	0.820976749
703	0.434865	116.7079035	1.950419	0.817344419
704	0.334628	119.3822178	2.021354	0.825613777
705	0.414444	120.2284	1.926055	0.826209958
706	0.302703	121.9515452	2.116044	0.824790771
707	0.29954	116.2139842	2.102833	0.818063115
708	0.459984	114.9652904	1.899419	0.802811336
709	0.30657	123.4820786	2.057883	0.842588198
710	0.389683	120.6993623	2.02723	0.810595161
711	0.438773	117.443338	1.928336	0.812338254
712	0.284904	122.596211	2.115309	0.836334807
713	0.40878	120.6842578	1.964246	0.813232247
714	0.372563	116.1170274	2.049462	0.821015535
715	0.497743	116.8957308	1.857102	0.785362871
716	0.492144	117.130667	1.870722	0.790949723
717	0.315792	120.0862125	2.099927	0.828686245
718	0.422123	118.1721623	1.981641	0.801413967
719	0.388953	125.0097681	2.004795	0.812595985
720	0.330505	118.3794585	2.065713	0.814626145
721	0.340215	120.6720423	2.085283	0.824855994
722	0.433295	113.2798748	1.921233	0.785893409
723	0.415643	120.6861271	1.99399	0.806247269
724	0.312214	122.8544737	2.111327	0.831182446
725	0.349655	117.6597438	2.043447	0.81751012
726	0.34458	122.7976179	2.093337	0.849905688
727	0.393676	118.5428277	1.9953	0.808125625
728	0.302	124.708777	2.141185	0.839504363
729	0.42178	116.6122517	1.954675	0.818779685
730	0.481935	109.1647763	1.803134	0.783354598
731	0.377952	120.7468163	2.038018	0.832424849
732	0.371583	122.3245743	2.04036	0.826073101
733	0.358564	123.0629351	2.050219	0.831941554
734	0.306562	122.2923114	2.127528	0.835546709
735	0.378812	119.6651193	1.989731	0.833648294
736	0.376161	114.4655083	1.999887	0.81680096
737	0.302745	119.0087221	2.123835	0.831555189
738	0.349906	120.7769076	2.097828	0.839119552
739	0.284609	125.3597352	2.141534	0.83817723
740	0.273776	121.8391212	2.143849	0.819544026
741	0.301024	121.1346544	2.12739	0.822459795
742	0.26494	123.8048583	2.169509	0.849124916
743	0.344986	122.5118162	2.039312	0.821962664
744	0.337243	123.479111	2.075318	0.83332721
745	0.366818	114.8057072	2.004095	0.814653222
746	0.324805	119.7554478	2.082792	0.826002879
747	0.400825	112.6342296	1.975041	0.811136959
748	0.405732	118.3079048	1.968993	0.817958187
749	0.331599	125.2922548	2.076862	0.840510894
750	0.375679	124.2975457	2.040023	0.806044729
751	0.256015	125.9261755	2.176583	0.855120052
752	0.32953	117.0578374	2.048126	0.815209184
753	0.304575	119.6042835	2.08884	0.810944929
754	0.286597	125.9183064	2.153484	0.819957022
755	0.424377	116.1631851	1.921122	0.802320387
756	0.398675	120.3585643	2.005373	0.797193889
757	0.400406	120.0226091	1.957193	0.807792782
758	0.347205	121.0237294	2.036332	0.825008508
759	0.260799	125.9093925	2.177106	0.847589746
760	0.387984	122.0588606	2.037028	0.830823149
761	0.334454	122.2728948	2.064232	0.830681958
762	0.413752	124.321983	1.961823	0.800313496
763	0.288798	119.9678879	2.134566	0.832979021
764	0.384559	125.1776197	2.042193	0.83299778
765	0.381818	118.2055706	2.020824	0.823893388
766	0.360049	115.2287512	2.030107	0.808638963
767	0.409614	118.1165406	2.005883	0.810590141
768	0.303389	125.6650602	2.1322	0.837392386
769	0.375909	125.0609469	2.036156	0.829380873
770	0.424016	118.9058623	1.93442	0.80959327
771	0.315124	120.3622753	2.105599	0.841561622
772	0.383677	123.2546304	2.019502	0.820202992
773	0.212062	126.5845283	2.217737	0.852646143
774	0.429565	115.1351803	1.946445	0.78756664
775	0.365028	116.8937148	2.042079	0.824045241
776	0.375354	116.30898	1.991109	0.822366797
777	0.452676	123.0797099	1.918038	0.804687061
778	0.355003	121.9274337	2.034676	0.828248628
779	0.438154	114.6537604	1.928183	0.812362224
780	0.350221	118.404914	2.075427	0.826860199
781	0.324297	122.179309	2.113809	0.80097599
782	0.320049	118.5850218	2.068525	0.83136783
783	0.460656	113.9786148	1.87374	0.802906071
784	0.442887	118.9330093	1.899176	0.80895482
785	0.435237	115.4173317	1.933506	0.798996895
786	0.377874	121.356744	1.995862	0.812428006
787	0.331348	124.2138209	2.076286	0.838215502
788	0.442941	113.7986717	1.911582	0.805876991
789	0.459784	117.1294685	1.899926	0.795990626
790	0.413501	117.6956706	2.000136	0.795534074
791	0.372282	119.1849162	2.049085	0.821386077
792	0.338234	123.6724706	2.0931	0.837769228
793	0.334853	121.9424179	2.099892	0.813273792
794	0.280215	118.725334	2.113727	0.825028716
795	0.337793	119.5230593	2.09334	0.810807116
796	0.266362	127.9627114	2.157531	0.84862151
797	0.33441	126.265365	2.087875	0.845789469
798	0.42598	112.8431743	1.928168	0.794532439
799	0.237985	122.8925492	2.19644	0.840240919
800	0.402462	114.7067092	1.952259	0.819571289
801	0.367577	117.8583534	2.021037	0.825113471
802	0.37858	119.7643408	1.981228	0.831505017
803	0.456409	117.8731867	1.903718	0.813727494
804	0.409656	115.3812106	1.994092	0.814812145
805	0.404828	119.929634	1.983611	0.819111292
806	0.407416	121.5109924	1.952861	0.821543446
807	0.402726	116.9113923	2.001173	0.815138776
808	0.374845	119.9333406	2.03756	0.825043822
809	0.47029	121.3675683	1.887231	0.804061176
810	0.33122	129.0772588	2.117958	0.846618106
811	0.330484	120.630977	2.083601	0.831469209
812	0.41759	119.0818429	1.953229	0.815186467
813	0.418923	119.2529106	1.932764	0.817002501
814	0.377971	120.1726241	2.011173	0.837682723
815	0.372139	118.5073288	2.039882	0.8139258
816	0.26273	126.5717718	2.166036	0.847328516
817	0.277867	127.7537286	2.149991	0.84496248
818	0.379499	122.2434146	2.024591	0.834608535
819	0.333023	117.1519361	2.093601	0.797383981
820	0.405848	123.9792204	1.978779	0.813394353
821	0.297073	124.325832	2.119059	0.828970302
822	0.309594	118.9018607	2.09507	0.820847518
823	0.335407	121.09687	2.103208	0.842188799
824	0.387352	120.3982394	2.027436	0.824740294
825	0.498039	114.441212	1.780901	0.786706617
826	0.385367	124.6852963	2.017153	0.846275888
827	0.466778	116.5463973	1.889336	0.806610177
828	0.446952	120.9035426	1.94933	0.813036499
829	0.32871	122.3894476	2.093811	0.823261638
830	0.329832	121.2544662	2.096382	0.804132448
831	0.304271	122.6293815	2.102566	0.831653463
832	0.34529	121.9560138	2.061868	0.841120874
833	0.355363	118.1950571	2.034895	0.818761112
834	0.344367	116.4265297	2.027279	0.800360703
835	0.41806	124.7268641	1.946165	0.811758132
836	0.42874	114.3647817	1.934548	0.803692884
837	0.386853	115.7462403	1.995183	0.796557982
838	0.377175	122.3324077	2.058341	0.831111771
839	0.278114	124.4321236	2.166455	0.840300742
840	0.388714	118.7276366	1.978567	0.819527787
841	0.43831	119.4547957	1.935661	0.769884359
842	0.307778	125.1793763	2.101292	0.831502177
843	0.366718	121.4652527	2.021107	0.806075021
844	0.429781	118.8061054	1.9375	0.821820297
845	0.334892	120.0170754	2.059063	0.827957316
846	0.499616	115.2851936	1.833818	0.811859774
847	0.449629	114.6644703	1.903652	0.823417945
848	0.389529	120.1736437	1.990645	0.816255455
849	0.404723	121.6906748	1.998201	0.808037286
850	0.346755	121.4194421	2.015607	0.826068673
851	0.403716	120.811837	2.005683	0.818234573
852	0.172482	133.0523153	2.249297	0.863551109
853	0.457874	117.813075	1.882749	0.799043426
854	0.375161	120.1007851	2.010096	0.839399189
855	0.352534	125.4804316	2.080344	0.822956164
856	0.407526	117.0048744	1.976896	0.823940682
857	0.419452	112.1962141	1.946338	0.804383701
858	0.374748	122.7307222	2.046133	0.822077775
859	0.313826	120.45448	2.046422	0.811856916
860	0.258057	127.5343534	2.18123	0.849729786
861	0.281311	119.3670584	2.112784	0.824498569
862	0.380861	119.4693423	2.027514	0.82354135
863	0.375532	121.8187551	2.030403	0.81431768
864	0.331051	121.4891823	2.092407	0.815698204
865	0.239817	126.8194076	2.196331	0.84435685
866	0.365692	114.4705773	2.003748	0.817144162
867	0.349052	117.205352	2.006968	0.82740818
868	0.413575	115.1125606	1.925259	0.823674043
869	0.366861	116.9215396	2.015711	0.816119922
870	0.380506	121.121834	2.010499	0.792968981
871	0.47636	114.9843479	1.8497	0.761313712
872	0.420526	116.8432569	1.932062	0.806576972
873	0.327549	123.4762863	2.103353	0.835340212
874	0.396513	122.4141273	1.96926	0.833051894
875	0.466272	119.5772177	1.888195	0.799438966
876	0.437303	116.585944	1.958549	0.790939367
877	0.452975	116.3590333	1.86614	0.802928654
878	0.354337	120.6836406	2.057429	0.813536395
879	0.359	123.3821905	2.039893	0.847907028
880	0.440771	122.3475567	1.918155	0.800681377
881	0.459542	121.2282095	1.902329	0.789627421
882	0.421426	117.092834	1.930231	0.813287825
883	0.417122	114.9406675	1.944486	0.810681032
884	0.195677	131.5740038	2.226459	0.866239469
885	0.46228	116.3251853	1.915598	0.769944024
886	0.369585	121.4798035	2.048219	0.825519694
887	0.425277	117.3219924	1.984991	0.812209798
888	0.267329	126.287869	2.181544	0.846565936
889	0.36634	114.0496086	2.044967	0.799647713
890	0.316023	125.1980481	2.121438	0.828157229
891	0.34849	126.8349942	2.104487	0.832309851
892	0.450135	113.4535251	1.904844	0.803614015
893	0.41217	116.578572	1.976202	0.810951491
894	0.449477	119.3850878	1.942199	0.809617977
895	0.302994	123.3145181	2.07411	0.831668582
896	0.375224	119.7072749	2.022779	0.821038329
897	0.370315	121.4162693	2.040289	0.823106559
898	0.391408	122.0446635	1.993868	0.821041849
899	0.383557	124.6623847	2.047305	0.829994337
900	0.505458	114.9947536	1.836851	0.795812087
901	0.387462	114.1411224	1.978562	0.797883545
902	0.337725	118.5395289	2.020407	0.81895091
903	0.297112	119.7629931	2.12723	0.830718406
904	0.270912	120.9312049	2.159278	0.824467729
905	0.363122	117.9987117	2.039041	0.810732736
906	0.366215	121.7146992	2.047736	0.833474325
907	0.332891	118.271285	2.059642	0.817538058
908	0.31895	120.9303505	2.090878	0.810370644
909	0.355675	119.4684148	2.035351	0.824487464
910	0.350758	119.8600779	2.071808	0.818492275
911	0.38583	124.3073326	2.001945	0.813277322
912	0.367653	119.6446143	2.053523	0.800708598
913	0.264964	117.9495527	2.157578	0.819359296
914	0.369433	119.9978381	2.032484	0.827270391
915	0.399925	115.5047242	1.972858	0.798951714
916	0.390748	118.3835649	1.986953	0.808443423
917	0.328132	119.9882564	2.073366	0.82737303
918	0.293937	125.2091026	2.153045	0.839536515
919	0.410493	119.6317482	1.956256	0.813772433
920	0.412823	121.8122132	1.95954	0.833418382
921	0.38781	114.826347	2.025545	0.80577512
922	0.380172	112.7208881	2.020429	0.80806389
923	0.39627	118.3148722	1.975444	0.804296467
924	0.429612	118.5579871	1.942698	0.796069086
925	0.353346	118.1790413	2.0526	0.82768948
926	0.371637	121.2780217	2.045447	0.829616421
927	0.400196	122.7846299	2.004896	0.842651332
928	0.360129	125.4073891	2.063706	0.828270662
929	0.372755	121.2952029	2.037407	0.83857603
930	0.334518	122.10863	2.087254	0.824566561
931	0.322101	126.0235284	2.10563	0.833766328
932	0.409243	126.468803	2.013382	0.840296841
933	0.374798	120.3893662	2.020079	0.80802074
934	0.360051	122.2369421	2.062686	0.819238424
935	0.346073	118.6929733	2.058504	0.822971717
936	0.404789	114.5191769	1.967271	0.799610673
937	0.384125	123.3392698	2.020167	0.831386902
938	0.2969	120.8957208	2.130165	0.817036462
939	0.420323	124.8928398	1.973196	0.833535373
940	0.417476	119.62443	1.975252	0.810943629
941	0.439051	114.4163131	1.90882	0.803632449
942	0.282513	122.9874198	2.156903	0.839381545
943	0.488128	113.4053565	1.851292	0.779002332
944	0.327155	118.8045019	2.080029	0.822573343
945	0.358214	124.3615297	2.070712	0.827889967
946	0.412427	118.5038088	1.983652	0.811889019
947	0.504656	115.2788571	1.855689	0.779471049
948	0.418365	118.6887124	1.964464	0.802501512
949	0.440032	116.0238983	1.882122	0.802312683
950	0.381068	118.9717245	2.007359	0.826352044
951	0.430292	116.3284128	1.970958	0.804951455
952	0.406164	117.3761543	1.979387	0.821152088
953	0.257504	126.9875024	2.16967	0.846857636
954	0.445327	118.834189	1.923107	0.800682226
955	0.47532	118.5443067	1.898042	0.812399642
956	0.374605	120.3073501	2.065615	0.81562208
957	0.310048	124.5996673	2.091682	0.805013297
958	0.294648	125.5607014	2.118477	0.84128285
959	0.437267	118.2986712	1.943018	0.804061902
960	0.378087	116.3822439	2.037295	0.808174774
961	0.277308	120.5550824	2.107711	0.820458529
962	0.28618	118.5779266	2.126879	0.824669089
963	0.330027	119.985404	2.071145	0.824412707
964	0.290131	124.5622869	2.154106	0.820710959
965	0.448106	114.873474	1.899616	0.806601241
966	0.349655	120.0722694	2.040597	0.830211262
967	0.332983	119.0234937	2.082358	0.821577155
968	0.413333	124.5620592	1.988656	0.818334106
969	0.318552	121.6045268	2.1002	0.816408075
970	0.418529	119.0415631	1.980502	0.816447415
971	0.353474	114.8760471	2.036633	0.808094293
972	0.225281	127.2991769	2.210761	0.848695196
973	0.448068	119.1364912	1.927126	0.820818434
974	0.264499	120.6680834	2.15602	0.828684392
975	0.334381	120.8443991	2.092734	0.82739331
976	0.341564	122.8673656	2.051188	0.842150276
977	0.331899	119.6340182	2.098434	0.83374347
978	0.334345	118.1802043	2.066637	0.817264055
979	0.484233	115.8922274	1.860713	0.797261149
980	0.45694	115.8374101	1.883226	0.779689165
981	0.395926	116.7881779	1.981618	0.807958181
982	0.266502	122.6831518	2.176311	0.832464054
983	0.338626	119.0160501	2.096196	0.823755605
984	0.374838	117.1192974	2.020505	0.828992552
985	0.399623	115.3668407	2.004332	0.807109223
986	0.439352	117.9040027	1.922162	0.813303439
987	0.324131	116.9644607	2.091421	0.809438767
988	0.417139	119.9493828	1.967963	0.815238274
989	0.365004	119.8821354	2.017988	0.796868951
990	0.386011	120.6150646	2.020027	0.805281554
991	0.339387	126.467383	2.094082	0.837352992
992	0.306646	117.8085963	2.060889	0.82912365
993	0.509593	111.2804545	1.789307	0.796167019
994	0.310205	124.3478552	2.0715	0.815151805
995	0.377883	116.5650473	2.009496	0.817629759
996	0.324261	121.3850937	2.1	0.82073294
997	0.454837	120.7275328	1.930751	0.783462987
998	0.227848	121.4207692	2.205994	0.844491499
999	0.371717	123.109916	2.058352	0.822984819
1000	0.28032	124.8473241	2.116774	0.828392835