rep aei_left left_area adi_left H
1 0.471775 120.120156231037 1.911091 0.772104110853824
2 0.455627 119.433586547455 1.912657 0.759587570095853
3 0.432238 106.824876463257 1.943215 0.76312198044427
4 0.207051 125.557028347944 2.223911 0.808413206053768
5 0.41631 117.941069649562 2.005437 0.760467633155987
6 0.526409 109.766171643365 1.776606 0.707248623853763
7 0.362204 119.656014020717 2.067865 0.736177697534691
8 0.475562 119.827053972641 1.903042 0.755734057861173
9 0.563026 108.219561449232 1.738028 0.756209379945694
10 0.407882 115.598235955863 2.006752 0.731996797242709
11 0.58317 110.04074640882 1.68026 0.748456397872715
12 0.435184 116.223307017403 1.955647 0.782960066259187
13 0.242477 123.356409124117 2.198797 0.846022061609592
14 0.512531 117.966841356382 1.823014 0.728060389967042
15 0.375403 117.449067725583 2.052908 0.75426636568465
16 0.463268 130.411311262364 1.936331 0.794202928812755
17 0.195393 129.902846566115 2.228412 0.829044847185718
18 0.563019 110.508344431151 1.724406 0.729915143776455
19 0.374943 111.039308359424 2.053956 0.786967650622549
20 0.324911 118.160960952999 2.092865 0.784449106884633
21 0.610072 104.36978910966 1.610636 0.696537693033377
22 0.593186 118.339671791941 1.619049 0.784556138673411
23 0.398615 113.262695487524 1.996096 0.747550930307814
24 0.520179 104.133253838602 1.838404 0.737155825639195
25 0.350333 125.183089648973 2.100276 0.776911396324723
26 0.206853 129.446196440968 2.226721 0.833930855715444
27 0.378916 109.514992795792 2.049095 0.755165259706663
28 0.433663 121.264017362394 1.958255 0.754241313269249
29 0.466356 108.464549282368 1.863862 0.766497081589694
30 0.372096 117.372294629828 2.057114 0.76106000555561
31 0.345636 117.365475543572 2.096464 0.77947540758993
32 0.353665 118.047042175869 2.084965 0.769915308294498
33 0.365106 115.105120681298 2.055073 0.74148247890649
34 0.338593 115.597207716886 2.117604 0.813090451762367
35 0.41766 122.078984577485 1.974383 0.732402519221127
36 0.54504 116.43185515357 1.759796 0.72630084625716
37 0.4369 102.504957025712 1.955741 0.723952816072183
38 0.309939 113.256031360229 2.112961 0.768044640239459
39 0.407165 105.52020732604 1.969708 0.74979141859305
40 0.433227 115.648603117667 1.989636 0.742999853469668
41 0.544424 120.606846661077 1.780984 0.779121498511536
42 0.316445 128.488406484544 2.129986 0.753012071068809
43 0.431532 110.152329763709 1.985485 0.683036832470573
44 0.600005 109.317622684127 1.634376 0.710209946206034
45 0.325123 118.503936795566 2.101849 0.761850604606686
46 0.482965 121.747293265925 1.872212 0.805270082223514
47 0.430924 103.777992227412 1.960002 0.719282140936351
48 0.470994 111.97842477311 1.906189 0.74996927551307
49 0.399213 117.500794095344 2.031839 0.752121201426481
50 0.522027 107.114954175437 1.809855 0.749246670131162
51 0.262968 129.980685979431 2.181213 0.808087669537175
52 0.333918 110.748352489104 2.088283 0.737680643144666
53 0.334804 114.937575361492 2.098674 0.722883787807165
54 0.246297 125.255511064388 2.207007 0.799504670904985
55 0.405301 112.647638389795 1.991362 0.76693629721031
56 0.415227 114.203561277454 1.977724 0.799732245706499
57 0.193296 123.952462532213 2.235444 0.78101600305508
58 0.373517 110.730769468116 2.044426 0.756012023435726
59 0.434881 104.54239905265 1.935432 0.727659073240599
60 0.769595 92.1544366972013 1.100689 0.603144829834218
61 0.354068 125.076123477725 2.077038 0.793950894513119
62 0.297095 115.383197704174 2.14898 0.765691750186116
63 0.308908 113.72528601583 2.11822 0.751341858492662
64 0.29675 108.255956618253 2.12723 0.766370995440498
65 0.230322 121.593986069966 2.217667 0.803447793126476
66 0.23573 127.491009960828 2.214661 0.795588687214526
67 0.262848 124.71381162403 2.182427 0.799012848223166
68 0.258261 113.146884935709 2.195244 0.740964493579188
69 0.578459 114.209357582231 1.704089 0.732650210321234
70 0.390222 116.678268346652 1.992351 0.79055178038585
71 0.242932 117.602878183844 2.163762 0.75078410491988
72 0.369323 109.070565010742 2.034889 0.743690417997121
73 0.324951 118.850673782525 2.104666 0.78716174598464
74 0.256445 132.445181494455 2.199323 0.805008709978652
75 0.468673 114.07369403586 1.918983 0.805849381484477
76 0.425751 114.133492606819 1.979903 0.767527010382341
77 0.458373 105.116597342958 1.892277 0.744396765119266
78 0.318196 123.81227192688 2.141659 0.782521513723985
79 0.313738 115.838043130534 2.128809 0.796191406448941
80 0.351907 109.182979168522 2.063615 0.767009605412442
81 0.493783 116.016601255597 1.850728 0.752325645683841
82 0.345409 115.708702565011 2.097352 0.758300737677594
83 0.453837 113.115965142185 1.863471 0.803523309964927
84 0.443439 113.267165610311 1.960176 0.745283800015092
85 0.325798 128.871507994094 2.126877 0.812077350417739
86 0.358157 111.878103327915 2.038884 0.729406410727804
87 0.376438 108.567111984715 2.040479 0.751632080869305
88 0.597468 100.855706142158 1.655675 0.631701608745076
89 0.465869 109.300973491706 1.913887 0.772190271158414
90 0.50394 106.598367464689 1.858264 0.759914655290185
91 0.426527 110.202376532871 1.949088 0.780039390216709
92 0.382603 119.640647353136 2.028436 0.778663072006301
93 0.372122 112.278386178026 2.027869 0.764613446023086
94 0.357389 114.814562441032 2.057177 0.759955927332728
95 0.30171 119.566705269264 2.09251 0.78584869735494
96 0.540013 112.846058845624 1.734516 0.70882724939006
97 0.488685 120.135142592625 1.834554 0.717131829345197
98 0.322644 125.935791904339 2.079148 0.784884327521846
99 0.488533 107.042065946358 1.899086 0.662022916913435
100 0.273271 116.727250682243 2.179054 0.822475225574977
101 0.559486 116.280770797854 1.746588 0.767846181338307
102 0.353096 114.753919948171 2.080455 0.78249646595122
103 0.639336 94.0423216674486 1.525964 0.657455390991309
104 0.578484 102.060529772505 1.684336 0.714281558865002
105 0.200538 120.72560516169 2.22757 0.790663337555377
106 0.416235 106.522847734595 1.975975 0.720570656865127
107 0.345354 116.052646434695 2.064438 0.785401069502465
108 0.433833 116.079489653924 1.96271 0.779237896077971
109 0.565903 116.666119730478 1.746085 0.728874715591136
110 0.432175 118.462999389628 1.964179 0.779908325127943
111 0.188756 131.54753841844 2.244582 0.817420268357292
112 0.369882 127.738822698568 2.081312 0.808009753124757
113 0.502019 111.779945899846 1.873674 0.753386591563187
114 0.285855 123.449346617946 2.149527 0.791574513607334
115 0.425325 105.32099777882 1.937637 0.748638237738723
116 0.480153 104.840499228627 1.831571 0.737387515783826
117 0.438895 109.40887835656 1.938663 0.726179660671506
118 0.468749 111.667295424945 1.924413 0.743186880026657
119 0.461956 122.432988208609 1.820686 0.740384267476621
120 0.492904 127.705686504778 1.860147 0.770640770988238
121 0.665023 110.873451310597 1.465374 0.760238001801054
122 0.562652 101.983025261324 1.743748 0.673197826948159
123 0.465846 112.230675526527 1.870567 0.777018129450955
124 0.741472 99.0506687835521 1.223674 0.654216794912279
125 0.462809 103.464946331559 1.887308 0.720730134328663
126 0.200325 122.501680749669 2.239212 0.803332170182373
127 0.265489 131.78756909908 2.18144 0.767599679738119
128 0.368003 112.778606200474 2.073385 0.769196800304546
129 0.572574 108.1237463658 1.618461 0.730213343137101
130 0.327394 107.422929099746 2.093888 0.759054722990805
131 0.475353 124.56833592465 1.915933 0.733863160937265
132 0.265115 121.915590521062 2.177808 0.803842811205092
133 0.463037 124.211712133848 1.93619 0.775911678257877
134 0.518189 113.933751835327 1.840445 0.748956967964804
135 0.391858 113.512306082041 2.048818 0.754918601749458
136 0.528681 110.007720823446 1.747319 0.730424049592577
137 0.320321 128.522054474367 2.134459 0.802635826891886
138 0.596533 101.7196027497 1.641781 0.705765846172164
139 0.411826 119.362505376777 1.999681 0.772111069354414
140 0.602523 110.077859888161 1.559291 0.790029726267561
141 0.311976 129.137237490484 2.063598 0.790470027303303
142 0.400557 110.086678507887 1.984983 0.736592003768009
143 0.450567 119.677446035113 1.952193 0.788819953310357
144 0.316128 118.610999621537 2.107627 0.799273245806334
145 0.354286 120.462303911105 2.067725 0.748874376159009
146 0.444648 116.169035576081 1.961107 0.756538934132899
147 0.44608 105.245987346577 1.934017 0.731470092952186
148 0.404774 114.468130269207 1.999486 0.746881943657071
149 0.319614 123.775520843581 2.135733 0.767240385904901
150 0.253234 128.011343542741 2.200608 0.806280788688339
151 0.422 113.432221546439 1.948538 0.757632212217948
152 0.538957 110.039271634351 1.775958 0.746522739402899
153 0.449972 115.659834486515 1.943288 0.727301096946758
154 0.273343 125.026614064809 2.16601 0.802669724679585
155 0.213881 126.311434906218 2.22658 0.796763687590718
156 0.407211 112.175702364556 1.982705 0.721673678411846
157 0.531666 111.765611684511 1.795994 0.759708011750245
158 0.551528 117.328881341655 1.763834 0.738710895290216
159 0.307651 119.330797551117 2.139674 0.748265080134052
160 0.580497 111.80411774479 1.669706 0.700323948615337
161 0.529609 114.910275078235 1.768253 0.769233892257364
162 0.317627 122.999426121597 2.127766 0.795123188924276
163 0.293872 115.795867257687 2.133247 0.785190507068701
164 0.439716 114.219831801316 1.924246 0.777300599407476
165 0.44246 115.857782255598 1.946315 0.696102535878797
166 0.644426 113.807644954019 1.545695 0.780420769007655
167 0.49325 104.22709929431 1.843468 0.719983371024047
168 0.409456 111.425387082265 2.001591 0.769937871795955
169 0.466195 112.401601052657 1.908355 0.748508255884002
170 0.280248 119.578925522333 2.142172 0.778401520372027
171 0.40746 107.164785027771 1.955701 0.74146237174407
172 0.525215 111.256012841231 1.757465 0.745316409404831
173 0.280112 120.311934441044 2.131481 0.792294710743314
174 0.559065 101.273413097552 1.738462 0.733122364318474
175 0.522136 114.417095896696 1.810524 0.723442059103286
176 0.467282 122.994361088745 1.912817 0.784714298610005
177 0.445787 118.550294561354 1.960322 0.770832387642208
178 0.431736 112.985307675674 1.955273 0.766728824537099
179 0.474123 124.108919252087 1.921943 0.762990236803971
180 0.574944 101.622701618114 1.701664 0.721840099320294
181 0.409534 116.764190405192 2.001652 0.777343739868109
182 0.423652 115.012587880228 1.979955 0.794926628884273
183 0.349902 119.297320622332 2.063577 0.804096499623215
184 0.329627 112.8457437515 2.054304 0.759446535154602
185 0.371635 120.046817268226 2.036052 0.771909764936634
186 0.33094 110.320220467195 2.091992 0.753216011519082
187 0.526993 109.662883609223 1.785846 0.737697747979388
188 0.401259 113.924730817188 1.982503 0.743191155211307
189 0.48878 111.77958152602 1.876452 0.776340931883248
190 0.258972 127.664817305798 2.196557 0.806416746075148
191 0.327824 114.027378975886 2.095092 0.757765245707025
192 0.358244 119.077629403684 2.051565 0.771763389782978
193 0.439682 111.448400316178 1.954443 0.746262147027077
194 0.408902 106.700252609922 1.972548 0.744393435669012
195 0.445174 111.553626548986 1.939192 0.768792691579393
196 0.599229 110.54310641086 1.670052 0.690711929054547
197 0.509015 119.654635024353 1.846426 0.779584532655526
198 0.522438 102.405442238 1.782203 0.716370914830531
199 0.549882 113.570514996743 1.724069 0.754501258724013
200 0.462319 122.999228553295 1.920409 0.768953230440661
201 0.203411 128.019714448407 2.233549 0.821407954073943
202 0.473374 104.720280999803 1.867954 0.737681359556245
203 0.343559 115.35582261063 2.060977 0.764038478306613
204 0.336775 117.19340552633 2.08572 0.781091211696043
205 0.447573 112.311511258991 1.903397 0.750675470071098
206 0.519421 101.262524528708 1.807359 0.744488963216839
207 0.364782 109.429745896892 2.026356 0.766796366703098
208 0.373403 113.170248640356 2.075202 0.782823095729272
209 0.440473 115.471972490521 1.921476 0.723930040122853
210 0.37402 106.277415208641 2.012977 0.771484565065015
211 0.294597 118.811776375177 2.149234 0.799519111277333
212 0.232912 127.013569053855 2.216392 0.797182268014584
213 0.39925 114.538243917705 2.044277 0.711512257380932
214 0.366475 113.292341656742 2.069882 0.792262604058969
215 0.456657 118.644955831952 1.951791 0.756430037646579
216 0.393811 118.7662905995 2.029388 0.778286979277955
217 0.413713 123.58864568568 1.972115 0.811526606703275
218 0.571991 115.610220301054 1.71256 0.717513411355964
219 0.369104 110.313183749669 2.016596 0.775982586419432
220 0.369606 127.077858342694 2.073771 0.806410992978712
221 0.237239 129.408818876617 2.207182 0.799837849895754
222 0.529995 106.890607694791 1.765278 0.696330439919578
223 0.427025 114.246066201912 1.95854 0.753790064481714
224 0.373303 117.61195691509 2.077395 0.808044423978892
225 0.37163 106.715337338589 2.032727 0.767421564687779
226 0.473964 104.092514042597 1.838257 0.637923638499078
227 0.426938 109.617720443384 1.9886 0.761721685335907
228 0.487201 108.051441705314 1.831008 0.768918356478122
229 0.425176 116.694143749515 1.960085 0.766166915415543
230 0.340392 111.159384428375 2.082484 0.765530784007202
231 0.310688 112.067421884717 2.106487 0.749808740955599
232 0.458388 114.238356859619 1.914219 0.752364700940345
233 0.36045 119.106157047605 2.061053 0.757680427698477
234 0.431739 119.60106964636 1.98572 0.776216280082883
235 0.331679 118.253167934318 2.115655 0.770521793472945
236 0.467423 113.59424344939 1.913876 0.742297884846325
237 0.50426 108.107190066693 1.863069 0.73996935812755
238 0.540559 107.12150761881 1.768876 0.726273117971968
239 0.398236 119.339461117614 2.02476 0.767892862159281
240 0.22806 120.096647598771 2.211943 0.807557210130189
241 0.518328 108.540561489707 1.827768 0.742921998471818
242 0.447153 113.539019587876 1.918113 0.725430803813878
243 0.468973 110.503204407114 1.857294 0.745525699373049
244 0.449705 111.391686322104 1.926452 0.772315319834355
245 0.494816 108.268512323513 1.846626 0.723480117690284
246 0.493789 112.207595476738 1.844351 0.696615270893664
247 0.345601 106.635664526251 2.090071 0.739864694508596
248 0.331921 115.27354093365 2.12415 0.824623779803591
249 0.342862 122.294186423917 2.106088 0.770172369824617
250 0.47255 108.340130440148 1.843435 0.7389398247233
251 0.459694 116.680984019087 1.914903 0.756500582221215
252 0.515894 115.434140602453 1.814646 0.751957715046808
253 0.49153 118.576318871731 1.887899 0.781449166250805
254 0.373317 120.059108577337 2.043586 0.786535379401818
255 0.317627 126.120944004149 2.137755 0.793801338190674
256 0.480972 114.625550556085 1.898061 0.775771592795299
257 0.334098 123.010822971748 2.084999 0.764094886303798
258 0.226558 125.339985203573 2.204205 0.802005624231085
259 0.33076 115.675238947547 2.057868 0.729560845372454
260 0.389848 111.973573596527 2.001248 0.756364771020172
261 0.250172 126.403651875526 2.188981 0.802283778155222
262 0.406615 116.194270343564 2.021805 0.746576250432193
263 0.257661 133.348560679446 2.194619 0.820400585773124
264 0.542087 108.849850230096 1.800929 0.759088544123987
265 0.455759 108.924924845617 1.875384 0.728958890896579
266 0.351389 126.771212727497 2.075768 0.815016486152553
267 0.512277 106.177577817391 1.804037 0.731127161910465
268 0.444081 112.638641266298 1.942876 0.758568789902515
269 0.589718 113.85197655436 1.68867 0.770604510203962
270 0.161902 129.713547686928 2.259633 0.830051370993366
271 0.425099 105.098312631413 1.938641 0.771307924450023
272 0.544622 107.259119068275 1.78499 0.740089988765106
273 0.512903 107.711413618175 1.799968 0.739865021838971
274 0.513373 112.993379340084 1.779476 0.763553772705081
275 0.369946 114.543268811524 2.03773 0.778844358701316
276 0.320916 118.425280692809 2.123834 0.784257826726405
277 0.428708 109.289314142136 1.938893 0.755042199823581
278 0.450683 116.110661710837 1.947071 0.757426747139842
279 0.413247 105.36339768869 1.988364 0.731318941981721
280 0.379844 114.295916797712 2.014219 0.778401921689629
281 0.359842 118.157241361361 2.064188 0.760265822844815
282 0.245755 126.965826025672 2.206848 0.839317930887186
283 0.446932 109.328470458872 1.914315 0.701556579360297
284 0.323251 115.568143041388 2.085131 0.769209465959908
285 0.522127 111.751616008024 1.831027 0.723575813946697
286 0.363761 118.326717900888 2.069479 0.751757946544935
287 0.370228 109.521943815721 2.017103 0.744612919434499
288 0.453416 113.509616369916 1.901082 0.794193471961214
289 0.381752 118.942246512929 2.019724 0.776241050128223
290 0.633724 106.838745329507 1.577297 0.703756281150197
291 0.264688 122.928920768949 2.190957 0.822706327609139
292 0.46915 116.530081190784 1.906824 0.723578357299965
293 0.41021 119.0472207269 1.992041 0.782443413970246
294 0.417577 117.072975991389 1.979078 0.743019410180101
295 0.553674 103.049259625762 1.728467 0.709549424434518
296 0.532854 113.125269823328 1.806918 0.739050149258544
297 0.511867 113.576409347641 1.849127 0.744068889473356
298 0.433723 115.338240773805 1.996039 0.731956679479077
299 0.257708 131.19269628455 2.196456 0.805442816867407
300 0.286028 117.813229268756 2.128273 0.77423563088035
301 0.449938 109.210418179876 1.947444 0.718541741927958
302 0.62314 102.173779467654 1.562276 0.696112297931322
303 0.406072 114.564849415519 2.009806 0.719797394462541
304 0.500496 104.502049230845 1.834621 0.739950000780636
305 0.265777 121.50245646445 2.180566 0.792646152614467
306 0.385534 112.247404846538 2.020677 0.728204997112411
307 0.389095 115.004837462502 1.964504 0.778554881348522
308 0.352694 119.55549124704 2.006225 0.786511024979127
309 0.387794 116.953840682829 2.022047 0.766058023650079
310 0.291106 113.938661217736 2.112778 0.799850348528602
311 0.379511 118.393886553582 2.013168 0.806467107265327
312 0.637715 110.775492099593 1.444694 0.637597405338242
313 0.44248 111.779336295236 1.966265 0.756119594758263
314 0.532803 110.567027282997 1.789107 0.727500466051124
315 0.433047 109.794783873446 1.963124 0.724321962218226
316 0.368106 117.493323934499 2.071359 0.784453999740184
317 0.268719 118.979098707815 2.152164 0.770505671629866
318 0.172299 134.000705684414 2.253649 0.812528013461287
319 0.387048 118.854569745853 2.040145 0.814905702924498
320 0.411215 120.195461322533 2.003499 0.791712597691197
321 0.327191 123.252368571356 2.119373 0.750427290384361
322 0.351988 116.372380912426 2.059898 0.755195087511157
323 0.587434 116.606716778713 1.66321 0.79568483019159
324 0.457498 118.035462671928 1.915315 0.736340070293176
325 0.649689 100.027584889507 1.527734 0.673861446500184
326 0.170304 129.916055578716 2.250104 0.826432836735099
327 0.563612 115.536329620113 1.70304 0.758299798047831
328 0.567418 114.514595332783 1.713307 0.732301636986276
329 0.378195 118.481027469822 2.062796 0.741388865558841
330 0.603086 103.968906975004 1.608394 0.678843609463954
331 0.386032 114.928175760009 2.022789 0.760657684430033
332 0.613753 106.198211118759 1.602254 0.691416787591028
333 0.616476 112.645176128525 1.59287 0.688028942058778
334 0.479515 103.594332661735 1.869401 0.738620333261002
335 0.222181 130.747645365922 2.217666 0.821951023468945
336 0.603057 116.967628575399 1.651027 0.767059184298025
337 0.54624 99.2550753952134 1.769936 0.698114997927153
338 0.338271 113.744078536501 2.098739 0.761993351722144
339 0.307337 122.742324521082 2.151233 0.812226114443105
340 0.487673 110.968015489265 1.877314 0.741293208711382
341 0.369859 115.371256842943 2.038863 0.815596303921779
342 0.21004 121.394410534417 2.224827 0.788867661187081
343 0.333111 114.485518681873 2.064226 0.789493314902331
344 0.211643 124.043398950673 2.207291 0.806513022000505
345 0.310567 124.136768419611 2.135595 0.794395901373734
346 0.377819 112.180080526792 2.062922 0.781605213384226
347 0.195965 119.319983608794 2.218777 0.774834832024289
348 0.372624 115.265916316482 2.011889 0.788283103439657
349 0.534516 122.889300558227 1.791267 0.786102559755208
350 0.451171 112.335314117486 1.912203 0.724458277337019
351 0.372737 118.711580317841 2.058525 0.76122056349996
352 0.473822 118.714028612 1.865818 0.753264345782771
353 0.568493 90.6329413388565 1.713617 0.700583625822972
354 0.338506 119.001193513221 2.110592 0.794553452901342
355 0.559482 111.637881485018 1.746187 0.703781398290391
356 0.267919 116.225513636489 2.169566 0.752956940278895
357 0.3616 124.143844846991 2.072671 0.772737592042926
358 0.377876 121.586404127221 2.008495 0.794522889030067
359 0.336305 116.233033291888 2.102027 0.780497618943203
360 0.48711 110.094154120136 1.876186 0.747593757038844
361 0.331765 113.673405427402 2.107536 0.749525625622772
362 0.521532 115.174686882202 1.802896 0.723920828934417
363 0.51049 113.892159265544 1.830063 0.738350691548967
364 0.541073 110.489165384133 1.746684 0.720367712017297
365 0.434296 125.59204690075 1.978974 0.79553676109211
366 0.439206 113.358458563704 1.951862 0.736834098209086
367 0.493799 118.358312268175 1.86858 0.780793475278723
368 0.345976 104.826189546647 2.052151 0.747964670820414
369 0.3957 118.252098177014 2.039444 0.7945086403623
370 0.601738 106.442754542057 1.644275 0.629146384103553
371 0.363515 117.712350139332 2.05923 0.780547810292204
372 0.450219 110.537572970816 1.925993 0.790937767941235
373 0.369622 125.814993700203 2.069645 0.775392609793418
374 0.417321 114.065625516501 2.000758 0.765960178079178
375 0.466228 120.02057182162 1.903689 0.781136881570682
376 0.373028 110.229747941588 2.06428 0.724784031835588
377 0.526298 110.050647896685 1.820296 0.696202551840054
378 0.421957 126.935308986092 2.000614 0.788992182536217
379 0.483827 110.797819931944 1.891585 0.759709522487666
380 0.570014 120.033814818194 1.716543 0.786584082693674
381 0.179031 133.235108297328 2.251461 0.819517243428638
382 0.461676 105.837059193102 1.872173 0.735531579703185
383 0.532068 89.5397535934861 1.793858 0.727609804134306
384 0.489089 114.266312325043 1.850698 0.786442778442049
385 0.397658 113.124875978967 2.005612 0.794922831441187
386 0.206255 126.285364262284 2.231212 0.815492384450119
387 0.451542 119.896698677235 1.951973 0.806304385994347
388 0.326769 126.94541488142 2.125376 0.825236325674149
389 0.331261 115.65329209324 2.095583 0.769211225744917
390 0.416221 115.499157440767 1.984131 0.778835617488957
391 0.340323 113.001381534406 2.092716 0.785773329870781
392 0.387827 115.625941123508 2.052624 0.734841879168159
393 0.361424 113.625250289334 2.071618 0.788965153714036
394 0.285487 122.320072140547 2.166704 0.798661199288756
395 0.36609 113.705385655066 2.057243 0.781537354296358
396 0.182076 123.860753726945 2.249083 0.809969043183248
397 0.340717 110.82902692409 2.077432 0.760976668450637
398 0.456127 109.256865419688 1.945036 0.737713931908162
399 0.544985 107.980625251617 1.762268 0.720066067352903
400 0.505442 120.04383348802 1.845727 0.748675851323745
401 0.467344 106.179259010187 1.88711 0.743613384143256
402 0.564237 126.089152314205 1.738424 0.752625833478049
403 0.335604 120.491453799991 2.064272 0.793959130050059
404 0.504885 115.197944202718 1.822871 0.722301233866204
405 0.524368 112.51118003525 1.804386 0.698828442057986
406 0.345305 117.088382044616 2.09665 0.78371071098382
407 0.496222 107.21866407684 1.869682 0.723207164093741
408 0.43985 109.254996732998 1.910192 0.745369419411685
409 0.402119 125.967236163309 2.008219 0.755948426108053
410 0.480854 122.014289617081 1.896492 0.778562425555034
411 0.461028 113.687438645402 1.927977 0.742809521351481
412 0.389814 114.215367651293 2.005223 0.768690531172134
413 0.276659 119.038417636523 2.167842 0.813115710147208
414 0.318582 117.65984925795 2.129199 0.758035454252788
415 0.438855 115.370029616724 1.895437 0.734728593079189
416 0.501597 118.217949096163 1.855391 0.739116018927787
417 0.415778 121.796019302188 2.02094 0.806460285920602
418 0.452924 115.678781248652 1.922562 0.743575541592733
419 0.48329 119.70370623322 1.850674 0.748870562164482
420 0.484339 122.56282131434 1.88505 0.793125659191652
421 0.292576 113.10166466324 2.149019 0.749035656997223
422 0.537893 119.539930957999 1.801416 0.771300662450474
423 0.460705 116.036515949639 1.924992 0.761417090631479
424 0.559531 104.966130734037 1.749271 0.710476329979572
425 0.398727 113.79444025926 2.001649 0.795435301367574
426 0.38968 107.409330081591 1.976669 0.773042065644085
427 0.438608 113.027669696487 1.914218 0.758872942491905
428 0.412378 110.485874239503 1.997809 0.767002819415721
429 0.348845 116.288608053819 2.091163 0.761010009261504
430 0.428696 115.777555391784 1.96391 0.785681038648189
431 0.444561 111.32405725469 1.959703 0.731761636644542
432 0.30473 116.282935342684 2.133467 0.812940961760639
433 0.482514 104.408788340155 1.841573 0.730011152709781
434 0.471006 103.330206948465 1.853248 0.726814420678437
435 0.251263 113.705060258722 2.162029 0.718162961329622
436 0.221878 135.766938118826 2.225099 0.824911102695395
437 0.443222 116.69130671518 1.961604 0.75447451123636
438 0.468522 99.0728675346024 1.907215 0.743884333383588
439 0.343586 119.511306069786 2.104921 0.76834035504201
440 0.335582 112.002372062898 2.098638 0.743755994725735
441 0.392157 102.256980823567 2.00115 0.751337490268008
442 0.496561 111.024562258933 1.854636 0.691848797804836
443 0.424968 111.650938917112 1.980315 0.771260046743131
444 0.427903 113.492183001044 1.968468 0.794713579875712
445 0.436951 109.474759191777 1.966858 0.718840206937694
446 0.473024 108.921414742563 1.88889 0.745094553495697
447 0.472861 114.078794609461 1.893414 0.769330929686907
448 0.47156 114.127940480505 1.894259 0.719084830034449
449 0.732545 98.8766456428393 1.23934 0.647431836233844
450 0.518593 107.602302372977 1.830374 0.756509061679054
451 0.290858 129.362273735627 2.157861 0.789341651883486
452 0.431546 108.187336992002 1.953182 0.762495858222969
453 0.65646 100.427410118048 1.47982 0.678030014132751
454 0.537297 104.677552494185 1.784326 0.744988047314317
455 0.266935 136.406840618237 2.187404 0.84767096549427
456 0.242425 123.524632016222 2.17055 0.816989821837922
457 0.33361 117.256363146306 2.070857 0.784201289920902
458 0.357408 124.603998685997 2.061102 0.781620327086785
459 0.408501 112.216653373763 1.983035 0.734112052231818
460 0.51206 103.814778773726 1.786738 0.734922075946257
461 0.586844 107.164683347973 1.671674 0.746212831847732
462 0.335973 116.394795072366 2.084323 0.789296645342004
463 0.324501 124.020521627933 2.130707 0.801276150878536
464 0.490265 111.001037760584 1.846388 0.744690418346117
465 0.419023 124.382824059643 1.97269 0.803237155606315
466 0.526459 102.95530455838 1.816024 0.699056631411146
467 0.364592 107.899016399809 1.998551 0.759925841294321
468 0.384141 115.113907031157 2.035655 0.766533988687393
469 0.160116 129.082184098045 2.257506 0.805608961738875
470 0.306475 119.774313995711 2.098645 0.782378832815201
471 0.581453 113.586025050285 1.690479 0.784385792735143
472 0.455886 120.906128249472 1.950148 0.794396472628137
473 0.558943 105.355893789854 1.747407 0.67555338123849
474 0.587117 99.6920747371441 1.679277 0.714138722232041
475 0.437075 112.7216698685 1.945849 0.722904578813288
476 0.477281 110.997619316838 1.870567 0.717639309784808
477 0.255601 128.185142832424 2.201184 0.819728821543899
478 0.691319 113.612431601613 1.386461 0.710692240103255
479 0.377148 103.869637116268 2.035416 0.717144747775353
480 0.523531 112.677560220389 1.828648 0.777679227553491
481 0.35944 123.145238986138 2.084134 0.736635915791239
482 0.375167 115.343663475626 2.040599 0.793454342238156
483 0.396559 117.629292330447 2.009027 0.776321097605912
484 0.413939 115.103251975519 2.006103 0.705560947815608
485 0.435998 117.952743656917 1.98392 0.765035667033998
486 0.309232 116.725886255902 2.115029 0.762823484010822
487 0.390224 113.348346020547 2.040813 0.775043568413307
488 0.431586 127.210234531575 1.97771 0.750703656405741
489 0.256648 129.988892231923 2.197708 0.806099812341789
490 0.377536 124.50079780189 2.058644 0.775071460059728
491 0.575327 115.711310719758 1.685416 0.764497218783784
492 0.343378 126.690179135609 2.103927 0.813914365415649
493 0.394679 117.727789700118 2.039718 0.798664708705476
494 0.45157 112.094610205225 1.922519 0.712450035152892
495 0.32119 113.451177025869 2.05301 0.747979523738827
496 0.355306 114.367403949948 2.056582 0.801775741150834
497 0.471072 108.183133636115 1.905936 0.741690252550718
498 0.460873 116.764301347785 1.89281 0.73753460189171
499 0.325071 111.531827199165 2.067343 0.764632731764026
500 0.428429 110.8741804118 1.95992 0.752911811396723
501 0.344159 108.724438809151 2.06386 0.794887331313605
502 0.470069 101.814698739668 1.883794 0.777284513015755
503 0.308799 112.597718283182 2.076377 0.794388192242864
504 0.248889 118.517802737297 2.174648 0.765095889083609
505 0.343481 120.710094212763 2.09744 0.791834009934849
506 0.322537 125.681705449211 2.135345 0.798363086256124
507 0.317225 122.605748340992 2.126925 0.796815921906626
508 0.337446 125.982620042515 2.092177 0.787654096067512
509 0.375781 115.816526127945 2.039242 0.768742192116048
510 0.545141 121.492608946507 1.766918 0.752834339823389
511 0.455644 118.582396312976 1.954784 0.744653835932875
512 0.368438 112.080417934885 2.043933 0.734120841481677
513 0.609344 99.5319974168123 1.608216 0.722043016302855
514 0.503827 117.114814250547 1.852522 0.734716573021542
515 0.334764 115.813988157512 2.086633 0.763983970398621
516 0.255242 132.405489938028 2.192144 0.828298219354566
517 0.399858 119.222841726683 2.034519 0.773249863483907
518 0.451296 108.416063220712 1.931996 0.76882154534811
519 0.292266 119.52855510068 2.14887 0.761666065722493
520 0.543062 107.557462590373 1.755684 0.757963081750256
521 0.343805 120.760828216054 2.086944 0.773743973770388
522 0.351682 116.164097229105 2.083685 0.7755283175576
523 0.522857 116.601770133552 1.824419 0.759335892352022
524 0.523995 113.782083354067 1.800097 0.718915654924524
525 0.560084 106.274054709812 1.701974 0.677726888597009
526 0.122916 119.092465901402 2.272089 0.817473645964601
527 0.366336 119.291314816543 2.056755 0.774507013849738
528 0.445947 102.759780455262 1.961086 0.712127817841274
529 0.416377 117.958105358088 1.957574 0.76125112971817
530 0.402488 105.333675919211 1.998805 0.72873523359232
531 0.215598 127.975502375076 2.229112 0.789699312866327
532 0.487484 110.336426084732 1.866647 0.756360789406148
533 0.31164 119.618539482939 2.077823 0.770250402179352
534 0.485666 119.615917751583 1.897873 0.782877483680458
535 0.322121 119.530119187743 2.133286 0.755236441731651
536 0.672298 96.3315430930488 1.460037 0.646230596770093
537 0.512274 99.8389511327572 1.765215 0.743214745643156
538 0.432485 119.170905588745 1.929815 0.737244110819507
539 0.440472 122.198000535287 1.954967 0.738578101229937
540 0.446019 112.463595608799 1.911917 0.754746747064824
541 0.316365 114.597812635392 2.07172 0.788324993437936
542 0.482258 107.033393224376 1.858849 0.713403322365785
543 0.228146 123.105788829204 2.212796 0.804106848437645
544 0.541862 111.671554277844 1.787107 0.751958945868636
545 0.564926 109.90621676036 1.741388 0.732924342062149
546 0.281178 118.024474795711 2.174165 0.7990463572685
547 0.661786 94.4645466002227 1.486154 0.679048581900131
548 0.35306 120.184147630372 2.084906 0.785887724454978
549 0.257565 117.485438193527 2.180265 0.788030732114128
550 0.332056 119.447705914673 2.075805 0.7887476370973
551 0.299238 120.268558971647 2.148339 0.797015242813685
552 0.364027 120.001508661836 2.035804 0.760188386372018
553 0.380468 115.099149263584 2.01888 0.769739509778094
554 0.402019 114.722689843694 1.94956 0.762806046883086
555 0.378661 113.397373683998 2.065705 0.76961749651247
556 0.439417 117.461878120506 1.941734 0.769060075199149
557 0.66007 101.269758163065 1.488526 0.704886147929217
558 0.330484 119.291788172703 2.123202 0.816181059703606
559 0.673631 107.561774018517 1.42724 0.72169101796463
560 0.447035 119.516897695186 1.927308 0.730474775358445
561 0.51951 105.051765471734 1.816969 0.715332914547835
562 0.419596 112.958773618345 1.926671 0.752077178832507
563 0.437198 110.996603006441 1.955589 0.735236209274315
564 0.35821 115.800077602906 2.08109 0.76550334105199
565 0.4702 113.883071834035 1.883388 0.737786590212164
566 0.398131 115.392309833288 2.027872 0.765925139731697
567 0.351845 121.114754006292 2.094644 0.794695473812844
568 0.551519 101.509657578875 1.754757 0.703710940202849
569 0.568637 108.282741203355 1.684365 0.730283167358815
570 0.264189 119.967439000556 2.15817 0.801561355914243
571 0.129943 127.265966702446 2.273116 0.805691315228703
572 0.542245 118.878536714719 1.777233 0.735269081095141
573 0.265817 120.584442246129 2.144035 0.777541304159178
574 0.454532 103.621872592903 1.917335 0.722755080279906
575 0.253331 126.491502045053 2.19405 0.820250794705864
576 0.446313 118.276158845588 1.934617 0.739790842482124
577 0.330033 119.910730783421 2.104713 0.809761771267078
578 0.47032 115.089519343489 1.885701 0.778765911439344
579 0.54848 113.426241667069 1.780058 0.741208284856224
580 0.514211 111.373918153181 1.847582 0.76395057181975
581 0.449879 109.206245732969 1.902637 0.732276762361529
582 0.394254 120.376905664918 2.036407 0.76698771581036
583 0.459923 108.330340553321 1.903726 0.75829821026095
584 0.300499 116.547615998831 2.105462 0.739496540302492
585 0.490123 110.729320449782 1.869088 0.732867136871753
586 0.450099 105.587368003538 1.912541 0.736049757861897
587 0.519121 112.986834891909 1.838782 0.732653627887729
588 0.429452 103.526712192245 1.929676 0.746366556101012
589 0.432062 114.266846267365 1.974742 0.739524168349563
590 0.404387 112.7426327477 1.951665 0.782832744915299
591 0.339335 112.527055845843 2.078014 0.735728258177446
592 0.434371 122.71463242334 1.949928 0.780191877109256
593 0.563123 101.231173008178 1.712672 0.721241043894967
594 0.442895 105.080988774611 1.905792 0.755868816369085
595 0.361687 114.323849985596 2.074242 0.722344720883157
596 0.347318 114.841958738213 2.050017 0.767919350106767
597 0.518123 109.154743473384 1.792019 0.743976195345558
598 0.20998 132.178835214341 2.233474 0.821837475452987
599 0.388392 123.524177779305 2.025043 0.792997704939563
600 0.442871 103.008925288096 1.934184 0.712068777355638
601 0.473654 107.850283005803 1.878455 0.745347466596752
602 0.387832 107.949195139118 1.958657 0.766290770634273
603 0.551907 116.077916955371 1.773988 0.747487046874158
604 0.471435 109.365750923038 1.908062 0.728207430834387
605 0.456188 102.364159550147 1.918081 0.702488719061258
606 0.251148 121.281714481479 2.195571 0.785318015462435
607 0.386817 110.802510749658 2.034439 0.800640495493858
608 0.364805 114.47752327076 2.033324 0.752755457792631
609 0.416067 109.149854042954 1.943552 0.766034646897674
610 0.375334 115.179635476505 2.05368 0.80363390378848
611 0.408798 109.828702584319 1.969106 0.764644713797816
612 0.421637 115.705325929492 1.979825 0.773699028514415
613 0.487578 121.717135023459 1.874549 0.777600993028773
614 0.325556 118.546457833871 2.0964 0.759568567780717
615 0.451149 109.297994866734 1.931908 0.747798424271624
616 0.157524 127.848169125667 2.262827 0.831106039449616
617 0.48299 107.131466625121 1.862131 0.747198848101954
618 0.333234 120.513596622996 2.096443 0.805321212188752
619 0.471183 114.964220949882 1.883074 0.75996638530867
620 0.452631 114.114405137397 1.919833 0.764244109639963
621 0.20842 125.91257489779 2.223765 0.828780566483419
622 0.507692 106.640081476423 1.830751 0.737332914734496
623 0.409509 109.296502581581 2.002747 0.760556349571484
624 0.645157 102.140324778075 1.51242 0.662238473494583
625 0.435494 113.981492986168 1.944219 0.751739506940362
626 0.357009 118.858450165394 2.037707 0.771988150908649
627 0.448993 110.834066137659 1.930526 0.71756403820526
628 0.454003 105.860381044741 1.914019 0.727168700701108
629 0.6023 94.6184783867738 1.623583 0.698788873606229
630 0.304983 125.414496681292 2.143281 0.805368809958342
631 0.485714 111.65969045698 1.884366 0.770061088980574
632 0.432692 115.474835498522 1.936762 0.762606469184345
633 0.33904 120.464070616723 2.097543 0.759440315458976
634 0.336307 112.381946858938 2.093879 0.781362351518554
635 0.384088 111.624131467999 2.022699 0.743753515526824
636 0.271541 122.781093169783 2.138895 0.792312960297859
637 0.448129 114.611005726226 1.906964 0.737726006292507
638 0.522601 109.962730215185 1.815287 0.708205835307346
639 0.667923 91.3779697684309 1.420393 0.679663032305686
640 0.460867 119.604087972951 1.867309 0.7689312253273
641 0.278631 118.673332445915 2.174997 0.793001488964697
642 0.323427 116.745202777566 2.097654 0.778953551331763
643 0.502943 111.460214626883 1.829423 0.715316391038295
644 0.414533 113.765103135204 1.987012 0.769318048466054
645 0.369877 126.322881399115 2.078037 0.802506461449205
646 0.539988 118.641264839872 1.792467 0.778778459936908
647 0.672874 107.883721213316 1.424314 0.706038857461861
648 0.414969 111.006246681817 1.984773 0.733364236809463
649 0.318023 120.509507818982 2.112009 0.770408332019969
650 0.626724 119.107166587135 1.581736 0.734994573938832
651 0.338117 115.025249260665 2.112115 0.773081613860237
652 0.460152 101.896869855308 1.844465 0.727965065886078
653 0.262404 103.815793194245 2.121438 0.762622970897277
654 0.714077 93.9145588558539 1.276856 0.661918300541868
655 0.241891 120.21978838283 2.19219 0.798360789912242
656 0.455277 127.471626467671 1.921913 0.774225773558184
657 0.42679 108.882082214492 1.964892 0.729737172381044
658 0.504729 112.970944209975 1.820548 0.774144178310576
659 0.613676 107.321711761167 1.605348 0.72423286309514
660 0.391515 114.899858874269 2.030023 0.779454216917304
661 0.328639 113.408111555721 2.1121 0.765332310528834
662 0.41691 115.521916387473 2.002297 0.787541048200101
663 0.302567 111.275289197569 2.112534 0.761906045178324
664 0.460287 120.066129008302 1.913564 0.794605630811485
665 0.66235 96.5483179091698 1.478649 0.646514787393676
666 0.411223 112.421123224891 1.966178 0.783813087377163
667 0.629172 107.902126309485 1.520855 0.656858817879553
668 0.346012 120.754781972979 2.106081 0.785360970782308
669 0.348242 116.620094371672 2.05627 0.77250726874427
670 0.291077 124.187431809694 2.146933 0.742901728886306
671 0.563043 95.2089717181406 1.682441 0.736032378308988
672 0.511158 114.022936686947 1.865134 0.734796985241393
673 0.510705 112.057449949808 1.81568 0.745604803888149
674 0.455569 116.670343900395 1.941799 0.768048069478151
675 0.33763 115.711258662888 2.079631 0.754658174030301
676 0.539519 107.017576028896 1.757194 0.755327257909682
677 0.466491 116.850575682791 1.902476 0.766073840240948
678 0.392328 108.87942868072 1.987294 0.796771074937496
679 0.415651 113.080981030263 1.952161 0.748533415581409
680 0.471943 108.623899723296 1.894535 0.751319130272036
681 0.502902 104.929367100074 1.841707 0.717378783012672
682 0.416763 120.930218663765 1.989588 0.783582538953322
683 0.398183 108.988402267129 1.971929 0.728982787868085
684 0.527984 103.978164047689 1.80043 0.746145773108038
685 0.422779 117.037522619744 1.977458 0.745022434978869
686 0.657142 102.349872801945 1.500297 0.719143933641881
687 0.482087 108.912561061272 1.876771 0.716384235028057
688 0.374453 113.872630428915 2.016203 0.762810687000239
689 0.534118 108.599444661653 1.780614 0.720404856434369
690 0.32339 113.687104548555 2.068262 0.765106681277572
691 0.431752 100.815519023834 1.982529 0.711646064639266
692 0.436486 117.043180540375 1.967219 0.785615780548039
693 0.354652 115.295506178344 2.086973 0.707855483460271
694 0.39227 119.918117455375 1.992012 0.729110867628454
695 0.15874 124.423801591911 2.26052 0.831526398438523
696 0.351498 112.64091236321 2.041436 0.758781753660882
697 0.412057 115.591572450354 1.97722 0.744574405455421
698 0.364652 111.78050124642 2.029108 0.774846105682599
699 0.352108 121.064279459979 2.071469 0.770596164032762
700 0.422558 110.77173568249 1.969068 0.752309074230234
701 0.415945 112.851198291859 2.012819 0.758799108612681
702 0.404496 112.961360131988 2.026136 0.777380912917935
703 0.500709 106.483675901865 1.841542 0.757284328317092
704 0.193708 123.530556879124 2.22253 0.813438918657993
705 0.457959 116.413788402484 1.923031 0.806714588977384
706 0.397887 121.374661293293 1.997198 0.774962218483331
707 0.509515 122.584776914478 1.848464 0.772525231031801
708 0.396072 113.13701881111 1.994029 0.724513046863561
709 0.305375 119.738060116282 2.132474 0.797156987897943
710 0.506333 112.934099969123 1.821278 0.711930209139197
711 0.480432 113.594429283179 1.873033 0.753309181456493
712 0.366455 123.833486155153 2.052525 0.789607815224243
713 0.352579 121.439832367738 2.066389 0.791807781332171
714 0.620438 121.058189742229 1.559779 0.732286501460696
715 0.403534 114.650373129454 2.000707 0.727154086490345
716 0.353139 110.268398754789 2.073104 0.782183088419872
717 0.58121 98.120346463658 1.693836 0.704637223689763
718 0.380449 117.20499691736 2.05255 0.783814375179175
719 0.333005 121.001432201551 2.107402 0.787852875876946
720 0.387913 117.830668054757 1.996826 0.758470552424353
721 0.363398 124.377812221985 2.044084 0.794721199783339
722 0.519485 103.353640302539 1.787843 0.731399596508156
723 0.41976 111.265808257128 1.958647 0.769153393866654
724 0.518882 113.644784952389 1.812271 0.758360722539862
725 0.460125 113.041040306129 1.84007 0.763098234329582
726 0.454514 120.143234053188 1.95827 0.758837540769919
727 0.434512 106.553697976315 1.905212 0.73725868778706
728 0.379088 115.001564806661 2.04703 0.782162518871028
729 0.537306 113.167161534932 1.769929 0.742444697931072
730 0.525168 120.670593044986 1.830452 0.785545326673758
731 0.479895 124.788291953308 1.888107 0.783582054111431
732 0.237069 135.437809379998 2.214039 0.818930759052092
733 0.40316 106.365891217044 2.012852 0.754809040894018
734 0.328858 118.402013774773 2.101306 0.774183757670408
735 0.245086 122.493277289937 2.197124 0.796049219485823
736 0.667024 104.952871974753 1.466766 0.661411495611709
737 0.41989 113.161584059915 1.926608 0.77511616018507
738 0.444285 96.7865471148155 1.930093 0.708004587696871
739 0.400393 121.61065470312 1.994471 0.77032969033376
740 0.497989 111.430970669769 1.871714 0.766903763389267
741 0.427618 106.466331600453 1.927704 0.757451140049435
742 0.259978 124.137445122455 2.17626 0.805184940938984
743 0.311649 119.683460814173 2.135184 0.783924215749063
744 0.489123 114.372272112767 1.868564 0.775690737238605
745 0.434525 118.070069874229 1.990463 0.752973395742348
746 0.285446 117.217398647199 2.143445 0.791897382970025
747 0.408721 115.263349763488 2.02416 0.802382569041409
748 0.438587 106.127174834853 1.919659 0.738010255101979
749 0.413713 117.453210614538 2.02171 0.783040636406767
750 0.458159 113.11810767822 1.926705 0.748591056507972
751 0.45001 119.97279755253 1.955591 0.766725367716834
752 0.276725 114.901700950454 2.145347 0.787682709637603
753 0.408643 103.874952651237 2.001213 0.729500751349762
754 0.596001 109.534996326671 1.669645 0.716446366555364
755 0.46587 115.342454715106 1.886954 0.740146983630853
756 0.582341 106.11491682864 1.66604 0.731339257200013
757 0.431549 117.580493766676 1.943207 0.802451198905776
758 0.569885 100.280300755125 1.711435 0.722166631067658
759 0.333995 115.710911698894 2.101435 0.755895769188173
760 0.152875 129.031768936105 2.265188 0.812748129581636
761 0.606672 100.149744118478 1.636542 0.721864027216682
762 0.641023 93.6636275180433 1.537764 0.621924384074772
763 0.35207 111.818952692881 2.087905 0.760260030233446
764 0.481281 115.031158464101 1.900895 0.736025775363271
765 0.280235 129.356806098294 2.160022 0.822401753891932
766 0.433532 111.225654452202 1.926686 0.747727064302536
767 0.453908 112.776114438376 1.907741 0.75368999273737
768 0.263206 121.184829310413 2.178174 0.801606041674536
769 0.317402 126.732390791592 2.121181 0.797852490622535
770 0.454286 116.092359681669 1.858918 0.766365876807477
771 0.395342 106.430510539895 2.017436 0.769571722620215
772 0.503605 113.232428826954 1.867513 0.732249527757076
773 0.557061 108.814745412358 1.711628 0.708325386157447
774 0.404475 119.427923166144 2.015277 0.828538342151814
775 0.48372 114.171766094504 1.893729 0.742761518852838
776 0.542685 110.085377498506 1.776162 0.744071265140271
777 0.377786 113.165132312321 2.003745 0.802666237301223
778 0.293335 121.316454693078 2.151932 0.809096562067514
779 0.442531 118.934617755736 1.939533 0.780845445872079
780 0.465135 115.718062399754 1.915076 0.774191734873929
781 0.433669 115.801813668985 1.928297 0.756504447042725
782 0.385598 116.921449265387 2.029421 0.766934115366568
783 0.610788 113.578637776081 1.625952 0.785174213228898
784 0.58046 95.79150349668 1.685386 0.728252117393155
785 0.439111 109.234988646734 1.961307 0.735379613016619
786 0.380882 111.550186020295 2.029473 0.769986268700091
787 0.337489 125.160998864195 2.111294 0.806058252538405
788 0.598518 93.133549316197 1.606101 0.64174407721801
789 0.344875 127.122229392112 2.078997 0.806134213124934
790 0.371591 119.369853544552 2.047907 0.780675509050921
791 0.247245 121.175697602342 2.197064 0.686694598301626
792 0.512032 98.9430940473722 1.808602 0.709418067457216
793 0.478673 119.454445484482 1.897294 0.766487075923831
794 0.464966 126.090623434756 1.902619 0.809412713295654
795 0.658675 94.9047283817629 1.481476 0.608614487134081
796 0.396231 122.30860255091 2.002992 0.777750003054214
797 0.498325 96.5883238318904 1.815197 0.709341384699629
798 0.323606 122.438733081359 2.130028 0.754852846694104
799 0.360949 109.327936198903 2.088772 0.761246387511564
800 0.517807 114.305222416288 1.803618 0.745012065239147
801 0.503885 107.286377071441 1.841215 0.723413457848417
802 0.310582 120.822980265165 2.104466 0.817715201094477
803 0.420837 119.219440243429 1.974981 0.794830768003584
804 0.515611 109.525774257268 1.811672 0.734765859777257
805 0.470705 116.287536942635 1.90648 0.772962859949116
806 0.150468 133.434273622025 2.267796 0.808187812110674
807 0.430601 115.838509875751 1.962616 0.759023373321049
808 0.497003 109.726703476716 1.854848 0.716584567285704
809 0.351783 106.965681436543 2.031659 0.7457823639423
810 0.420442 111.524280819469 1.994945 0.766749596432019
811 0.804377 92.015482407876 0.91358 0.596913530596025
812 0.217535 126.705567898083 2.228183 0.808018925998287
813 0.560264 107.394716282323 1.742636 0.735365502750925
814 0.431139 105.830380849983 1.920004 0.722936494753853
815 0.381186 117.076370670131 2.004624 0.776319147600171
816 0.479467 108.202539084721 1.815217 0.770144765733025
817 0.511586 105.363347723933 1.856101 0.730325112464096
818 0.412933 113.713945387968 1.983483 0.69154724548794
819 0.488142 108.416176452262 1.849148 0.730345608520346
820 0.380859 115.03447188262 2.022814 0.769940759323064
821 0.462184 110.491494793534 1.888214 0.723680277916408
822 0.345884 117.995862195738 2.081811 0.754063169964889
823 0.459407 119.114254375318 1.912598 0.719152719610116
824 0.401759 111.610633180737 2.010484 0.766221441155308
825 0.442499 109.908076477395 1.890614 0.794763984368397
826 0.405595 110.668947844912 1.985838 0.768604985883011
827 0.450261 100.66005177587 1.931969 0.740347298268453
828 0.462932 112.919432262977 1.914716 0.771758294821925
829 0.402701 125.55557066398 2.018643 0.75152316983301
830 0.42566 120.508267097958 1.952915 0.787906764751475
831 0.355319 120.953827814554 2.090219 0.783757314503729
832 0.188501 127.346888993587 2.23409 0.783582734413211
833 0.371617 106.720594208078 2.029738 0.761278736683362
834 0.494131 118.267829664256 1.853242 0.817390397429101
835 0.304163 116.57295686833 2.109729 0.762004748579155
836 0.422306 108.04832997962 2.008631 0.773176567795218
837 0.653737 97.9959204225421 1.457017 0.709450411519029
838 0.396173 120.285098267894 1.980103 0.776515774040746
839 0.393236 115.740482818851 2.027027 0.767784199768119
840 0.518311 116.629125634056 1.821082 0.757905251926887
841 0.539942 96.7945861784248 1.774065 0.716548393843961
842 0.385802 112.304943175137 2.009895 0.754607286912029
843 0.48251 104.223948306786 1.895889 0.735146290378159
844 0.362748 117.62501668738 2.077723 0.781386747799787
845 0.33035 125.63718328963 2.125998 0.773973327993826
846 0.218331 131.774920371427 2.227889 0.802747736581105
847 0.372926 120.436032635527 2.060571 0.798645304215338
848 0.437386 109.723775537915 1.937248 0.691267089862531
849 0.370169 119.798511510089 2.068195 0.705505320291299
850 0.498729 111.817024233295 1.804982 0.724192149808796
851 0.476008 121.442222234149 1.865969 0.806896159233315
852 0.450463 106.158198604509 1.885876 0.763563100531379
853 0.372672 119.13246487118 2.071095 0.742068039166344
854 0.399393 100.932633139405 1.967556 0.724957144149439
855 0.463386 119.49088714691 1.893096 0.80216030418888
856 0.624904 111.354105043378 1.590961 0.716617738561608
857 0.385583 111.195746667873 1.9888 0.770796825990822
858 0.38519 114.998311852268 2.039882 0.783704956199801
859 0.377832 119.038287697059 1.990971 0.784099408190451
860 0.414733 110.059542198764 1.960702 0.776851020396292
861 0.452978 102.685391943078 1.909363 0.716131136214392
862 0.419272 111.765350673138 1.944689 0.770043351744418
863 0.43605 108.961180653044 1.931136 0.723590578815893
864 0.577083 117.976813361991 1.715225 0.759952879219975
865 0.388709 117.800384873281 2.011347 0.764694230647673
866 0.415172 122.486861760176 1.99341 0.712301102842415
867 0.293355 122.096649550803 2.143252 0.766707183300777
868 0.45161 109.630160450822 1.963325 0.749751925080241
869 0.619893 101.978302154557 1.607639 0.691130634419665
870 0.662885 113.837115521547 1.486705 0.730496267733758
871 0.486191 101.111521057069 1.85144 0.677335529927394
872 0.385529 112.832983001755 2.022673 0.744118284320777
873 0.414953 108.853566188931 1.981219 0.742338849927209
874 0.289357 130.115842820259 2.144132 0.812368465076354
875 0.337372 110.683774978063 2.079558 0.780303171614135
876 0.251521 125.124684223793 2.186153 0.80702279049754
877 0.452161 104.633312608476 1.934029 0.748497530211043
878 0.173539 125.039401327962 2.255963 0.809888258999687
879 0.214387 124.424485402269 2.228235 0.818435859309325
880 0.376429 118.353266855776 2.022872 0.777992047396446
881 0.393915 114.667773844487 2.039655 0.757518716372877
882 0.399638 107.570464638887 2.033267 0.731484307050876
883 0.328037 116.7499389921 2.117996 0.754816937048371
884 0.369938 116.691375369558 2.016329 0.7712127039259
885 0.414524 101.4406835034 1.943165 0.75316319823295
886 0.322383 114.776333614429 2.115958 0.797833562368435
887 0.386066 101.021524179287 1.98192 0.734448607834452
888 0.317473 108.791987277823 2.120638 0.759135667896978
889 0.469756 106.583360899985 1.91207 0.756274671426367
890 0.410369 114.319689535853 2.000219 0.780084100180976
891 0.35879 116.865122782732 2.057308 0.769769894994009
892 0.31177 120.817196740663 2.134726 0.818573529429483
893 0.431698 111.909685536797 1.982094 0.758910223348191
894 0.307656 120.080586862234 2.077334 0.764463711870997
895 0.488069 106.369571129526 1.878556 0.768852635012911
896 0.369891 118.356173106737 2.045191 0.757324451619094
897 0.572315 123.725197039461 1.722927 0.760060897411776
898 0.747157 100.612831776587 1.191902 0.643307621715858
899 0.391995 119.090623225743 1.983495 0.766855471316636
900 0.476262 120.884869866185 1.899121 0.758762830428905
901 0.376349 117.249178072483 2.02204 0.753070640033086
902 0.23971 120.681006229349 2.188293 0.809259758498591
903 0.461913 117.975535768423 1.917686 0.795438003072738
904 0.508148 104.394469169459 1.793354 0.74013151885593
905 0.436783 113.265656146609 1.940516 0.771215759524111
906 0.442654 110.388431236113 1.966324 0.750988375288716
907 0.431838 114.967190602722 1.961366 0.759343476152543
908 0.461101 112.627664266404 1.866978 0.733187887830526
909 0.452927 113.770602332294 1.922895 0.773943630231546
910 0.445622 115.829870753761 1.957586 0.778145147325566
911 0.457676 114.815608986051 1.910776 0.783133152957566
912 0.352127 126.659432108342 2.094229 0.789892552198453
913 0.501625 117.598418616201 1.866368 0.736652042944753
914 0.41726 117.905695218384 1.941823 0.780974747568445
915 0.303703 117.587794935481 2.142342 0.775564598886029
916 0.477785 115.538925727968 1.90253 0.765469568644276
917 0.614733 105.763519952267 1.596298 0.702096370249387
918 0.596937 107.964241552632 1.613187 0.710316697009398
919 0.343398 119.52345222176 2.073961 0.765209933144581
920 0.45861 121.727875754065 1.944689 0.795673200049451
921 0.547404 113.702172974791 1.77422 0.723059411156942
922 0.38635 103.787837206797 1.996911 0.694553232330642
923 0.430583 112.002897289427 1.919952 0.752028632101985
924 0.450616 111.761061699188 1.936535 0.727063458201989
925 0.401478 113.024293030548 2.012009 0.770379946078925
926 0.570977 100.092699523792 1.697337 0.67714662335264
927 0.457466 107.590031326493 1.894177 0.746071500450448
928 0.385712 120.659126190507 2.051726 0.798548285571161
929 0.3795 118.511477038327 2.025648 0.794608162904954
930 0.266795 128.144325790349 2.189575 0.796949006269656
931 0.416907 117.225725674764 1.982805 0.779781166766367
932 0.417612 125.79657981025 2.014032 0.769603217404758
933 0.348037 112.570394075808 2.047032 0.760675101776088
934 0.47864 101.681732423627 1.870666 0.675607599413823
935 0.386331 121.105071543894 2.0608 0.787803961004117
936 0.325705 111.825751596399 2.090294 0.692618972695145
937 0.512128 106.822101430535 1.781733 0.734002665988066
938 0.266002 127.338713005798 2.183852 0.826466046303528
939 0.198144 119.502161722528 2.239817 0.820334844799401
940 0.382433 112.034375506677 1.984269 0.750683029173499
941 0.43413 118.912919349012 1.963032 0.763024904683796
942 0.542511 109.224350274745 1.774014 0.699197101021481
943 0.387076 125.313871137055 2.021856 0.745503628970491
944 0.490968 111.563519621689 1.84173 0.75579335644091
945 0.502101 116.674265185301 1.842326 0.770908417022054
946 0.469281 107.776319039859 1.877879 0.707638763113147
947 0.471795 106.419652252163 1.920274 0.765651262590996
948 0.362092 113.016417919403 2.059282 0.782609565312624
949 0.517935 105.954558482181 1.826094 0.751845272840369
950 0.468221 107.737525766063 1.849169 0.729405594931733
951 0.566493 111.019358126282 1.716112 0.765880485266498
952 0.420079 119.309984718162 1.977674 0.761130462068238
953 0.477921 105.360426019243 1.879173 0.714416600070081
954 0.356539 121.586807565383 2.05852 0.750536324506803
955 0.638722 103.64244171979 1.545388 0.69117288865126
956 0.632835 115.875798072638 1.561378 0.747451793127746
957 0.564118 117.81137315505 1.726194 0.759035706222275
958 0.336604 126.048484508548 2.114937 0.809018015500496
959 0.516267 119.34766761933 1.850434 0.780576451397647
960 0.477235 112.890219665583 1.90394 0.746754514494171
961 0.388041 113.567864525782 2.034725 0.765623911441774
962 0.344763 113.880237274257 2.106645 0.758561037793437
963 0.374066 123.382674766248 2.065189 0.777381013588987
964 0.276267 111.893754689047 2.16209 0.786689627539474
965 0.473848 101.273505755727 1.8436 0.714828710895096
966 0.588674 99.6716467613415 1.670344 0.686184591785949
967 0.428456 108.045623570662 1.957842 0.773781595025401
968 0.427154 119.101996816862 2.000077 0.775509272314635
969 0.458042 118.124206673436 1.925277 0.769356796828233
970 0.379261 123.143808136645 2.068267 0.762268452338329
971 0.494313 120.595912631095 1.88629 0.75628455261318
972 0.461764 119.862169641329 1.922242 0.791727940339823
973 0.486732 115.727007431143 1.879198 0.748019893369935
974 0.398016 119.183285326432 1.990292 0.785222286237195
975 0.472835 108.82687836055 1.853055 0.707532172095135
976 0.435699 116.279599782353 1.987653 0.765065107644703
977 0.321224 115.586050047045 2.096591 0.788403000337157
978 0.476623 106.109388970099 1.905017 0.752024186585411
979 0.386963 126.104699770404 2.03412 0.7978896835478
980 0.204733 118.285711326135 2.235568 0.807831462436074
981 0.534737 108.093917161407 1.780912 0.742299322664965
982 0.409586 119.913453146112 1.991579 0.748739743755864
983 0.336939 116.342077280094 2.07582 0.800154877107677
984 0.418382 123.726349233941 2.018605 0.737797421109852
985 0.54174 109.442497921853 1.777561 0.758816934949552
986 0.433259 99.6461801760582 1.952178 0.728531851839624
987 0.363841 115.6793512252 2.043737 0.747164588773525
988 0.529862 107.882897451765 1.812938 0.689233981894231
989 0.435793 117.714258694766 1.968576 0.751497896767459
990 0.520086 114.111653096876 1.821641 0.749232629120183
991 0.453783 116.373625841379 1.907252 0.754225545032666
992 0.47232 117.429551465576 1.913271 0.770548222077806
993 0.300477 116.944211343355 2.132289 0.791396938937048
994 0.541474 104.409531177041 1.740204 0.688588250618946
995 0.512258 100.779058227618 1.819373 0.700883313254452
996 0.414394 113.69495899273 1.99803 0.78808605047157
997 0.316853 112.89458873526 2.138056 0.783726601171026
998 0.395438 123.178762891905 2.022565 0.778291004637847
999 0.468014 116.11115973758 1.921217 0.76267808006906
1000 0.242152 121.326266306407 2.191025 0.801120413806952
