rep aei_left left_area adi_left H
1 0.476855 121.18207659501 1.841629 0.822333813011828
2 0.253922 120.331957463652 2.18724 0.798171807041481
3 0.279693 128.78967980451 2.168302 0.845309863351844
4 0.418471 118.189580470658 1.984178 0.798318685462038
5 0.367306 117.874211920309 2.067557 0.806305948453294
6 0.401089 112.945281595673 1.970138 0.792866492245402
7 0.443364 116.39751087734 1.94319 0.79335219886556
8 0.501693 110.983118654513 1.83437 0.774710337553898
9 0.428137 113.689672163352 1.976242 0.793991925442749
10 0.361505 116.003221282179 2.042582 0.769735583201183
11 0.359533 122.401646505736 2.077869 0.791194319270713
12 0.427761 110.962348081815 1.902518 0.79334570197211
13 0.432526 116.803245150541 1.966461 0.803032032095554
14 0.525485 111.243199112023 1.789798 0.789226748433492
15 0.393194 114.234443356859 2.004954 0.782079979944818
16 0.503708 113.652918346809 1.816657 0.772816026645187
17 0.28931 122.295330591551 2.14243 0.829307030461061
18 0.342132 121.846940681123 2.084789 0.812637666174211
19 0.363488 119.708057245116 2.007283 0.781687027297528
20 0.425424 115.662320408524 1.953816 0.798141143414287
21 0.476471 112.022507400967 1.881015 0.784719069740555
22 0.440652 114.507961549036 1.909334 0.803423002531709
23 0.387753 116.993307447179 2.008198 0.815074349040892
24 0.315213 116.515911399776 2.112502 0.821351506831952
25 0.236373 122.776566796825 2.179457 0.83347425459533
26 0.362247 119.62615741218 2.050402 0.788620419086238
27 0.370661 117.169283174852 2.034588 0.79345604165006
28 0.308069 114.209826342799 2.111229 0.813359341003052
29 0.434242 108.319188811678 1.929813 0.803003425802173
30 0.311471 125.300184090631 2.139637 0.850761808852714
31 0.375296 123.564273377917 2.03073 0.814185080860469
32 0.367761 121.42276753236 2.060313 0.833658143759623
33 0.306495 126.407244401874 2.135261 0.817298430970964
34 0.363055 118.691137542974 2.056352 0.810256842501845
35 0.476226 116.509927951674 1.853908 0.743355286509777
36 0.4061 110.026169873103 1.966542 0.783913281378846
37 0.421098 109.501359846106 1.918378 0.791601126360705
38 0.404541 119.711822630583 1.998232 0.809984876978155
39 0.336851 129.147367495461 2.119681 0.848694013821429
40 0.378077 119.525390223129 2.041001 0.811142809762249
41 0.553995 120.363364717022 1.777064 0.745201240975074
42 0.331864 122.534262038902 2.091456 0.82205159047365
43 0.346145 116.909436283696 2.081506 0.812132194279515
44 0.46861 114.028711500553 1.840799 0.785775770276221
45 0.354667 114.729135774233 2.090235 0.788073997658456
46 0.411145 121.564252517624 2.019859 0.798243568814404
47 0.412144 112.923852409367 1.969042 0.794028713793398
48 0.299848 127.508741499748 2.156078 0.82975879675575
49 0.410885 119.86863741455 2.011205 0.733477947301109
50 0.389724 118.299052405837 2.030234 0.793311446713556
51 0.451477 112.824261169831 1.914769 0.786741819400011
52 0.395448 118.768398609162 2.006473 0.805798313986382
53 0.430563 106.062429129082 1.91018 0.769133779191975
54 0.349084 120.429578274857 2.066222 0.816505715265632
55 0.323941 111.492866368339 2.091009 0.768704550087909
56 0.346588 113.627046199747 2.057337 0.814978041502989
57 0.483674 112.471244436992 1.875683 0.726690106603156
58 0.45901 112.160828595735 1.895013 0.783579100049542
59 0.321378 119.206152795445 2.107177 0.81057586463072
60 0.375417 117.083280677309 2.069262 0.803615701234721
61 0.412053 122.579648404349 2.009193 0.810780853368674
62 0.207026 130.33133847223 2.217521 0.841910133831946
63 0.512042 114.140840011677 1.830402 0.777438615754567
64 0.522899 113.618650851715 1.812966 0.783086044912298
65 0.2762 123.429383044981 2.158691 0.852673970475288
66 0.443661 116.109714809633 1.929958 0.792029376085605
67 0.433698 118.642484174188 1.928107 0.768813513645757
68 0.265081 122.269693806653 2.182128 0.818865240550336
69 0.31442 116.529356468148 2.129793 0.796777348824832
70 0.443192 110.364907201489 1.934387 0.795266398150739
71 0.367693 113.568562839353 2.043695 0.80646317957322
72 0.385111 122.695043583499 2.056667 0.805898088492401
73 0.417256 117.548980818124 1.968287 0.803012313740036
74 0.450496 116.046301554061 1.90148 0.793549233417275
75 0.26917 126.018904396632 2.166029 0.827118543316482
76 0.493539 114.111926466836 1.84864 0.77850614910178
77 0.399679 110.958498583889 2.004251 0.762263292541924
78 0.604688 108.563960310955 1.651537 0.77513696196263
79 0.310912 117.418106014767 2.089688 0.820908608841597
80 0.477698 118.631435672066 1.884154 0.798647413042034
81 0.470494 110.471559327639 1.91304 0.779877436179645
82 0.458951 106.401701274609 1.875894 0.782699623727975
83 0.45261 113.880715563172 1.943203 0.799694667936733
84 0.454026 118.176840688224 1.882243 0.809972178801239
85 0.44812 123.938254543052 1.948393 0.781584108856605
86 0.4968 109.616093103072 1.841289 0.764375137063961
87 0.382091 120.099380450858 2.054878 0.832911233222885
88 0.475449 119.408742527403 1.91118 0.809499078994324
89 0.475728 116.683490598875 1.92524 0.755322291157002
90 0.417758 118.188645129497 1.977133 0.803918556549352
91 0.435402 110.755944642251 1.9832 0.738771620484348
92 0.383932 124.907308617403 1.991187 0.818121898624075
93 0.4788 120.588784371717 1.904732 0.791015675854389
94 0.464712 117.42205882764 1.907952 0.798420917731554
95 0.321782 119.763643629758 2.104539 0.823565515003529
96 0.333782 121.303974593866 2.122134 0.807349202840792
97 0.421705 122.748733203348 1.985422 0.803173790504587
98 0.469386 115.90722100376 1.878789 0.761417534939063
99 0.422278 118.995089421325 1.992694 0.794451255069669
100 0.31698 120.848793706234 2.113558 0.801882351762515
101 0.273715 126.181063399422 2.169594 0.821351532511973
102 0.331417 115.070857312293 2.105674 0.822487000072554
103 0.327654 116.476938247482 2.093123 0.826915540484891
104 0.300539 121.558922393871 2.122095 0.823686148474785
105 0.336617 111.79114492981 2.102627 0.807353771715583
106 0.435667 114.394854057765 1.964017 0.75632198580359
107 0.192087 128.352327869101 2.235755 0.857011803420939
108 0.354148 122.062157352892 2.056049 0.789965992152912
109 0.34128 113.783082217883 2.031292 0.795161192963109
110 0.350467 121.139336540928 2.083737 0.782358014381242
111 0.414463 115.782449958315 1.997491 0.785164451566235
112 0.378142 121.047227038121 2.022768 0.790987753691086
113 0.405857 110.118264896242 2.014361 0.782249526520536
114 0.516383 107.485706454698 1.818879 0.709882319380091
115 0.423612 115.545468428505 1.980996 0.781635423003196
116 0.344915 116.543598306985 2.09468 0.796393043729175
117 0.407253 113.10325018402 2.00619 0.791399588575774
118 0.486691 111.726741079078 1.879944 0.738946519936442
119 0.476553 114.384130990041 1.900082 0.773207956773909
120 0.348974 111.954847073168 2.064928 0.804689220328889
121 0.375304 110.909648015064 2.0128 0.786052900471997
122 0.484906 114.993290031264 1.869117 0.794631593682338
123 0.420095 115.987251890436 1.94219 0.803069853157727
124 0.262675 122.682523904861 2.189783 0.7861031399145
125 0.500121 121.489420573688 1.85246 0.802765006956264
126 0.461126 111.424489641723 1.907391 0.778694859722197
127 0.52901 109.030558316868 1.788191 0.77299519858377
128 0.392224 120.80118796213 1.953584 0.816167364093648
129 0.496338 116.859261084191 1.852609 0.758446786456237
130 0.354956 119.40748100031 2.044717 0.826248860292514
131 0.329855 115.999055647625 2.083654 0.82132334056289
132 0.441603 104.713877398847 1.911841 0.790665280168681
133 0.543979 111.229101254329 1.76443 0.745202467524753
134 0.439728 118.546894122746 1.958275 0.83625297343502
135 0.360771 115.725504205606 2.039895 0.804088278216067
136 0.262724 123.942450922726 2.182921 0.84036076990764
137 0.398249 120.784296529897 2.021699 0.802187466186784
138 0.269107 125.150764309832 2.155107 0.818377168453841
139 0.455652 115.844777090182 1.912755 0.803496829037177
140 0.36348 128.890199652114 2.073104 0.842652707439274
141 0.342578 116.327615815084 2.073881 0.806522196082184
142 0.438608 118.475363887277 1.977778 0.800383237362064
143 0.395201 114.816188512578 1.999034 0.805159598283489
144 0.341904 114.392159911608 2.07666 0.797271979477524
145 0.387181 121.378981150669 2.006955 0.803970173904077
146 0.382741 117.878628151427 2.04201 0.808029795343157
147 0.442203 113.797540999436 1.939229 0.794485232994826
148 0.508156 111.385428592917 1.804589 0.772365924610483
149 0.602904 106.914245667092 1.600926 0.732002427034781
150 0.345118 115.750339277835 2.084688 0.819632209346449
151 0.412846 117.874126612438 1.968366 0.768777332849917
152 0.391779 115.055891084042 2.02706 0.799850408728642
153 0.561785 110.444202130903 1.726836 0.762351956654392
154 0.419477 123.755007392314 1.991001 0.821214190104191
155 0.394873 118.059352884869 2.00975 0.79814179081308
156 0.386677 113.338858109866 1.986911 0.810340881339938
157 0.339249 122.035785260309 2.061271 0.830718046342679
158 0.412776 116.454953719455 1.996399 0.800632782815805
159 0.408957 117.224289647373 1.990834 0.826564631485675
160 0.37424 117.854235863043 2.010725 0.79537739888045
161 0.222484 127.075751850467 2.215448 0.824704823963522
162 0.4983 114.228114657831 1.856366 0.781245697044655
163 0.188858 121.646854230724 2.238369 0.836823535773688
164 0.42572 115.784803469358 1.97642 0.804747711210654
165 0.398422 116.400993084587 1.986444 0.778215097094939
166 0.504114 110.638596080871 1.847617 0.775218145989613
167 0.399724 116.818241039357 1.996137 0.833180422430374
168 0.3226 121.467636139287 2.110133 0.836527179102214
169 0.387645 119.342781656597 1.983123 0.814655116808341
170 0.241916 130.734773528396 2.209546 0.875360421421177
171 0.37818 128.014126116466 2.067804 0.803701719341317
172 0.407285 118.360877251957 2.015608 0.801778411189358
173 0.432784 117.551305834846 1.96578 0.818870230900178
174 0.467555 111.492027238372 1.896545 0.775846061172566
175 0.512493 110.90757147781 1.810616 0.776367917072859
176 0.409578 116.354683485713 2.012788 0.785197196728959
177 0.218464 128.717056538957 2.213665 0.857664710347458
178 0.382306 107.684618256783 2.01554 0.794589817141815
179 0.309601 122.83360221407 2.1297 0.827949516437685
180 0.424104 111.737104968369 1.970314 0.793023779012225
181 0.35957 118.439860764791 2.020115 0.783103301567425
182 0.510556 120.700621887745 1.83664 0.759553805678086
183 0.418832 114.906802554187 1.964666 0.791820435917393
184 0.464996 117.650753057229 1.856035 0.821104527411554
185 0.346609 122.953055462512 2.10346 0.802216734127166
186 0.426172 107.324712207819 1.925955 0.791292839651201
187 0.576551 116.308510254347 1.69727 0.765105152811105
188 0.418706 108.678893594273 1.921964 0.78669202830112
189 0.418247 118.917075827299 1.980934 0.798628822187379
190 0.485846 118.829035587447 1.87117 0.766411040724042
191 0.422409 117.78195204415 1.99271 0.74940663428272
192 0.567439 110.347600711112 1.709454 0.754163690792905
193 0.441727 115.607158953469 1.908865 0.797264418977487
194 0.522987 114.330088187109 1.802774 0.801583445536246
195 0.513534 115.897832185965 1.826477 0.775248277840444
196 0.338226 122.984616519026 2.089382 0.81638301328284
197 0.63274 111.572284828106 1.555059 0.767914555522884
198 0.326358 116.019638959011 2.096921 0.810660112368914
199 0.335267 122.937701374449 2.090455 0.81986347333508
200 0.463752 113.262895553686 1.88954 0.784583399288343
201 0.383023 118.392562824287 2.053601 0.79604633623588
202 0.450648 116.116618277102 1.946535 0.801253318607176
203 0.420698 113.715580137665 1.974399 0.773838909354818
204 0.415612 120.542819863278 1.949977 0.793512854694961
205 0.509288 122.47090475878 1.833318 0.814868461443442
206 0.349153 117.114079827569 2.042299 0.772753691395354
207 0.423021 117.781167156187 1.977147 0.814927963536958
208 0.336598 118.020249951812 2.064438 0.804087944788575
209 0.242416 127.387878207967 2.194881 0.824577871284101
210 0.414117 111.14986310827 1.947161 0.797264841304462
211 0.396464 117.687548532053 1.997833 0.799956185847645
212 0.504263 111.129101521214 1.838877 0.754775375642968
213 0.546253 113.351413326705 1.739547 0.737807899877804
214 0.399454 113.676856929947 1.971247 0.77556539269421
215 0.447436 118.872770086293 1.945362 0.812018571317369
216 0.430167 115.498233640686 1.957024 0.775856406565448
217 0.388214 113.539073040126 1.997696 0.813985364939994
218 0.473404 107.850215257914 1.83761 0.781742995192378
219 0.28517 118.536728771185 2.153684 0.801295637538504
220 0.310414 120.624699453153 2.123478 0.810762587356521
221 0.471117 114.429993657392 1.860432 0.770988598469023
222 0.450223 111.538366528655 1.907181 0.76344511383768
223 0.415376 105.229349396275 1.971275 0.787814748474916
224 0.249158 120.753841759671 2.199693 0.829504847032299
225 0.433208 116.678802506438 1.905219 0.812320827541681
226 0.47753 107.124389888654 1.793965 0.741825392457451
227 0.320077 127.881110796106 2.099448 0.820190682195821
228 0.431371 122.907185021117 1.982606 0.836870535711757
229 0.303187 119.970817225293 2.110958 0.811435243322247
230 0.421824 116.242428679202 1.981449 0.81190398094757
231 0.339742 124.771103601811 2.090105 0.809673272404877
232 0.351683 119.032085055407 2.076644 0.818177599877261
233 0.372818 120.184662075826 2.071892 0.798327225120034
234 0.282283 127.841065986548 2.16588 0.843010338841403
235 0.334049 124.206509797526 2.069122 0.823008827998594
236 0.534867 110.660647993346 1.782523 0.79426847132228
237 0.554461 108.40919844815 1.695607 0.717563774735256
238 0.400568 123.128245611108 2.033135 0.832124456240969
239 0.453238 119.352462067374 1.919471 0.815060640403636
240 0.41425 115.685665411093 1.987726 0.79919084289637
241 0.445372 115.339314288038 1.944902 0.792605812641992
242 0.386207 119.043146494766 2.02974 0.806951573357832
243 0.60085 107.843533241734 1.572225 0.775458131201367
244 0.450514 113.726672055648 1.958741 0.764267574084411
245 0.39804 115.822610453864 1.991931 0.784856349664142
246 0.316564 121.749578885076 2.103147 0.81919951820867
247 0.364795 119.438594938416 2.051429 0.785241374516942
248 0.510251 119.193291736156 1.81229 0.761634001425433
249 0.498295 109.588460340834 1.809221 0.788431056905848
250 0.356109 121.135529343411 2.080596 0.811055231829041
251 0.403503 114.570760139343 1.95307 0.789141208730496
252 0.308136 119.833598774479 2.106375 0.816969033636798
253 0.31127 115.433553713299 2.11724 0.811471779353692
254 0.24493 113.291353601899 2.167443 0.76596227493604
255 0.215425 127.659868076639 2.229624 0.83088971187424
256 0.450423 113.152164015527 1.926389 0.772405459615933
257 0.2455 125.850168174837 2.177011 0.834837453987927
258 0.386119 113.318537705031 2.02221 0.814790951505606
259 0.457424 112.724636246376 1.946271 0.779417777413046
260 0.444198 119.471835905638 1.971211 0.810044031620293
261 0.526446 116.003848623007 1.729131 0.805738952323149
262 0.28705 122.853317033196 2.142725 0.831154551897088
263 0.379035 122.995181077312 2.06313 0.841196097144664
264 0.431517 111.348401187731 1.980499 0.782379915254129
265 0.559329 115.701850075596 1.748434 0.759207242675945
266 0.508128 111.101149238918 1.822628 0.776787766905503
267 0.324599 125.778602761356 2.108498 0.820244889417808
268 0.397155 112.519089215064 1.970903 0.801278821458831
269 0.433158 112.780867794058 1.961221 0.778905980340877
270 0.387242 111.780932280394 1.992134 0.796744644747509
271 0.537279 110.989186704774 1.769371 0.744985767276256
272 0.272504 124.567911262833 2.174362 0.84456859115271
273 0.484213 119.178047099035 1.894975 0.805684365845857
274 0.515107 111.057425131926 1.836033 0.771603153662733
275 0.417764 116.247948012966 1.949066 0.804774354400226
276 0.441325 125.224682078043 1.949275 0.820323828712173
277 0.347338 126.036067228878 2.099256 0.831663216514656
278 0.514816 116.271070633161 1.803171 0.783187928852488
279 0.419376 116.779615641898 1.992567 0.801208169370214
280 0.488087 112.748593551681 1.84301 0.795376447786603
281 0.28574 116.61188724729 2.170184 0.824310268984061
282 0.439482 115.72771759512 1.923507 0.811427401882676
283 0.338103 116.028306288868 2.077294 0.807301464059802
284 0.416875 111.967577287228 1.956217 0.787475559965168
285 0.286575 120.798064644806 2.155428 0.763980439975765
286 0.390771 120.523768031107 2.016571 0.807865320685747
287 0.440934 125.521355025664 1.983427 0.786471254272772
288 0.446788 113.076765084786 1.94929 0.778577279781572
289 0.308114 120.790128437665 2.125559 0.815765568789491
290 0.396713 115.778169158278 1.981611 0.814162311788382
291 0.418383 112.653904059928 1.954384 0.792047153860294
292 0.402544 118.732998561087 2.032011 0.790765130742233
293 0.486173 113.378413735313 1.887637 0.766671419734128
294 0.426181 113.193372927788 1.954244 0.792610737422616
295 0.505455 106.58122478538 1.803867 0.775821686626004
296 0.559194 112.892869965906 1.738989 0.69988122950818
297 0.377237 117.596794209449 2.061914 0.798565197484791
298 0.423791 115.577350872131 1.973942 0.806765802112869
299 0.429155 109.08516765684 1.953644 0.765089777518126
300 0.417532 120.352665774384 2.006437 0.798081603030647
301 0.359752 108.774612899913 2.037645 0.796518672411126
302 0.499392 114.458722759865 1.834137 0.78859307471814
303 0.540727 107.785569101917 1.745963 0.74457987051694
304 0.432159 117.001043329223 1.973653 0.796187030054072
305 0.394369 111.414675697652 2.008434 0.790041023104505
306 0.310684 128.218201359345 2.141567 0.809458739342117
307 0.439649 112.096893091938 1.898253 0.767624286204818
308 0.44226 112.921548788382 1.946377 0.78636480503586
309 0.37215 116.959215048144 2.061369 0.79358148166099
310 0.240541 129.782143693063 2.200593 0.859227602676746
311 0.445929 113.054518907665 1.920097 0.736090980568983
312 0.437223 121.875143325772 1.958506 0.812876088687568
313 0.396542 116.730900788296 2.014583 0.798912259782655
314 0.226604 119.034131951965 2.174322 0.804234911148599
315 0.343256 125.167931216304 2.096916 0.819197374514018
316 0.374998 122.371723968762 2.070912 0.816730776494059
317 0.466245 116.728686886424 1.904685 0.785585294183651
318 0.30919 119.145284652294 2.079419 0.816137374532125
319 0.480978 117.200968851666 1.866877 0.786031472804265
320 0.244285 125.117345190516 2.189111 0.834876402936051
321 0.415727 111.591092832089 1.971772 0.795072510800491
322 0.391362 113.454156495271 2.005544 0.811472436630536
323 0.44906 115.645665853503 1.896014 0.803180268696096
324 0.480234 122.888133155481 1.910747 0.785888067430311
325 0.314008 123.435004404594 2.114383 0.835575173104071
326 0.372201 116.009161236754 2.056533 0.820863698114264
327 0.456636 119.562592590745 1.94158 0.778593081578293
328 0.341752 121.915651675382 2.104551 0.854634492007715
329 0.336562 119.264677245307 2.089824 0.825445180311418
330 0.550876 112.37970171367 1.765728 0.734292572144632
331 0.488639 116.916478997326 1.841516 0.77725752500888
332 0.362253 112.312106210365 2.033323 0.787188126150537
333 0.440465 115.573337398544 1.930828 0.800551733887208
334 0.409295 115.297376457903 1.999092 0.776220229218859
335 0.55781 107.038976665151 1.696064 0.75010832916055
336 0.313114 122.022900489231 2.11766 0.818484808800401
337 0.409793 121.81823581165 1.991651 0.80380894502539
338 0.410555 115.61570323167 1.957932 0.794778019930646
339 0.422086 117.010915451481 1.971154 0.778723509706364
340 0.438043 116.770912238995 1.911583 0.777055191591466
341 0.506237 117.374318202666 1.824093 0.805763721388284
342 0.489842 110.572955580799 1.875819 0.7795512130024
343 0.275702 121.835596837625 2.170783 0.833506276855968
344 0.304713 128.267575254207 2.151889 0.822242229107801
345 0.365854 118.727546836164 2.061665 0.803013193113112
346 0.307612 118.878453258188 2.131198 0.822826507603144
347 0.511558 115.70382401732 1.853348 0.760102011142451
348 0.356923 127.457199633168 2.093423 0.84813207316987
349 0.32211 125.562085993429 2.125945 0.837466103155962
350 0.362755 122.180331122584 2.053654 0.826290578769843
351 0.332602 119.314032230216 2.084309 0.813657009464836
352 0.333367 124.952648973405 2.098313 0.828306713066813
353 0.438532 113.276610349065 1.916575 0.798914003537581
354 0.304417 113.650555151569 2.117493 0.79451638397558
355 0.405033 124.349414448431 2.013876 0.809028990082149
356 0.63906 105.715892177834 1.532212 0.748971565259731
357 0.436361 117.023264495174 1.971948 0.752921579914888
358 0.287408 121.771508597451 2.15382 0.811706706823003
359 0.354391 115.302401049325 2.072291 0.810375165686461
360 0.212759 123.465406731445 2.22102 0.843573035508902
361 0.483542 117.405360308329 1.893979 0.809082583341094
362 0.43071 118.114289118573 1.981613 0.814905037439731
363 0.320107 123.213997629424 2.109417 0.807943320676304
364 0.319415 122.184683517018 2.106653 0.808371768588607
365 0.329661 121.132332754794 2.114401 0.840678997476071
366 0.424529 115.390225060276 1.899872 0.7714481699952
367 0.42329 122.263609956508 2.00909 0.779603100738793
368 0.502425 110.388324170012 1.783408 0.753964397968554
369 0.612172 118.952980582116 1.640548 0.786002476318728
370 0.32049 117.022174437794 2.118938 0.813762520724126
371 0.393097 120.114344224845 2.019779 0.822640410774337
372 0.427112 120.204481388047 1.978952 0.798154946174722
373 0.301197 124.663984602544 2.146136 0.812899703329373
374 0.293302 126.7046243068 2.137005 0.839145231395394
375 0.441338 118.856268946648 1.938659 0.748845478725783
376 0.423348 115.294347612275 1.943879 0.803914114407707
377 0.436616 114.137749103378 1.962999 0.772356567965888
378 0.250514 128.94858030304 2.19593 0.850177789341123
379 0.306728 123.85511080467 2.126036 0.833828095058608
380 0.410613 123.236538302032 1.936479 0.820841117437225
381 0.349419 118.695607255044 2.035599 0.822509808071893
382 0.421523 113.716966748089 1.969265 0.799331465774601
383 0.39311 116.850800857342 2.040132 0.799402420604395
384 0.408563 114.972667969747 1.979292 0.804727203126604
385 0.461649 122.476358704663 1.893729 0.791606841564176
386 0.423783 111.189083392947 1.970109 0.784013427122778
387 0.46539 115.745825176192 1.918185 0.798671966857181
388 0.198545 130.777704953107 2.23825 0.870453506546167
389 0.491767 110.885148805501 1.792091 0.787559173951182
390 0.364553 112.253867886756 2.044935 0.800109877532713
391 0.390203 116.205302215824 2.034455 0.804230597758718
392 0.311856 119.6249710385 2.124366 0.831221725305894
393 0.544427 108.532620328051 1.722933 0.798879076481776
394 0.407476 121.220091278386 2.012475 0.805340317904132
395 0.597514 118.656597107745 1.667068 0.734263448685055
396 0.418484 119.821952203462 1.956746 0.824147657168107
397 0.404051 118.879675444109 1.960788 0.829334371948837
398 0.406845 117.700308015833 1.95845 0.800922344829882
399 0.373739 124.425584992304 2.058518 0.799575922747961
400 0.427568 123.686663555055 1.993751 0.774631383663723
401 0.480949 116.813316397007 1.866792 0.798647123469689
402 0.425227 116.561513496372 1.996896 0.726828491449902
403 0.496725 105.95628563725 1.836071 0.771584015819227
404 0.394956 120.269308132685 2.030726 0.820218863057784
405 0.287248 114.841047836364 2.114952 0.797645532248776
406 0.281677 129.079315595059 2.169867 0.822395362477586
407 0.346044 113.368012823015 2.036863 0.806106237355437
408 0.349093 120.121240109557 2.069729 0.8144498226544
409 0.388515 117.999878292567 2.009024 0.802113568718554
410 0.377729 121.533350363801 2.046256 0.805076107311279
411 0.469865 119.519674547258 1.903786 0.796911954907153
412 0.408292 112.87868480436 1.971023 0.788075375827452
413 0.470209 111.221288593267 1.872076 0.793924951435285
414 0.320371 118.265689400852 2.132233 0.830715588273642
415 0.273491 124.463443325752 2.101118 0.816781004388856
416 0.317384 123.923864137539 2.067598 0.808234872497027
417 0.389909 123.872795038877 2.051756 0.813753119480386
418 0.588845 114.356137301355 1.669935 0.737188985994862
419 0.392586 114.83968560005 1.989115 0.793569001880024
420 0.499266 118.575114130109 1.861951 0.787489930321887
421 0.428314 111.89727923047 1.976827 0.779448350627573
422 0.395963 120.179212249333 2.013886 0.815411783502387
423 0.299624 120.996948893189 2.14993 0.811456085713071
424 0.540613 116.435360042359 1.796643 0.817223192459363
425 0.366036 120.699047480738 2.045129 0.823162515500397
426 0.440353 115.461772018583 1.931929 0.786411138877234
427 0.404921 118.746683513855 2.023087 0.76470740264087
428 0.475313 120.212872996807 1.840218 0.77744591417908
429 0.469822 119.611842068226 1.90512 0.810036614235846
430 0.355234 113.56926785958 2.007836 0.796767137388354
431 0.239144 117.469637713467 2.169853 0.832362468719301
432 0.43097 113.928902442965 1.949526 0.782476178792263
433 0.410681 118.654214975074 2.008958 0.777471768614122
434 0.377049 119.186596376207 2.054428 0.786984233906697
435 0.457602 110.706918287248 1.91515 0.787660493432453
436 0.241997 124.472769541171 2.198585 0.857781741851773
437 0.308503 115.429992356227 2.066641 0.80794175279431
438 0.403509 114.411860216356 1.962518 0.803547342957468
439 0.30235 116.176687738115 2.104688 0.813940443460462
440 0.50019 117.334384578695 1.865991 0.783353698236998
441 0.505351 116.048884380377 1.829503 0.811994742793332
442 0.283258 126.188947119922 2.156171 0.834524553289391
443 0.465058 105.38022717963 1.876662 0.769602916843062
444 0.247824 118.41120189503 2.156094 0.807350743022483
445 0.435002 119.375826226904 1.934043 0.807951293996922
446 0.270324 129.828239232939 2.166991 0.839351587031854
447 0.558823 110.459004006222 1.742411 0.679893834299289
448 0.278792 120.148789308958 2.138989 0.817641051834055
449 0.363115 116.158428267303 2.05097 0.791183221355195
450 0.651649 110.966595740207 1.47022 0.726685256820604
451 0.521801 108.889748204212 1.793667 0.769418088369683
452 0.3876 123.175618393227 1.988039 0.801385328152439
453 0.43225 113.700153650579 1.974895 0.795892249750328
454 0.437696 114.43562769824 1.945208 0.815953730727609
455 0.502645 113.764786126753 1.834399 0.766007982215064
456 0.436536 117.251020302909 1.952494 0.784413368686993
457 0.23893 126.743495750183 2.205604 0.853847555444624
458 0.333621 124.558395841507 2.113622 0.815650118016005
459 0.443458 117.239149144978 1.94245 0.785572716558419
460 0.410615 112.826830803363 1.983807 0.792380144195711
461 0.35524 120.414849945489 2.044691 0.809264198821492
462 0.490721 118.965135037174 1.842709 0.795872751901906
463 0.605073 107.955610206456 1.606096 0.745897687355077
464 0.428502 118.06551314642 1.946632 0.779668571949533
465 0.429405 118.848334254311 1.954941 0.796146350615914
466 0.46496 115.489334540699 1.858364 0.820968137889149
467 0.288664 130.101751554871 2.151857 0.841876814256904
468 0.567438 106.894466709058 1.729872 0.76341837687505
469 0.348326 116.858108173836 2.074148 0.827814259764015
470 0.474251 114.096598898716 1.897162 0.796706773134076
471 0.389477 121.643257257651 2.016175 0.825483007408331
472 0.242378 130.51524068223 2.204215 0.809934163500949
473 0.465112 112.370281934429 1.897363 0.802266882879112
474 0.544518 103.746769582399 1.736575 0.74343297418767
475 0.417376 118.402280645181 2.015135 0.787000000782316
476 0.433617 112.866590937327 1.939452 0.803238846603941
477 0.404645 118.703643408199 1.964195 0.798193812909784
478 0.438132 115.179232182232 1.912623 0.739901116633097
479 0.341746 115.113005765314 2.076409 0.814895745824577
480 0.458613 103.374691732848 1.879666 0.780183223102849
481 0.447668 117.335352189968 1.973159 0.777268457331601
482 0.360992 118.276111770991 2.031981 0.808101942038058
483 0.514593 118.45335897314 1.811981 0.776907580864577
484 0.443103 118.053209169005 1.956939 0.80751054410699
485 0.405526 121.335565745402 1.986459 0.795987093615023
486 0.292906 122.965786376501 2.156708 0.850805625522889
487 0.459254 114.501327304038 1.92331 0.785677809869985
488 0.533927 118.014491072465 1.794737 0.769083258845924
489 0.405762 123.373010955773 2.03247 0.777172192516001
490 0.426706 118.419126656854 1.975146 0.765619441434304
491 0.44536 122.966753492366 1.953384 0.840398743329286
492 0.487168 119.018196526868 1.856806 0.776946802348507
493 0.317717 122.132728907553 2.128039 0.836324161295443
494 0.400059 114.572229712079 2.020749 0.791467187595395
495 0.350734 120.953591465461 2.053352 0.838830902473738
496 0.381921 113.767507011485 2.021477 0.794162549354748
497 0.541868 110.400883720416 1.762408 0.754230461105385
498 0.534666 110.231053507828 1.790078 0.760617510793423
499 0.180246 126.790720937273 2.230758 0.85855856257894
500 0.506066 107.576103577883 1.785234 0.757371171351348
501 0.485419 111.912028439422 1.888941 0.771032899946977
502 0.343904 120.867700328796 2.110677 0.822923262118037
503 0.446688 118.516528192265 1.954911 0.801588896737687
504 0.317886 124.509704176143 2.129436 0.809130373778561
505 0.417388 115.26650703909 1.971864 0.793609242293125
506 0.389377 122.143709296757 2.033388 0.810561372726756
507 0.407064 114.918195304826 1.989848 0.787393195707185
508 0.313039 122.590316328565 2.125911 0.82917645007602
509 0.456367 117.751847402119 1.891554 0.791731028740136
510 0.34923 126.480097812005 2.068411 0.840535420172339
511 0.447472 108.30553474212 1.897641 0.757447405755
512 0.42078 121.760870520444 1.965388 0.804975781476378
513 0.383384 117.368275128388 2.033768 0.794061589956133
514 0.422639 119.453754243799 1.958019 0.794423442769524
515 0.387218 116.321589319648 1.981615 0.827657419225251
516 0.394976 118.179867616967 2.042375 0.80709771025806
517 0.483583 119.5954619356 1.882353 0.757607868000907
518 0.389993 117.190763457858 2.038582 0.806543523592367
519 0.42711 114.71156827227 1.954792 0.794510503688818
520 0.525317 114.035053432015 1.795152 0.82237597448579
521 0.470448 111.767209262812 1.915089 0.807557621314218
522 0.312778 130.652096528811 2.145754 0.840348804943319
523 0.502693 113.725434543652 1.842384 0.750528212838391
524 0.322091 116.567155765664 2.095839 0.805321132264666
525 0.431852 109.84592494381 1.950585 0.775332791661981
526 0.494349 106.180300547185 1.816722 0.776914445584923
527 0.490299 112.240080081743 1.847863 0.791583773673118
528 0.39077 122.368349521104 2.048591 0.813495920826512
529 0.355055 118.878903344365 2.066254 0.81666654918329
530 0.376543 123.965083600875 2.045504 0.813790671292711
531 0.334528 122.483841303994 2.107096 0.812358411614079
532 0.391117 115.053234292701 2.016432 0.811922905798861
533 0.31496 127.184635728658 2.117278 0.838427906457454
534 0.507998 112.94822346021 1.844265 0.801584507525945
535 0.249961 123.406849805191 2.161937 0.828075888832973
536 0.36518 110.894009620621 2.039171 0.788510776267025
537 0.486669 121.592088013006 1.895684 0.743766192049003
538 0.377766 114.121085091653 2.043555 0.802221409427851
539 0.250674 119.917987190305 2.170776 0.821284798022029
540 0.494728 118.865473268663 1.867021 0.772232412388421
541 0.415158 115.712668998511 1.978639 0.791296441337449
542 0.449132 113.821150227009 1.924207 0.800968122361713
543 0.474595 107.537025890912 1.882414 0.767817118274175
544 0.386077 116.40864275957 2.017557 0.799770880847627
545 0.566733 111.007592063009 1.725128 0.7504317862745
546 0.385976 125.094427158849 2.02543 0.833238540881842
547 0.363058 121.570062893223 2.027072 0.807019540799538
548 0.317987 120.774726086708 2.097992 0.814800430882935
549 0.406723 117.248126697916 1.977733 0.788100299527286
550 0.201167 126.78598190789 2.21539 0.844234873660514
551 0.430283 120.010801217375 1.994704 0.773063336585542
552 0.474763 116.775125722583 1.896972 0.769960806166555
553 0.209132 122.707248163599 2.213508 0.845754095195513
554 0.48084 112.952268342802 1.885266 0.800843730417451
555 0.335957 116.344802407048 2.107269 0.781324198606996
556 0.383412 115.440561888942 1.992965 0.801012938626424
557 0.476312 125.589943123142 1.90651 0.800847406582513
558 0.394004 113.060163297782 2.011269 0.7908741779985
559 0.506877 109.215515705644 1.848579 0.752827032274139
560 0.41004 122.287773250373 2.009948 0.797560890254691
561 0.4935 107.595595707964 1.841709 0.749150872209038
562 0.485801 121.055079866486 1.88661 0.798753551299841
563 0.462465 110.418008677204 1.898951 0.786617439303039
564 0.408984 113.543409592747 1.980454 0.802185258471028
565 0.428265 111.192066004701 1.939284 0.783818595833031
566 0.485108 117.105259733332 1.860432 0.809759613130923
567 0.400765 112.781781584991 1.988295 0.791998512796218
568 0.387861 119.935837186374 2.011076 0.790238136270507
569 0.375449 116.814263107517 1.979601 0.762521768298948
570 0.442952 123.024850918804 1.97234 0.82198650106874
571 0.516962 109.758271960015 1.824178 0.764846484565952
572 0.414152 121.551818929506 2.001742 0.818900566862081
573 0.463702 112.15756009581 1.906742 0.779560966617965
574 0.340829 122.255575510414 2.09966 0.806264874762599
575 0.493461 110.869419130443 1.863482 0.791778748152958
576 0.349566 120.405834331762 2.078188 0.818321127145072
577 0.437073 110.954142190712 1.914172 0.768827398034756
578 0.45223 111.423681301714 1.890452 0.784736958184793
579 0.281045 119.977479620429 2.085716 0.80930554643748
580 0.431858 116.174245650805 1.942366 0.801169392621826
581 0.324909 121.07118328571 2.114949 0.832843830378639
582 0.375997 121.520384256351 2.009896 0.81813355872352
583 0.433144 114.550840995023 1.941367 0.808233693299061
584 0.369082 119.715703039835 2.0441 0.800906645496034
585 0.393155 119.742615088331 2.005077 0.805024974679662
586 0.389293 114.825188476079 1.994531 0.795569610590251
587 0.340994 123.614044174351 2.065892 0.814854621375326
588 0.481657 114.250962981931 1.90695 0.778510906185932
589 0.512185 114.641806817524 1.824884 0.794180732490662
590 0.265969 123.49272184869 2.17762 0.826595741298725
591 0.356391 128.104491595173 2.094338 0.861316869583266
592 0.517475 123.358357090164 1.827848 0.804279039174833
593 0.439773 115.120936593136 1.971427 0.782363315571514
594 0.350249 118.492934774507 2.082533 0.811923502352641
595 0.471272 107.454472357896 1.89631 0.748856071114784
596 0.492103 115.026262791989 1.881723 0.790329145463426
597 0.387856 120.678726917957 2.01787 0.813562693012725
598 0.485711 109.713358559769 1.869214 0.762318485402769
599 0.45399 107.466760794156 1.944957 0.748091125414465
600 0.386494 118.254800948994 1.991319 0.822504841063803
601 0.515521 114.206875854645 1.792985 0.754099387313875
602 0.461255 107.248066171584 1.878495 0.784041151641279
603 0.246602 124.523283824505 2.206297 0.851740818129304
604 0.336734 122.325675636691 2.089223 0.816538000004982
605 0.326058 111.84318797726 2.104426 0.794099648748255
606 0.455159 117.266058278005 1.948313 0.794832567987811
607 0.478766 116.200450856173 1.850609 0.753395926853224
608 0.532353 118.762749430584 1.804231 0.791711633452895
609 0.346151 128.53915562685 2.103281 0.834731554230586
610 0.608416 105.637476755114 1.620132 0.71780902798787
611 0.337072 119.261979935229 2.073815 0.809765942286674
612 0.523514 108.648944848733 1.820296 0.765218543551806
613 0.423023 115.3251422468 1.956243 0.810004067219504
614 0.460668 117.384353637429 1.936595 0.792582573665208
615 0.301523 119.730468207984 2.076212 0.79437805457561
616 0.317829 120.74423786185 2.141621 0.822965485629449
617 0.419049 124.360836427307 1.955466 0.81951891437566
618 0.369883 116.696661662788 2.039444 0.819342016122352
619 0.323982 128.431197035834 2.12921 0.82184025212367
620 0.464372 117.452866155 1.916096 0.793829574771956
621 0.555622 108.30732142297 1.750289 0.775629792913186
622 0.210919 119.18560657524 2.193015 0.843978850501503
623 0.360291 125.876999694922 2.08542 0.83085498651698
624 0.409026 117.589349149043 1.971506 0.807886880520125
625 0.507322 109.143510826328 1.81182 0.764283582374103
626 0.377146 121.454591091536 2.004629 0.808081230882199
627 0.496208 117.643418695271 1.854867 0.78785010712388
628 0.316484 116.958086873862 2.098292 0.824463506700476
629 0.31646 124.359244001311 2.138869 0.80257558369077
630 0.407965 105.925598402143 1.96121 0.789395427084617
631 0.428302 117.502490035906 1.967426 0.802056671329978
632 0.285219 127.160901151344 2.174153 0.84492554793951
633 0.318302 124.209034485565 2.121765 0.813529961244343
634 0.451626 113.340515884497 1.95767 0.802306554786039
635 0.359659 109.009751507562 2.057759 0.769817014461242
636 0.402361 122.878434026652 2.025519 0.795582402643278
637 0.424612 111.851955840331 1.936346 0.780853591474133
638 0.351126 114.876073418837 2.080964 0.795513359400877
639 0.308728 119.336378160465 2.109806 0.835126103764604
640 0.359073 123.495698553137 2.048347 0.832279443919748
641 0.365602 120.519986955206 2.079609 0.807196304899438
642 0.503975 111.778620709843 1.809506 0.747824314096695
643 0.398626 117.597592876579 1.968109 0.801336419316339
644 0.417387 115.025561033985 2.016496 0.774610252556545
645 0.553822 111.35442687515 1.746895 0.779952392849908
646 0.415187 114.898795681072 1.991686 0.778581077313083
647 0.484546 108.314156190179 1.868441 0.759303240532339
648 0.373134 111.80197046866 2.031646 0.802629344819535
649 0.368627 112.368200938514 2.054337 0.783338126733595
650 0.378104 117.561807724413 2.030318 0.795948083439883
651 0.396289 121.965568215104 2.037851 0.841063501204983
652 0.404837 121.710911126587 1.965375 0.829904487748885
653 0.415362 120.660299832102 1.997951 0.808544702328076
654 0.368987 125.113844785667 2.036936 0.830311506878054
655 0.486587 115.929381195572 1.856606 0.784851828352836
656 0.360923 118.946742344892 2.082191 0.818201067477137
657 0.394685 117.277161062349 2.034921 0.786456926914795
658 0.41337 115.161421376523 1.992773 0.79979203843244
659 0.363795 120.496465956851 2.045104 0.821048303988565
660 0.428515 112.894950859204 1.942889 0.753728404943748
661 0.409291 117.032653368781 1.984017 0.80500497644567
662 0.351222 118.059789014058 2.07999 0.832609148667263
663 0.518335 119.502413651698 1.809281 0.82420291515504
664 0.477713 117.097359846854 1.898038 0.796358688140038
665 0.397154 120.665526306623 2.027452 0.817977513305044
666 0.258658 124.332116323426 2.186712 0.831304444901989
667 0.412781 111.480343512233 1.974801 0.790955100041799
668 0.459749 121.74392761555 1.90001 0.802935323331228
669 0.409127 123.004919976095 2.00699 0.797445923737501
670 0.534242 110.226198188246 1.803522 0.76373699023372
671 0.443953 118.216665122476 1.923049 0.803232568203829
672 0.223319 121.548181079812 2.208219 0.828632680998649
673 0.452921 108.400428429556 1.906862 0.757431516420102
674 0.313923 122.065516774203 2.104555 0.847132539104623
675 0.607342 109.731684099846 1.621527 0.776916685216097
676 0.240256 123.991855819247 2.183344 0.833685376042718
677 0.271485 125.890916691647 2.170104 0.853618979894932
678 0.342503 124.47372988492 2.091704 0.827541807874485
679 0.506157 112.684844966089 1.830088 0.770124902008007
680 0.350452 118.585549242929 2.07112 0.818561271349895
681 0.44967 121.472928908693 1.919046 0.808757541314397
682 0.332954 118.839495670633 2.098289 0.805511538780919
683 0.486241 116.707081459206 1.818882 0.795617614712736
684 0.384254 117.626109332156 2.016413 0.823225616276222
685 0.414743 113.222791349485 1.963837 0.799497757043077
686 0.475641 111.147328735522 1.880787 0.791869668337801
687 0.509816 117.804794838865 1.810258 0.765920041714385
688 0.43714 120.89119360761 1.979236 0.789472214743568
689 0.21008 129.00239279456 2.229068 0.837811645797597
690 0.353164 113.120251800212 2.051632 0.808290937772909
691 0.308023 126.673169502951 2.120383 0.831257131044875
692 0.409064 116.63638773398 1.958635 0.779926554970038
693 0.275026 128.341315489492 2.170946 0.834399259810389
694 0.427557 118.037028782514 1.991363 0.797461818517997
695 0.483632 117.576242750241 1.886637 0.762476814722584
696 0.461573 119.354528215801 1.931672 0.812767849249206
697 0.403455 116.737032193177 1.996628 0.80225111634587
698 0.42594 122.244232670621 1.973598 0.835198294127721
699 0.285164 115.834132245417 2.153985 0.80421029372378
700 0.337023 120.351169520931 2.106886 0.807318319380966
701 0.387593 114.479938006415 2.019976 0.804096810508672
702 0.3393 116.436260737194 2.100842 0.817064749621756
703 0.382828 119.07035567781 2.036044 0.803032644074088
704 0.557876 116.300393145853 1.686323 0.757885965083568
705 0.316073 117.616322533922 2.105609 0.823572180173237
706 0.390289 118.402147291959 2.022694 0.814416522262564
707 0.313125 123.03846382612 2.124559 0.835814081472635
708 0.294104 120.75525942756 2.123789 0.829515715797918
709 0.209839 123.647752045674 2.207271 0.845825341919531
710 0.416143 111.089047542131 1.988519 0.793325357184044
711 0.404009 120.690358482464 1.996745 0.78897477143041
712 0.292826 125.578425663368 2.136203 0.820022122953388
713 0.344895 113.645158157803 2.049713 0.808859252058891
714 0.327375 115.297558558864 2.112074 0.813914655154521
715 0.490543 118.052715839408 1.835691 0.807786742444802
716 0.434181 118.562314148807 1.956684 0.809700631263458
717 0.430613 116.04818684703 1.933054 0.791784192044026
718 0.359431 118.992067864101 2.081227 0.822552585071623
719 0.368378 115.721345263994 2.058386 0.779671711729662
720 0.290173 122.002949906752 2.148685 0.821583773977007
721 0.39446 116.361325385468 1.966035 0.778857310885689
722 0.357623 117.077156231617 2.067458 0.820369829270857
723 0.354849 125.390785933199 2.090073 0.806438573002293
724 0.4979 108.309116224 1.811515 0.741511727991236
725 0.590698 115.005800889572 1.643774 0.751443843726905
726 0.36032 107.300079734739 2.021065 0.778712191298749
727 0.561859 113.345638230661 1.753407 0.746980444968592
728 0.405308 120.091654323833 1.958086 0.831170900242659
729 0.402458 115.354630079646 1.983646 0.78238309303726
730 0.407647 108.475968413191 1.983822 0.790323974265667
731 0.379206 119.793598298798 2.011109 0.809283068958107
732 0.28359 121.834626468746 2.147308 0.819017084892297
733 0.301261 121.82896763186 2.117993 0.810035295006038
734 0.331084 125.782408014922 2.116409 0.842093271647891
735 0.415928 118.149645197507 1.953214 0.793941694748372
736 0.457928 118.566260957591 1.840595 0.80561828261044
737 0.348724 118.502729518435 2.075948 0.801128410759333
738 0.384666 122.169923170492 2.050128 0.80530739659326
739 0.378656 115.313062357922 2.012621 0.794916639098356
740 0.329984 119.374744651751 2.078091 0.818283282481394
741 0.459594 116.159896948829 1.93264 0.792306715924247
742 0.453915 125.545385816285 1.889588 0.780362122793773
743 0.306807 121.5884005327 2.11032 0.821418841881097
744 0.323361 109.448764202289 2.098067 0.798836476023261
745 0.442111 114.946355515803 1.941844 0.802917526699178
746 0.399595 116.70823506776 1.999447 0.819260489300033
747 0.422096 118.38381750427 1.985971 0.822236311405893
748 0.37061 120.919060630551 2.048074 0.804740418521089
749 0.405742 118.41219404402 1.989687 0.801260616379749
750 0.441249 112.49589629851 1.927919 0.776071634842376
751 0.41847 118.167563672578 1.971579 0.810489409781582
752 0.324704 117.098490546532 2.102158 0.800090465289243
753 0.443909 110.488474267558 1.914898 0.801446624710908
754 0.434846 114.13949117683 1.957054 0.776619246228515
755 0.322229 122.645852870046 2.122756 0.812801011756864
756 0.369153 120.453126863678 2.082269 0.832945548497455
757 0.506511 117.688943671705 1.848841 0.769212754307857
758 0.509709 113.318508856402 1.806253 0.754363209038538
759 0.410072 120.996022832693 2.018066 0.794215490502565
760 0.447714 114.964871881311 1.916912 0.755871533798839
761 0.395691 116.738014221381 1.992253 0.780159036926605
762 0.448145 114.920766683453 1.937483 0.728915880958139
763 0.245798 125.907341872776 2.206302 0.82095010165723
764 0.299794 121.31031040459 2.121147 0.812388749982918
765 0.378602 110.660089847674 1.997741 0.79424828814335
766 0.338883 119.875136884965 2.082188 0.819015502035507
767 0.356852 121.764481111929 2.05399 0.817762564381353
768 0.502335 106.500435382981 1.837702 0.747163523133332
769 0.421395 123.04292229604 2.00818 0.790250189786505
770 0.338508 124.595262550504 2.104324 0.813846625025266
771 0.512059 115.793289882776 1.839875 0.765227888267073
772 0.32186 123.875966886431 2.106222 0.776508078276121
773 0.325499 120.400565470367 2.109072 0.801266537092056
774 0.435175 113.115680416158 1.939653 0.798316880194068
775 0.191768 118.866135105554 2.213537 0.826354785120086
776 0.438375 118.450576651814 1.975232 0.810979492182419
777 0.368523 126.635711834688 2.069163 0.837358685672954
778 0.373544 123.060483243413 2.009905 0.806037279557375
779 0.271193 115.37528836189 2.167776 0.822924627917102
780 0.378766 118.416930501071 2.059973 0.823038888021669
781 0.465002 123.112868425635 1.911515 0.801564284414066
782 0.364446 120.551098495417 2.078108 0.790334852223156
783 0.386057 109.723670818691 2.004534 0.800849219444005
784 0.290893 119.992585093353 2.130027 0.822461709773408
785 0.458914 107.265785923563 1.88948 0.751065212271367
786 0.324267 116.92888412812 2.064781 0.798510408056714
787 0.614603 105.456033635481 1.613686 0.741315378658456
788 0.361883 123.233573195389 2.075983 0.801769994425965
789 0.312567 122.445509825752 2.110975 0.817245322983171
790 0.33968 107.052776617628 2.03638 0.790957101579952
791 0.453055 125.153816038193 1.958798 0.821038739778457
792 0.317732 124.442436507213 2.104341 0.826032618054862
793 0.469276 108.241285108493 1.8702 0.738349011295358
794 0.419195 114.374753750791 1.987286 0.753548432053515
795 0.497457 110.392671168269 1.824031 0.796787657873054
796 0.514522 109.640335339275 1.822524 0.775079326496981
797 0.352394 115.182891414106 2.079721 0.814908369120541
798 0.382714 121.29793508771 2.017052 0.80565789167485
799 0.406686 118.861621641488 1.957317 0.784784950608544
800 0.413924 116.757029349351 1.961667 0.780088670615139
801 0.506119 111.676964852582 1.843474 0.806585900619751
802 0.411388 122.358820268265 1.979451 0.7956817393358
803 0.243275 113.695615681988 2.169347 0.805358200423772
804 0.319307 122.133629354107 2.111343 0.83855050092539
805 0.465804 119.728805556519 1.916238 0.79426425911771
806 0.409685 121.652409008867 2.024469 0.80965871257202
807 0.440321 112.522570121038 1.948306 0.782167270699921
808 0.394724 122.204562909739 2.031613 0.809803835814017
809 0.401029 117.457575863042 2.013655 0.803545535912161
810 0.327215 121.150959902041 2.110402 0.807356285244936
811 0.335014 118.857007975958 2.055214 0.805504862828942
812 0.334687 127.721591003842 2.100759 0.820953027364646
813 0.446387 118.550745407131 1.950747 0.799573469507719
814 0.454076 122.227098984359 1.923373 0.779403864294583
815 0.375751 116.559051192244 2.035806 0.793174734896915
816 0.41651 117.280388823856 1.97521 0.811733106811147
817 0.308636 120.377418652834 2.148623 0.791738675759649
818 0.417904 111.362228458223 1.948007 0.796499305897056
819 0.314761 118.870775287935 2.102212 0.794569172795583
820 0.452686 112.123846827837 1.936588 0.78426756506464
821 0.378679 112.455331443827 2.01074 0.792417085197658
822 0.416577 115.988186922429 1.963067 0.769423871560522
823 0.397362 119.711762283006 2.028055 0.799014041919111
824 0.376947 116.49688959227 2.039551 0.794456439404018
825 0.379574 121.475872850036 2.043955 0.802046608252378
826 0.29943 119.6304839656 2.143754 0.822371231262855
827 0.524249 115.422024906443 1.822562 0.785852941175166
828 0.368896 123.98275308516 2.051676 0.806053387388693
829 0.445679 121.276600149718 1.944132 0.817165363848035
830 0.381285 112.992269822253 1.975355 0.777338771873291
831 0.352271 121.572049763552 2.07367 0.815303249938906
832 0.505809 113.823141394121 1.816728 0.746270328711425
833 0.487518 109.73539572602 1.891255 0.769129346979257
834 0.451371 115.221895332582 1.859866 0.793752554470286
835 0.372099 112.254428540643 2.031714 0.807583908161321
836 0.435891 119.888043763565 1.966995 0.802719273176464
837 0.337203 120.085724209999 2.102409 0.840064067187286
838 0.373239 120.592532286721 2.020557 0.814152580177781
839 0.269937 129.798955037582 2.180466 0.838941352407066
840 0.441283 114.915712844823 1.944806 0.756529007973642
841 0.505775 114.494591365356 1.831837 0.757342267691666
842 0.390335 122.25884892888 2.0179 0.817995096877751
843 0.436489 117.374235009101 1.947588 0.797042265037839
844 0.443957 120.672557242368 1.938055 0.786365123317709
845 0.345329 116.153350361104 2.075073 0.817339312116187
846 0.390632 113.596670843681 1.99877 0.805855945835116
847 0.487705 108.351787853228 1.866566 0.754570372809097
848 0.547593 105.939933362723 1.756724 0.762128174272761
849 0.441948 117.495110699954 1.940121 0.771276567880273
850 0.341153 128.720356203093 2.101385 0.845017326050102
851 0.419151 120.269923758497 1.995849 0.820524259223638
852 0.408025 114.001987520811 1.982141 0.790816332503949
853 0.438005 117.487920228768 1.9304 0.790401416070291
854 0.489996 109.729044303955 1.853308 0.777576073008597
855 0.420414 122.896412471708 1.993742 0.781247837240456
856 0.377178 120.035195124443 2.04868 0.80574986544417
857 0.393368 113.985512394967 2.015071 0.800579394072514
858 0.390511 115.512030079009 2.007976 0.787640940974978
859 0.456737 119.189590818607 1.908896 0.807708521327916
860 0.397198 116.546825898702 1.966463 0.798634793532861
861 0.215169 129.232455171775 2.225289 0.860382225162168
862 0.345909 115.484300973171 2.045093 0.792465895966187
863 0.410919 117.817267835529 1.96113 0.804250051890307
864 0.490377 115.343771539653 1.868747 0.794927879850704
865 0.504782 115.795284230894 1.844757 0.785588842943118
866 0.395679 112.177830813416 1.997492 0.772893011006391
867 0.377163 117.371633207778 2.052302 0.791646665072926
868 0.498257 112.363402623424 1.838874 0.791128734051056
869 0.29685 120.34924376439 2.151854 0.841552695747097
870 0.457804 116.577429022952 1.888602 0.819029500235295
871 0.356776 120.383029268541 2.065506 0.826058808279669
872 0.352158 120.574631935804 2.06108 0.815970520281073
873 0.428549 119.048416775585 1.938638 0.818581691817163
874 0.628688 107.040784200281 1.579279 0.695709441952316
875 0.350535 112.990740410517 2.071694 0.804807714510132
876 0.238168 125.16029252363 2.180844 0.831665683835846
877 0.432048 119.808395928477 1.963344 0.813482192460475
878 0.430282 118.600186701476 1.981703 0.798871852303586
879 0.432731 117.272883446071 1.934211 0.770867955456728
880 0.232817 121.41122455053 2.185962 0.83299399552106
881 0.532852 112.836561366415 1.801794 0.788309084692311
882 0.535727 113.946057739768 1.776669 0.777103599890574
883 0.364862 112.740794234276 2.03524 0.790105651963072
884 0.515801 116.665023116421 1.82575 0.78647962592328
885 0.304464 122.557649630215 2.151428 0.840255821076814
886 0.392476 122.339639604499 2.040398 0.816621489820321
887 0.344153 124.395371848614 2.090896 0.794475918374846
888 0.429192 112.048761146937 1.955937 0.789627563965598
889 0.509167 111.542351176804 1.844127 0.790644151102466
890 0.341142 114.715352743757 2.087302 0.808699246297426
891 0.196664 121.766825587085 2.206258 0.823438229186645
892 0.305273 121.990064067882 2.131949 0.821530872930003
893 0.327788 123.2058253425 2.106566 0.828533613039908
894 0.534054 115.307572523458 1.747014 0.786144031148053
895 0.435177 107.277786773415 1.934298 0.793525832807928
896 0.458821 115.396322290446 1.903541 0.801650993403149
897 0.420257 122.389518568676 1.975415 0.818492906402011
898 0.391134 121.140871517235 2.028417 0.837321951075355
899 0.378425 122.970884382215 2.049202 0.805603027137978
900 0.186585 130.038009704148 2.24347 0.862425645067589
901 0.42921 118.649477267547 1.968289 0.788289789798584
902 0.370102 117.921272008876 2.024955 0.788718797791482
903 0.483005 121.492498428382 1.885671 0.836328644868488
904 0.543236 112.324361487151 1.777029 0.759284641675557
905 0.439268 112.981285327778 1.907224 0.746981848127435
906 0.351326 105.511887150373 2.049547 0.784018167302991
907 0.353304 123.446411966796 2.093624 0.808653377110355
908 0.34135 120.322846981507 2.109608 0.802327002842046
909 0.403157 122.217990534001 2.002404 0.843606580499728
910 0.37467 120.806683174074 2.055895 0.806139084938092
911 0.457024 110.260394069926 1.939059 0.802015758017499
912 0.473863 115.332141137897 1.870524 0.763399750200722
913 0.302226 118.308137226688 2.087826 0.818409064253978
914 0.331257 117.164342296689 2.097757 0.81460988260495
915 0.525217 108.649056925102 1.757023 0.754962334666034
916 0.261905 129.606791813328 2.164701 0.8520318512673
917 0.434283 114.938018694645 1.935049 0.783278202194875
918 0.281088 122.538298230604 2.164776 0.827313434891454
919 0.513596 108.203857005829 1.800338 0.723303882115341
920 0.456478 117.321307469563 1.927914 0.802452636432868
921 0.432184 116.095772758787 1.930491 0.807557907339732
922 0.221778 126.306856356246 2.210485 0.840050960596839
923 0.299206 124.153339710575 2.137305 0.839884443933969
924 0.415343 123.653952019368 1.975341 0.81252774311773
925 0.339221 118.341999252106 2.050653 0.794541754679752
926 0.37447 118.293715097023 2.056535 0.817501459750573
927 0.445093 114.98996085544 1.881639 0.771694016199019
928 0.486915 109.322377374202 1.842445 0.768994581218762
929 0.292952 121.259861504335 2.132049 0.829875481276696
930 0.408493 111.167926953074 1.982185 0.782117492728398
931 0.207743 130.126521262703 2.231591 0.859011775458451
932 0.293767 122.662344165029 2.155525 0.826029137007754
933 0.292644 116.547155203822 2.087183 0.80525803234574
934 0.44339 118.585877266888 1.957581 0.802573208264267
935 0.391439 109.720305493914 1.986511 0.79620051977858
936 0.498512 109.803423447769 1.860314 0.785093848024342
937 0.374597 112.037352837582 2.014723 0.794464394011848
938 0.303451 112.799285593726 2.065649 0.801826768702167
939 0.333687 120.178163697507 2.095186 0.816168621999448
940 0.372917 111.656856718744 1.998973 0.799364554646678
941 0.411241 119.795644811984 1.99732 0.810611564453484
942 0.440458 105.67696434049 1.890056 0.741320865486786
943 0.287942 116.203671854395 2.167468 0.803237727120272
944 0.228035 127.522200202411 2.215609 0.832948408116323
945 0.411621 113.387676704652 1.969739 0.764134067560279
946 0.449506 123.251124383648 1.936997 0.797032892545627
947 0.352394 114.497243424345 2.050009 0.80480432577404
948 0.365234 120.424146012842 2.04249 0.817788778008768
949 0.416621 109.904574873552 1.951847 0.788686217949942
950 0.496714 113.85944413338 1.855088 0.804403530685339
951 0.341906 121.28256388482 2.074408 0.820362646349009
952 0.307309 126.778853497287 2.145138 0.826229335299046
953 0.415903 120.555819719018 1.991024 0.775108402880035
954 0.431229 120.282884780371 1.967406 0.804422901605675
955 0.28306 125.089619511089 2.1627 0.852603875801504
956 0.496462 120.379244460368 1.885038 0.805370615830861
957 0.395506 117.423782583934 1.987002 0.78974606433031
958 0.391339 123.927122661684 2.023663 0.776871694938255
959 0.410273 112.494781976435 1.946187 0.793273713379316
960 0.466922 121.605500379108 1.894075 0.788537868018962
961 0.485512 121.684652907913 1.891599 0.805270896996039
962 0.462101 104.436222808963 1.894858 0.772317222344118
963 0.417522 113.538700193403 1.981754 0.789074253914782
964 0.401918 115.077488666773 1.99683 0.820637749748423
965 0.346761 113.795978221013 2.055241 0.791771907451186
966 0.282503 123.850550264805 2.154151 0.82022480047942
967 0.422657 123.026406039776 2.004309 0.814247756229437
968 0.394699 118.5451340312 2.004775 0.754122140587727
969 0.404206 114.70178803793 1.968886 0.800343419551314
970 0.266504 125.516589520638 2.183551 0.837703608159856
971 0.492265 117.497666777681 1.860102 0.796059258386139
972 0.355836 123.254001708342 2.059836 0.774437356945445
973 0.31691 121.086465900184 2.092969 0.852060184885054
974 0.331932 117.142712804528 2.115965 0.818468028640458
975 0.401499 120.350930184982 2.004627 0.840076079408315
976 0.562049 112.862503922074 1.692117 0.736514339240088
977 0.403858 116.401726771501 1.988759 0.795390065124557
978 0.400574 108.92502574951 1.99607 0.783262318354925
979 0.569292 104.932893256089 1.673252 0.758348583123065
980 0.396574 119.88797791557 1.992603 0.828792906636534
981 0.266459 119.319965838442 2.142467 0.83067519824227
982 0.31663 128.907146139483 2.131161 0.843292600660955
983 0.509903 105.197848672958 1.801498 0.75912909620999
984 0.428871 111.282962929294 1.929643 0.81143768204862
985 0.361439 125.835035780606 2.078871 0.812408353591543
986 0.563884 101.978613504309 1.704028 0.757684448073927
987 0.344706 121.880343973763 2.101244 0.822414388672587
988 0.192628 120.831668919864 2.218007 0.822090533869405
989 0.275283 122.821637173368 2.16781 0.806312933426397
990 0.337525 121.982554181518 2.092654 0.804446097561023
991 0.323634 116.378657183465 2.113203 0.824632286996922
992 0.33115 120.10993396883 2.110055 0.818324657690168
993 0.331611 127.074607597663 2.08085 0.83096131548608
994 0.383577 122.350184004663 2.007775 0.809652462416238
995 0.387006 120.405687046538 2.038525 0.804478862078346
996 0.363714 120.998513873159 2.074374 0.834664657901541
997 0.307824 117.788398567553 2.131325 0.806230676070197
998 0.246475 115.38754041452 2.147487 0.813976188149377
999 0.395655 118.006956689731 2.024804 0.800867131987199
1000 0.453789 111.314211330524 1.892553 0.768603099966654
