rep aei_left left_area adi_left H
1 0.595626 102.130613890755 1.620264 0.735550168883867
2 0.411753 122.382782268367 2.026372 0.785707986256539
3 0.261614 125.073575918205 2.179711 0.826664859545904
4 0.362307 120.96346898976 2.071789 0.79269562320078
5 0.444339 110.191580627183 1.940188 0.782964739454333
6 0.50749 117.188307321211 1.837444 0.769078344269183
7 0.521755 97.0472776019722 1.769451 0.675369643011174
8 0.356035 124.150000989691 2.089197 0.828225829417367
9 0.478136 120.590696467383 1.862096 0.812717288199833
10 0.382889 119.47167033304 2.023522 0.812485239366842
11 0.472482 114.086033163457 1.906741 0.791916234983192
12 0.29538 124.594906587842 2.160572 0.826343745559442
13 0.296949 111.465097090713 2.081926 0.791262048123237
14 0.548521 112.556323763272 1.759344 0.713002898927967
15 0.421716 113.572506289392 1.997103 0.801476662762139
16 0.422022 119.33844234557 1.959004 0.809569336066591
17 0.280786 123.462853954824 2.15381 0.829968340832112
18 0.363736 110.599383818067 1.984366 0.763869470284945
19 0.373868 120.279128269849 2.067828 0.812805405299511
20 0.362782 122.052490846258 2.04873 0.809739320177282
21 0.539184 110.998112690947 1.753735 0.75065229438303
22 0.39797 112.108642929547 2.001585 0.781977865788963
23 0.357798 109.541870786238 2.072337 0.754814730698052
24 0.464006 112.676382467632 1.919701 0.781730978762041
25 0.338251 124.627755019166 2.115267 0.80791687601765
26 0.539207 103.803885150905 1.742969 0.758115864066886
27 0.409816 112.587371830416 1.966731 0.786203687966279
28 0.348529 117.253935231057 2.087164 0.810188680842995
29 0.387591 111.638386883307 2.023836 0.781907028526958
30 0.343555 117.180265717473 2.091366 0.821051664568383
31 0.467439 113.341673132585 1.907821 0.783586430837043
32 0.315434 123.000261048266 2.1184 0.813415026307836
33 0.335964 118.972198063898 2.089516 0.809874281073659
34 0.562362 113.563995009476 1.722138 0.785019319246991
35 0.460008 117.122520195503 1.926513 0.759639949012858
36 0.528451 114.462028748743 1.773913 0.781899934819967
37 0.390603 115.509847110325 2.030724 0.762812801433709
38 0.532618 109.588210257558 1.787015 0.794581239835105
39 0.325243 117.586404606482 2.065307 0.807900878979476
40 0.214781 124.254554287531 2.225688 0.828352183641904
41 0.285306 121.936869166021 2.148746 0.815303822222345
42 0.465385 107.725795271733 1.902698 0.770601399293479
43 0.569679 107.708047244215 1.673212 0.743247998850004
44 0.376625 108.336684112872 2.021956 0.777477329899427
45 0.433959 121.953257331912 1.967984 0.785804440583182
46 0.36896 112.054654607996 2.051975 0.799164411567168
47 0.383277 114.451959509961 2.052514 0.799333535811597
48 0.265367 128.100720071272 2.162206 0.843090206897052
49 0.304742 120.263978971203 2.13399 0.795798114030198
50 0.46623 116.413447697363 1.872209 0.793794932476581
51 0.305156 119.271584129726 2.128111 0.8155040209294
52 0.375515 119.88977046319 2.030257 0.795966475167655
53 0.428446 107.830051239875 1.925398 0.755072774297989
54 0.346043 122.351063790521 2.066942 0.81976845702466
55 0.351277 121.150689232834 2.084592 0.808316588132255
56 0.465171 116.980816069422 1.874601 0.778259871238663
57 0.28694 119.452128018465 2.128633 0.789966196697231
58 0.400927 124.206021950635 2.007497 0.800902335450243
59 0.478615 122.678151038945 1.870319 0.815560100699009
60 0.639074 106.848177433328 1.54776 0.729737492322142
61 0.604915 104.726854896764 1.643728 0.681622614451908
62 0.482732 118.82571155414 1.861513 0.802409500439128
63 0.367699 119.031586627728 2.040453 0.812252342586362
64 0.454464 118.898394450204 1.922586 0.776312400073532
65 0.646413 119.022203263232 1.509823 0.78109130437127
66 0.320392 118.641758262855 2.102996 0.818203884931192
67 0.422914 117.154578959562 1.989955 0.78365241397094
68 0.495396 116.366852310808 1.837428 0.770526127848834
69 0.499956 107.975940399731 1.830891 0.781770910515372
70 0.371703 114.171254634427 2.025149 0.800977256675592
71 0.291761 116.982453916081 2.130881 0.819314259431288
72 0.241466 128.161797701407 2.202401 0.848274508397836
73 0.486138 112.605359311304 1.846914 0.780432897525453
74 0.266714 120.619040554391 2.150513 0.81698064885677
75 0.378682 118.9598712226 2.020602 0.806296711904325
76 0.507001 120.499668261334 1.851956 0.773439874363145
77 0.542313 118.839229408564 1.785243 0.761225610227892
78 0.275934 130.330761816993 2.16947 0.845715573046108
79 0.335303 115.016001881434 2.032679 0.803517594421525
80 0.440125 119.955294889984 1.908524 0.786150198848707
81 0.611873 113.882301618723 1.619348 0.764001978148188
82 0.51733 113.097147706615 1.825436 0.77450661487096
83 0.269608 119.166447484566 2.135365 0.799157573004047
84 0.333378 122.957441262597 2.099168 0.820026904149286
85 0.460126 115.330578466461 1.902654 0.797861636675729
86 0.301416 124.365734371406 2.134826 0.820277549706024
87 0.299088 112.605671586024 2.135448 0.797889064924513
88 0.368941 120.536753619302 2.059148 0.801160100691711
89 0.356701 119.745993515032 2.034786 0.789588958789471
90 0.397475 117.452916266545 2.021414 0.812259547532329
91 0.481232 108.037622825888 1.857571 0.771159397710502
92 0.675403 105.677188618109 1.429817 0.758879879776998
93 0.513284 102.267165503121 1.803272 0.784870042188038
94 0.401107 123.848340038526 2.035247 0.806231965129239
95 0.643799 103.024462364094 1.513014 0.719668161178871
96 0.445983 116.527470169984 1.917009 0.784730657368685
97 0.375388 119.92931145651 2.03293 0.783397276601113
98 0.403671 116.951372094874 2.009575 0.789347735926808
99 0.299757 118.398376962955 2.130459 0.800108455339797
100 0.439856 117.915381369131 1.952484 0.743923588998668
101 0.36531 121.159683586416 2.073957 0.808643160684252
102 0.428956 121.456742765373 1.984951 0.760729511517476
103 0.379169 126.61201470817 2.038337 0.790204769717569
104 0.410825 105.86467908073 1.970773 0.770724587053877
105 0.605726 106.868043676902 1.646856 0.72590315166995
106 0.3932 113.488419580658 1.988001 0.786331195147246
107 0.278946 122.427383521212 2.156471 0.796249201748175
108 0.408956 115.672562061197 1.980696 0.771175171498153
109 0.406704 110.472837615089 1.980279 0.791253206567608
110 0.319959 116.898836635316 2.106496 0.795647582883076
111 0.407371 117.475855777063 2.003378 0.802752729237944
112 0.469506 113.856662813286 1.901766 0.791101823076561
113 0.461654 116.894185048926 1.938548 0.80823760706973
114 0.437588 124.294074817658 1.987174 0.802689028447269
115 0.399915 115.56961071249 1.959677 0.820382018118243
116 0.26467 118.437006104884 2.178299 0.800406587735819
117 0.338185 119.362658221902 2.086288 0.802169587285099
118 0.367656 123.005395880516 2.049289 0.806761385657291
119 0.541611 110.896240643912 1.76511 0.763059312855834
120 0.450896 119.568152531963 1.896511 0.824688199510387
121 0.488339 111.695154586419 1.840998 0.773515249455236
122 0.473023 116.670473501096 1.88357 0.763854059347694
123 0.497263 111.152724602184 1.871012 0.738468784487487
124 0.462552 105.708304368967 1.852399 0.745116639141202
125 0.280585 118.604901030247 2.170778 0.809934597729203
126 0.56048 108.883004062723 1.714017 0.730150989475469
127 0.420641 120.083638553323 1.998167 0.78888595883336
128 0.474179 114.314866478663 1.87181 0.735525052288655
129 0.320682 125.408077584839 2.105061 0.804594181143603
130 0.533571 114.03342867166 1.809332 0.748953540668947
131 0.327883 119.576674570258 2.104885 0.82933025020173
132 0.471473 114.055570985665 1.902153 0.780509612222269
133 0.416833 112.733001883026 1.972354 0.774989676870599
134 0.316526 120.762880272294 2.110615 0.782672848522404
135 0.441365 125.666646362305 1.94466 0.806114957925309
136 0.449929 112.095299095433 1.937297 0.787802364295702
137 0.37589 121.453606163132 2.029478 0.786999414889199
138 0.321177 113.245242493999 2.095545 0.800234249710091
139 0.300095 115.220310274939 2.114622 0.803014555508772
140 0.365212 109.0763114351 2.016824 0.757463250111893
141 0.599328 108.498780736694 1.632532 0.76006921899739
142 0.485469 113.596707698599 1.878759 0.752140206109607
143 0.364613 115.928783553509 2.086729 0.820164795785799
144 0.455345 120.75223590912 1.95392 0.753301920246935
145 0.349337 124.26436106203 2.101881 0.807724342995728
146 0.265715 125.215490976936 2.181552 0.828256533680374
147 0.449515 104.690379524098 1.940916 0.773588062953788
148 0.404095 118.144737925054 1.961593 0.792929789478855
149 0.371442 115.300562057798 2.076438 0.788563285388247
150 0.329371 125.427696441172 2.119142 0.825635040294087
151 0.390175 123.710497503842 2.019042 0.809547112061525
152 0.408609 105.40753379216 1.987818 0.789977021355061
153 0.249776 119.41929177796 2.166671 0.788868147462387
154 0.310626 108.935686833885 2.104907 0.807608250385303
155 0.255687 128.902185636308 2.200758 0.839028965501513
156 0.50142 107.949914923705 1.811781 0.764817618057288
157 0.39626 120.00435710147 1.98981 0.80636985859047
158 0.463849 113.625261136724 1.859222 0.794083605317486
159 0.529983 104.253475621436 1.80378 0.737854233628172
160 0.404702 117.088367485231 2.011102 0.774465221658083
161 0.417576 115.870661498005 1.984501 0.787852781422209
162 0.440959 113.602692088476 1.897583 0.790030503009574
163 0.446044 117.337738379735 1.92971 0.783705410073783
164 0.448501 117.992664415285 1.937258 0.791584726661147
165 0.332126 115.415755596138 2.126154 0.803105157220817
166 0.413493 121.970038836359 2.008826 0.778811540894681
167 0.425166 114.128546226467 1.959106 0.788335406571904
168 0.245888 120.460869351974 2.19633 0.828149733750754
169 0.343868 124.280781197118 2.087039 0.83033115443889
170 0.265628 135.701753981237 2.189576 0.834254094796486
171 0.393383 116.116493986434 1.999436 0.798508038449128
172 0.434518 112.413184029968 1.9562 0.774962227606578
173 0.624226 108.614690308265 1.573882 0.741772512615485
174 0.448219 113.821265816993 1.946112 0.796533871931414
175 0.441234 112.844139959237 1.917292 0.801381097593656
176 0.394965 115.626305090999 2.00014 0.78328152065992
177 0.510889 115.101680777159 1.853687 0.76599513410519
178 0.348993 123.324461139344 2.093082 0.809112880012681
179 0.455745 117.950907400455 1.942025 0.785670576114585
180 0.344232 112.847301594821 2.079347 0.782960992113438
181 0.384831 111.231151336277 2.001308 0.764289016095374
182 0.436274 121.843075847414 1.972036 0.795289069207321
183 0.271287 125.855607653227 2.17336 0.841437386942134
184 0.314874 125.31842984282 2.120264 0.825615327758065
185 0.305126 121.053516821042 2.124802 0.824381348346013
186 0.299151 117.800632532613 2.128675 0.799279242481719
187 0.305819 120.864462921929 2.152718 0.831235235086997
188 0.417717 126.044122318828 1.990687 0.806233431812062
189 0.548174 119.174139599394 1.756811 0.784575617982298
190 0.474769 113.673977662044 1.855824 0.774905232601809
191 0.591695 114.018407535279 1.658926 0.71175485404368
192 0.375308 129.396522743419 2.054878 0.818509299381008
193 0.513049 109.325688912991 1.832822 0.758402119174566
194 0.41315 121.191742688602 1.962919 0.801162296206722
195 0.51971 111.063875296003 1.80425 0.802614590706609
196 0.269323 119.784278471122 2.154348 0.787793904314051
197 0.514048 114.36860146741 1.80691 0.798689091994309
198 0.289348 126.738393808549 2.157131 0.841815342039321
199 0.407861 111.972087257173 1.983301 0.750535606483864
200 0.647089 106.452259003229 1.482811 0.673586581624402
201 0.317713 113.546589254287 2.087566 0.789852647505149
202 0.340198 114.072057197895 2.050417 0.788410863988609
203 0.381856 117.931672069043 2.027903 0.800131049251622
204 0.484827 121.34072761558 1.884468 0.832449016499934
205 0.294042 123.08682474191 2.160038 0.839155154346652
206 0.322857 122.303022636399 2.08833 0.809555572901836
207 0.371347 120.864657317146 2.03746 0.787787691939924
208 0.475492 114.048812055942 1.887515 0.760102151335852
209 0.476018 115.654876596271 1.886285 0.750307856565872
210 0.660677 107.681791898349 1.504338 0.705030194206232
211 0.480258 116.022063750738 1.826808 0.740122549371231
212 0.510188 113.796110169978 1.773797 0.782015347778035
213 0.380643 104.701692191792 2.010532 0.768925769109695
214 0.338553 120.854382725287 2.117494 0.798852454939334
215 0.422755 115.065615397951 1.917929 0.777622564073533
216 0.27054 126.65953501697 2.180023 0.836866119387404
217 0.243788 116.038604140228 2.163762 0.829797277316579
218 0.41173 116.160079787571 1.96555 0.794901339332092
219 0.162928 119.42634074284 2.241084 0.833016150471706
220 0.51554 113.040854447568 1.782091 0.792693109403662
221 0.434347 112.187838334624 1.913686 0.779651107644794
222 0.412506 113.689192197061 1.997763 0.801533771136529
223 0.650261 112.717642852388 1.509856 0.768877265171664
224 0.348408 116.782847528371 2.079967 0.802805104149239
225 0.463626 115.345725265438 1.898948 0.77648036203384
226 0.352297 117.086556192106 2.099791 0.787197051351142
227 0.475257 114.078900720877 1.895012 0.778177301888167
228 0.361837 112.326452307547 2.062884 0.806262572230907
229 0.509083 117.811549469107 1.859451 0.758642067190266
230 0.373777 112.136894383836 2.04496 0.793745289021302
231 0.537381 98.0713867674022 1.79006 0.720849286580951
232 0.568459 105.947363177987 1.703655 0.758809322587639
233 0.343933 113.717839773267 2.057494 0.779473987911708
234 0.282803 119.862058828699 2.174359 0.795455782374723
235 0.458465 115.094420751219 1.909761 0.753250928884832
236 0.403322 119.593279518788 2.002553 0.783298886238714
237 0.490254 112.226438998881 1.853225 0.748392514606549
238 0.440623 112.712647978474 1.952073 0.775837520432905
239 0.204016 125.546666682501 2.193781 0.837389384286933
240 0.305986 116.591110583534 2.09356 0.799908655008465
241 0.486666 112.933467802545 1.882038 0.772563391548695
242 0.318372 117.952630834281 2.135244 0.83586096186485
243 0.415512 114.282980544461 1.977631 0.795662185929874
244 0.519235 105.536029886161 1.779989 0.768329291449458
245 0.357444 118.032856014985 2.089301 0.803894017021925
246 0.404601 115.908522587799 2.020119 0.766032239964655
247 0.41153 118.838520422761 1.95248 0.808777528642295
248 0.470157 116.574123562753 1.882187 0.745820012667509
249 0.37682 114.144985748347 2.043599 0.782729191866308
250 0.151112 132.62748615188 2.264057 0.831787360962684
251 0.464886 114.335413134491 1.842342 0.778281636182332
252 0.359666 117.45370562332 2.04217 0.822705270893728
253 0.537858 115.285349994505 1.774161 0.781620181269566
254 0.539767 107.368143260132 1.781755 0.701700053165547
255 0.480021 121.238656246127 1.860478 0.786848159853036
256 0.272337 123.790692673751 2.181382 0.830906786035902
257 0.443754 109.392372190958 1.957047 0.792105841798185
258 0.289614 121.803934856555 2.16464 0.813108867002944
259 0.443521 126.225258754483 1.970776 0.787655271473268
260 0.454789 123.65921134604 1.921232 0.815937041461522
261 0.249531 124.174803708301 2.183668 0.8261526293368
262 0.476653 108.349070371966 1.850155 0.786719972952206
263 0.303838 126.719218541471 2.147975 0.850812707634167
264 0.448733 117.245557366727 1.893975 0.801904978842227
265 0.229866 123.505468790979 2.200738 0.838213961196433
266 0.633829 109.668264242385 1.55519 0.748170384582889
267 0.449278 116.551601413939 1.969488 0.782815026028807
268 0.542316 101.834724138828 1.761467 0.721400969732026
269 0.552206 114.314187619092 1.723597 0.757013077182675
270 0.341348 120.134936045179 2.091375 0.8250279073868
271 0.358426 118.783105863847 1.992058 0.800535647983191
272 0.363604 112.604810200506 2.054964 0.778936370145266
273 0.500641 117.798874098304 1.853914 0.769789416785088
274 0.567141 114.344898257366 1.720999 0.792176285437222
275 0.411961 117.122397003337 1.95303 0.779416768461588
276 0.414058 118.985387438472 1.969127 0.79460643759706
277 0.402985 111.355268961687 1.979775 0.786800181055626
278 0.205416 131.700717357428 2.236024 0.837728198117387
279 0.422088 125.064833903738 1.99922 0.812743453026828
280 0.362254 114.619438739438 2.08256 0.781063806570554
281 0.445546 117.87176880173 1.950366 0.798526576134742
282 0.499105 119.585885433478 1.839303 0.77280717686578
283 0.545713 102.384227957362 1.745063 0.719442740442961
284 0.318065 122.747344447014 2.118463 0.801547683765839
285 0.335304 117.590521245755 2.102625 0.812787910224545
286 0.544636 111.400916640983 1.760659 0.757735519288124
287 0.338773 119.726253667712 2.08334 0.793350762524434
288 0.413776 109.747322817147 1.948571 0.78820828770713
289 0.36836 120.396861278459 2.033242 0.789359862301532
290 0.401524 117.083611852845 1.99606 0.803262223659995
291 0.41758 108.630151348421 1.940575 0.782223063606193
292 0.354873 113.429909441157 2.058312 0.814089963403181
293 0.250436 121.801467204068 2.163466 0.825728951843046
294 0.434393 112.384374485647 1.936315 0.780897995308027
295 0.425688 123.485673418788 1.970986 0.814153063241011
296 0.327851 122.31967369188 2.103911 0.833427849768372
297 0.361023 118.791795550218 2.056991 0.788476777810423
298 0.322983 119.212924387694 2.118632 0.81813380750869
299 0.372203 117.304730541677 2.004107 0.801837702180565
300 0.423129 112.110421905382 1.957168 0.758085088104882
301 0.467695 112.958128772909 1.901502 0.772392453862436
302 0.429457 118.461198790212 2.000132 0.819017572759688
303 0.483299 115.12124848032 1.897003 0.791260089408378
304 0.445044 112.856387085817 1.886525 0.776953358430507
305 0.458458 109.206617948629 1.872301 0.784608248781226
306 0.518342 112.615811490423 1.807275 0.761705673449614
307 0.449496 110.265970336595 1.938582 0.771534251010129
308 0.354679 128.232429507214 2.063042 0.81845091168535
309 0.444451 109.133155095807 1.949247 0.77015971533414
310 0.254459 119.118457258369 2.179801 0.789257161758635
311 0.46608 111.544244393252 1.880136 0.79813762167921
312 0.4283 118.413125460209 1.962172 0.804208494728201
313 0.533414 110.533971559773 1.784475 0.77448974389336
314 0.51669 118.681215305636 1.841184 0.752913898134373
315 0.396935 116.172384140448 2.004371 0.788358211319046
316 0.413819 122.821029349864 1.991013 0.802147305347184
317 0.474196 124.04779158899 1.843181 0.766720905588358
318 0.403905 114.682726214522 1.962778 0.806537597430076
319 0.526487 115.419192068919 1.809867 0.740719842294593
320 0.504059 119.977498583518 1.848718 0.792202933516382
321 0.360494 120.09083110371 2.071302 0.806829183073914
322 0.353702 119.18324243322 2.055116 0.809679297792576
323 0.485099 117.670208050575 1.84792 0.78857096240255
324 0.367369 116.502467756943 2.027734 0.783766356350714
325 0.33127 122.841714618565 2.11419 0.820390550163308
326 0.462623 114.778759119902 1.900637 0.769161316285368
327 0.276318 122.154047838335 2.171878 0.845093400934866
328 0.383631 118.566542765348 2.046162 0.78136948007681
329 0.485542 110.452066696368 1.848444 0.774937765886455
330 0.470803 106.376518924521 1.880279 0.750901698250856
331 0.485381 118.316574740449 1.831618 0.741300780020652
332 0.409364 116.50764631289 1.988989 0.80565464345038
333 0.484659 120.092884018114 1.868094 0.791760961358058
334 0.393794 114.384184785135 2.002762 0.814287544220235
335 0.461837 109.108899095487 1.901167 0.800833287125968
336 0.34172 119.663336447819 2.076873 0.796614901354515
337 0.310067 124.991295394715 2.139065 0.82761936045732
338 0.323404 122.514820549255 2.067601 0.757420334538367
339 0.522947 107.398960459576 1.795765 0.752273484598477
340 0.483244 114.853513034446 1.879484 0.764576270830197
341 0.484038 112.191344788581 1.861691 0.801963952893697
342 0.457542 111.678642932639 1.912749 0.771663791340665
343 0.286649 126.328885368364 2.159673 0.831049773053947
344 0.540532 111.813441555344 1.788082 0.77246295785543
345 0.436398 120.663524572175 1.965095 0.819779515989814
346 0.445946 114.913977770077 1.948644 0.771578713605036
347 0.312427 124.27505941862 2.145055 0.806279077204219
348 0.441529 116.763042266265 1.974503 0.787086455109019
349 0.500728 113.786512502746 1.817947 0.746513139637534
350 0.570517 115.863756314582 1.693093 0.763811903453042
351 0.405051 112.845522773016 1.979552 0.765821824148131
352 0.331339 123.194493857198 2.111911 0.822199677337481
353 0.370913 117.421257404653 2.070896 0.772632844207308
354 0.258997 119.927701071649 2.170052 0.826867723992891
355 0.519453 116.349256213471 1.801308 0.772784892329103
356 0.408344 109.402549621817 1.977156 0.777117642958462
357 0.451016 105.555374338131 1.906642 0.774161347156198
358 0.46531 111.66753519085 1.88037 0.772016584866669
359 0.446005 110.437459734793 1.922148 0.777993557441719
360 0.245336 115.374594056492 2.182399 0.812297328944868
361 0.442406 117.01925405527 1.949463 0.773121162387744
362 0.415088 114.373897739183 1.933697 0.786601165089746
363 0.441821 110.767574494349 1.974374 0.798237709008334
364 0.340084 119.099809664819 2.105738 0.80494060999911
365 0.302027 124.115107181076 2.122196 0.824856814633458
366 0.519716 111.236032343898 1.822817 0.764630644706511
367 0.358994 115.716402276096 2.092607 0.790417573337998
368 0.294537 123.718113258691 2.142418 0.800429147576349
369 0.319952 124.334366728016 2.082738 0.786377743285735
370 0.517595 114.204169562323 1.810377 0.759490066447167
371 0.317125 121.998774380782 2.115738 0.818071840365345
372 0.440407 111.402885307173 1.946455 0.740803693614532
373 0.443369 108.772081020201 1.959126 0.772336281292687
374 0.53226 120.074559447315 1.807838 0.803219829029681
375 0.514271 113.818113940563 1.844479 0.785543087365739
376 0.574311 116.519374218413 1.700664 0.779001488781349
377 0.368791 126.456103585057 2.079867 0.841764041233327
378 0.206944 131.624809450463 2.236484 0.839478534436415
379 0.36757 117.61089912503 1.999731 0.798591373705335
380 0.392743 124.018016674452 2.036548 0.820784764117317
381 0.312441 120.369117199219 2.125496 0.838277212775039
382 0.43764 111.303038875466 1.887934 0.779419981458093
383 0.355113 116.56986218378 2.060953 0.809260978792426
384 0.372866 118.09780104991 2.069624 0.799472897858766
385 0.451447 110.362966674515 1.925869 0.782615651162606
386 0.332078 115.827527078541 2.116992 0.806593696615548
387 0.400287 120.214570227903 2.039706 0.779927424982929
388 0.379223 118.842245586573 2.032976 0.784490332135729
389 0.379169 117.339832779559 2.013196 0.805353776575323
390 0.424609 110.044522800882 1.975889 0.776115972459906
391 0.406471 111.598015933245 1.979671 0.800555059818901
392 0.575957 116.109156220749 1.728709 0.75277061827125
393 0.403244 115.453731249511 2.012305 0.81571155109073
394 0.449991 112.829647223796 1.927716 0.765974465579172
395 0.480228 119.397483644352 1.839908 0.793978638181084
396 0.488753 110.350335768927 1.822287 0.736633104027301
397 0.374279 114.463430895453 2.028448 0.77848820006784
398 0.466764 108.344457818203 1.903386 0.782129200062587
399 0.36431 124.036680724812 2.047293 0.816310576305192
400 0.46668 115.874565592493 1.917127 0.779212133909645
401 0.447893 110.781976318756 1.889703 0.758610263169054
402 0.342323 111.202930336926 2.079059 0.81299591442446
403 0.403826 115.563776790145 1.986671 0.811260833092802
404 0.312194 117.369986664253 2.134667 0.815544800909033
405 0.356312 117.845104503261 2.008466 0.791299692352197
406 0.205101 132.29792100762 2.23322 0.839551102019123
407 0.438071 117.594205649219 1.978131 0.773384173965754
408 0.37073 115.114866206479 1.974389 0.791296694585325
409 0.269162 124.531973365398 2.155487 0.833408814166641
410 0.476736 113.633669037586 1.840321 0.739343714123776
411 0.319706 116.084496118438 2.077502 0.795912579656993
412 0.352621 123.394657194053 2.07833 0.816166482017038
413 0.464897 107.848520215243 1.908833 0.79415488258923
414 0.476044 119.252297368669 1.891902 0.80597338381953
415 0.395831 116.702738005413 2.0252 0.784438046477827
416 0.503454 105.222160820481 1.85675 0.714848870711208
417 0.520733 111.613254989091 1.811204 0.769493035210659
418 0.464536 114.049673555054 1.863662 0.774483924291048
419 0.487408 114.767814776608 1.891379 0.800621558394272
420 0.39716 122.079649949078 1.998378 0.788143550728873
421 0.335902 120.22731543938 2.121822 0.77607170358164
422 0.411841 116.896826420897 1.987667 0.78261657776023
423 0.291656 126.32494110123 2.156796 0.832527532713157
424 0.439967 117.465206315603 1.961595 0.79727815057075
425 0.406351 116.073716084883 1.971221 0.801592948653721
426 0.468764 113.304142199341 1.918019 0.750748928361158
427 0.391848 119.561570047363 2.036511 0.803251665118464
428 0.540657 112.12271752729 1.75174 0.744186160394419
429 0.400439 118.732696679924 1.960696 0.801416061571916
430 0.480542 105.870321940234 1.859846 0.738359751055302
431 0.416458 116.600362484261 1.973293 0.793469548330693
432 0.591139 114.584739557869 1.661589 0.767015137727412
433 0.602436 122.320826559506 1.658867 0.790736705434345
434 0.378745 113.972469545848 2.007836 0.76594691632986
435 0.372919 116.369924077302 2.066214 0.800527728163934
436 0.472348 111.010563301391 1.915235 0.740868399422353
437 0.419342 119.452648385694 1.988054 0.752126556499949
438 0.406503 121.160322818876 1.995826 0.816252690968635
439 0.582767 101.361857334954 1.679551 0.697924185436007
440 0.456172 117.382333143565 1.882522 0.795334327155306
441 0.449036 122.205645089496 1.932439 0.755119938605924
442 0.412723 112.777630867255 1.978313 0.783128329270087
443 0.324769 123.226238221975 2.125348 0.789860548827379
444 0.403934 109.113793160555 1.998085 0.781490350963145
445 0.353256 117.149297901924 2.058886 0.803043614640534
446 0.348946 120.799485653962 2.042646 0.796805942302077
447 0.480791 121.226514764813 1.863458 0.805367306585788
448 0.333401 125.541780588605 2.101346 0.80869528422166
449 0.252221 122.393196748302 2.1941 0.822714932970578
450 0.309524 122.995923350035 2.124033 0.825565141906117
451 0.513008 110.148847185396 1.796514 0.771163344001992
452 0.401972 114.379075460158 1.985245 0.789920337646635
453 0.403323 115.144476019962 1.984775 0.794978779757691
454 0.564689 105.864486173759 1.690246 0.711143754689117
455 0.33327 109.964591520188 2.101606 0.779184659842154
456 0.282299 130.263614327899 2.120422 0.8145225355669
457 0.416401 116.363889800202 2.014877 0.807192238811399
458 0.310132 128.12854983039 2.145234 0.790866830820371
459 0.43996 112.441827674352 1.925822 0.718872323121377
460 0.408304 117.543718833403 2.016085 0.77727904241725
461 0.215473 119.529464855663 2.176651 0.820275865477355
462 0.438626 111.049349979807 1.955432 0.754167956411362
463 0.315423 118.641159491932 2.08922 0.80203627707472
464 0.377695 114.477846352921 2.02855 0.794288879077411
465 0.668309 103.388563412564 1.473823 0.711191772542812
466 0.413038 97.2118208652478 1.971437 0.742618878324876
467 0.388641 117.087054180959 2.009397 0.792275320133676
468 0.353851 119.058291724803 2.050032 0.819636847576961
469 0.362945 118.762079174322 2.075371 0.804219010846036
470 0.366191 113.54426007898 2.025361 0.737706039259064
471 0.431479 122.973509657145 1.966105 0.818680613575816
472 0.504436 111.586287155066 1.84031 0.752129531089705
473 0.345678 126.597230818316 2.107679 0.832495167129632
474 0.252621 122.714908844586 2.187532 0.796372554241209
475 0.168505 133.574264678383 2.257826 0.857903329693909
476 0.351344 118.622739392802 2.0935 0.814842687665819
477 0.419355 111.772068619606 1.928812 0.790075626301371
478 0.499157 111.421601728459 1.840121 0.781456047894373
479 0.337906 118.456940261666 2.089747 0.78894760715836
480 0.442928 111.149751910776 1.943763 0.815210755170685
481 0.446312 111.677989988275 1.91051 0.756217694322304
482 0.469213 110.800073816058 1.886817 0.797070511501455
483 0.562189 106.676753148945 1.71142 0.741578283773564
484 0.386023 123.665533056542 2.035069 0.830177086855058
485 0.255509 127.215411200165 2.184231 0.84146491178772
486 0.322547 121.571153728242 2.129377 0.809546174084504
487 0.3438 113.973561502005 2.062382 0.792693347112037
488 0.320445 116.515342156823 2.095109 0.81305858497116
489 0.276283 122.947364961321 2.142623 0.825547868657996
490 0.297943 121.070905272783 2.120384 0.817922852247324
491 0.333812 119.27888997235 2.068885 0.743990129268307
492 0.419323 115.74316197111 1.990554 0.813078961425629
493 0.26081 128.362105831694 2.123823 0.835184917920211
494 0.478347 114.679830534177 1.875628 0.79718584950886
495 0.417846 125.887301809816 2.011627 0.819557556721048
496 0.360073 115.852333801757 2.054316 0.803142058061889
497 0.471234 113.908512078028 1.890757 0.767284873296053
498 0.485584 111.134451587425 1.818108 0.751904191436671
499 0.433702 121.175455022676 1.963268 0.783744060192919
500 0.485989 107.788570089077 1.854704 0.752960811147902
501 0.591136 108.584749921567 1.646931 0.713354940687578
502 0.347023 114.107311249258 2.092032 0.791466637183333
503 0.379357 117.711247635162 2.025153 0.799480606770513
504 0.469903 115.554137295445 1.910513 0.785801784621267
505 0.513111 109.318682181226 1.805806 0.741099790920531
506 0.438296 114.150853009979 1.88691 0.779390839608201
507 0.445987 126.475455104516 1.904229 0.821395395189058
508 0.35522 122.418652313913 2.04679 0.785477210164719
509 0.531423 104.655028832669 1.759445 0.746204592476857
510 0.331824 111.02014260359 2.105767 0.796459911700816
511 0.414707 114.522459084546 1.986594 0.796010933810509
512 0.387528 124.306290625871 2.021054 0.805878080313998
513 0.488788 112.81290726054 1.876384 0.757823839451465
514 0.411126 115.615484278624 1.983453 0.787462610934606
515 0.449226 117.233810485348 1.948094 0.783214335973487
516 0.364076 119.881887212733 2.028936 0.809126140568933
517 0.534789 110.710533592128 1.763518 0.76537641406665
518 0.400357 124.894851312155 2.034978 0.797131753453612
519 0.424123 109.502157042885 1.933085 0.792955663347473
520 0.547471 106.476474981268 1.765048 0.763330529538381
521 0.277229 119.952508414993 2.167076 0.83329261101895
522 0.552063 106.512267417942 1.759158 0.746638350603228
523 0.245279 126.150310812793 2.205673 0.844391716446389
524 0.353608 116.735599924458 2.043488 0.790434387291844
525 0.37213 117.83317720046 2.060251 0.78831478063704
526 0.495557 105.206192273021 1.826191 0.770203557849415
527 0.3963 113.799205257993 2.018571 0.779638292093317
528 0.429501 111.905375714037 1.959871 0.76552799158473
529 0.497607 120.529517790895 1.866479 0.767054043213119
530 0.587308 112.66088799987 1.692906 0.778575167747794
531 0.472615 115.615884886564 1.87071 0.753590097540958
532 0.519192 114.266463591213 1.786796 0.759724536933457
533 0.323436 118.380042992054 2.130659 0.822231238607591
534 0.354424 120.002362269267 2.097606 0.797838429912641
535 0.357911 117.552314582347 2.088705 0.817535464992929
536 0.577445 107.276903677336 1.684908 0.744556406241822
537 0.249594 122.274789197616 2.165931 0.817551220573007
538 0.524331 106.301659860121 1.801945 0.744238794892061
539 0.446142 122.224120452133 1.92369 0.751556057171065
540 0.470518 113.802165208471 1.875427 0.786308287584454
541 0.452788 109.336770594128 1.903931 0.760982728987188
542 0.507546 117.216473533846 1.823927 0.806504165563155
543 0.37955 124.034719149162 2.047048 0.799258427996251
544 0.353857 120.384746841225 2.0476 0.823735145612713
545 0.361398 110.570613735479 2.007453 0.782587331732741
546 0.375342 123.083611632135 2.030897 0.820178078294651
547 0.450464 115.475410026636 1.941783 0.797244844656632
548 0.372289 118.014713779636 2.056574 0.793915817438886
549 0.389194 121.070758225507 2.010783 0.794530241605523
550 0.459885 118.823035772161 1.913656 0.778511371679097
551 0.253384 118.315206043758 2.153714 0.825530840865802
552 0.445122 115.526408835485 1.940204 0.741906827767264
553 0.445765 121.74027832001 1.898871 0.797111340730784
554 0.384152 118.311317116391 2.036833 0.794660215365664
555 0.397628 122.909864876382 1.980768 0.786083930549424
556 0.468968 114.054382027132 1.900608 0.750538943468292
557 0.365897 116.363084188493 2.044071 0.801916678889885
558 0.364956 121.313736971462 2.08797 0.767040825967012
559 0.410688 119.969008382059 2.003972 0.831606738406769
560 0.381544 117.911484261705 2.039555 0.770828094987824
561 0.436254 116.793247531204 1.952184 0.803394610330838
562 0.38878 121.29757848921 2.01597 0.776281513042112
563 0.371569 121.945883135667 2.048861 0.808565657792833
564 0.364712 120.674649330645 2.05021 0.802525590165891
565 0.260904 121.258393336397 2.184449 0.829592088380748
566 0.373877 117.3399337113 2.039592 0.803762713784822
567 0.469447 108.900857540155 1.905192 0.76975680130605
568 0.325861 112.060046054835 2.083738 0.768521427326746
569 0.348233 115.942771804914 2.026168 0.791465759995627
570 0.54321 117.56427394527 1.767446 0.783851052313316
571 0.452159 112.902046866669 1.91466 0.777367010700752
572 0.331794 120.80703162129 2.121217 0.796718212396959
573 0.384384 123.579866698298 2.043144 0.806099448825497
574 0.270622 121.024619894641 2.181633 0.811026379095823
575 0.537482 115.945400740151 1.793745 0.760511277840395
576 0.466367 108.626477543554 1.933803 0.796014814018088
577 0.430948 115.770480734601 1.941454 0.799864578378013
578 0.417892 117.676261859107 1.971459 0.79488780939585
579 0.34809 118.745756946527 2.06477 0.811292685821945
580 0.325288 121.405530013816 2.108014 0.832231161992673
581 0.389576 119.190429016623 2.000097 0.757852391431137
582 0.295891 121.768058410403 2.142905 0.80435497069456
583 0.293426 121.639727191619 2.147137 0.819384564474515
584 0.376924 113.699182357224 2.026141 0.817070057269502
585 0.273845 126.294702286837 2.153257 0.827112915577378
586 0.121023 130.200854548615 2.272499 0.821888878029471
587 0.437014 120.746591918451 1.938255 0.854110430703088
588 0.656097 119.060611946943 1.506923 0.803092135399802
589 0.327054 128.505247886476 2.120304 0.82724092582931
590 0.417827 117.504646881107 1.945506 0.847542359599391
591 0.516495 113.280799957725 1.811098 0.774811794150103
592 0.356562 120.295240879361 2.091208 0.822757397383627
593 0.35846 115.246057399199 2.038146 0.811637597003258
594 0.389363 114.565201308116 2.005788 0.795529484100121
595 0.45639 117.535519150818 1.924359 0.785670171083217
596 0.433606 117.067233471706 1.931714 0.786064165962925
597 0.442382 115.128652194841 1.971371 0.783454828745256
598 0.450853 108.314580819638 1.944943 0.783444406128726
599 0.526091 117.624085228292 1.788768 0.769741542417612
600 0.380671 119.882672707291 2.058502 0.811065494829785
601 0.355386 115.17489545325 2.060761 0.795102105366803
602 0.505543 113.233349588204 1.813467 0.787571012977697
603 0.402092 120.249702284001 1.992873 0.807735745087943
604 0.502054 111.845529483191 1.867311 0.7470881342843
605 0.460159 103.656038469349 1.870391 0.696529060734421
606 0.440622 114.153940893981 1.897264 0.774513803302973
607 0.448289 107.304381791399 1.940457 0.757783136027025
608 0.376148 112.074357319138 2.038875 0.810277993418772
609 0.433222 112.84308439661 1.945929 0.780795695689218
610 0.357025 122.573524841773 2.064338 0.814489030371642
611 0.258954 121.269852170607 2.181202 0.835602120418949
612 0.540317 113.601423289355 1.734539 0.753382668151646
613 0.306859 122.341183401235 2.131437 0.827455844539592
614 0.284196 116.493917505132 2.094146 0.785936006164741
615 0.502974 101.621415889505 1.788834 0.734064942279306
616 0.387426 120.573804453649 2.05138 0.798166823110134
617 0.489841 126.592803385955 1.883489 0.791547759806429
618 0.447803 106.030251249537 1.918187 0.769968950593924
619 0.336726 127.144761927521 2.104789 0.803089333313145
620 0.534422 116.48511375636 1.797892 0.784660559325027
621 0.488977 110.872960862934 1.903349 0.746612668126457
622 0.190919 132.268568675829 2.240588 0.829620655925016
623 0.599107 103.066665139248 1.645414 0.71301012441703
624 0.245086 126.20604219823 2.186156 0.843720122710734
625 0.502159 117.212376046071 1.836576 0.762974998105969
626 0.366059 113.348765199003 2.061388 0.781980173873815
627 0.429189 103.051839206671 1.945279 0.774818066453967
628 0.210515 122.55458283697 2.226748 0.836734442315797
629 0.299555 129.800054638122 2.144544 0.827752840201872
630 0.423854 107.809730802695 1.948335 0.761727668425106
631 0.356215 120.570711208555 2.047416 0.811387380584785
632 0.372326 115.301221833384 2.073314 0.786022009010336
633 0.343872 127.881955510982 2.101213 0.845631166504162
634 0.476593 111.884444846668 1.900921 0.768010770867808
635 0.37325 120.154639625514 2.069506 0.797082783850979
636 0.424966 121.615834857693 1.970833 0.798209873932996
637 0.338957 115.978134939988 2.072573 0.797007668306103
638 0.502554 115.982541885192 1.875329 0.784335361813782
639 0.423234 112.381446757213 1.956804 0.767368441043224
640 0.326631 115.988727072829 2.093472 0.8074894168197
641 0.369007 119.391684177197 2.050545 0.804239722106042
642 0.433297 121.139282184691 1.926673 0.803940862057442
643 0.414633 112.947076426398 1.977495 0.793826621661257
644 0.467912 108.155811861123 1.899217 0.767703527468244
645 0.35095 119.991859590838 2.096489 0.784863014752393
646 0.266716 115.244406830967 2.151317 0.80627833476456
647 0.361581 131.392072811303 2.049159 0.872384067860547
648 0.449527 113.833588579434 1.924949 0.777241434923278
649 0.559651 106.927316640123 1.731992 0.771432105068753
650 0.385948 117.055848824017 2.023346 0.789617117051556
651 0.488758 121.16207404418 1.890147 0.776868154947861
652 0.68688 104.821675657107 1.409127 0.702089637816138
653 0.358873 121.23900063086 2.093366 0.803763361341645
654 0.46192 114.445400598997 1.920097 0.786003454290494
655 0.366119 123.501779070763 2.073068 0.820803733535261
656 0.509371 114.795326133808 1.836179 0.787345840212614
657 0.439259 113.801846751834 1.950371 0.768202871721477
658 0.374624 110.067342176429 2.02239 0.784891332208452
659 0.403246 119.105623304285 1.975508 0.819125699330031
660 0.362741 118.219922077035 2.055702 0.785975831000371
661 0.390547 116.811250387909 1.995477 0.76193492387605
662 0.533111 105.005786891562 1.771583 0.779413573920195
663 0.332111 123.990988155535 2.12433 0.803434741518459
664 0.369207 112.445012374461 2.061548 0.78722257168644
665 0.375719 116.551899741385 1.995346 0.79390861599766
666 0.327623 108.727311193779 2.068053 0.77581441134071
667 0.409639 120.106900579431 1.979484 0.784564399090056
668 0.459514 116.257379365672 1.898787 0.760075878765426
669 0.539336 114.491883815484 1.712107 0.789548816650814
670 0.469813 116.051258140666 1.896026 0.770082628131148
671 0.44626 106.603901542708 1.90761 0.773770960372294
672 0.395671 118.611420770865 2.036931 0.81563875830818
673 0.529997 114.772121912021 1.805067 0.778007707807263
674 0.435889 105.917260033308 1.955065 0.76211087985785
675 0.419271 119.270446409231 1.975583 0.803764050829842
676 0.418438 118.606760207753 2.001319 0.779345722282063
677 0.355141 114.015854320009 2.047823 0.805302953431694
678 0.37954 122.1688422534 2.05197 0.800387067657884
679 0.141457 130.512227821424 2.254218 0.829499390920758
680 0.270251 117.050048572109 2.171402 0.80344960804215
681 0.297324 121.181147352571 2.133132 0.833368850566124
682 0.426206 113.676614713702 1.950426 0.779077228332301
683 0.336065 120.869130527444 2.093237 0.798432108722992
684 0.375085 116.156751303509 2.016958 0.786389290243779
685 0.389116 112.901053429807 2.035198 0.809137486411394
686 0.449694 113.556470318446 1.926082 0.772126248526515
687 0.429856 113.072628615429 1.957127 0.793539028877445
688 0.416716 117.819769802741 1.969754 0.769164098019244
689 0.476427 119.701386454416 1.887884 0.787680326164119
690 0.421473 116.49884787603 1.955668 0.801906270440502
691 0.448579 114.698456405224 1.921924 0.758003362824269
692 0.592953 102.901797022447 1.654676 0.681008377689684
693 0.474388 115.160249293785 1.881756 0.768063573968663
694 0.224922 125.810864912232 2.215799 0.844030602975384
695 0.360545 120.334611114406 2.087727 0.832405063239635
696 0.264136 117.478279445354 2.152049 0.819829186472991
697 0.410676 114.669220560528 1.991481 0.803906412271342
698 0.482819 102.721222719765 1.858286 0.773374938065192
699 0.416166 115.416941037357 2.014303 0.784859618856977
700 0.467285 114.438348595987 1.889006 0.781136169239053
701 0.394207 110.636341732546 2.016963 0.790080480758968
702 0.409886 109.998516874241 1.973999 0.689746492466626
703 0.223429 125.274480521413 2.206416 0.829174171855082
704 0.518441 107.749094186333 1.786374 0.76648184296874
705 0.43492 123.669747066416 1.95384 0.779944504435426
706 0.369863 123.870846741392 2.049919 0.818870606181536
707 0.320562 126.084381680875 2.12369 0.83531353537199
708 0.502316 113.435083132909 1.848506 0.787225578713832
709 0.298779 120.73918125468 2.054133 0.799556932025055
710 0.529052 115.613430303423 1.802788 0.775346508947401
711 0.651947 116.815207704944 1.485205 0.747112880621081
712 0.474874 109.427631613218 1.840413 0.788339738349213
713 0.298937 122.509086455634 2.132258 0.816762030849937
714 0.423431 115.761124087139 1.969322 0.807659499484386
715 0.544818 114.556510263066 1.754675 0.744611566712191
716 0.475281 114.139449881614 1.895936 0.784121907719195
717 0.390428 117.753911517662 1.998225 0.616048446052703
718 0.377823 125.627318748294 2.02585 0.831442114587759
719 0.570785 108.402120902612 1.711463 0.739296540143546
720 0.296578 126.965529712139 2.152731 0.824628461556646
721 0.25896 127.825484130346 2.184487 0.848820719126231
722 0.282466 124.284387981856 2.159102 0.82498597152688
723 0.380796 122.412734701663 2.026928 0.804494898867679
724 0.567411 113.521263997464 1.740675 0.743545239240511
725 0.342846 117.6874084445 2.079237 0.808803295595732
726 0.357504 119.560256573607 2.063957 0.796837944628227
727 0.345918 112.105582117433 2.07302 0.782960429467916
728 0.49931 111.522220300895 1.799496 0.780900588815119
729 0.291359 117.596688095683 2.145283 0.800413919649847
730 0.271817 118.933894324432 2.183742 0.840400769671618
731 0.521527 117.886189215085 1.820766 0.784369897412464
732 0.292439 121.976957529278 2.144189 0.820345768414931
733 0.469443 111.380051807114 1.901027 0.775454183077551
734 0.390333 118.162356688911 2.031339 0.804334061390674
735 0.500284 112.871631131726 1.82221 0.766155325049376
736 0.404101 112.855887512505 1.987966 0.800544419286671
737 0.245849 130.711801950362 2.203328 0.834505814387245
738 0.381698 116.65113007785 2.018712 0.793006351891851
739 0.375509 117.44886614367 2.048193 0.809607591546063
740 0.512073 101.977883890169 1.836791 0.747827830789961
741 0.482102 113.115103631704 1.904148 0.744104682797979
742 0.328144 118.027764752696 2.0623 0.797168157829556
743 0.450106 114.418175320535 1.956152 0.745819481785059
744 0.619759 106.001605742958 1.587567 0.70831905052257
745 0.428305 111.491373797921 1.910415 0.771735713123633
746 0.383049 120.731888555227 2.040273 0.79245700718814
747 0.468135 111.556181872161 1.890497 0.77725418488844
748 0.340599 117.8971790552 2.053053 0.814920631818942
749 0.501869 108.668476309482 1.819397 0.770473730003578
750 0.282388 121.78340615697 2.149601 0.821266091210568
751 0.432424 114.479278371748 1.917758 0.745426575557623
752 0.515756 118.980113716231 1.822167 0.769161561984691
753 0.454129 117.131853813587 1.928843 0.784661028789965
754 0.462657 111.867829168773 1.914229 0.781183739481305
755 0.477339 117.577302795091 1.886406 0.79043270233372
756 0.371705 118.674445243722 2.076048 0.813278404686768
757 0.354096 113.238662556613 2.091287 0.805090408962563
758 0.509809 104.403894341405 1.833768 0.749926051248453
759 0.49292 112.023904504606 1.886158 0.78011204886702
760 0.476855 123.896793987383 1.908939 0.807141683095958
761 0.49673 104.47995392876 1.802129 0.772913003435889
762 0.413973 108.838682983388 1.962221 0.752078313675018
763 0.533255 115.154715107726 1.810355 0.76741230201998
764 0.304424 119.934341627654 2.142714 0.81539868428848
765 0.465746 110.784754390351 1.843618 0.77558090739528
766 0.349973 114.747918236764 2.053207 0.777899195750718
767 0.435367 115.73217325568 1.962843 0.794586039934931
768 0.56028 107.411354818517 1.702564 0.762594149403854
769 0.378968 107.877879862829 2.011887 0.767962706379787
770 0.407324 112.835733444905 2.016723 0.805467032401785
771 0.440835 119.677568790384 1.946671 0.782255319553372
772 0.446798 118.919714265022 1.955221 0.775735731637853
773 0.344161 118.112519795763 2.072376 0.786698494558924
774 0.379628 120.095023680561 2.026561 0.795699215651943
775 0.370313 117.585112413383 2.035487 0.790061373212689
776 0.513506 109.400345183337 1.817246 0.754010904696279
777 0.349881 127.775866474055 2.091115 0.815091195187749
778 0.350154 120.52657523554 2.095378 0.788569529028045
779 0.382609 113.757444133417 2.022715 0.781065571038907
780 0.339976 120.052801573902 2.081441 0.814453211642979
781 0.272384 119.557010463151 2.169928 0.816668094666846
782 0.38267 121.994495983683 2.02709 0.776160573666733
783 0.371037 123.866095520403 2.014051 0.818079543702751
784 0.436848 110.384439287148 1.947761 0.778488982944917
785 0.375983 111.008045751272 2.001641 0.767618928504306
786 0.359691 119.153192503575 2.044638 0.797115573115363
787 0.474903 115.804046987268 1.897222 0.764071970749491
788 0.595972 114.859548077526 1.638204 0.755307544027006
789 0.298932 122.112813590717 2.137636 0.831623062296388
790 0.396047 117.551391536575 2.005172 0.808170490596842
791 0.475381 115.991185657739 1.894813 0.789399561116763
792 0.326986 122.049984098366 2.129596 0.812027504428617
793 0.493879 113.043426229075 1.834011 0.774586386735882
794 0.275293 127.769076805193 2.149314 0.81278340904168
795 0.339127 118.26124131181 2.078105 0.829351348156511
796 0.462736 110.406735460331 1.943973 0.75203287630423
797 0.343319 117.274970704207 2.075984 0.804957687028268
798 0.371943 123.18824359413 2.048495 0.785152676757198
799 0.504392 118.560666456561 1.857888 0.797303210209419
800 0.353888 117.993191073567 2.063177 0.811263456370711
801 0.419815 111.107813067377 1.974029 0.780160406676426
802 0.476727 119.564947627014 1.8938 0.759570035465959
803 0.38772 112.423207992518 2.008818 0.78662248807182
804 0.252341 124.402194611679 2.18243 0.828629644534107
805 0.422455 115.742874288261 1.941278 0.816818419368126
806 0.271922 122.926420335144 2.171511 0.818664116993428
807 0.429103 106.954178144865 1.936829 0.775823021717113
808 0.245324 117.005810844948 2.181827 0.811964479275267
809 0.320889 124.152638974936 2.139402 0.798181273898256
810 0.404011 114.69369903303 2.022749 0.800624278273498
811 0.382071 116.572509926928 2.02621 0.788859956751916
812 0.448788 122.044120668516 1.963604 0.79650091343759
813 0.467857 112.40587432367 1.881978 0.76972283387839
814 0.469698 115.183035623215 1.908319 0.784592257566023
815 0.520407 113.979215610364 1.817411 0.786020047341701
816 0.446827 121.848092631967 1.95837 0.807710217107028
817 0.416749 118.882811103606 1.96382 0.813336481035509
818 0.312613 115.558804849102 2.120587 0.797587927052699
819 0.337104 119.569354812009 2.09121 0.807171311376045
820 0.344299 117.394109061773 2.041097 0.803005402510573
821 0.433148 118.541809204951 1.983447 0.790045491146415
822 0.397092 114.827626750335 1.962153 0.799957667393558
823 0.418036 117.81988746282 2.011486 0.797798194649897
824 0.348725 123.59709086589 2.078238 0.809468417077125
825 0.429315 113.196655906531 1.974589 0.790392107257193
826 0.434404 111.071327704041 1.929545 0.755258875797348
827 0.491434 115.242784143386 1.846459 0.796884254330582
828 0.474168 106.001016645585 1.865843 0.767921611933917
829 0.331248 116.303076871313 2.116079 0.820645209880076
830 0.512143 116.42324135914 1.801992 0.779609042545987
831 0.419449 121.924269397578 1.983262 0.810239692961888
832 0.390038 127.063818642237 2.055484 0.799294393239483
833 0.446495 115.690652746428 1.968095 0.809030420730661
834 0.396874 120.892366050845 1.962997 0.823035841080101
835 0.465606 114.451489129125 1.897487 0.771786844036382
836 0.377006 113.972627741904 2.017431 0.806640110611753
837 0.54595 114.687691988017 1.750736 0.788176028946928
838 0.188692 131.550158084624 2.2463 0.854403817492653
839 0.292959 122.482464955244 2.139301 0.847857137455719
840 0.240233 123.144678774763 2.191128 0.825855778497663
841 0.320869 109.001385799993 2.101213 0.80858842648438
842 0.476993 121.316406986177 1.856072 0.764766137520277
843 0.493157 111.9540351239 1.849634 0.787235502721156
844 0.575145 118.872243492611 1.707462 0.808398194362163
845 0.40693 121.154142510807 1.994797 0.812746077173531
846 0.272092 120.459393613632 2.1387 0.805566979861196
847 0.478332 108.546803755177 1.902879 0.794201943528069
848 0.466946 110.171861768139 1.906412 0.794262102376241
849 0.370685 126.410281040075 2.044745 0.791502291115952
850 0.371429 114.760162409843 2.034516 0.795508699198117
851 0.357465 118.227658100149 2.020724 0.83384659814266
852 0.377324 117.627844297739 2.01272 0.797258732680878
853 0.236152 119.245880051629 2.19404 0.79737703595094
854 0.59033 106.787173340878 1.686043 0.752870763655718
855 0.443416 118.582621604029 1.953668 0.765679004489528
856 0.376811 115.704342167426 2.039433 0.814405943604895
857 0.41609 115.59399537334 1.970066 0.786797197151789
858 0.451224 117.801714987733 1.96095 0.780104920064362
859 0.659695 110.271807082337 1.50024 0.700102320478741
860 0.48281 116.729602982297 1.8423 0.773015088704018
861 0.430442 121.525460492341 1.984168 0.781159516775152
862 0.242636 121.417176913832 2.197733 0.815294490392913
863 0.354286 116.374931305203 2.063138 0.80285740080452
864 0.590235 121.711419836513 1.663184 0.768365045673771
865 0.423158 108.920477879545 1.955691 0.785995332142376
866 0.349736 116.718951523634 2.085996 0.787137119288411
867 0.28158 126.368968601965 2.172601 0.831737611566054
868 0.52424 112.602682586621 1.806733 0.783608122151476
869 0.509606 116.724614140387 1.825069 0.735480538971555
870 0.254475 131.715877166053 2.194179 0.843791979014093
871 0.503086 111.502523609045 1.80649 0.770705473886326
872 0.384775 119.862878256585 2.040352 0.802255387785986
873 0.391459 115.352164862496 2.013719 0.744463977417581
874 0.401746 117.969426870475 1.989026 0.792146148812289
875 0.507648 113.965192594914 1.822886 0.767743915548551
876 0.369853 109.862055081146 2.03021 0.787275410299835
877 0.259643 125.208778621786 2.19503 0.826704155086697
878 0.488082 112.748664422758 1.881271 0.746121889326987
879 0.395327 117.690288187031 1.998592 0.746351879101522
880 0.153555 131.538522993105 2.261923 0.833263208906221
881 0.458953 115.68076519019 1.895505 0.815533459305908
882 0.378007 119.150784138268 2.044982 0.799160913049481
883 0.283907 118.40209197885 2.084401 0.777922873461572
884 0.585512 100.792719233906 1.680485 0.751041876121203
885 0.475982 121.18903919844 1.895817 0.815863436978471
886 0.47564 102.788024273711 1.834954 0.773410605693201
887 0.462491 108.80419919432 1.892809 0.808638529792981
888 0.379276 114.684816796575 2.053241 0.750109117449306
889 0.371983 125.851648837354 2.034288 0.779721594605031
890 0.323363 122.803231027794 2.130049 0.841642196943193
891 0.490873 109.412788038323 1.862105 0.769402592732061
892 0.374622 118.089719032666 2.052433 0.801346296934528
893 0.259644 127.179985799395 2.141436 0.796877999005882
894 0.369729 120.737118703077 2.060634 0.806157664109747
895 0.394488 120.401835806795 1.989353 0.81978764966744
896 0.439604 115.561252761572 1.916605 0.803246858664419
897 0.407682 112.149418310189 1.988381 0.791294044987053
898 0.411495 120.126238425531 1.986556 0.824522131846884
899 0.382118 121.699047424926 2.038965 0.826613760321599
900 0.330461 123.460912282328 2.124678 0.833402178698231
901 0.372525 122.882099339295 2.041411 0.806258177244096
902 0.33921 116.958236152085 2.075833 0.817167158936743
903 0.364255 108.728736577145 2.025715 0.802923977085184
904 0.380013 119.210998340389 2.058817 0.797984715638418
905 0.622257 109.213284347504 1.608267 0.769946971236314
906 0.293785 121.701497439202 2.155019 0.802284735974413
907 0.374696 115.598563485625 2.045499 0.788397330569296
908 0.546328 103.524534542298 1.736811 0.743481499502846
909 0.459728 114.709570471892 1.915529 0.770304480626292
910 0.241452 129.322960883468 2.207966 0.847767032431305
911 0.466916 113.198424666634 1.914787 0.733117830827595
912 0.478652 112.344968403332 1.908705 0.756326745819838
913 0.363955 119.61273005316 2.059491 0.798878117173797
914 0.342454 110.190120248926 2.073713 0.794106371481553
915 0.358739 117.16575508466 1.988249 0.814348192865846
916 0.465995 109.396838886024 1.857542 0.779101374495398
917 0.314009 121.300168951644 2.115406 0.816620588037528
918 0.338226 127.095743586896 2.109355 0.826948352431167
919 0.447978 113.901829143657 1.924166 0.768968300602983
920 0.369441 122.698757646119 2.028625 0.80299737291199
921 0.312408 118.090527539824 2.090406 0.808592245992717
922 0.524948 104.809547584283 1.794502 0.750999889454083
923 0.492982 118.4922457193 1.891266 0.759032549909552
924 0.389965 111.476180094199 1.991369 0.774298601185594
925 0.405543 113.301631755367 2.007266 0.790032568632721
926 0.425386 117.391893047482 1.940206 0.793431784717373
927 0.332431 120.46071575863 2.067289 0.816585125544739
928 0.446861 115.985035606224 1.927282 0.763390618282345
929 0.221384 124.703930776744 2.224606 0.806305278250062
930 0.39823 115.805758573187 2.005077 0.801219788914177
931 0.499468 120.653280022214 1.807717 0.816368158148144
932 0.542301 103.487271457496 1.722566 0.749230294075246
933 0.406503 117.650755986047 1.989817 0.806265447533277
934 0.511676 110.738683557266 1.837203 0.768780204787091
935 0.432864 113.769691110089 1.924275 0.775617807844638
936 0.425843 120.468650950515 1.942463 0.814064630421068
937 0.326202 120.648050110955 2.123233 0.823490469453033
938 0.403672 111.90550703765 2.027548 0.785643312611651
939 0.464089 114.385129108665 1.911402 0.778536565943206
940 0.459395 115.542290906859 1.93847 0.798835817103685
941 0.341038 119.061131168699 2.070878 0.796981782354473
942 0.417549 114.175218698551 1.99334 0.786225207704756
943 0.545078 114.583211174192 1.758591 0.778364697748572
944 0.539682 118.388475307291 1.779481 0.811930327532696
945 0.400882 113.861148999248 1.980549 0.79176368232494
946 0.385557 116.512692009302 2.048936 0.7959052777597
947 0.518516 116.369485519839 1.794736 0.808938606860918
948 0.392745 116.850694878921 1.962019 0.776440299113516
949 0.676275 104.412615062284 1.428786 0.712179343140347
950 0.468484 112.376326053394 1.897256 0.76605450837471
951 0.339616 123.358727111747 2.100459 0.809716783373331
952 0.428078 118.310718253237 1.968805 0.779393658938857
953 0.345993 125.87422875681 2.109441 0.783380825097612
954 0.395975 117.877005347775 2.025782 0.818982045252928
955 0.316443 126.391981585984 2.13717 0.828896624517421
956 0.420226 116.943200972693 1.964199 0.816946797221059
957 0.231112 123.144770083328 2.200127 0.836313238562715
958 0.324586 125.630780461093 2.12921 0.805709271416624
959 0.43603 116.417456524895 1.950301 0.745365442214569
960 0.480808 121.687653837008 1.899799 0.814237105269418
961 0.536032 101.665225623446 1.795133 0.759281344596645
962 0.425518 114.672438669931 1.936294 0.803567176358593
963 0.33438 119.066830977583 2.100685 0.776303344540866
964 0.351622 118.670038255727 2.032306 0.822404300202296
965 0.35314 124.026517946594 2.062237 0.771936998766377
966 0.285246 117.367806777623 2.163027 0.817032579201844
967 0.445446 111.206926945084 1.916436 0.793044483760686
968 0.368326 121.422507688276 2.033002 0.815478666305594
969 0.336488 119.301061283439 2.07788 0.809674209682763
970 0.490087 120.91286082928 1.851287 0.81692352552146
971 0.330673 120.723247997605 2.058589 0.80812185410672
972 0.322201 114.494284037682 2.098422 0.814634634341077
973 0.474077 112.528997006321 1.888591 0.778544594902852
974 0.418754 117.491858248235 1.981934 0.776220741831359
975 0.525297 114.31118305299 1.774492 0.757053920247991
976 0.436521 120.972676581189 1.982093 0.778715964954335
977 0.582166 114.871534196844 1.677712 0.769408926032928
978 0.319021 122.890249994639 2.075939 0.801081168454873
979 0.215211 123.407862796288 2.197508 0.833872277641281
980 0.455361 112.032583388961 1.89737 0.77761522739093
981 0.54688 105.83014633973 1.782579 0.703432891536661
982 0.387629 116.805642716447 2.033686 0.807444246544345
983 0.621186 107.19573955847 1.577255 0.743660817735658
984 0.349898 112.91992831427 2.025134 0.790143468319837
985 0.369402 122.915168914126 2.0507 0.806253610437911
986 0.570209 104.748559820621 1.674484 0.719374791476999
987 0.418576 109.290949194857 1.934724 0.783310776427716
988 0.399054 111.967549177596 1.988259 0.760953751827243
989 0.230237 127.564517687442 2.200516 0.836442071968235
990 0.383268 126.439761667072 2.063293 0.834370670485674
991 0.265049 121.834412794919 2.158144 0.827582747574075
992 0.38492 116.856935008944 2.03803 0.797765168266908
993 0.385704 124.714333848879 2.061929 0.822472513117321
994 0.630492 106.705975477664 1.565961 0.748965778912379
995 0.413338 119.952513527042 1.96625 0.782285157243995
996 0.485486 116.861216611569 1.874009 0.789389816433901
997 0.402947 116.630312693958 1.994901 0.786543438110697
998 0.417703 122.296437736675 1.998825 0.829725330833451
999 0.439061 115.668561446075 1.913495 0.801145265609757
1000 0.366033 127.225015843803 2.078337 0.818117354805613
