rep aei_left left_area adi_left H
1 0.364914 104.806090886448 2.022991 0.73468982558224
2 0.511 105.292274798207 1.82763 0.745037630019468
3 0.474062 112.153388235536 1.915073 0.715429296160606
4 0.581247 112.103137559765 1.704849 0.749120688083691
5 0.446336 119.803152030071 1.973956 0.807316901942921
6 0.372457 115.662270576372 2.029912 0.72585481224501
7 0.441898 111.729237930509 1.947057 0.752839099842171
8 0.393364 113.288671679327 2.021733 0.770012442700079
9 0.398977 111.093129359448 2.00691 0.790023152090481
10 0.388117 109.081712067749 2.035627 0.76285098759294
11 0.475054 99.3539900914202 1.872234 0.728646273852467
12 0.401387 115.324060474961 2.00617 0.722919339376785
13 0.549923 108.669346553678 1.730998 0.740728707411608
14 0.421098 107.642900921741 1.986392 0.743558100580875
15 0.486939 119.363092874507 1.848366 0.77914848698321
16 0.591044 114.308605476563 1.680432 0.652894331905004
17 0.676144 111.890184563299 1.451313 0.577554341801416
18 0.31053 124.578613015709 2.142621 0.823407806270807
19 0.436894 101.690367113264 1.923706 0.757666036678716
20 0.2662 117.181864145123 2.181104 0.792898532129578
21 0.410074 110.718340420633 1.970611 0.772609049106663
22 0.542394 105.78630435985 1.700659 0.747434473520846
23 0.4992 103.071201632196 1.833129 0.738043242598403
24 0.555097 110.064658062041 1.745929 0.735459140697948
25 0.471981 118.675487709998 1.874879 0.797282048462825
26 0.100027 127.03602619041 2.285149 0.845992650011108
27 0.541032 106.034661143062 1.712927 0.714394638523222
28 0.605267 109.352712814113 1.634316 0.712828120269859
29 0.486652 108.918335646357 1.839128 0.733098713544496
30 0.468944 113.497826366249 1.869334 0.793038457815066
31 0.504251 109.314646665627 1.852026 0.770662930548819
32 0.428258 110.659809310353 1.960202 0.744433261794846
33 0.447998 107.981159338903 1.879392 0.670672497271414
34 0.673692 112.75099499803 1.417499 0.750476639366528
35 0.608935 113.63874936172 1.604112 0.688540330277945
36 0.284917 116.483340078697 2.167739 0.791582453637783
37 0.4614 107.237699350095 1.883709 0.760634599436005
38 0.482734 116.227247609467 1.827928 0.721907249086358
39 0.567305 112.905983411389 1.739081 0.770414827856097
40 0.531178 112.577710507015 1.754704 0.766312371774995
41 0.34724 118.319374360123 2.070554 0.77781474842836
42 0.527923 125.410783057801 1.811478 0.727869601765938
43 0.369452 126.727260351415 2.03568 0.786161785360409
44 0.55003 115.63339757885 1.7529 0.758034689716932
45 0.689569 99.642863006673 1.356339 0.71262138088214
46 0.519533 111.595974437163 1.812669 0.805271463027728
47 0.401265 111.096923953697 2.021879 0.745136906413244
48 0.632244 109.466448318302 1.548068 0.703479671610856
49 0.524281 113.602120362695 1.813311 0.728659522370943
50 0.393363 100.982729422882 2.035084 0.79664228894892
51 0.384433 120.084377452607 2.054899 0.727909047831821
52 0.319105 110.864221197765 2.073693 0.796510112456815
53 0.420317 119.062289110542 1.987617 0.783549772267286
54 0.35924 114.641626643173 2.065087 0.765821798192292
55 0.454822 107.971693420587 1.920426 0.758805789211568
56 0.599452 94.0791400384065 1.654443 0.694130597874679
57 0.170494 127.46340993269 2.25552 0.826623027255832
58 0.45749 125.896704266419 1.91675 0.804940284167785
59 0.528804 113.748665433533 1.823206 0.757071191700424
60 0.498191 110.233840945555 1.865631 0.770133978458281
61 0.427357 115.328684975188 1.977143 0.744236323362853
62 0.705144 97.0789152337617 1.313529 0.681853694525866
63 0.530811 113.885579921699 1.809571 0.766896914019754
64 0.482468 110.61206398731 1.873864 0.752171408044755
65 0.258902 117.245129810091 2.194169 0.769806677450025
66 0.479015 107.41490631447 1.83431 0.762086445586417
67 0.267497 121.83068193727 2.14476 0.80885899069812
68 0.744163 91.921978858386 1.209889 0.619519279584533
69 0.211072 119.87543076348 2.211113 0.815219246359593
70 0.31371 106.19256351569 2.124015 0.776810715248742
71 0.369677 127.997531954068 2.062487 0.800318783664841
72 0.429916 110.840465425243 1.935118 0.771103797730837
73 0.607598 101.614638688045 1.561347 0.713158601885242
74 0.383294 111.889679816189 1.9942 0.781543416736209
75 0.492033 109.826085713574 1.885418 0.64633513385893
76 0.455651 122.833430137679 1.915451 0.723751693840463
77 0.426325 129.806588021902 1.984068 0.809765637381282
78 0.346278 125.131840109972 2.097446 0.820292563038756
79 0.605085 113.890081814229 1.626029 0.753128299465758
80 0.442236 104.080637149824 1.891089 0.760680298011588
81 0.371737 120.158048764893 2.082419 0.770847592576167
82 0.341179 124.236373338218 2.096407 0.744276937989176
83 0.38241 107.382270280557 1.980428 0.779717202169911
84 0.201668 119.833469305537 2.230601 0.825968730331429
85 0.399065 103.201608164748 1.96067 0.752473726600658
86 0.272115 122.588483425887 2.168925 0.787930842500233
87 0.48927 115.639001987884 1.876748 0.752398837949706
88 0.304393 122.50826133058 2.138672 0.723835314913072
89 0.566435 100.530436965632 1.701498 0.750304629656234
90 0.52626 127.3328059932 1.787356 0.793080835968838
91 0.413218 123.457256802239 2.01964 0.819292284749778
92 0.341025 119.021545305309 2.101881 0.793586959378325
93 0.464107 108.391744429127 1.864989 0.767989031029845
94 0.288488 122.85120865526 2.150866 0.810733894480056
95 0.299316 124.551658050207 2.130719 0.765603498698022
96 0.506926 118.39017338901 1.845407 0.751052989144409
97 0.401907 118.232424347622 2.01627 0.763077493209061
98 0.394939 116.437802431405 2.002159 0.806277026653705
99 0.450745 119.041598240414 1.951866 0.766696838149374
100 0.541215 111.850561788827 1.754853 0.714648845712011
101 0.647677 109.549859871306 1.511937 0.757326280466862
102 0.539769 100.317165984741 1.755886 0.737142236898251
103 0.590159 99.3842069118482 1.66679 0.728789722385169
104 0.631356 109.006097721398 1.56888 0.666997656606522
105 0.546438 101.201231778907 1.762861 0.71232589520725
106 0.721531 108.606751008927 1.270377 0.70767763671546
107 0.42753 103.396757397448 1.964876 0.739092653037329
108 0.35036 117.748233416036 2.083879 0.778114772341011
109 0.408131 119.244835831166 2.018208 0.779123671225474
110 0.391758 117.362933644314 2.050863 0.794765424985748
111 0.517389 109.265585547811 1.826713 0.662472969189075
112 0.317923 124.454377107887 2.122703 0.811403639384987
113 0.224618 119.904387812391 2.216635 0.802070091635329
114 0.47011 107.897678368263 1.865213 0.761206126430742
115 0.482029 109.622461541622 1.864444 0.746834818083064
116 0.563258 110.074643805463 1.737628 0.726367865559954
117 0.405185 111.842186762743 1.956354 0.786426510933347
118 0.503788 110.940010466164 1.842281 0.752401278771499
119 0.191716 132.2614464639 2.244205 0.856755710769037
120 0.42439 112.675314848492 1.982938 0.797930940247162
121 0.318928 113.733982990223 2.103041 0.794205610118074
122 0.588365 113.458803835898 1.695286 0.678832822121164
123 0.195143 131.72968234487 2.241852 0.829869315208448
124 0.471164 108.483397593486 1.890681 0.786135533990358
125 0.394902 116.483191138267 1.981137 0.797021113425248
126 0.419886 109.324952726368 1.982052 0.761187431539402
127 0.568435 116.177118271493 1.687299 0.784483855281983
128 0.461744 110.786475023492 1.859219 0.736697195369671
129 0.415614 108.695209686532 2.010693 0.782413018752214
130 0.852953 90.7956193477372 0.5961 0.527226789298225
131 0.277954 118.909594941955 2.159585 0.834071274959345
132 0.548958 108.749015641053 1.786733 0.693969622753332
133 0.355211 123.930103285737 2.098681 0.77590756583011
134 0.517085 103.491391472523 1.837523 0.728363710086461
135 0.391865 113.680294473871 2.051974 0.807773815289687
136 0.43015 110.754178059571 1.952252 0.783044248345321
137 0.402436 120.694263838858 2.019661 0.797577634653817
138 0.368042 118.220181677901 2.069306 0.770999897436137
139 0.583809 110.370749277946 1.663519 0.722126724548102
140 0.390968 116.380703373059 2.050166 0.793567075608019
141 0.509762 101.905486474299 1.823895 0.747293296124015
142 0.625511 114.065052381427 1.589527 0.759288367528048
143 0.474896 113.504115637803 1.906015 0.765984689785921
144 0.408671 117.961504450494 1.978669 0.784451170419386
145 0.498081 109.179084288696 1.867668 0.751764497311088
146 0.423336 116.047920148607 1.953587 0.771253173727695
147 0.464999 102.965465219388 1.895918 0.738602756627402
148 0.331562 115.800005304469 2.085925 0.800154335959519
149 0.486468 111.158289683083 1.894062 0.740091666176646
150 0.283023 122.540123212926 2.173818 0.782163762013692
151 0.350558 123.961682665429 2.097152 0.782747728171209
152 0.528007 113.088379268724 1.805303 0.748765504751853
153 0.465189 110.145287465576 1.933121 0.730414317880656
154 0.446198 103.663308597455 1.941074 0.721654509818874
155 0.332189 118.515752462368 2.098041 0.802139825968238
156 0.377804 122.47059966945 2.053461 0.788108499735536
157 0.313491 122.507011519879 2.14544 0.810523914606181
158 0.470442 108.073978211099 1.872177 0.749072125192738
159 0.510051 98.7639239058487 1.851689 0.73261271399739
160 0.582949 92.4687477156993 1.663827 0.698428021754892
161 0.409934 118.73851868008 2.015027 0.770038543677664
162 0.532073 106.473504913159 1.802047 0.693961903841901
163 0.4758 110.26884764796 1.831229 0.761553076948025
164 0.375399 111.382878597424 2.063785 0.74100997374092
165 0.281996 122.696750672898 2.138085 0.788522012531403
166 0.291949 114.565448849878 2.113744 0.779339367095425
167 0.669101 99.745795620235 1.447347 0.698156995340926
168 0.362197 124.33857802034 2.089791 0.795628362271577
169 0.533737 104.778707454903 1.778392 0.766965562550708
170 0.415219 119.741113191968 1.99927 0.816568845232681
171 0.374673 120.626049559865 2.020331 0.805137902521539
172 0.418487 109.806847578329 1.971135 0.752765959220837
173 0.497873 119.903866690733 1.862106 0.783237782217407
174 0.60522 107.105693459654 1.62821 0.711101234464847
175 0.318295 117.796122760399 2.115887 0.779797995858396
176 0.554215 110.41443644213 1.683518 0.751620895115162
177 0.390636 125.789265248751 2.049822 0.793185149073106
178 0.638188 96.89721002277 1.537904 0.731122537129985
179 0.411207 120.181160458948 1.984822 0.775961375088224
180 0.466796 103.969504087614 1.923974 0.745121208300426
181 0.363114 117.790694104346 2.058043 0.770343576166442
182 0.549586 119.901364688563 1.766131 0.810767709404105
183 0.442838 111.808193489854 1.944203 0.771379336346379
184 0.577904 109.8596813986 1.709981 0.786698858610325
185 0.517718 108.867824619979 1.828895 0.768136579773833
186 0.384343 115.438766055007 2.026285 0.755020618067826
187 0.461988 107.95036008487 1.887016 0.750394441640539
188 0.532746 114.609950170773 1.789168 0.743912815859596
189 0.515894 114.457261886127 1.842463 0.695514696050716
190 0.640507 114.264418082642 1.496262 0.691157562357538
191 0.42564 117.996940533547 2.003071 0.805020522034199
192 0.599384 105.271689241818 1.661975 0.676167412649065
193 0.358541 109.765315098822 2.018262 0.753453834269356
194 0.438882 115.906539851635 1.980666 0.762416452717457
195 0.554704 104.923850679375 1.766332 0.716616687324668
196 0.434056 117.942529886537 1.965253 0.783821432448807
197 0.389026 121.968211520605 2.027434 0.784442517307595
198 0.474083 107.003504187224 1.916614 0.771529941373099
199 0.420057 109.527851167531 1.977029 0.754676964531071
200 0.566828 109.612375672036 1.739606 0.757667182155773
201 0.40191 125.546239848216 2.033812 0.799442800349286
202 0.635525 110.447956246987 1.510584 0.717040302599581
203 0.406631 116.964036680192 1.985579 0.730345478129929
204 0.524471 109.075383054638 1.81209 0.750708780316572
205 0.603561 110.428139227582 1.64354 0.692882396952631
206 0.4287 114.718756339899 1.949041 0.817463513895432
207 0.383968 121.430062662082 2.027645 0.798861493579309
208 0.294472 109.54496774359 2.140333 0.752242477191215
209 0.535915 109.777733666604 1.749231 0.771427615165391
210 0.644183 99.7595126697077 1.466408 0.538080385643095
211 0.41139 116.161721419071 2.016867 0.78016595729863
212 0.186841 122.825154996324 2.246986 0.834482820925273
213 0.413554 115.005916197008 1.978044 0.772778577696158
214 0.538975 114.091732876062 1.742409 0.730334634963548
215 0.455883 111.34878303194 1.914591 0.780663925072711
216 0.401904 112.214267512719 2.007715 0.777176512780588
217 0.464386 121.776432534049 1.937989 0.8127016500618
218 0.57431 114.445403581823 1.698063 0.762078303244186
219 0.410602 117.53252747601 1.995326 0.807491629192475
220 0.206079 118.953971914229 2.211927 0.793975708400597
221 0.43799 105.699809869648 1.954375 0.740322900266076
222 0.493477 117.217113106725 1.89258 0.784335255085711
223 0.385931 121.811848646774 2.058109 0.797758137060493
224 0.295397 113.479178118479 2.158586 0.787758104254606
225 0.231132 124.585632872884 2.217169 0.770215445857647
226 0.387411 113.951375892029 2.036384 0.797895189883575
227 0.490609 107.346604343797 1.86303 0.782462906577187
228 0.391276 111.293767626349 2.052738 0.813774596597877
229 0.409411 111.562103952553 2.007754 0.76463014274674
230 0.36761 126.827896295921 2.077779 0.823494150736391
231 0.567678 118.59612344739 1.702287 0.744883062059579
232 0.53227 104.540241516968 1.794328 0.728855753672867
233 0.402158 116.755693723463 2.01448 0.808043169388634
234 0.632864 104.484536976863 1.560702 0.743739005107631
235 0.330593 130.164101800589 2.122883 0.812984983372347
236 0.460831 113.189342902072 1.901496 0.730163084929684
237 0.560969 124.853367185534 1.746097 0.776044152030903
238 0.478765 115.650632900611 1.908309 0.749389001626587
239 0.328229 119.230638218249 2.100375 0.786773404269112
240 0.398546 120.350568321646 2.031713 0.792600532411234
241 0.397849 118.99812499438 2.041233 0.779340863581938
242 0.350935 125.583183812703 2.092895 0.760245732771019
243 0.362578 118.152845810253 2.065595 0.770314000390389
244 0.31542 119.2753364838 2.128853 0.800475518891058
245 0.182083 132.837034661415 2.248969 0.839780395098096
246 0.670048 92.8479713736422 1.467277 0.714338908452453
247 0.363127 115.728525816125 2.022525 0.773487785742076
248 0.522641 117.08065894019 1.759884 0.786330794252952
249 0.347718 115.203208147551 2.107774 0.786709135442394
250 0.49869 121.677178183285 1.874737 0.753346222131463
251 0.413382 121.191469934842 2.016747 0.764448751998588
252 0.411015 112.904621014497 2.01295 0.771307415757356
253 0.295669 124.924388828097 2.158465 0.821452019419296
254 0.481668 107.001770977435 1.909843 0.716331312175478
255 0.466676 130.803910688656 1.917674 0.828160962222509
256 0.659609 113.495923853866 1.508626 0.773793923820709
257 0.428892 112.689773807798 1.960728 0.719057050658378
258 0.457906 112.644015702402 1.877231 0.765218909983547
259 0.353243 120.348642693359 2.049958 0.792816163447626
260 0.543414 104.023901344231 1.776504 0.721529296907449
261 0.336384 114.579659891363 2.113079 0.771331161168934
262 0.662786 100.573630812305 1.45815 0.640810077640733
263 0.591478 110.609237515722 1.687358 0.61817286981021
264 0.497713 111.785053124662 1.818734 0.757828474142066
265 0.427815 111.216182852605 1.977925 0.74057024885407
266 0.535866 112.969144541944 1.776138 0.798619910619538
267 0.3466 112.544211445867 2.052988 0.798031790660749
268 0.592287 103.10844069501 1.668336 0.686687957035929
269 0.44048 114.87483831236 1.960105 0.778263383485402
270 0.327824 116.816015982286 2.095049 0.814257718989894
271 0.223773 125.93115878912 2.218024 0.721924524905636
272 0.364773 115.177142854344 2.050812 0.766183635006907
273 0.144811 139.426807936342 2.268925 0.840609816123855
274 0.260713 126.958320606632 2.191285 0.780561040285871
275 0.367981 125.857253480867 2.075306 0.804562460755407
276 0.367618 121.281105468236 2.045097 0.789000214839352
277 0.382904 114.446813802651 2.032406 0.759314125525035
278 0.538786 115.472195669689 1.790621 0.695439568464384
279 0.338247 104.167843151855 2.092548 0.752139127966105
280 0.446019 113.95235013068 1.912641 0.807875883465349
281 0.510296 115.29479383 1.805559 0.781443461817381
282 0.403662 115.995895442868 1.987387 0.760491752754808
283 0.366696 116.643709820747 2.077164 0.788529678578615
284 0.521983 111.462564152665 1.784286 0.686965317497539
285 0.626174 108.045482510517 1.557119 0.7395458957959
286 0.394137 109.654220557058 2.042128 0.749235198917575
287 0.444203 113.678474864936 1.888586 0.721489480762594
288 0.426887 117.963530082807 1.982411 0.817721409256238
289 0.537844 103.240113105232 1.771359 0.754458173476947
290 0.398524 113.332082915401 2.010848 0.776141779618371
291 0.395659 112.427829997438 1.955055 0.709992469760903
292 0.531697 121.122844817484 1.78341 0.805291018679404
293 0.216181 121.815546934046 2.219874 0.814971658148031
294 0.289032 114.692027226331 2.152993 0.801996512134762
295 0.317483 121.432933988762 2.097528 0.817628718278478
296 0.57962 103.578461831898 1.683577 0.729292575572303
297 0.492544 110.418910548451 1.883626 0.790532177002922
298 0.41689 107.42200663316 1.971492 0.75656630768677
299 0.56188 102.444241487556 1.749198 0.741224678527529
300 0.41069 110.232465737071 1.959364 0.793241778485903
301 0.376628 119.89259261754 2.070829 0.794819598742141
302 0.372024 119.077261799196 2.075938 0.782155373088754
303 0.480833 109.397268092344 1.899554 0.749601818424414
304 0.322789 125.414321748927 2.111671 0.816017648326796
305 0.557733 114.637040477272 1.686314 0.784196912184042
306 0.374033 129.711286756617 2.074762 0.823357392967839
307 0.411553 115.277079636632 2.027593 0.74150451157603
308 0.259018 113.690741735767 2.164259 0.807126019355313
309 0.438165 114.279327779417 1.922267 0.767369389855574
310 0.383095 113.813662182893 2.002271 0.766414758719562
311 0.380827 109.530874210688 2.012338 0.745977622598529
312 0.5109 98.1863099716682 1.790156 0.73128239515238
313 0.371452 121.408938230416 2.04986 0.782193901666937
314 0.38336 115.52998859354 1.999983 0.79892145612047
315 0.5835 100.351887289642 1.697673 0.753105780753992
316 0.692171 107.09804993841 1.376243 0.674826212226371
317 0.519134 116.507810486389 1.820033 0.795542250134226
318 0.136554 127.989228212686 2.271785 0.847277516977537
319 0.402217 122.698560016715 2.015931 0.797325511629491
320 0.442798 116.099746129753 1.925757 0.801745599089411
321 0.348112 109.177861828762 2.058747 0.795504323821403
322 0.465069 111.737438262929 1.897699 0.756080392939952
323 0.523997 99.8912656887819 1.741313 0.749965034196458
324 0.347834 123.137621918912 2.082334 0.797424704295061
325 0.454648 112.798890754477 1.929348 0.767852274998052
326 0.580273 107.507952729933 1.678561 0.686533967366557
327 0.235228 109.981149898195 2.16687 0.795072815142651
328 0.462088 107.663173351034 1.918163 0.737938592347536
329 0.606877 103.358756397741 1.635366 0.700825650949732
330 0.486923 110.400386754121 1.901586 0.737839764993064
331 0.236357 119.446497490736 2.207911 0.804380664223124
332 0.279331 127.834106198636 2.179009 0.82417143928199
333 0.433409 114.755846773775 1.904902 0.768030113692351
334 0.50001 105.289057356415 1.825521 0.743769939976725
335 0.446905 114.771354401793 1.902168 0.730057282241133
336 0.478507 119.155616203089 1.861184 0.780751376860261
337 0.283681 117.016038084233 2.162304 0.768558245580592
338 0.530808 101.194987453863 1.747888 0.721774141662668
339 0.659586 105.988440155222 1.457637 0.710506687602266
340 0.593726 118.495941582965 1.680187 0.740992183158195
341 0.371667 110.242193332538 2.071146 0.777501819029505
342 0.549521 104.829376913472 1.768499 0.781532753991138
343 0.364367 113.960838453347 2.057751 0.775526869520147
344 0.490635 105.238715416589 1.841654 0.784610160623122
345 0.347638 117.911779216796 2.086869 0.794539179157278
346 0.426565 103.82495995342 2.005464 0.725160047496161
347 0.300338 125.441357986034 2.149092 0.800869114461775
348 0.391572 124.768541888425 1.996043 0.782441891568425
349 0.511215 117.055736286163 1.854174 0.744153240749541
350 0.495785 118.984817223502 1.873017 0.790407788233965
351 0.468666 124.470290054309 1.844635 0.782286219434322
352 0.514783 121.075483076481 1.857583 0.760269166281687
353 0.252107 119.742507662909 2.180911 0.805429813661392
354 0.452064 112.186949309075 1.875248 0.77385778275427
355 0.576549 102.22603339187 1.702022 0.674481125451882
356 0.401684 104.765250257769 1.964953 0.761264883725952
357 0.320012 125.310470406151 2.109401 0.798216655914645
358 0.43468 103.83889467688 1.950862 0.771869261972496
359 0.376212 102.571345165803 1.964082 0.764985021648375
360 0.256406 116.341127435571 2.160253 0.778936042859822
361 0.454302 110.630196276859 1.893738 0.775041984633377
362 0.346841 116.150990567181 2.063834 0.79095034816863
363 0.324203 124.327677000609 2.09802 0.793372541915616
364 0.454422 115.483095843156 1.876527 0.733585201876187
365 0.507894 110.332465674577 1.848788 0.792404989859281
366 0.394924 117.235009917951 2.016676 0.788986785099219
367 0.391083 115.12184246592 1.992221 0.778396652567642
368 0.494513 109.090310516528 1.861542 0.760293415694246
369 0.355571 119.159080948604 2.054544 0.754515150499058
370 0.518642 114.569599872045 1.833928 0.734099532196173
371 0.536524 113.618744211168 1.797322 0.731718935014978
372 0.632703 94.1261878318797 1.548479 0.64761586732309
373 0.380672 114.341836028744 2.026279 0.774291482537677
374 0.524085 113.279803039777 1.803663 0.763111901766847
375 0.558608 113.506294371216 1.738968 0.743299642935096
376 0.397911 113.078619690027 2.020897 0.716701417242531
377 0.421395 121.085751372526 1.99874 0.805353714610164
378 0.426393 106.469154086228 1.993004 0.775609291252241
379 0.529578 101.975645194619 1.79436 0.722013141863651
380 0.197938 133.673256544081 2.235001 0.856130842172054
381 0.420065 107.688975656632 1.963582 0.760646604635741
382 0.432505 110.174843773892 1.924821 0.779422857484481
383 0.634619 110.342453611807 1.561205 0.626204281034457
384 0.446768 106.440421046113 1.913488 0.734651188308948
385 0.5085 113.422783705359 1.811001 0.771035451003554
386 0.557003 105.539028018647 1.696049 0.750338377545635
387 0.394772 127.474095079995 2.023407 0.807209418302434
388 0.46134 97.3777361042577 1.900893 0.733365790096753
389 0.463478 107.797257714084 1.899321 0.726587886207731
390 0.559841 115.500144557456 1.720329 0.766411844210266
391 0.405682 106.308239631196 1.975476 0.776459337506429
392 0.429135 110.329671018031 1.954919 0.762965674424643
393 0.639017 113.933240552016 1.567297 0.76404204719781
394 0.415459 118.215632936527 1.954739 0.788490183044324
395 0.54386 104.921471402581 1.785387 0.750389766105072
396 0.375732 121.807979532498 2.062804 0.777345272003605
397 0.561253 110.860744332714 1.722776 0.756960929437104
398 0.44464 108.690833559885 1.960775 0.744482767938161
399 0.493831 109.858626711751 1.875604 0.804218921250526
400 0.416593 120.254079487 2.001459 0.811583778055812
401 0.211687 125.410208080287 2.219099 0.839090042632147
402 0.293656 123.235539964622 2.149371 0.800090604781657
403 0.548889 109.006688317435 1.745301 0.726909599814137
404 0.407497 118.37019259578 2.004457 0.763555378363184
405 0.546067 123.256471980289 1.774334 0.769730953547032
406 0.617448 102.809509004072 1.618288 0.708877142238162
407 0.466066 113.577481907344 1.915453 0.763828105061664
408 0.309384 111.892083244233 2.123038 0.787638975045676
409 0.362538 116.10374881167 2.028639 0.761913098299219
410 0.496052 109.393133728874 1.865449 0.779501436840483
411 0.441305 111.162997940615 1.978308 0.772440701804089
412 0.39014 112.298440582365 2.017561 0.773905969505691
413 0.492483 107.915784114425 1.856683 0.745107602738198
414 0.684678 111.232327212639 1.418841 0.674850339279891
415 0.410801 110.487191673217 1.977183 0.757132869544315
416 0.319792 111.532054456694 2.126848 0.802542599203093
417 0.305225 125.386122528796 2.15016 0.808995750933481
418 0.420847 122.806795648427 2.003963 0.786224933899793
419 0.380196 114.009109728189 2.047491 0.759341273571662
420 0.567833 112.249607776514 1.724486 0.746048635832443
421 0.218827 122.857407325876 2.224907 0.816256887660861
422 0.619823 115.194121693982 1.60898 0.761206772240955
423 0.518364 111.742254864772 1.816056 0.7575319013814
424 0.338573 117.7549478701 2.086141 0.802639461493231
425 0.471738 112.208960234522 1.887011 0.746729554154772
426 0.412835 116.175102531006 1.964294 0.760067154283486
427 0.655216 111.396144878415 1.472247 0.732263953913269
428 0.359092 126.009514404817 2.088126 0.7993172368604
429 0.584473 108.514000824498 1.68022 0.734592773733058
430 0.69289 118.615337881742 1.402624 0.719066635714644
431 0.519485 109.20072617557 1.814762 0.751716010954427
432 0.479932 108.527640536365 1.844333 0.734448439632696
433 0.571415 113.897838961923 1.710811 0.740502257075959
434 0.473497 110.469714487774 1.902178 0.759915866499954
435 0.441016 111.267341110445 1.953088 0.788673114144184
436 0.578012 108.916377308276 1.692275 0.727658041513747
437 0.494315 115.414303838929 1.879346 0.776758514882159
438 0.262707 113.028186232824 2.147531 0.78564485319492
439 0.641841 100.760105235347 1.54332 0.66829541578657
440 0.341635 117.846809889777 2.058151 0.791567139497872
441 0.43342 117.981735504561 1.980408 0.751609142723365
442 0.424026 118.283766398968 1.935155 0.768495112820588
443 0.469357 113.044029779373 1.896029 0.728122570959241
444 0.262084 113.219309627235 2.169977 0.768773307117708
445 0.475795 108.998033276584 1.892091 0.715554674614702
446 0.48238 111.425507094566 1.861918 0.77204687891859
447 0.261842 123.024804833625 2.189203 0.817030820247873
448 0.536782 112.244948905927 1.791435 0.780300291271837
449 0.447688 117.861564150606 1.950748 0.619811142568982
450 0.455459 114.197357422509 1.907016 0.785975915995586
451 0.347962 108.405961665193 2.07615 0.772816300505863
452 0.490945 107.586276901158 1.863127 0.780642568519927
453 0.566361 110.870875580955 1.721347 0.767336532129744
454 0.425836 111.068138984623 2.002386 0.77608855264998
455 0.563576 109.781514272236 1.728522 0.708676399304932
456 0.460725 108.801646105762 1.869083 0.720445255237493
457 0.430652 108.505916373388 1.953792 0.783768610936954
458 0.257085 129.07036330357 2.192425 0.822926757845527
459 0.460782 119.522637779286 1.91809 0.77795346680193
460 0.382306 123.115431487733 2.05608 0.774939146862852
461 0.237735 115.484323717472 2.170644 0.771005213857153
462 0.186354 131.152974524232 2.249155 0.857633400177993
463 0.53127 118.122814508074 1.8029 0.815511943105716
464 0.323222 104.631819368991 2.121863 0.804795138380771
465 0.684814 88.1101761047106 1.416201 0.642191164287193
466 0.301391 112.03453075133 2.121575 0.766563405357202
467 0.365321 122.985700844602 2.088013 0.727647247952458
468 0.34257 119.678886808738 2.104996 0.786396320254189
469 0.435933 107.355613728419 1.917793 0.771864142645281
470 0.355926 129.914686875106 2.097953 0.785589420756046
471 0.299741 128.68773808203 2.158176 0.843442646400741
472 0.403327 106.043615127072 1.993122 0.770146650263177
473 0.577283 108.525475218181 1.706117 0.717495579966064
474 0.401253 116.234348442418 1.987317 0.759437015943916
475 0.410812 117.071391807758 2.021139 0.762189887872386
476 0.393911 113.50948462993 2.003464 0.769423130798526
477 0.316894 120.098387626331 2.112347 0.787964246457675
478 0.540782 108.805067391075 1.761553 0.754530601062828
479 0.486128 117.342171249145 1.899774 0.77278969267622
480 0.256817 114.460658898659 2.170879 0.794921911649007
481 0.378428 120.719682112512 2.048956 0.780733826587671
482 0.113189 130.700919343202 2.28186 0.844624501746917
483 0.489948 104.850867150868 1.803952 0.736413906563549
484 0.371528 111.360243221277 2.039276 0.770224290067852
485 0.250256 117.758234119075 2.200508 0.786521086958933
486 0.268971 112.984075079488 2.165679 0.814225942648261
487 0.66474 113.035026283158 1.453778 0.75334568222326
488 0.318057 116.783486781983 2.117412 0.775564627044652
489 0.386866 118.741135775531 2.03435 0.759591792322697
490 0.300329 109.170158824892 2.14306 0.764874724712894
491 0.438102 118.250177130348 1.963014 0.796045384358205
492 0.337536 117.736564111311 2.119492 0.786959412268527
493 0.428915 113.956675696858 1.98307 0.751470142798921
494 0.239079 119.766249985596 2.200045 0.791307537795067
495 0.288477 107.920003649932 2.148401 0.813725871259737
496 0.450886 108.241305521271 1.934474 0.757635292027049
497 0.437657 113.541298553199 1.943564 0.722925123288508
498 0.58162 112.533752301488 1.706164 0.706193035467208
499 0.255499 117.164014610687 2.193286 0.757031516305503
500 0.396963 115.754855040497 1.98739 0.784338514577797
501 0.361143 112.525575684702 2.038535 0.787643010995631
502 0.41386 109.820550724211 2.013582 0.764359659180354
503 0.43938 111.884665377951 1.915906 0.770473726938984
504 0.550672 105.488992885977 1.723027 0.707355657287041
505 0.423638 117.770384601108 1.990407 0.790088965724957
506 0.528675 112.039798708695 1.796926 0.76734672282025
507 0.536571 113.328147855838 1.779238 0.751920610026317
508 0.392665 114.840437663093 2.010839 0.77435094091676
509 0.327256 122.53713267656 2.104636 0.782322328211582
510 0.410255 110.978951995169 1.971497 0.723853804809059
511 0.181812 132.814092515139 2.249418 0.852039744324888
512 0.311359 108.052521494291 2.138589 0.77567246077072
513 0.427708 111.605614934402 1.896169 0.771028736908818
514 0.3024 106.463491907114 2.113126 0.782817064447382
515 0.587951 106.960520679527 1.65798 0.663342824695786
516 0.33781 117.168659466201 2.067362 0.794717698596775
517 0.398628 112.305192444805 1.989288 0.767169659477272
518 0.51662 107.86534857512 1.815799 0.71675712378444
519 0.491002 115.175778685081 1.854382 0.756454671135482
520 0.468483 119.382609849497 1.919611 0.740380466398779
521 0.305304 120.045793917903 2.140004 0.795363223253416
522 0.31622 113.559520928174 2.110412 0.784251721361222
523 0.582249 117.119128554334 1.708788 0.766009427973299
524 0.374473 111.738768181795 2 0.767894636565485
525 0.444693 101.698767361989 1.938224 0.738156581955032
526 0.499554 105.25604523402 1.853504 0.771449602029442
527 0.386478 117.713188094186 2.028899 0.775063147460308
528 0.405476 114.040193670569 1.936713 0.72997543131993
529 0.418113 104.43460612547 1.989401 0.74930588073273
530 0.306116 109.803029648764 2.105953 0.76952334257525
531 0.507899 105.198866768636 1.807515 0.718073958437743
532 0.161366 129.024110761937 2.250386 0.84395776437024
533 0.535419 112.538898155142 1.789904 0.758004103586039
534 0.435384 119.320317745614 1.978306 0.774925708078783
535 0.577366 117.200288072732 1.691374 0.75172649766472
536 0.778772 95.2171206586247 1.003714 0.623479519096797
537 0.292983 109.059386711957 2.139842 0.772956454180091
538 0.520293 108.604421102526 1.812845 0.739786119184059
539 0.591306 113.892016416519 1.652532 0.741382681181632
540 0.419518 101.904816527242 1.949443 0.713334683133035
541 0.269657 114.001699227076 2.152531 0.795368784930861
542 0.488474 101.222439559477 1.859243 0.722880722961395
543 0.481349 115.876755283672 1.892869 0.76205488368946
544 0.644142 110.381978588374 1.53591 0.722509064723806
545 0.435936 103.033704456849 1.941528 0.758359252337903
546 0.455785 112.444953700364 1.917538 0.766241935614687
547 0.311151 128.35332655954 2.122977 0.813643938781159
548 0.541151 98.2730212068478 1.787781 0.713140353487073
549 0.45434 117.329121441729 1.900974 0.755667978148504
550 0.264044 116.677168492373 2.16123 0.807111488627609
551 0.487328 113.696881790509 1.848807 0.739349602393932
552 0.43969 109.619284043074 1.941465 0.748855121342655
553 0.417729 111.055781949295 1.987988 0.807036870563575
554 0.153316 129.806604707877 2.25503 0.820407419814737
555 0.308008 119.302400260326 2.135439 0.77770151289302
556 0.408478 112.327644151664 1.993545 0.764560926682358
557 0.457517 108.287521948258 1.854977 0.76540907991725
558 0.272156 116.678185748692 2.151587 0.785875019342153
559 0.766808 97.3380110260338 1.064879 0.646031187060715
560 0.458352 115.85917069323 1.902631 0.796270321462767
561 0.390981 112.966389728533 2.010551 0.763483562092492
562 0.302216 121.586609906874 2.152371 0.81541651428494
563 0.395576 122.660878355865 2.019422 0.792298772718461
564 0.453656 111.66409211498 1.927863 0.779165772363882
565 0.378838 113.148661552462 2.055812 0.786778814785788
566 0.322152 119.942258757857 2.128935 0.808619381832404
567 0.447085 108.243901673346 1.900502 0.763960513473561
568 0.452053 114.477098578594 1.944207 0.769126531841336
569 0.610785 107.643387209394 1.618241 0.762584473041082
570 0.574949 98.2380716354102 1.679486 0.749327110726001
571 0.290736 118.289818854092 2.128457 0.781554949101497
572 0.49713 103.699743821791 1.835272 0.737213648402065
573 0.478924 119.411733174573 1.899445 0.799801280744513
574 0.46799 117.451231635158 1.889129 0.770153480318794
575 0.403347 111.71827972009 2.009489 0.783669506773458
576 0.638866 113.450585726316 1.539964 0.783119177602772
577 0.451883 112.459940764092 1.959995 0.782112426403317
578 0.429739 114.16487628723 1.952341 0.751948045849731
579 0.479233 111.79292233942 1.888313 0.731721644838556
580 0.481329 118.316680006209 1.874574 0.762484184131486
581 0.467283 103.079499619082 1.890883 0.766656659138664
582 0.445534 113.084892756435 1.951461 0.771325283170991
583 0.463353 107.334695193604 1.921652 0.756986723792945
584 0.318698 119.132256619272 2.114359 0.804384229533052
585 0.46806 109.904845003929 1.917688 0.761697276636237
586 0.370505 108.434070587876 2.003779 0.807577320276709
587 0.280797 127.335459516276 2.173873 0.800832131386719
588 0.324439 115.461167041832 2.051491 0.772817214758719
589 0.311976 119.343187432133 2.137646 0.791104900783347
590 0.5025 114.231886049676 1.881533 0.740206747423063
591 0.557022 95.5930167066255 1.742697 0.692566863443811
592 0.362638 120.384018039376 2.076324 0.780933223882286
593 0.585599 101.200632761342 1.643273 0.679155187853074
594 0.420666 124.297033363409 2.006893 0.802407621211162
595 0.551271 102.574304895668 1.748356 0.759071566685246
596 0.416486 104.524250084901 1.961528 0.75698625535935
597 0.33951 127.017990457592 2.116409 0.802686939207513
598 0.237893 116.816209068291 2.182186 0.805389277836349
599 0.554819 113.654304338598 1.761424 0.719005585383802
600 0.588412 104.220902877968 1.618337 0.637178260310005
601 0.533704 107.472203491791 1.758184 0.730501265133901
602 0.248008 113.02602829306 2.164821 0.782469023029355
603 0.283602 120.980653817217 2.165418 0.799153868345709
604 0.269734 118.279991398924 2.153813 0.818036611057227
605 0.547855 107.721237740775 1.756729 0.7503154663319
606 0.444287 107.364501619345 1.941418 0.764241277461675
607 0.174995 125.033854870942 2.243685 0.842959145250392
608 0.342407 120.775541814536 2.08394 0.778775442849209
609 0.555417 108.936650093119 1.750338 0.73757209056404
610 0.398786 113.494234671559 2.007274 0.77430675610109
611 0.600707 115.215994480672 1.665384 0.799922696067188
612 0.291348 124.313649234837 2.153818 0.783619085691261
613 0.367297 118.078016971393 2.02363 0.772925877057468
614 0.37711 108.750809278804 2.032929 0.782720041041809
615 0.688151 101.880266155644 1.409852 0.66255591111288
616 0.496254 116.542608259054 1.875444 0.727270779652502
617 0.646011 103.281696638575 1.542535 0.69516303632378
618 0.641755 107.204245270946 1.479421 0.687713286111508
619 0.355341 121.582080422128 2.088501 0.765555774427382
620 0.18964 126.408409519193 2.237902 0.835912742878179
621 0.570254 99.9418802174955 1.738465 0.72692366548739
622 0.523375 122.218900645715 1.83312 0.743736168215808
623 0.270621 119.221291004817 2.16915 0.834290199033773
624 0.520063 113.662693456969 1.80359 0.768021272891299
625 0.396019 123.899643145244 2.014433 0.796928267679707
626 0.570496 104.729479213757 1.708897 0.717262286733912
627 0.226004 115.270121026854 2.220696 0.78191552581734
628 0.388473 108.384732213634 1.997842 0.773746351478935
629 0.450366 115.461289009101 1.948092 0.747360319705895
630 0.387609 109.155249187777 2.015841 0.741725460240899
631 0.352182 119.217278672423 2.080054 0.786792118337288
632 0.357972 111.396217659264 2.074774 0.753156279678503
633 0.503618 107.201493100266 1.813587 0.683642177507662
634 0.50668 105.872549665364 1.836065 0.761563277051995
635 0.182384 127.583126894575 2.246489 0.817811264858597
636 0.546225 104.939776310687 1.787177 0.728872819950333
637 0.701586 102.090419563043 1.321002 0.649681441844213
638 0.726469 93.082190086047 1.237556 0.628222995905891
639 0.502161 112.267589325398 1.862156 0.75352759682386
640 0.611987 108.55276804592 1.612144 0.779722051894596
641 0.578469 108.499923246357 1.706041 0.726334873712999
642 0.532054 106.493762245431 1.794529 0.65089512650545
643 0.400867 111.030291387784 1.97513 0.759974019030405
644 0.415674 115.587414574764 2.01419 0.752486682676315
645 0.422379 117.863896625766 1.99302 0.749630940478981
646 0.313251 123.231479894715 2.135917 0.8293006103696
647 0.436484 115.042474526851 1.949579 0.765608459483267
648 0.468225 110.740971045986 1.886564 0.758358776322232
649 0.329746 127.995933958261 2.113047 0.784184239055253
650 0.377583 120.240972551571 2.071156 0.752261784190093
651 0.40538 105.627664880443 1.948934 0.777923370703153
652 0.451124 113.550458165504 1.91544 0.767660409621295
653 0.658846 101.0101680477 1.466319 0.623646472793672
654 0.468023 120.522173146324 1.933385 0.804805101466888
655 0.409445 102.185259921109 1.947062 0.760852038363421
656 0.346285 124.136399666056 2.101285 0.762470432211351
657 0.506261 105.337095772722 1.831884 0.706712773229048
658 0.282641 122.777624652982 2.166997 0.81732190279239
659 0.480302 116.501745942887 1.917592 0.802520316022612
660 0.415507 109.164444053882 1.9904 0.745719081552416
661 0.33558 123.657036302466 2.116514 0.787753573751015
662 0.617826 106.140516874995 1.579877 0.740235977451922
663 0.397769 110.872538838226 2.016017 0.758346713363815
664 0.375515 108.796264934144 2.026461 0.779731018416569
665 0.442888 109.273364222544 1.902947 0.741956150615332
666 0.491309 109.76976170629 1.847433 0.7563513192174
667 0.654847 114.187072536825 1.496894 0.683544459688187
668 0.278485 129.971451063059 2.179429 0.82773234126712
669 0.477627 115.940522683364 1.872164 0.769440158845199
670 0.376688 116.624880151072 2.019767 0.783813038901597
671 0.402792 113.080360639652 1.964334 0.780752186872082
672 0.385013 119.149107963346 2.048342 0.825876112057675
673 0.215325 125.222807533617 2.224134 0.827040187190415
674 0.44824 111.320358188462 1.923861 0.749331047773886
675 0.555415 110.298084216484 1.751729 0.722608163044436
676 0.450899 120.275661457316 1.948655 0.75742817616874
677 0.399628 121.144923308042 2.020413 0.783231482604854
678 0.359966 123.607784050362 2.079611 0.78185731671979
679 0.629728 108.510606892227 1.547022 0.683971918497568
680 0.505402 111.974644548997 1.844737 0.749114345544678
681 0.518193 107.728379415164 1.798192 0.765483486267106
682 0.417633 110.922346817091 1.992603 0.752299127207862
683 0.546705 112.122700083727 1.758207 0.732408275119629
684 0.596529 115.498655352127 1.641401 0.749112759338054
685 0.227623 130.325262683661 2.217925 0.80390887994729
686 0.3094 119.25690395364 2.14147 0.775392229985664
687 0.307512 115.963307810326 2.140309 0.767876073219199
688 0.471273 106.492289599486 1.91512 0.739964785108281
689 0.377053 118.974875479889 2.048969 0.79462193853793
690 0.494491 100.16155513023 1.830307 0.717965287336442
691 0.535701 110.108443241737 1.758674 0.712245480886973
692 0.417309 123.013275884293 1.985532 0.792628456812036
693 0.34372 110.290928201293 2.093128 0.826360261366454
694 0.249087 125.463304208919 2.189173 0.805901830830727
695 0.54993 110.185543377981 1.741373 0.710567558480208
696 0.331576 116.079839386902 2.107844 0.794383335084068
697 0.296055 118.499678678094 2.159089 0.798040932960673
698 0.519252 110.116179902415 1.816744 0.765393775042247
699 0.517266 102.949782303493 1.797709 0.726849145953128
700 0.557653 110.496049542551 1.721225 0.78472769144312
701 0.458676 107.743502061198 1.917055 0.751845480756156
702 0.391345 109.323048752694 2.016301 0.7577303873368
703 0.499374 110.763656938797 1.881578 0.764498100849588
704 0.473232 115.680060439695 1.891623 0.759865911989571
705 0.539324 104.76794537567 1.719266 0.705876257022581
706 0.439871 110.482031406578 1.981894 0.750697077286508
707 0.448042 100.737371842085 1.955547 0.737673426514791
708 0.290692 124.535079595429 2.167096 0.810410608837472
709 0.441137 105.362622034278 1.906809 0.75930897745145
710 0.474798 106.41015647775 1.90882 0.747772977194559
711 0.457788 113.644510392297 1.907955 0.764412669281826
712 0.264564 135.408551171966 2.188883 0.819339804401222
713 0.482842 114.213106691953 1.900888 0.674430601110646
714 0.393651 119.810365278629 2.043807 0.794210299438077
715 0.342789 121.819012236288 2.089766 0.80371330106668
716 0.399225 108.704880410523 2.009094 0.748311283343331
717 0.5063 115.920252468868 1.838399 0.775301625709064
718 0.542263 111.369080823524 1.74079 0.73273571410448
719 0.570198 112.400500985173 1.698047 0.712520596014687
720 0.445045 112.309752199517 1.933301 0.752575481229374
721 0.443008 116.23414721341 1.963386 0.806966017098364
722 0.218603 126.124748363543 2.224463 0.822813411632828
723 0.332594 116.886457261215 2.097456 0.813619077262588
724 0.460792 113.324396733225 1.884758 0.709319736451614
725 0.501844 115.015892038866 1.825843 0.725416648219672
726 0.381517 108.950378149978 2.054848 0.778713033427716
727 0.335316 122.063398466797 2.104593 0.802330687097476
728 0.590363 99.3639418892531 1.629515 0.674548625505633
729 0.503258 115.922250991761 1.875301 0.781431702364404
730 0.13885 126.362926255864 2.267323 0.83081505950618
731 0.561119 108.876795591207 1.754234 0.749385946198157
732 0.381508 118.65754396053 2.034848 0.790866144101961
733 0.508627 119.557758892936 1.857785 0.73011374643677
734 0.574822 110.900487455505 1.714695 0.692517372571995
735 0.571421 108.360104478589 1.720653 0.724650827754717
736 0.540686 112.893271142049 1.761919 0.784053363299386
737 0.442319 114.409305673559 1.959879 0.759656402541054
738 0.435658 106.588428152712 1.964795 0.722090334604861
739 0.501171 100.22556043597 1.810791 0.683049008316787
740 0.351113 120.708248930469 2.10025 0.777680578627045
741 0.509134 110.196078335556 1.798759 0.75519434057469
742 0.584118 109.496962980072 1.655974 0.71494965498524
743 0.453672 120.987067127039 1.939868 0.785894999128726
744 0.732375 92.2813971808629 1.228614 0.629375951343385
745 0.469473 104.49622194576 1.867674 0.738144624659651
746 0.719981 106.659715930546 1.248043 0.749619261082874
747 0.566199 106.230414027082 1.676925 0.746259743476589
748 0.449893 115.742251578928 1.902997 0.727699477685184
749 0.34469 114.352465826562 2.059238 0.777816293218679
750 0.298408 120.90628876332 2.139762 0.81955539659017
751 0.535393 116.404623393885 1.806838 0.733016001297858
752 0.768777 99.9208171124907 1.101232 0.666041439555737
753 0.229948 120.787327139901 2.217907 0.818404442463038
754 0.592815 115.145137326609 1.683532 0.746348578946846
755 0.284302 125.481901970629 2.171118 0.800646331298337
756 0.31919 116.058456423858 2.113928 0.805262342002621
757 0.462977 123.301613115464 1.935644 0.808894735325182
758 0.516139 114.00001281679 1.827668 0.806304460138875
759 0.437453 107.979004232534 1.946908 0.782342338002932
760 0.358372 115.209216177162 2.065973 0.76950827070173
761 0.535899 97.0587234412251 1.758226 0.711713051290913
762 0.40723 122.023621628912 2.001322 0.777587611150758
763 0.331019 119.724871167274 2.102383 0.800125276390809
764 0.410379 113.92422493059 2.001191 0.758098675080922
765 0.574146 98.0646456719895 1.62152 0.694273602642409
766 0.490744 107.699627061794 1.872186 0.729834151381258
767 0.34238 112.748155617682 2.073125 0.786387178282477
768 0.344675 103.835721384838 2.086267 0.713971232667255
769 0.31461 113.309891803588 2.128461 0.751894663027433
770 0.379305 107.562164689524 2.033341 0.775716092497855
771 0.422356 101.202703202029 1.97826 0.710327481705233
772 0.33647 125.92507982159 2.094754 0.749256521880643
773 0.322065 107.382311228148 2.060365 0.764853381187953
774 0.439957 110.825059691286 1.948218 0.771557132437699
775 0.318542 123.546091053062 2.089597 0.779508541982786
776 0.461222 120.630524837377 1.900924 0.746196962022275
777 0.558293 96.2046067406501 1.726094 0.745476498934523
778 0.56404 118.261511610722 1.744523 0.787977389684386
779 0.360667 101.892390931867 2.059673 0.753822804506155
780 0.362029 117.48766251237 2.069475 0.774027614559285
781 0.351145 127.90181867945 2.096985 0.783452562763637
782 0.333892 121.74876542115 2.092031 0.805091528290584
783 0.305791 123.859778983701 2.137091 0.811845491324745
784 0.493638 118.593018286402 1.85719 0.714233725637506
785 0.488433 113.443097558565 1.86228 0.674728058146705
786 0.439374 107.170242840868 1.965552 0.78640804841756
787 0.32522 124.022582612464 2.111418 0.794854202330777
788 0.383482 99.0034473133178 2.049815 0.741179499116148
789 0.382966 118.805900273919 1.977558 0.780344530380486
790 0.335081 117.721526899159 2.111477 0.798190569197356
791 0.704441 100.653963491933 1.340047 0.67768663475215
792 0.535626 118.648446447057 1.800275 0.748489300395945
793 0.352174 122.553047373373 2.092548 0.801098598226562
794 0.680278 97.2665052821011 1.419087 0.723420792806091
795 0.379775 112.734377062121 2.045784 0.774858176730948
796 0.380223 108.398594165288 2.001695 0.786279002632398
797 0.507427 118.566287990534 1.821038 0.756878260317364
798 0.472829 112.197795711794 1.907445 0.749907291388288
799 0.14569 124.029653153455 2.260828 0.837097360554411
800 0.310261 117.895643310624 2.108814 0.8032486288244
801 0.197158 131.324043636939 2.238509 0.82478466301896
802 0.322443 126.382880969153 2.120056 0.805490185272532
803 0.487857 113.754674490446 1.88187 0.759545345588674
804 0.741484 92.0731817459709 1.196695 0.461265187593688
805 0.351379 123.38806924784 2.091045 0.791321332541251
806 0.359617 126.518537270102 2.091946 0.776910964600958
807 0.256617 122.519968328121 2.19378 0.854387047856416
808 0.624397 105.442172522584 1.566591 0.717625059443932
809 0.397294 108.223382606304 1.959951 0.787900845839438
810 0.388778 117.022475363671 2.025852 0.777383644021383
811 0.740272 97.9818910894042 1.216807 0.724849702914981
812 0.55568 94.5820272902003 1.693281 0.708903292270422
813 0.489652 113.115608771163 1.879134 0.783657975771266
814 0.483443 114.017341647982 1.887475 0.769199115382396
815 0.506423 110.575796722961 1.854412 0.735552707473997
816 0.371325 98.9478144986342 2.024564 0.673333010551042
817 0.426437 114.863234369614 1.937745 0.791826752506909
818 0.323962 110.229910809746 2.087369 0.758927564128149
819 0.352542 117.317959293031 2.05353 0.768942168156278
820 0.496695 110.157900277031 1.865446 0.725944844620304
821 0.472398 113.853363456217 1.860198 0.778233011444991
822 0.252412 118.914373314113 2.180997 0.824844307191622
823 0.372442 114.407390767584 2.039024 0.782163185977926
824 0.526967 107.911806257112 1.803715 0.728510266312789
825 0.542427 119.834636443552 1.784472 0.807176399083043
826 0.433959 113.867487693528 1.947285 0.765837191374843
827 0.229702 118.774594877043 2.191729 0.791292782668646
828 0.369231 117.284556210901 2.05982 0.714979909875376
829 0.471972 105.78210792119 1.846904 0.727451064194457
830 0.334165 109.265371826813 2.066308 0.775961480981767
831 0.559435 102.425273568254 1.747596 0.728178380298096
832 0.360062 112.338085308394 2.040247 0.779832125069712
833 0.482597 116.84692757083 1.877185 0.739153000199559
834 0.481248 113.35964469931 1.877726 0.768488748679803
835 0.405331 114.854377236282 2.016122 0.75923656850036
836 0.333707 117.751683220544 2.083315 0.812418647345257
837 0.492903 108.860624815456 1.824108 0.748991011485665
838 0.434446 113.623222257439 1.881763 0.761940702145262
839 0.36577 119.267513425961 2.024521 0.820951347707241
840 0.500166 113.506180317013 1.859857 0.761958939980349
841 0.387918 120.587977693241 2.009652 0.77122024446783
842 0.386784 114.959303880345 2.049368 0.766669263457829
843 0.374582 116.715775858402 2.019953 0.840777158533893
844 0.541984 105.024118551805 1.750187 0.740260428872844
845 0.473271 112.62221992677 1.903244 0.771176850538708
846 0.41997 107.993022003191 1.964265 0.75345972678833
847 0.493358 111.89297372732 1.869516 0.772466538624569
848 0.50921 108.202686740008 1.798213 0.737579414816926
849 0.496841 114.749038348028 1.86388 0.732272601883726
850 0.400365 104.203114265027 1.990138 0.753715377797804
851 0.442108 120.045373632436 1.954651 0.767305580721557
852 0.392683 117.478059932181 2.0288 0.814705702440435
853 0.419322 114.778279741087 1.945926 0.772250874767632
854 0.512379 115.458434459958 1.829785 0.775165939841374
855 0.628889 102.315054717712 1.598438 0.753140025604888
856 0.50177 108.105313457754 1.855836 0.742255395659005
857 0.305021 106.399031290328 2.142312 0.771764317268222
858 0.537927 103.702402655542 1.793412 0.721388099076764
859 0.44955 122.966563901434 1.938731 0.820166774821041
860 0.676552 103.792406388082 1.370912 0.716503087494868
861 0.25779 132.682645186887 2.184567 0.792964333839055
862 0.513667 99.7470141633433 1.838175 0.730224242345675
863 0.372123 124.412367686405 2.060528 0.789992917977032
864 0.275605 119.079912525482 2.152465 0.786981498619747
865 0.304144 127.997825087598 2.150281 0.807550491712474
866 0.397918 123.153311353951 2.037324 0.7647698570064
867 0.482379 111.060788313914 1.845992 0.71855635098452
868 0.408146 113.930002734806 1.963271 0.772458509811468
869 0.584779 100.159346237884 1.603355 0.700982976119856
870 0.414873 122.140477719018 1.961992 0.736924500653056
871 0.495762 119.262294001913 1.86509 0.797032659922417
872 0.509422 104.929678559739 1.859994 0.73928189621445
873 0.464608 121.75883793141 1.871295 0.776864005878901
874 0.334044 117.108647274432 2.095214 0.774594779873863
875 0.344975 126.873286091661 2.0928 0.840776204417437
876 0.626876 100.529303286819 1.542716 0.737909733996746
877 0.553136 110.756980136961 1.752388 0.772442786404631
878 0.397899 118.71950315771 2.00018 0.77465807570953
879 0.511581 106.361840594397 1.815194 0.751923833778641
880 0.42415 107.850469683786 1.978868 0.772384224671444
881 0.460165 116.85592084964 1.932839 0.79903942683075
882 0.624155 96.0825640199536 1.589812 0.71057143725566
883 0.3679 125.445941343161 2.073592 0.770057114845889
884 0.407833 115.611176730369 1.998381 0.756647940590755
885 0.390211 120.886448471274 2.022315 0.792277993062284
886 0.551437 115.864525288528 1.699589 0.770702622106209
887 0.439702 109.856895719208 1.970591 0.732609657528185
888 0.391063 121.498146714142 1.99606 0.796955929510463
889 0.326695 110.017889990395 2.101364 0.811920877413168
890 0.383946 122.052516571338 2.049679 0.79424446508251
891 0.444907 103.329120389243 1.916055 0.72012630030573
892 0.342525 120.047196655052 2.109786 0.781380876405155
893 0.609344 114.50294984052 1.604374 0.781428191478071
894 0.473915 110.11404428932 1.911283 0.761306922350956
895 0.4347 107.375896899557 1.957431 0.731402653684651
896 0.40238 108.51530730859 2.021813 0.758647516659382
897 0.466962 115.076481552768 1.889989 0.762308029434062
898 0.489343 104.07829984093 1.8924 0.694770826124798
899 0.549884 114.905749680228 1.757158 0.747988951307761
900 0.42712 124.302316830674 2.003105 0.77142150121099
901 0.523003 112.92125414965 1.785702 0.779381596209994
902 0.543836 115.964784141481 1.772912 0.720744062201478
903 0.210146 121.977604204815 2.226206 0.814813814708676
904 0.396823 121.110876094002 2.030553 0.821622990170085
905 0.271518 110.214494787921 2.181101 0.758127022930457
906 0.57694 105.404273908521 1.681415 0.711296352219049
907 0.194018 134.978406508016 2.239515 0.834440998695663
908 0.522679 106.547990566221 1.806586 0.742081883636169
909 0.40193 119.129733857457 2.014688 0.780271284702131
910 0.611053 111.229927997429 1.633451 0.720616619279086
911 0.303997 114.138692866802 2.152836 0.817639111256765
912 0.406978 105.647359412591 1.97282 0.76826443256602
913 0.177982 131.049035253334 2.250664 0.827354910800163
914 0.550518 110.727675341837 1.762504 0.724583809449129
915 0.61715 112.262357414668 1.620073 0.690658860689855
916 0.343185 118.579564388874 2.086485 0.797507452513969
917 0.550265 110.725608922259 1.745899 0.728059145850781
918 0.311023 115.484233176229 2.096032 0.776999859351372
919 0.665401 103.101047491861 1.467611 0.640216204300901
920 0.472852 110.07124450844 1.87958 0.728977664327314
921 0.380656 113.615871964631 1.975523 0.798493294341797
922 0.294245 122.883666723339 2.124145 0.792197193047305
923 0.396386 111.025187680381 1.99949 0.791887774029839
924 0.447514 123.254670996819 1.936808 0.808577158235111
925 0.742341 98.4219093481274 1.21135 0.612593400279955
926 0.304175 116.578059096468 2.135058 0.800271211294523
927 0.526558 106.541805681649 1.807739 0.643582626860191
928 0.567473 105.759680590333 1.731678 0.731909298521084
929 0.811838 88.4489991162658 0.857212 0.566769070295953
930 0.308258 117.388547808618 2.111427 0.758208690274799
931 0.332019 115.700748695833 2.111916 0.794432298919126
932 0.277592 116.281852555997 2.166585 0.77663854864403
933 0.340029 115.284587252815 2.09537 0.777226974756986
934 0.634549 98.8002582284778 1.533323 0.709926834566995
935 0.495698 114.313518120986 1.883587 0.790235690943879
936 0.594426 109.248623027372 1.633085 0.761722836044759
937 0.602533 102.125088006576 1.645549 0.711492059011334
938 0.306887 116.974175445879 2.113291 0.761287037664315
939 0.636336 112.553111349571 1.550622 0.746087690594668
940 0.40325 107.797729225885 2.015639 0.799385822367622
941 0.449644 111.656916791038 1.899892 0.771934131393099
942 0.407401 111.61165896944 1.974543 0.77057089715521
943 0.447135 106.109726785293 1.925455 0.735942140008275
944 0.304219 128.464081565147 2.155216 0.800003714976953
945 0.69596 86.5636053344562 1.38391 0.676776966078343
946 0.327992 124.108185898435 2.099062 0.796900349697684
947 0.368293 109.017786324415 2.05861 0.75945872036938
948 0.592428 114.196441101176 1.654839 0.674829232610627
949 0.383529 121.192301612795 2.04217 0.815410391754845
950 0.335517 127.696038725507 2.120587 0.812799167167631
951 0.618808 106.36964894736 1.574351 0.676719587219563
952 0.216796 130.939548651385 2.227017 0.85115011526054
953 0.494514 106.76274264815 1.861526 0.748958191738581
954 0.447328 107.165483531508 1.944723 0.708021197773709
955 0.538626 110.374049474051 1.772478 0.750701598498062
956 0.521451 117.579788783221 1.824706 0.761395044888948
957 0.384528 111.497704568858 2.02874 0.754308459276065
958 0.503137 106.976240873356 1.875345 0.715644022032114
959 0.405298 126.016716649512 1.97365 0.797305263986535
960 0.509086 98.6632563479689 1.830588 0.691621792124193
961 0.288971 115.621461316408 2.139795 0.750355651338664
962 0.507776 99.7715233645268 1.847345 0.757686656876591
963 0.133198 123.211608737482 2.274111 0.825737079342545
964 0.448686 121.931559064645 1.932781 0.730069780660986
965 0.682488 107.572616774543 1.43315 0.72557832889689
966 0.413055 112.040634449885 1.940992 0.789127853283897
967 0.381501 105.200225648649 2.00447 0.741618738105822
968 0.317806 128.344465503193 2.136574 0.823813615816849
969 0.655003 111.621800251275 1.476876 0.650786334822225
970 0.458931 100.286670961109 1.885553 0.734783881017223
971 0.699125 100.397793146628 1.33465 0.692627124542304
972 0.35965 111.586486711319 1.99905 0.754104792244353
973 0.409712 112.902002674519 2.019412 0.787641860629173
974 0.35124 126.703303054962 2.088695 0.792568363240778
975 0.423184 113.958921398469 1.991584 0.754374169242669
976 0.443896 112.011161669804 1.941482 0.762208629388613
977 0.389398 122.310588798646 2.009485 0.794287278485574
978 0.573769 103.412531318025 1.676785 0.623656710702432
979 0.272063 129.035044512804 2.179216 0.799742702823796
980 0.305212 122.460872556593 2.146851 0.797048783896467
981 0.285652 126.591287844723 2.171169 0.824601719172336
982 0.407136 117.036589156781 2.02758 0.774457416782891
983 0.673631 99.1247839403522 1.46191 0.648719550353966
984 0.538942 103.260074600248 1.786894 0.75441644984242
985 0.437947 117.411634775082 1.963309 0.652762798424316
986 0.42818 122.5450543832 1.951477 0.771387032096755
987 0.495406 107.033730205194 1.851823 0.754321076765232
988 0.634177 87.2704273436501 1.552044 0.66847580092144
989 0.428613 108.377521554175 1.918277 0.727303903863043
990 0.213636 123.73204073643 2.228832 0.785817294984325
991 0.427656 118.079175311195 1.986197 0.803697143170308
992 0.526747 111.99575130919 1.765297 0.770520486382118
993 0.539152 112.514516012229 1.783496 0.766453271288077
994 0.388265 114.588048343096 2.051983 0.710830823029295
995 0.355378 121.098154437616 2.074348 0.804180204825825
996 0.248349 116.581484149519 2.176413 0.780165120131845
997 0.50002 95.6622677546931 1.818975 0.736153612689133
998 0.35111 116.811502063934 2.064028 0.783210434092307
999 0.482732 113.782254832271 1.910242 0.777821833049389
1000 0.368387 105.445063532147 2.055407 0.790381108601763
