rep	aei_left	left_area	adi_left	H
1	0.385461	120.4198943	2.013878	0.819461416
2	0.472996	115.5950808	1.867064	0.814206039
3	0.335691	130.649113	2.106245	0.81454749
4	0.396723	122.4184057	2.018745	0.830705682
5	0.367023	116.7273676	2.031711	0.79349809
6	0.401659	117.6333844	2.01253	0.800661233
7	0.259467	122.2952677	2.125875	0.819637076
8	0.451817	112.5109945	1.939301	0.781301396
9	0.236348	124.4927657	2.191129	0.827005976
10	0.388465	111.9978625	1.976109	0.807601648
11	0.383991	122.3036128	2.043571	0.814495568
12	0.425097	108.3325316	1.922243	0.783195486
13	0.287259	121.1165544	2.128333	0.818427005
14	0.43098	125.1150746	1.983397	0.820856155
15	0.409059	118.2724917	1.992767	0.804499207
16	0.327377	120.1326155	2.085397	0.830455642
17	0.391157	117.5099954	2.034435	0.802378251
18	0.287953	121.7672831	2.128641	0.83499005
19	0.443909	112.6494444	1.925773	0.800735005
20	0.349993	124.2118986	2.064303	0.823981103
21	0.389361	116.4321954	1.98259	0.81278996
22	0.380196	115.5302239	2.02808	0.820341508
23	0.52296	119.3779963	1.812631	0.788160933
24	0.280233	128.3717043	2.149491	0.826962426
25	0.410887	115.481086	1.960341	0.810254632
26	0.391006	122.2580943	2.013286	0.830769279
27	0.369267	117.0338131	2.047906	0.814964583
28	0.285277	120.9963272	2.151658	0.82847011
29	0.469897	114.5811703	1.857813	0.80025933
30	0.572847	116.8782221	1.686286	0.775852828
31	0.401596	115.8904133	1.973244	0.793635327
32	0.322021	118.3999722	2.082858	0.814196003
33	0.359293	120.5407012	2.048193	0.818334173
34	0.387588	118.0032321	2.028936	0.814183864
35	0.371832	117.5994006	2.013461	0.783951591
36	0.278005	119.9578958	2.14588	0.830715589
37	0.430856	121.4185506	1.98838	0.795604926
38	0.303297	121.8987226	2.119187	0.846669139
39	0.37492	119.1529537	2.048543	0.821070535
40	0.445933	119.835776	1.938027	0.78698058
41	0.301646	127.1139918	2.103535	0.845999276
42	0.422082	117.3950226	1.979081	0.783382364
43	0.411149	113.5968198	1.968214	0.818873746
44	0.413199	122.1113427	1.955521	0.817766679
45	0.280789	127.0837997	2.154146	0.821882475
46	0.375435	117.057027	2.016873	0.816869332
47	0.513151	118.039823	1.804719	0.808182895
48	0.308461	116.4959641	2.113596	0.80542436
49	0.329913	116.9992482	2.107678	0.827071003
50	0.377032	115.3711594	2.010039	0.814116806
51	0.40697	117.3546084	1.978313	0.793973382
52	0.336709	116.4844774	2.099502	0.824108333
53	0.345657	120.064026	2.052852	0.819037941
54	0.41983	120.1440768	1.96961	0.787418361
55	0.374582	112.1953238	2.009448	0.807845634
56	0.382735	115.5171222	2.015336	0.811451835
57	0.381758	112.5525705	2.019063	0.775702806
58	0.42198	114.2271612	1.991254	0.800770985
59	0.190753	123.6903894	2.223556	0.85169671
60	0.40953	112.6252701	1.957144	0.787876198
61	0.295479	123.069249	2.115225	0.826969322
62	0.448372	112.5837567	1.90434	0.790318572
63	0.334601	117.4347587	2.089128	0.808488884
64	0.380827	116.8192022	2.005273	0.806809581
65	0.441005	118.0324002	1.962687	0.80745886
66	0.487883	113.1370739	1.860342	0.797105537
67	0.221163	127.690035	2.212518	0.854629428
68	0.297375	116.6200876	2.142058	0.827825953
69	0.443979	116.2920611	1.948475	0.778324687
70	0.440095	118.2480565	1.933945	0.787809012
71	0.330001	119.9142107	2.083858	0.815310303
72	0.357298	122.9262884	2.021628	0.822676323
73	0.237416	121.0520952	2.171653	0.835906859
74	0.290274	128.5313092	2.155611	0.840434063
75	0.506163	110.968889	1.831335	0.751749467
76	0.380459	123.7795345	2.042306	0.825757518
77	0.409778	119.6455533	1.962138	0.795630999
78	0.465998	113.3774135	1.879194	0.771806334
79	0.386371	114.1326262	2.023681	0.809101403
80	0.342554	119.051539	2.098273	0.821952559
81	0.283639	125.0626378	2.158787	0.848430975
82	0.495301	122.2228067	1.873461	0.812176423
83	0.367298	120.0113167	2.053087	0.814558897
84	0.365237	120.1497727	2.023239	0.826473343
85	0.42799	120.6263404	1.970579	0.821644961
86	0.375561	115.7655825	2.031269	0.809123643
87	0.35207	123.380571	2.072714	0.833103168
88	0.428409	122.5374318	1.964287	0.832890944
89	0.398065	117.6961217	2.008545	0.825251188
90	0.348797	113.9364189	2.048999	0.818929554
91	0.319293	122.905953	2.106774	0.824477608
92	0.35296	121.2311789	2.043323	0.826293952
93	0.353761	120.2493633	2.070738	0.814064381
94	0.411661	116.7642468	1.96143	0.803716675
95	0.373281	125.0174322	2.033779	0.841592096
96	0.380732	119.9034547	2.01353	0.801087284
97	0.449453	113.9428962	1.929003	0.760939564
98	0.416029	121.052856	1.949096	0.807893568
99	0.460322	117.2074644	1.924066	0.761938217
100	0.373287	128.4785335	2.076719	0.822338101
101	0.291875	119.111142	2.127767	0.816888955
102	0.351746	118.8196011	2.076662	0.804480314
103	0.301429	124.8586223	2.0948	0.826504797
104	0.428239	115.4027444	1.950022	0.796900467
105	0.460154	113.9638369	1.922494	0.794338711
106	0.316156	124.0550449	2.115101	0.833549397
107	0.371195	116.9025645	2.016025	0.821438203
108	0.427587	122.5782534	1.944003	0.822144237
109	0.352253	123.0157355	2.051698	0.829249912
110	0.329631	116.5090466	2.045397	0.807341839
111	0.336077	120.5258313	2.084346	0.817243181
112	0.315631	123.5235465	2.109376	0.830697974
113	0.348472	118.9736079	2.059805	0.813832027
114	0.296171	124.0916516	2.145746	0.838503923
115	0.459105	112.2143124	1.902031	0.789206124
116	0.484912	105.1559046	1.841871	0.777481396
117	0.315888	120.0141929	2.116275	0.813895396
118	0.386751	115.2484552	2.008253	0.798775984
119	0.302554	124.6521988	2.150566	0.832480194
120	0.356094	119.2868309	2.056282	0.817601343
121	0.336628	120.2378225	2.09787	0.821714602
122	0.399288	121.9258707	1.997408	0.802646531
123	0.437491	115.9615427	1.933743	0.81935218
124	0.323209	120.158345	2.125298	0.831381825
125	0.361496	121.2477616	2.065564	0.821441521
126	0.393966	122.2407493	2.019483	0.832957244
127	0.386035	126.3175118	2.000622	0.846904819
128	0.480996	119.570379	1.893896	0.78406895
129	0.410565	113.573157	1.935138	0.799220543
130	0.46987	124.629815	1.909239	0.833872028
131	0.276869	122.3433332	2.14574	0.824076038
132	0.364444	121.0680823	2.044003	0.837731584
133	0.299714	120.9475289	2.143027	0.827504689
134	0.392516	117.2093266	1.986047	0.820860052
135	0.395905	121.4462808	2.001273	0.838248004
136	0.410969	116.3566519	1.964443	0.816277877
137	0.342372	114.6459947	2.068489	0.807109239
138	0.323483	125.5811853	2.106855	0.825436154
139	0.427227	117.6036448	1.950802	0.81908511
140	0.402636	119.2493796	1.964504	0.812437247
141	0.414358	118.5322872	1.965387	0.803228166
142	0.418718	123.8231655	1.98991	0.827042872
143	0.472477	118.1708747	1.918851	0.783704029
144	0.354968	113.9384018	2.075352	0.80606431
145	0.404637	124.0877231	1.994538	0.830853431
146	0.334086	126.1528312	2.092042	0.842445423
147	0.435469	116.9911947	1.935335	0.796819026
148	0.443231	117.1207217	1.913028	0.813634738
149	0.370116	119.5559679	2.051754	0.816645379
150	0.296104	125.7010357	2.105818	0.832252341
151	0.456422	111.1094508	1.928108	0.806325773
152	0.45725	113.4802162	1.873227	0.796559078
153	0.4075	125.721125	2.026998	0.829381405
154	0.307906	124.8577339	2.14043	0.840309785
155	0.396762	119.1156817	1.972555	0.822433686
156	0.399275	115.5740883	1.990707	0.802279055
157	0.385485	116.9800683	2.049622	0.805548841
158	0.467819	112.126704	1.882092	0.780733748
159	0.240809	127.6802397	2.200798	0.828074198
160	0.295021	119.7111064	2.122203	0.81511965
161	0.331042	122.2643073	2.094227	0.821090706
162	0.371663	117.5132485	2.048533	0.807276883
163	0.381676	117.9420857	2.01407	0.824693657
164	0.35276	120.6058289	2.069728	0.816658358
165	0.456521	120.4859787	1.887535	0.804605274
166	0.354804	118.8864605	2.06666	0.82494314
167	0.449588	116.6562626	1.923002	0.812609305
168	0.391629	112.6045148	1.990129	0.805825499
169	0.422355	117.8778552	2.000414	0.797958774
170	0.347682	117.5100415	2.073021	0.830021289
171	0.384909	114.6767074	1.953277	0.810393399
172	0.332148	118.1346385	2.042904	0.796355967
173	0.421589	119.9974026	1.926665	0.831765219
174	0.444703	117.4899417	1.901005	0.768572865
175	0.309418	124.171511	2.128602	0.807034197
176	0.37841	116.6420154	2.045206	0.791004949
177	0.356018	117.9786992	2.044556	0.806234785
178	0.433916	114.8656482	1.935075	0.808689056
179	0.441969	114.8437454	1.924987	0.779266965
180	0.345381	127.6387871	2.092548	0.835272915
181	0.495503	117.1922586	1.855132	0.797607363
182	0.408429	120.642516	1.982388	0.820806741
183	0.35581	120.0376779	2.066969	0.814444146
184	0.445466	113.2262166	1.933263	0.813222907
185	0.400501	124.9467001	1.95723	0.833064618
186	0.442217	109.9961653	1.909282	0.769722311
187	0.399568	120.0360236	1.984519	0.796866438
188	0.439058	116.5408366	1.969968	0.80678318
189	0.363265	113.1663689	2.040886	0.806398368
190	0.464256	117.7853799	1.92361	0.803013309
191	0.272912	121.4617804	2.16046	0.836989932
192	0.380103	118.6160552	2.040177	0.811889581
193	0.348163	113.0986498	2.042071	0.807549334
194	0.274665	122.9671311	2.165494	0.822224489
195	0.388284	115.1017512	1.99875	0.81534968
196	0.399705	125.4558349	2.027699	0.805641455
197	0.343891	120.9965079	2.081254	0.8443113
198	0.356379	119.987251	2.039944	0.821168737
199	0.37493	119.8482728	2.029164	0.837598606
200	0.464298	115.4765156	1.893365	0.768200576
201	0.340145	128.2634779	2.080519	0.811529355
202	0.321994	125.8053044	2.117092	0.833389565
203	0.434973	116.8547215	1.955522	0.775309406
204	0.440714	123.3024341	1.957258	0.823284699
205	0.404677	116.6858205	1.9891	0.803321977
206	0.38714	113.6498126	2.009713	0.782689681
207	0.3742	119.7949348	2.01486	0.813353878
208	0.40198	118.8341768	1.989749	0.82175489
209	0.333319	124.2209177	2.105835	0.834047543
210	0.466241	113.7178916	1.901169	0.787864836
211	0.407665	117.5657301	2.008504	0.816420211
212	0.280399	119.1966193	2.131201	0.828819033
213	0.1999	121.6242496	2.217781	0.842145618
214	0.435087	116.5914431	1.931803	0.793461698
215	0.438365	117.634999	1.896347	0.821109334
216	0.348805	118.6984138	2.027986	0.79326035
217	0.268645	119.0640738	2.171042	0.849026057
218	0.392926	121.4452423	2.02014	0.812950632
219	0.378143	129.5738521	2.043455	0.837060764
220	0.411573	113.1430811	1.971535	0.780074997
221	0.534451	116.3166606	1.784572	0.789777476
222	0.465935	110.1218802	1.881	0.800353517
223	0.350617	122.6999663	2.079302	0.816454979
224	0.469646	117.3856923	1.867565	0.777457185
225	0.543096	118.9408614	1.759674	0.799598047
226	0.376228	122.5142296	2.002005	0.834335557
227	0.309054	122.2179654	2.079349	0.82296888
228	0.365903	119.4374713	2.034024	0.821383627
229	0.371922	118.5277658	2.01642	0.812817264
230	0.208938	125.4710234	2.215528	0.83211675
231	0.409621	117.2450665	1.975116	0.807248105
232	0.417647	118.4046374	1.935364	0.805034765
233	0.4608	115.0767074	1.869947	0.798751058
234	0.400061	115.7320074	2.013342	0.804759988
235	0.293313	126.2883528	2.166801	0.841015357
236	0.332539	120.6350637	2.106712	0.811249319
237	0.377199	117.4424579	1.982118	0.794187494
238	0.351913	116.8083413	2.043098	0.807896531
239	0.427773	120.6202353	1.953166	0.810173757
240	0.44762	121.5624583	1.950462	0.846354829
241	0.403871	120.3415535	2.008398	0.81340432
242	0.355718	121.6352862	2.048777	0.821258336
243	0.449852	124.7239805	1.898469	0.810890906
244	0.4061	118.8464514	1.979786	0.798565634
245	0.309084	120.5033969	2.129711	0.836522132
246	0.37576	118.3612162	1.992204	0.793327683
247	0.377703	119.9301229	2.014685	0.819342628
248	0.316362	119.7104473	2.135968	0.844944189
249	0.299247	127.6408392	2.118907	0.828185421
250	0.345853	125.5956486	2.083496	0.836626861
251	0.324632	123.6823077	2.112245	0.824958116
252	0.313571	124.34676	2.132085	0.814738773
253	0.380834	114.7386749	2.021932	0.794902363
254	0.452987	120.8944319	1.916654	0.806454016
255	0.407167	118.2725288	1.976331	0.812880614
256	0.433345	118.6580506	1.966009	0.808653865
257	0.339319	121.8569877	2.094997	0.808414584
258	0.464339	116.4826019	1.907105	0.788601954
259	0.467636	121.0301624	1.895178	0.823671443
260	0.403156	119.1724699	2.008545	0.813006063
261	0.327504	129.6392006	2.090025	0.845246868
262	0.433345	113.7849412	1.913325	0.786575949
263	0.37356	115.1904192	1.962913	0.802041537
264	0.38666	122.4660812	2.001623	0.818536161
265	0.412193	115.7325804	1.959248	0.796126549
266	0.412878	118.9563356	1.976557	0.810534568
267	0.342909	121.9154386	2.065675	0.815350746
268	0.270974	124.830467	2.150537	0.830125253
269	0.392404	119.8576021	2.037239	0.812249879
270	0.437383	116.9249566	1.931906	0.797625947
271	0.3205	122.8381218	2.095353	0.837413554
272	0.278303	124.8222843	2.164813	0.856629016
273	0.385346	116.1804905	2.041731	0.789875143
274	0.337904	120.7955963	2.099793	0.813678767
275	0.520801	121.0844655	1.819266	0.834965009
276	0.400421	119.2729952	2.00477	0.799704028
277	0.385927	120.1797671	2.017927	0.814093138
278	0.382852	120.7274424	2.05327	0.812535586
279	0.243885	121.2627974	2.180318	0.834689943
280	0.247635	126.4450071	2.198494	0.846625076
281	0.438314	120.3526328	1.934514	0.823564572
282	0.4556	117.1530104	1.940026	0.806794958
283	0.47222	115.5892506	1.879121	0.7863673
284	0.418875	122.9481573	1.97465	0.818626626
285	0.25078	126.6305771	2.181269	0.840185721
286	0.527474	115.7612841	1.826524	0.755202842
287	0.531286	115.795651	1.797766	0.771232626
288	0.26778	124.3172477	2.161172	0.815427922
289	0.375926	118.6252927	2.033429	0.815297097
290	0.558839	114.4456239	1.762804	0.749719464
291	0.403634	115.3731003	1.992189	0.792894916
292	0.467586	123.7267389	1.881123	0.848046835
293	0.400024	115.0332301	2.002176	0.79432978
294	0.451881	115.381511	1.920532	0.790597834
295	0.244512	129.0453332	2.181337	0.853525312
296	0.374253	117.3118543	2.024275	0.817727585
297	0.372881	116.3097525	1.993028	0.802026267
298	0.437485	114.5753307	1.94488	0.802006159
299	0.404743	119.7489431	2.017828	0.814184387
300	0.361135	121.1758321	2.038889	0.823181805
301	0.34143	117.6709104	2.075836	0.812779078
302	0.350765	125.0560734	2.078081	0.817853817
303	0.484515	112.4649924	1.839599	0.792741108
304	0.378314	119.9638395	2.025716	0.808928501
305	0.344924	121.9461301	2.084833	0.817768256
306	0.460607	121.2356869	1.915332	0.784098318
307	0.376771	119.1313463	2.040901	0.820657244
308	0.292731	125.2244125	2.13502	0.829834373
309	0.480667	114.7673212	1.907294	0.754941567
310	0.285896	121.1243048	2.158428	0.83692154
311	0.534697	103.6220789	1.762182	0.757739874
312	0.330407	118.9593289	2.055968	0.816477721
313	0.35548	115.0360907	2.059588	0.812589375
314	0.451875	119.7968641	1.958279	0.817160374
315	0.411476	113.2582011	1.932385	0.802339383
316	0.364578	116.6352018	2.026801	0.791134356
317	0.422183	115.3476664	1.928231	0.798825607
318	0.153167	131.3136331	2.257284	0.857018335
319	0.520226	120.0212286	1.769192	0.785967195
320	0.391659	116.3536036	2.002308	0.808673611
321	0.292516	129.0182731	2.159554	0.843786736
322	0.274081	119.5478333	2.155811	0.834002279
323	0.404435	115.6421003	2.020172	0.819916036
324	0.333913	123.1570291	2.083007	0.849597405
325	0.355524	124.1358817	2.089071	0.829702184
326	0.381863	125.9711733	2.033804	0.832005702
327	0.358329	117.1807479	2.058059	0.807413876
328	0.436031	112.8937465	1.886324	0.784286532
329	0.269248	117.8455897	2.136447	0.816612624
330	0.325778	120.5560288	2.083355	0.807417131
331	0.412577	120.3419925	1.999627	0.812333863
332	0.419212	118.2295942	1.965983	0.796290361
333	0.393311	118.8096903	1.995335	0.81555082
334	0.417386	117.6215404	1.929854	0.815868378
335	0.262913	126.2328232	2.171057	0.840542019
336	0.493475	108.9409375	1.828471	0.776991195
337	0.352128	120.0560144	2.054	0.803969676
338	0.422408	118.1254261	1.955979	0.800041939
339	0.461326	113.0763917	1.911644	0.788960482
340	0.406847	117.9531972	1.957649	0.808537581
341	0.388949	121.7152188	1.975457	0.765222069
342	0.400254	123.2757438	2.018688	0.830567837
343	0.39073	120.4936624	2.003072	0.81174742
344	0.402446	117.4192066	1.967271	0.804465261
345	0.418147	118.3020168	1.958933	0.793938874
346	0.440691	111.9479968	1.89161	0.796319421
347	0.296078	122.9583908	2.135111	0.835113304
348	0.423774	121.3521614	1.94475	0.808463237
349	0.356791	114.753976	2.054314	0.806352477
350	0.473246	112.1644594	1.861072	0.795968309
351	0.357618	119.2776869	2.089742	0.815142666
352	0.381101	117.3673574	2.003186	0.801385578
353	0.4311	117.2355302	1.988896	0.778122388
354	0.318346	114.5880274	2.030335	0.81985707
355	0.351777	125.5940501	2.087845	0.847891765
356	0.219529	123.1282677	2.206963	0.836058269
357	0.567792	113.35595	1.715831	0.768080408
358	0.452463	117.827966	1.940111	0.784441368
359	0.360033	118.4276844	2.032236	0.827800526
360	0.393074	118.1718082	2.021642	0.81904654
361	0.343625	116.2829944	2.044052	0.806192106
362	0.345899	118.4280647	2.069702	0.824548667
363	0.330231	126.3680083	2.114262	0.80648318
364	0.413787	114.3618489	1.970371	0.801927441
365	0.413777	114.7941104	1.935345	0.798799457
366	0.241436	127.7985876	2.193465	0.829833237
367	0.478559	117.8291816	1.893267	0.804479554
368	0.410922	116.96545	1.9685	0.800467471
369	0.413636	123.6724566	1.992461	0.828251851
370	0.268583	122.9406957	2.138099	0.822424134
371	0.317241	123.2809836	2.103049	0.831412177
372	0.407067	125.0620594	2.030602	0.804197681
373	0.498877	123.1892924	1.844287	0.81909945
374	0.360263	120.2911636	2.054824	0.805675378
375	0.413119	120.1764132	1.974425	0.806978843
376	0.388907	117.5179895	1.994104	0.79970155
377	0.347458	122.8088919	2.091583	0.820282357
378	0.410801	117.8812901	1.952626	0.812502175
379	0.385477	120.53223	1.999585	0.81500425
380	0.455545	117.5677972	1.908045	0.794892235
381	0.470589	121.2942274	1.891078	0.777074199
382	0.470493	113.1821817	1.895387	0.792798186
383	0.304884	123.6748376	2.126797	0.829615719
384	0.334395	119.7184513	2.052647	0.830912796
385	0.45519	119.1214618	1.914438	0.803443263
386	0.428752	115.1401869	1.944908	0.803210562
387	0.410773	114.3206915	1.990649	0.774131513
388	0.477558	115.1246536	1.874871	0.799134171
389	0.453129	118.2109897	1.94193	0.807633999
390	0.422564	120.2321516	1.986841	0.817879611
391	0.35759	119.6523163	2.055261	0.815181435
392	0.29654	124.446231	2.104392	0.836502239
393	0.399912	126.4176766	1.986196	0.832566522
394	0.363809	115.1194637	1.997955	0.803837791
395	0.418957	120.2279189	1.966945	0.813499177
396	0.391747	121.3569684	2.016775	0.825327381
397	0.39949	114.6432033	2.004673	0.818395347
398	0.333043	126.2853708	2.119464	0.817995383
399	0.313165	121.4530942	2.124282	0.832197358
400	0.367263	124.7100026	2.047417	0.819590217
401	0.395221	118.7834182	1.995117	0.820294554
402	0.463012	111.5197381	1.904876	0.779569187
403	0.333971	118.5368929	2.10643	0.807220758
404	0.341418	123.4300657	2.042959	0.823648929
405	0.253992	131.7186204	2.191398	0.840385507
406	0.233617	128.8111796	2.206888	0.853728726
407	0.385528	117.6664213	2.002269	0.818970079
408	0.453837	117.6157441	1.918417	0.814694777
409	0.323345	115.5138113	2.103995	0.81148021
410	0.364758	117.7366224	2.057568	0.822889754
411	0.355148	119.9930238	2.05947	0.811837468
412	0.357302	126.6878598	2.077612	0.84068531
413	0.528325	111.7378582	1.807691	0.775161299
414	0.453507	111.675522	1.864575	0.795434581
415	0.390555	122.9142248	2.031767	0.83299941
416	0.401792	116.8091723	1.972017	0.806736782
417	0.478498	111.0618019	1.865676	0.791793975
418	0.351213	121.8835375	2.026545	0.821101907
419	0.409505	121.3328435	1.98589	0.832423122
420	0.429455	115.2484295	1.95319	0.808083475
421	0.393527	119.8171998	2.010332	0.811754466
422	0.28438	129.4526115	2.16256	0.848756898
423	0.49636	118.5720808	1.858305	0.800733436
424	0.331888	123.2049909	2.103292	0.829889517
425	0.399554	114.6990706	1.996945	0.808480057
426	0.356332	121.9341166	2.064617	0.838085669
427	0.353779	124.04815	2.041001	0.823256045
428	0.304298	124.5284963	2.13434	0.844128328
429	0.381801	123.1546227	2.058171	0.827797774
430	0.288885	121.1914722	2.140024	0.818123514
431	0.376846	118.1181209	2.018261	0.801669645
432	0.471968	114.4512626	1.872879	0.775340954
433	0.385206	115.2036893	1.980862	0.80830537
434	0.455209	123.227037	1.903172	0.795173643
435	0.435332	115.5312106	1.985054	0.797469542
436	0.398906	119.8930188	1.960256	0.814453907
437	0.424985	120.0495143	1.977145	0.820363541
438	0.384464	124.2505683	2.025853	0.83539739
439	0.4213	118.3145273	1.981197	0.78920048
440	0.555125	115.0483768	1.721206	0.807841667
441	0.485859	110.8492762	1.842523	0.776909746
442	0.472215	117.9831419	1.876109	0.806944917
443	0.345841	118.8578894	2.071196	0.831491928
444	0.314751	123.7290836	2.107483	0.819386849
445	0.391546	118.5803401	2.027512	0.815921152
446	0.283084	118.3328505	2.104243	0.833238072
447	0.363295	119.4340639	2.052007	0.820180107
448	0.426029	119.4796916	1.977885	0.80359436
449	0.42138	116.8579966	1.957475	0.804502479
450	0.377027	118.3772555	2.005785	0.80916879
451	0.392942	120.901682	2.02223	0.823025722
452	0.270183	122.8812121	2.130556	0.82197597
453	0.341819	120.8750656	2.097022	0.823102043
454	0.469489	118.7604114	1.831439	0.790771732
455	0.430433	113.1895393	1.922022	0.747870423
456	0.448713	113.775652	1.934854	0.75060972
457	0.450599	113.7780994	1.893544	0.794596288
458	0.453904	112.4581853	1.886793	0.789970961
459	0.448426	119.0574727	1.917861	0.819290648
460	0.452498	114.0549513	1.885698	0.811806609
461	0.284045	124.4214241	2.138685	0.832918998
462	0.32497	122.7315815	2.081605	0.82890918
463	0.365524	118.1193102	2.024872	0.825670275
464	0.520784	111.6930747	1.830343	0.769536532
465	0.320911	121.1239491	2.085199	0.837594403
466	0.382946	113.7106841	2.020099	0.771912263
467	0.465964	121.7513645	1.88789	0.808210698
468	0.350111	121.8407973	2.06589	0.834637718
469	0.453234	113.7638668	1.906475	0.778858992
470	0.438196	116.1779791	1.929254	0.803162658
471	0.372148	116.7350965	2.025377	0.805311023
472	0.430321	110.7445799	1.942515	0.769996613
473	0.344197	121.756918	2.080248	0.831853792
474	0.353564	121.4949948	2.047926	0.821505596
475	0.292731	126.6810563	2.114491	0.836920773
476	0.410723	115.9532448	1.997937	0.798192056
477	0.471888	118.9023885	1.89885	0.814171287
478	0.463857	117.4790944	1.890982	0.788491054
479	0.478385	119.740191	1.874235	0.807924328
480	0.288956	120.5288244	2.153249	0.845165619
481	0.31629	123.233693	2.111231	0.830353246
482	0.465729	112.2079727	1.884809	0.786374631
483	0.483033	118.6530455	1.879065	0.786503457
484	0.343096	123.8244116	2.101187	0.825242285
485	0.46523	111.2391527	1.911334	0.780453712
486	0.375604	120.8905151	2.064369	0.815022777
487	0.407644	120.4998354	1.939063	0.811797825
488	0.256767	122.1632719	2.181414	0.846955359
489	0.419686	112.5462612	1.960705	0.786650189
490	0.43966	120.4578387	1.934955	0.821435617
491	0.390188	120.0661505	2.050207	0.801169691
492	0.54289	111.1164515	1.74618	0.77621129
493	0.382123	120.7694205	2.054669	0.813633104
494	0.325426	116.1992231	2.111946	0.826587172
495	0.448183	111.26494	1.930984	0.759787656
496	0.470311	116.5404608	1.886634	0.799070667
497	0.361265	120.3806237	2.044098	0.806779978
498	0.467482	118.5002049	1.911826	0.795645529
499	0.325248	120.3907567	2.107461	0.828254801
500	0.351259	123.0042856	2.075055	0.829376571
501	0.407791	125.4339807	1.967079	0.803183494
502	0.489325	114.4699928	1.830888	0.806169722
503	0.48396	112.6508165	1.867101	0.766755431
504	0.294541	124.9251064	2.158499	0.846120506
505	0.39282	125.1458676	2.026989	0.847627761
506	0.413448	122.1924585	2.009951	0.825804062
507	0.368119	119.5630278	2.036404	0.809505352
508	0.349328	123.7800043	2.083018	0.799879935
509	0.268263	129.309548	2.15975	0.854295832
510	0.370772	121.6617476	2.051914	0.812156806
511	0.42593	114.3341945	1.924177	0.799797305
512	0.363033	125.2515361	2.059661	0.834274211
513	0.341787	127.2306205	2.093782	0.838380382
514	0.256865	122.5343088	2.126524	0.821003025
515	0.455019	110.7165283	1.887805	0.782984755
516	0.230734	126.4297607	2.16597	0.835659978
517	0.372608	117.140508	2.032565	0.813941067
518	0.407459	124.0064358	1.985298	0.79839039
519	0.322283	120.1778019	2.10205	0.816370053
520	0.356344	121.7033898	2.037456	0.804962251
521	0.351571	120.3571584	2.09725	0.808400817
522	0.41153	122.711377	1.997206	0.787439359
523	0.439092	110.0649604	1.893077	0.784665041
524	0.310006	122.0609426	2.116377	0.835954051
525	0.44282	115.2432452	1.909838	0.807336776
526	0.451316	129.8584491	1.916365	0.81300641
527	0.352261	121.4220694	2.0869	0.80445987
528	0.318348	115.6667802	2.068416	0.832630812
529	0.458948	121.2728776	1.89917	0.801090438
530	0.390071	113.8168003	1.964619	0.790345561
531	0.405168	117.6525154	1.997624	0.807249893
532	0.269962	121.4493543	2.163	0.825138084
533	0.503653	113.1061229	1.816108	0.734278448
534	0.234336	128.2212042	2.197465	0.842035049
535	0.406377	110.8846219	1.9719	0.801591699
536	0.345902	118.931974	2.084642	0.823742628
537	0.332689	125.4181747	2.10046	0.812042137
538	0.462585	118.5817507	1.869685	0.802636782
539	0.40899	117.2565795	1.993749	0.806383539
540	0.382193	118.5811674	2.034888	0.822486974
541	0.373998	121.5358724	2.046833	0.813332715
542	0.352285	116.9351849	2.053856	0.809476733
543	0.42228	112.8014186	1.952712	0.798096568
544	0.32421	123.6387342	2.103508	0.845477481
545	0.450223	112.5296043	1.914236	0.778322011
546	0.39128	124.0453314	2.036639	0.82465675
547	0.374826	124.7293001	2.047659	0.811325289
548	0.346229	121.1365134	2.073229	0.830114253
549	0.444342	118.5013945	1.92515	0.815121352
550	0.286457	125.8157784	2.1356	0.844012362
551	0.33796	119.5678939	2.050481	0.804137847
552	0.376885	120.274356	2.049028	0.824168611
553	0.428437	116.6636168	1.933841	0.786720969
554	0.367268	116.3711504	2.032507	0.824294582
555	0.236408	128.3748241	2.200645	0.845375443
556	0.359478	125.8154972	2.061492	0.851827241
557	0.427831	125.309041	1.979954	0.812013941
558	0.332268	114.8321475	2.036051	0.812836234
559	0.422191	122.8178112	1.973388	0.847344694
560	0.315574	133.4676901	2.109194	0.868451615
561	0.426209	117.5505003	1.961573	0.787790405
562	0.473706	117.5461025	1.867458	0.794531247
563	0.351905	124.8505922	2.079198	0.823432075
564	0.447841	112.3522644	1.944416	0.776026169
565	0.494889	116.2514744	1.881801	0.779224922
566	0.389901	118.953797	2.008015	0.824676517
567	0.461541	112.4281349	1.88032	0.778806843
568	0.490244	116.1559946	1.835274	0.788222292
569	0.38425	119.7836716	2.013902	0.813106661
570	0.386304	117.0354398	2.018226	0.802799859
571	0.234232	123.9181106	2.177704	0.814426007
572	0.367485	118.8688459	2.030871	0.806331848
573	0.243971	125.1718682	2.16426	0.823040766
574	0.323465	118.2990855	2.107156	0.841145345
575	0.41753	115.1646086	1.940543	0.806149948
576	0.345331	122.9797211	2.082787	0.79737388
577	0.448987	117.2232882	1.879664	0.801821176
578	0.434829	113.474083	1.926489	0.77049234
579	0.316992	120.1060715	2.100308	0.831189133
580	0.376329	113.8652427	2.011525	0.779069041
581	0.266978	128.8712435	2.18026	0.843495647
582	0.362587	112.563999	2.017065	0.799390907
583	0.344567	112.8445455	2.072798	0.82220538
584	0.359315	117.9025986	2.041442	0.818592985
585	0.388044	111.8483058	1.998656	0.801736791
586	0.358482	119.6663765	2.038401	0.826919733
587	0.412873	119.7731986	1.970601	0.817840335
588	0.421005	113.2794671	1.944984	0.786992206
589	0.446021	118.1304836	1.9145	0.788148098
590	0.350339	124.513552	2.032798	0.838505102
591	0.286189	124.6775158	2.156117	0.828114769
592	0.322256	118.2374332	2.121847	0.815340943
593	0.332518	124.5320051	2.073989	0.833133749
594	0.394289	124.2846233	2.020896	0.821269649
595	0.418078	112.9588219	1.982643	0.781598804
596	0.41077	119.1092905	1.941526	0.794048642
597	0.38322	124.6714613	2.02785	0.839599833
598	0.378772	119.0201538	2.034899	0.808523465
599	0.384307	119.467758	2.022017	0.783078278
600	0.343612	130.6683667	2.106979	0.823497749
601	0.328736	120.8132036	2.108425	0.82111421
602	0.307973	118.8428925	2.110914	0.822089846
603	0.373548	121.8916724	2.031066	0.815868009
604	0.398054	119.3406102	2.011719	0.829565564
605	0.204841	123.56513	2.227814	0.84568779
606	0.440051	120.7917073	1.921937	0.789802849
607	0.474043	116.9324545	1.87945	0.808676843
608	0.345122	125.1670202	2.06779	0.845785499
609	0.400701	122.8115108	2.034346	0.807235973
610	0.372246	118.3250796	2.018892	0.817494604
611	0.445038	121.5562378	1.903402	0.815378618
612	0.293458	123.7658359	2.132457	0.835302119
613	0.359563	119.314497	2.052269	0.812667799
614	0.306983	131.9590638	2.095766	0.845309788
615	0.442801	122.1036011	1.966947	0.826483633
616	0.259998	122.9296631	2.158982	0.837804759
617	0.324027	123.9461635	2.110429	0.845409291
618	0.405528	119.8228788	2.000893	0.82071761
619	0.270802	124.4658755	2.182167	0.840300103
620	0.337574	117.875847	2.096974	0.826539488
621	0.339553	119.8217481	2.055253	0.818057684
622	0.475019	118.6439503	1.905572	0.799283877
623	0.395824	120.1524388	1.969097	0.803712444
624	0.243574	124.2360253	2.19012	0.835558443
625	0.354424	116.7087111	2.051098	0.806456687
626	0.423403	118.1217158	1.976052	0.809093181
627	0.517725	112.9151013	1.837758	0.764626985
628	0.409396	111.4627555	1.994433	0.815027446
629	0.332357	117.9648353	2.09853	0.813655313
630	0.311773	118.178378	2.069934	0.81583775
631	0.395969	109.8911794	1.961215	0.80868466
632	0.391907	123.0066002	1.995054	0.83406908
633	0.369122	120.8319159	2.00455	0.819977016
634	0.408937	121.2171039	1.975949	0.779159181
635	0.509936	110.2762509	1.81189	0.786557345
636	0.394691	114.4507814	1.981892	0.794057759
637	0.4983	110.2804314	1.864104	0.755158739
638	0.329559	119.0306438	2.08862	0.826788662
639	0.334371	121.5334738	2.095708	0.841474753
640	0.411375	112.0571959	1.956555	0.791936102
641	0.355843	122.8832634	2.071932	0.814885236
642	0.366319	118.3558025	2.034813	0.821881672
643	0.294864	121.7401154	2.148208	0.835441581
644	0.419409	120.6555452	1.970732	0.822062247
645	0.345386	120.6466298	2.05733	0.795555449
646	0.331919	121.9527989	2.081012	0.825864213
647	0.489651	113.4619391	1.876355	0.808526053
648	0.393593	116.3221856	1.947627	0.811173346
649	0.406895	118.1665421	1.976426	0.803067168
650	0.482226	122.7223662	1.832325	0.815651183
651	0.383725	115.2147554	2.016292	0.820262939
652	0.369935	123.0300098	2.069536	0.820672851
653	0.428856	120.5586508	1.953534	0.789188441
654	0.402675	122.5886241	2.020343	0.827780252
655	0.423181	116.6618137	1.974078	0.813510657
656	0.36268	119.423071	2.041662	0.814075009
657	0.426818	116.5859641	1.923861	0.801166991
658	0.391237	119.0084909	1.99195	0.812984573
659	0.318339	121.1047796	2.128157	0.82302408
660	0.296368	119.5269165	2.090722	0.811433325
661	0.414137	118.2074507	1.978339	0.808699983
662	0.292789	120.093488	2.14802	0.831053841
663	0.27965	124.4221963	2.171806	0.84035193
664	0.405821	120.3658719	2.005915	0.820230261
665	0.452122	125.4202922	1.952269	0.82113882
666	0.271327	120.3519772	2.12453	0.82039613
667	0.418504	112.191579	1.96056	0.802067067
668	0.40744	117.9056687	1.989431	0.801142592
669	0.441271	115.0128048	1.914169	0.811558137
670	0.332078	119.8729275	2.099102	0.809943326
671	0.348007	119.2376792	2.074298	0.814283557
672	0.357587	121.8346944	2.048473	0.830355478
673	0.401007	110.2873478	2.001894	0.799934498
674	0.372637	117.9041592	2.047261	0.809084067
675	0.443659	112.0986927	1.887126	0.788206683
676	0.286755	120.8447597	2.143634	0.826590543
677	0.456628	120.1917099	1.879818	0.791005157
678	0.332575	118.7934086	2.054265	0.813487162
679	0.193413	130.2931968	2.233188	0.853573313
680	0.395692	115.3431644	1.968599	0.775357616
681	0.417118	125.2239134	1.983726	0.81625714
682	0.401531	117.3598111	2.016215	0.798263077
683	0.233377	126.3335843	2.159758	0.819509537
684	0.307603	119.0221835	2.055491	0.810093538
685	0.353745	116.5570704	2.033899	0.812971756
686	0.415808	116.7490242	1.975764	0.80925341
687	0.342545	122.7972566	2.079832	0.836419931
688	0.300939	116.2519115	2.112368	0.830207946
689	0.335297	117.530646	2.068983	0.817537877
690	0.465119	109.0157755	1.909908	0.796472279
691	0.482804	122.340015	1.890614	0.77440685
692	0.289783	115.0916698	2.127676	0.815671385
693	0.296474	118.2515707	2.101607	0.811199648
694	0.369613	117.6662925	2.021498	0.796354086
695	0.582137	110.3194776	1.669576	0.756183775
696	0.351325	116.3413281	2.06765	0.824290553
697	0.358013	113.3095686	2.015402	0.808375858
698	0.514725	118.3503112	1.814155	0.748025245
699	0.309225	125.3829959	2.121164	0.836878623
700	0.432621	120.4175058	1.943397	0.780173354
701	0.429607	119.4104736	1.925508	0.816874547
702	0.419431	118.7059854	1.998968	0.810307724
703	0.391036	116.0149503	1.986799	0.802182283
704	0.524306	122.0943106	1.828104	0.801374544
705	0.344102	127.0903098	2.09523	0.841358464
706	0.331539	115.0173051	2.088836	0.823244652
707	0.363296	122.7384216	2.053686	0.807992751
708	0.400179	117.452916	2.022534	0.787521725
709	0.352203	117.1388021	2.008793	0.805616039
710	0.438004	116.6218483	1.956999	0.795284684
711	0.338673	119.4514967	2.068519	0.825028187
712	0.388598	119.8678135	2.013245	0.824126122
713	0.294062	121.0513412	2.153454	0.816090954
714	0.363211	120.3189328	2.034311	0.825644217
715	0.383539	122.9019614	2.040429	0.820340359
716	0.254305	122.929066	2.17673	0.833854793
717	0.36639	121.6280212	2.063727	0.806303456
718	0.438317	115.5526769	1.919144	0.804033436
719	0.289027	122.4213025	2.145715	0.830174825
720	0.561899	116.7402447	1.73723	0.793717873
721	0.469932	112.3448224	1.890426	0.776859406
722	0.220386	123.7027997	2.204741	0.840698477
723	0.465691	123.1452486	1.901793	0.813153564
724	0.410624	119.2033446	1.974903	0.805989621
725	0.382636	127.417838	2.043685	0.833510338
726	0.368654	120.3198897	2.009611	0.810857548
727	0.236027	126.8984054	2.177577	0.845789054
728	0.371937	118.8448364	2.017654	0.79268575
729	0.473346	116.7459945	1.888409	0.798769843
730	0.385935	125.7276093	2.034173	0.826406043
731	0.316179	118.9507916	2.047857	0.821146376
732	0.432663	112.570541	1.941666	0.760250368
733	0.356305	123.2917503	2.080825	0.832850638
734	0.451779	117.6340737	1.90757	0.807532983
735	0.41408	115.8776358	1.961715	0.800892778
736	0.444976	119.179421	1.958393	0.785336736
737	0.467419	122.5579118	1.915034	0.817024618
738	0.434696	115.9396821	1.932463	0.807215907
739	0.450903	116.6125842	1.912075	0.802198087
740	0.309345	120.0887858	2.073994	0.825821527
741	0.30622	113.2404948	2.065871	0.812333161
742	0.470725	115.7084813	1.919076	0.772834903
743	0.394565	113.7527157	1.978526	0.800168898
744	0.451539	122.1836041	1.894863	0.825262996
745	0.487338	114.908758	1.843566	0.776125759
746	0.458733	120.116565	1.946127	0.803846187
747	0.363947	117.0159294	2.025575	0.812794651
748	0.393636	113.3027784	1.985952	0.816592171
749	0.375819	115.4614282	2.024963	0.795717602
750	0.472915	118.595176	1.89869	0.797703805
751	0.36867	114.5296959	2.02234	0.808487864
752	0.435961	118.7239165	1.946163	0.806935153
753	0.303133	125.110004	2.127425	0.856399993
754	0.397618	114.7401821	1.980791	0.804525993
755	0.403884	117.4756764	1.996318	0.805231274
756	0.395354	122.5625547	1.989614	0.8309766
757	0.289453	121.9450409	2.146396	0.829270034
758	0.404049	117.1521212	1.99001	0.787422132
759	0.401881	122.9190323	2.009003	0.822349579
760	0.460743	117.9907274	1.911594	0.779528285
761	0.339861	127.1966565	2.102026	0.841896757
762	0.378803	123.1835256	2.034412	0.830472782
763	0.496866	118.3650864	1.866169	0.799688917
764	0.326456	119.1094064	2.071717	0.787838796
765	0.451697	119.9343873	1.897695	0.804496787
766	0.342239	116.5099526	2.05449	0.818234026
767	0.491059	115.4072014	1.867548	0.8000684
768	0.244534	126.0935966	2.178117	0.840228726
769	0.484267	118.5986527	1.89808	0.804701051
770	0.344881	115.6557375	2.003501	0.802452497
771	0.367611	121.1304314	2.05776	0.812713483
772	0.415535	118.1143311	1.985731	0.81662061
773	0.325638	125.4404078	2.114374	0.826440436
774	0.381748	123.4022111	2.027721	0.813153046
775	0.399032	112.562922	1.984705	0.805630055
776	0.280603	120.5454694	2.145736	0.828373647
777	0.386108	121.6333305	2.04043	0.813059761
778	0.298883	117.8738594	2.062786	0.816943883
779	0.435501	117.2043171	1.949484	0.805400559
780	0.420697	115.0102381	1.945604	0.79328988
781	0.427245	119.8620649	1.96549	0.814344234
782	0.477449	121.4265608	1.917528	0.772505184
783	0.270582	124.8465035	2.156436	0.84744202
784	0.38096	114.8938721	2.034622	0.780030619
785	0.468365	116.7694876	1.877043	0.809223001
786	0.450445	116.0102819	1.926325	0.791940344
787	0.290699	127.2607839	2.163798	0.829355462
788	0.375163	119.389065	2.023729	0.811070226
789	0.310338	118.5363216	2.109331	0.801279958
790	0.308962	120.680432	2.138859	0.818161838
791	0.528611	113.0775428	1.817908	0.764395963
792	0.41854	120.7180366	1.971197	0.793876438
793	0.275993	126.9874994	2.16217	0.847514955
794	0.488965	117.0228148	1.883688	0.795930847
795	0.428331	113.4904437	1.936783	0.802412491
796	0.342265	121.5975988	2.069415	0.820753094
797	0.353558	128.7771398	2.103093	0.819737948
798	0.445786	108.6966067	1.895848	0.789750059
799	0.429222	110.0820439	1.925165	0.786797753
800	0.475792	114.1631928	1.891561	0.795686803
801	0.499405	117.8692962	1.84751	0.807599134
802	0.457807	116.6150548	1.92883	0.795471205
803	0.411238	118.9428317	1.997946	0.804046576
804	0.461487	113.0773431	1.875802	0.803445695
805	0.320397	120.6904997	2.080099	0.817037165
806	0.212564	124.820349	2.188277	0.828425236
807	0.412277	119.5599238	1.996898	0.812676689
808	0.372085	118.1292638	2.032525	0.817077326
809	0.361702	116.9073174	2.060247	0.797894047
810	0.379355	116.2930679	2.016396	0.810914947
811	0.399251	113.1750648	1.975399	0.798334297
812	0.376697	122.5240899	2.043311	0.828824961
813	0.383717	114.7419819	1.998235	0.802192337
814	0.250583	128.0887936	2.188199	0.851366842
815	0.319485	121.7974123	2.134961	0.834960155
816	0.432022	123.3496867	1.955076	0.781145439
817	0.315037	121.7464138	2.085373	0.82917432
818	0.434767	128.3869364	1.927685	0.838206026
819	0.36619	122.1753288	2.02409	0.833629506
820	0.432746	114.326044	1.896861	0.805843704
821	0.413183	116.6881987	2.009419	0.800444192
822	0.324552	119.4973847	2.102004	0.811211629
823	0.221032	125.5370187	2.195583	0.835238976
824	0.381586	120.3131192	2.021001	0.814643066
825	0.334409	121.5449554	2.095205	0.791509931
826	0.468763	111.7297256	1.899677	0.790993179
827	0.306931	125.2666428	2.131924	0.783556815
828	0.369377	120.2623309	2.056358	0.819894679
829	0.391878	118.7537123	2.012227	0.809584883
830	0.499375	110.1060098	1.83702	0.764662942
831	0.304742	116.6544032	2.118767	0.812421907
832	0.35854	122.7743618	2.053147	0.837490174
833	0.403219	115.0234886	1.95229	0.788828969
834	0.446965	113.6989309	1.935961	0.786034074
835	0.363758	118.5834802	2.028854	0.817295465
836	0.319392	121.800899	2.114096	0.819806842
837	0.348666	110.0477546	2.057935	0.798006821
838	0.348304	114.9009622	2.064712	0.816322781
839	0.397684	120.2160196	1.993121	0.812384118
840	0.342701	116.8132863	2.079441	0.829058647
841	0.400516	119.4330498	1.999006	0.802894267
842	0.299989	125.2079513	2.143286	0.844495664
843	0.403825	122.1986273	1.958537	0.797553599
844	0.418335	117.2480716	1.96462	0.791934871
845	0.377152	115.3187738	2.041403	0.796436114
846	0.285597	123.9298289	2.153294	0.854607458
847	0.276706	122.0993283	2.129857	0.824084486
848	0.35575	126.1745576	2.077299	0.832559235
849	0.41437	114.5012551	1.98117	0.805578691
850	0.440235	116.0596103	1.913355	0.793710213
851	0.43975	118.4015792	1.919609	0.769630721
852	0.210331	128.2642766	2.215818	0.856439181
853	0.355966	124.514731	2.075494	0.831534429
854	0.213857	131.0619209	2.212418	0.857130063
855	0.403075	115.0031491	1.977291	0.809661551
856	0.410894	113.9337142	1.945842	0.794933482
857	0.448151	114.6804328	1.878033	0.789502482
858	0.400447	121.7862548	2.028862	0.780314935
859	0.208621	128.0284554	2.203141	0.859135416
860	0.345373	120.1748011	2.040137	0.82893972
861	0.264529	120.8071074	2.157189	0.836534155
862	0.353908	118.848821	2.067658	0.808539674
863	0.228214	129.9190674	2.19682	0.839971728
864	0.348742	120.4189214	2.059205	0.832935824
865	0.345403	118.1023362	2.08297	0.811342407
866	0.410249	122.0316722	1.969618	0.821607933
867	0.471573	116.4314715	1.892666	0.769128378
868	0.413462	113.1088501	1.93754	0.790218217
869	0.429098	115.5758991	1.93585	0.80276305
870	0.234856	131.6720374	2.211192	0.864358611
871	0.479873	115.0829078	1.870207	0.753264759
872	0.440449	110.9517288	1.922828	0.771141216
873	0.484372	110.945456	1.879594	0.761325659
874	0.419991	116.300502	1.967443	0.811686417
875	0.248447	127.939106	2.19156	0.851257181
876	0.331974	120.9513346	2.079459	0.835181996
877	0.257631	123.0378405	2.14328	0.832288506
878	0.303659	121.5176722	2.116852	0.818233107
879	0.521942	114.6437018	1.816755	0.773074873
880	0.311215	123.4064865	2.082383	0.79495848
881	0.191661	129.1615821	2.224631	0.833131576
882	0.406812	121.4909582	1.967572	0.825179693
883	0.564528	108.554865	1.716161	0.750027508
884	0.410041	117.9239464	1.945488	0.822745947
885	0.336724	118.8290863	2.079669	0.826769153
886	0.416795	120.4248205	1.984977	0.805734342
887	0.341026	122.6206004	2.031759	0.81348613
888	0.411952	119.4821741	1.948939	0.81119522
889	0.321932	118.4570889	2.088821	0.819525731
890	0.268703	130.3247302	2.177719	0.856361061
891	0.462999	117.393737	1.884015	0.79821418
892	0.394426	122.2434969	2.010794	0.828693489
893	0.409208	118.6997487	2.009518	0.799358752
894	0.510206	116.6022732	1.842588	0.775563209
895	0.375836	111.7397496	2.043584	0.804446001
896	0.356472	117.4690946	2.053479	0.810754338
897	0.430439	113.4011028	1.977233	0.782589149
898	0.365474	121.8881038	2.030702	0.831060928
899	0.474804	115.2709013	1.893254	0.803158737
900	0.315866	120.2954301	2.119623	0.828588021
901	0.426782	116.6597632	1.944835	0.795459909
902	0.390322	122.0250542	2.021401	0.834521427
903	0.388161	117.8762292	2.004452	0.823293654
904	0.427607	115.6676329	1.975862	0.80751807
905	0.320496	120.0786072	2.127486	0.832467603
906	0.470945	115.3495722	1.910773	0.771885188
907	0.419705	117.3350099	1.983661	0.816046736
908	0.347823	127.027431	2.07901	0.824684884
909	0.500743	115.9805903	1.816811	0.797662861
910	0.272767	121.626052	2.14626	0.829655916
911	0.366766	118.2698737	2.018757	0.804756863
912	0.37587	122.4589488	2.030051	0.812622511
913	0.336952	123.6094393	2.096388	0.812060315
914	0.452669	115.1521549	1.895406	0.804001414
915	0.400188	119.2419939	2.01453	0.820218695
916	0.420497	124.9097546	1.96615	0.830065585
917	0.335707	120.3051418	2.09757	0.825792608
918	0.199079	127.8767454	2.236491	0.864652223
919	0.372045	114.9424491	2.02965	0.812653926
920	0.402204	117.1332538	1.968193	0.809259664
921	0.374222	115.2315371	2.034719	0.801400609
922	0.347894	120.7656344	2.012416	0.816573505
923	0.346671	123.3405982	2.080614	0.821758378
924	0.367175	118.9604519	2.033802	0.827202645
925	0.382555	114.4450628	2.010991	0.807063297
926	0.388113	123.0379402	2.024492	0.81968501
927	0.373895	121.447423	2.008897	0.815664154
928	0.429711	115.0600466	1.940316	0.800578227
929	0.384166	122.4945381	2.015835	0.811744848
930	0.395341	118.6185597	1.996328	0.806313208
931	0.245624	130.7024312	2.167978	0.839344366
932	0.430935	115.200388	1.97764	0.801551421
933	0.261942	128.8131508	2.152128	0.828400357
934	0.43014	122.4023409	2.00119	0.797099953
935	0.402161	122.3287364	1.990342	0.819654998
936	0.429464	119.1153841	1.972871	0.816802472
937	0.508192	121.2583634	1.826059	0.819835635
938	0.377063	115.2380383	2.025951	0.792191577
939	0.321614	119.5950069	2.094139	0.820907538
940	0.292189	128.1917469	2.144053	0.819035286
941	0.290152	123.89695	2.152539	0.849258765
942	0.271382	126.8788787	2.166352	0.834106786
943	0.316905	120.9205548	2.094224	0.830944329
944	0.4614	120.2782494	1.899437	0.812237277
945	0.384838	119.060935	2.035079	0.80370223
946	0.331868	123.1670259	2.090314	0.834045699
947	0.451607	117.7023641	1.950305	0.802680036
948	0.223778	127.7957061	2.211524	0.844863109
949	0.317977	129.1931058	2.136565	0.824269415
950	0.473496	114.4144332	1.868189	0.790224995
951	0.453994	112.4934471	1.903895	0.799745832
952	0.351205	124.8201527	2.062878	0.828466601
953	0.472187	116.5707557	1.898827	0.805063533
954	0.378981	119.7565078	2.041004	0.823070743
955	0.448412	115.5821253	1.904108	0.795887387
956	0.418867	118.4612653	1.955965	0.814754394
957	0.27719	121.8212297	2.168218	0.829691864
958	0.358114	119.781877	2.0554	0.830037583
959	0.347891	116.9243531	2.032315	0.783075241
960	0.337438	123.4656235	2.102401	0.808394193
961	0.438998	117.7770205	1.95354	0.808292507
962	0.357711	114.7728079	2.062024	0.806577711
963	0.338306	121.6647992	2.08859	0.833127189
964	0.39419	115.3076251	1.984165	0.800793401
965	0.330733	125.88107	2.124968	0.824518937
966	0.239849	125.931378	2.19428	0.842992695
967	0.333637	120.2411142	2.077143	0.819647111
968	0.32367	128.266892	2.117895	0.823294699
969	0.389855	115.1709103	1.988245	0.793104934
970	0.32117	120.7756431	2.084292	0.834286175
971	0.466146	119.35575	1.878014	0.819929702
972	0.20528	128.1363171	2.206739	0.837850569
973	0.381112	121.0730011	1.984632	0.813188161
974	0.297664	123.9760698	2.128854	0.821527094
975	0.343621	118.3326013	2.045873	0.829020348
976	0.442665	117.3206423	1.921093	0.788485393
977	0.433016	118.4245601	1.935768	0.811576969
978	0.292918	123.5949724	2.119303	0.836575151
979	0.296592	124.4832494	2.126402	0.830691236
980	0.354972	120.6515294	2.079372	0.790774895
981	0.440927	116.3968982	1.944512	0.780404841
982	0.393434	119.9292683	1.995116	0.808226326
983	0.312469	123.6329827	2.123414	0.823858003
984	0.46114	125.4501941	1.860356	0.833887444
985	0.391232	124.8613959	2.034258	0.822356945
986	0.349214	120.9848099	2.058707	0.832214985
987	0.414832	119.7292757	1.992787	0.819172296
988	0.417732	116.270954	1.951598	0.808712607
989	0.399963	114.7904505	1.977214	0.793212741
990	0.413539	112.7491845	1.989991	0.790406299
991	0.427226	119.5536126	1.911132	0.80616998
992	0.281658	122.4123974	2.14732	0.826763266
993	0.528653	115.4107785	1.781614	0.744762484
994	0.342129	119.4832863	2.10046	0.808852441
995	0.480659	119.9600786	1.878294	0.768253385
996	0.326483	117.7713418	2.099741	0.803985751
997	0.395641	119.4560247	1.990301	0.806441521
998	0.484166	114.86369	1.867212	0.805064777
999	0.350557	124.2647125	2.084415	0.835105356
1000	0.438365	124.1363009	1.973126	0.811190516