rep aei_left left_area adi_left H
1 0.397697 116.201858197594 1.989812 0.775460172461538
2 0.471209 101.995423973442 1.869668 0.749146165297167
3 0.54124 117.167223334826 1.794672 0.733031391873232
4 0.403702 109.544149228882 1.980218 0.759377096320437
5 0.552637 105.355059887349 1.755086 0.709300538006436
6 0.479354 113.550698657315 1.883076 0.731805474728909
7 0.404819 122.544394236497 2.023232 0.786098820404473
8 0.37294 115.307816960189 2.007911 0.735342592495289
9 0.345249 116.567601387655 2.055769 0.7931401816272
10 0.374028 116.572438586373 2.055614 0.806369408244591
11 0.344376 125.434527854179 2.095433 0.809678980052668
12 0.321082 122.013232014943 2.128448 0.731461954820761
13 0.542848 101.963472491576 1.710554 0.68808193973173
14 0.248321 139.940595705057 2.19287 0.84230373210417
15 0.437114 96.4437654660952 1.940625 0.687177375984745
16 0.529236 106.862482185351 1.77205 0.656491877756854
17 0.449775 114.443293073195 1.947653 0.670403419030681
18 0.380025 105.634513156777 2.061509 0.730258943032605
19 0.415653 116.855389884713 2.00084 0.772997600314408
20 0.617832 110.80080392523 1.596587 0.738744594243648
21 0.217801 122.471652257479 2.221506 0.816888823446598
22 0.464458 105.821946370594 1.907928 0.662480635075766
23 0.352899 116.797496681113 2.073482 0.783764222086653
24 0.370187 113.598768615016 2.026488 0.752073932550671
25 0.361619 116.575032670505 2.04535 0.769414068179869
26 0.374077 119.311999911547 2.027154 0.732704411601277
27 0.443409 100.120773978146 1.958121 0.745706015537802
28 0.330547 116.922346588412 2.076626 0.758631432422914
29 0.442256 106.694023946609 1.90088 0.775018517108769
30 0.288403 123.106721622611 2.168629 0.751523063805073
31 0.385018 114.684249781342 2.023643 0.722396176260825
32 0.376139 108.883256918272 2.011835 0.772637138132414
33 0.365659 116.248172112402 2.079628 0.805900322508807
34 0.441558 104.439613494134 1.943198 0.759209428047905
35 0.239908 122.430066675416 2.203601 0.749253001215717
36 0.415192 120.612086096871 2.016275 0.769017826649499
37 0.358009 104.702320072859 2.062636 0.771462978578691
38 0.256273 127.333614494127 2.197348 0.800786358412169
39 0.243384 126.425220818678 2.196838 0.780451363212446
40 0.441975 111.717664977925 1.963771 0.712797040045991
41 0.344072 120.603674622572 2.106198 0.769044684932733
42 0.425423 108.26953298144 1.992131 0.770391357603387
43 0.413181 135.147686113867 2.016255 0.82981082939655
44 0.297808 118.103590391256 2.134087 0.750674690732954
45 0.4188 115.027251060767 1.956033 0.754485932527933
46 0.613757 112.745341820442 1.618098 0.703289144975738
47 0.440554 115.15018248695 1.907554 0.712303889441959
48 0.358399 117.095436060769 2.045499 0.753449309680325
49 0.407774 115.846986530769 1.954428 0.728995073882314
50 0.433804 114.326843312975 1.961167 0.747784523494111
51 0.321063 120.443218919292 2.096351 0.768160791416106
52 0.468688 114.809939455317 1.893789 0.773073417851096
53 0.442138 114.107505154925 1.946814 0.765665120752306
54 0.252424 124.238550519889 2.195454 0.799415315278773
55 0.437307 102.101595912742 1.963416 0.708141349861017
56 0.512431 107.839170037143 1.836241 0.709090488347183
57 0.357396 115.751499085911 2.067534 0.746483814469642
58 0.509981 115.638551783525 1.857975 0.7558908865591
59 0.285513 120.600123890531 2.119474 0.731518703091073
60 0.341873 118.370282662759 2.085825 0.785169544278796
61 0.190999 124.405654303974 2.230019 0.80641898570409
62 0.429671 121.08147940095 1.979905 0.780533367960884
63 0.364811 115.071588827411 2.054428 0.753985346508629
64 0.431162 113.523730987032 1.92281 0.721810227834696
65 0.290298 126.245889093298 2.151303 0.76546116180518
66 0.364435 120.19935083273 2.02969 0.778786073492939
67 0.243993 121.472176849683 2.205317 0.807952285974983
68 0.310447 117.215145942704 2.120801 0.762777982370093
69 0.532635 120.86044228631 1.788274 0.774560205369584
70 0.416819 111.277403468748 1.990796 0.759453886247411
71 0.400814 111.907633480088 1.989379 0.770617152419809
72 0.410175 114.80973306313 2.004129 0.724062084465364
73 0.443884 113.491692612431 1.963241 0.771479090793314
74 0.537634 102.727111907888 1.791161 0.686532167762117
75 0.379883 121.801127732524 2.060151 0.768576775552453
76 0.295654 113.547481339701 2.094188 0.729357805780986
77 0.4318 101.278356835107 1.944826 0.745975783161942
78 0.276129 119.22337060918 2.096311 0.749074381434225
79 0.345518 119.944508912537 2.045145 0.767906740151972
80 0.266466 117.605743215652 2.172892 0.780491407324895
81 0.530803 110.662039111294 1.789782 0.764170544167727
82 0.424059 109.637639643797 1.941209 0.762154439486504
83 0.350842 113.878591366394 2.065095 0.757801929059857
84 0.557052 104.337770025963 1.755189 0.754676000471413
85 0.297961 117.681098890753 2.131329 0.780654459498568
86 0.48836 102.247349104986 1.849201 0.72645623441575
87 0.494998 111.774931034572 1.821503 0.730041786011072
88 0.258275 129.922295877731 2.196398 0.783524162054544
89 0.410762 116.677468056734 1.966985 0.729718408193109
90 0.458005 111.98382392052 1.898582 0.752868424530435
91 0.382028 127.542988086506 2.029978 0.775094439224994
92 0.389993 108.829830506083 2.009629 0.737853613314635
93 0.475648 113.698242978981 1.923985 0.780950371447448
94 0.515761 110.850256511126 1.82605 0.746828198292878
95 0.423604 110.825698129546 1.985265 0.723605278209526
96 0.428922 109.78757306661 1.941916 0.734695846706455
97 0.340251 121.659831496174 2.097072 0.800578414043671
98 0.36797 110.826180776097 2.048497 0.719864530000347
99 0.466018 116.904716140816 1.918302 0.775285291933798
100 0.605657 116.296341222125 1.63751 0.685058087173303
101 0.459598 107.060111383259 1.928519 0.711076872166934
102 0.514394 117.131925239015 1.835461 0.746769954813243
103 0.235796 125.764010954451 2.214485 0.803727637768494
104 0.407019 111.460878712513 2.018952 0.704652180453877
105 0.394606 115.934189865229 1.967176 0.747955972936736
106 0.188393 123.466666664276 2.246987 0.794993426916404
107 0.372809 113.559437666959 2.063811 0.744398154889464
108 0.408726 105.325358175899 1.989827 0.761761137717848
109 0.419744 115.335652396389 1.959309 0.752734351168719
110 0.546349 108.790997068663 1.735124 0.730524253402182
111 0.33898 121.914861369938 2.1016 0.787348359353755
112 0.439161 121.999708655688 1.953194 0.744288446140512
113 0.393727 108.552433155209 1.989069 0.722012435466736
114 0.374139 113.12499666015 2.035054 0.76631462028098
115 0.490505 107.729318523092 1.830603 0.702061284105009
116 0.419745 114.405931779229 1.937759 0.758702942004864
117 0.431628 121.708359289681 1.945856 0.785947760544098
118 0.391449 106.159491018607 2.012252 0.739540073821567
119 0.367347 118.009882594212 2.075153 0.752042094466313
120 0.405945 112.368404567375 2.029723 0.760979316254251
121 0.358874 119.826446502269 2.088176 0.780799644300969
122 0.468561 117.824869629752 1.892678 0.740022216006578
123 0.457764 118.290617079904 1.913929 0.707551777788542
124 0.377706 114.062264463673 2.005718 0.766020557663953
125 0.34529 125.981474333962 2.107925 0.794693470763452
126 0.418763 109.423559123882 1.969029 0.74997467345867
127 0.457004 102.833944528784 1.926065 0.723104485786841
128 0.397716 115.263061587693 1.993088 0.757904249228076
129 0.38951 112.912234936923 2.041378 0.771176165869909
130 0.398157 112.266553550862 2.002122 0.722099795315062
131 0.40281 106.686736478169 1.954296 0.775307021832221
132 0.444698 121.441829968029 1.94082 0.75464643211815
133 0.264535 117.99042355431 2.186243 0.749451056407826
134 0.413812 102.66401082657 1.960512 0.730937487782311
135 0.330979 123.854754271649 2.115583 0.776710612833469
136 0.435904 117.666079665176 1.909113 0.742747255546641
137 0.424416 106.680451655204 1.953909 0.735497442966612
138 0.593196 109.097772757053 1.671862 0.679018804225905
139 0.504841 114.169038672609 1.843627 0.735441672128512
140 0.441084 106.706137586154 1.898727 0.726938210034292
141 0.296188 117.364720167397 2.129137 0.778266423740278
142 0.338821 117.118916686961 2.092645 0.782892935402453
143 0.532725 112.106849091239 1.755534 0.745794514213581
144 0.414721 106.84097613506 1.958266 0.741548150772426
145 0.519857 103.036490997122 1.811572 0.745937962621638
146 0.31474 124.524662442812 2.134321 0.795198045992672
147 0.45697 110.199952949739 1.916209 0.752768097252413
148 0.418942 116.505279832908 1.991457 0.78605369250437
149 0.525585 108.699671852226 1.81348 0.724957067476881
150 0.513506 98.3855342569603 1.800883 0.719283438769544
151 0.430287 111.380339566242 1.935422 0.715079311361124
152 0.32512 126.68337169317 2.056122 0.804012488942371
153 0.554391 105.070888676679 1.749945 0.744035644975702
154 0.455042 110.484753107624 1.90394 0.738073590397044
155 0.518422 108.18488534026 1.824269 0.74393212435353
156 0.435451 98.7353107305488 1.944007 0.718021559503038
157 0.476296 122.462112450793 1.877729 0.777204332739233
158 0.552782 111.957421988316 1.689202 0.740104821082219
159 0.441601 112.082847379982 1.915991 0.729909153770381
160 0.418294 116.804400336407 1.988351 0.780164392079935
161 0.411914 114.42129522029 2.010805 0.772741274384791
162 0.391799 113.047867024934 2.040577 0.729565689121272
163 0.317652 123.928060764032 2.100965 0.798888427575973
164 0.294423 115.425480449482 2.121922 0.779848971217839
165 0.552377 109.924201507254 1.755584 0.75256077137293
166 0.349684 121.101229643213 2.076502 0.755872310834182
167 0.533005 106.240984332155 1.776742 0.738694174152658
168 0.487205 111.93179358503 1.866702 0.729301696862523
169 0.315926 102.173773283579 2.113876 0.753451477753603
170 0.423489 102.366792081309 1.970559 0.752139926828253
171 0.296776 119.239639438272 2.063212 0.767498330896817
172 0.269254 124.106013518134 2.182612 0.774516132802583
173 0.174245 123.769695360181 2.24004 0.768115688380644
174 0.364622 117.433600664793 2.055339 0.774782406053002
175 0.453763 108.126078134835 1.887424 0.738951527130207
176 0.356544 106.056857728967 2.068235 0.7481396972882
177 0.401097 114.718167298831 2.002023 0.75882617385003
178 0.412488 106.852692391034 1.943916 0.745915340574413
179 0.39124 116.974349256391 2.04639 0.77831914082937
180 0.289573 127.091901553962 2.15954 0.801101438730282
181 0.367721 126.230285724193 2.066182 0.821989014052072
182 0.502743 107.607707577116 1.859576 0.764062218420848
183 0.451874 112.786230998865 1.945592 0.779580439988803
184 0.464593 114.290623282377 1.915871 0.749072392741447
185 0.478971 111.117470593964 1.856628 0.726032279099964
186 0.580309 103.719095227321 1.688211 0.699204011555791
187 0.454675 119.229622985639 1.940924 0.782930820839269
188 0.558005 99.919167920279 1.728211 0.695434385857774
189 0.464413 116.101712713038 1.906189 0.775918846323012
190 0.436379 102.988572075151 1.96618 0.724537204695476
191 0.368065 111.502207922334 2.052997 0.732393201664123
192 0.392063 115.998244924623 1.996254 0.701356433431341
193 0.503999 108.481043076606 1.814432 0.740033563483389
194 0.478121 105.208648958667 1.841035 0.749786073478517
195 0.452565 117.278926548689 1.918612 0.764238020244399
196 0.382015 113.573845658794 2.056301 0.766723225949726
197 0.485685 108.864085759036 1.857463 0.700256972513028
198 0.576508 98.6882618934919 1.695884 0.722160828114111
199 0.609161 96.2009055949599 1.628151 0.699341589373948
200 0.372671 111.292597711633 2.058954 0.749878141264907
201 0.549769 108.654420106748 1.755425 0.754319996408986
202 0.414926 109.820094741806 1.972491 0.775049729667447
203 0.460065 97.6769999264263 1.882786 0.730538345483104
204 0.468092 114.308242287101 1.892818 0.759681605503353
205 0.645901 112.756671431605 1.530611 0.69890221900891
206 0.567889 111.181892757494 1.686925 0.778774929026583
207 0.435815 107.510047442288 1.913997 0.714976111673071
208 0.45331 113.311251545255 1.902696 0.697499482452611
209 0.408123 118.356052567732 1.990964 0.761728634381136
210 0.481711 103.874888515313 1.880361 0.644187193703034
211 0.407418 111.789935167703 1.92337 0.680035771263467
212 0.499537 116.762771801987 1.867945 0.723643199131681
213 0.526082 110.48021540867 1.82143 0.74852929952956
214 0.51913 105.332902835786 1.762791 0.69275668098798
215 0.304137 110.889772835091 2.14528 0.761122775973169
216 0.400468 110.657242952934 1.98674 0.752311375689186
217 0.501909 116.613170192202 1.847862 0.689876769155652
218 0.578701 96.8247665312606 1.663474 0.711083878935089
219 0.202613 132.22747171238 2.235963 0.836550217329542
220 0.620351 97.3196402184352 1.507497 0.662237733609163
221 0.406893 120.577919053876 1.997826 0.748215555751995
222 0.396489 112.350288434343 2.017717 0.770198430100583
223 0.419316 105.905954569858 1.940735 0.744375698104981
224 0.411693 110.145224163198 1.993107 0.748128693760468
225 0.402558 118.082100158901 1.998541 0.793063516040807
226 0.367205 121.418146053594 2.046013 0.788575035302309
227 0.694673 111.118631897539 1.386094 0.686785711598894
228 0.659857 101.795864450285 1.507559 0.6795650883927
229 0.463024 105.373143554196 1.900638 0.733794741040698
230 0.333455 119.673132917551 2.036123 0.773369448597059
231 0.270983 124.184794385964 2.182523 0.795094350261057
232 0.377321 125.57481212114 2.028813 0.76239406760539
233 0.315393 116.598628919429 2.121911 0.792518128753701
234 0.306052 123.462962167162 2.154877 0.80044427023312
235 0.28843 129.078089147733 2.164431 0.789972787424089
236 0.418918 121.81370518133 2.017788 0.776077760201602
237 0.413939 115.934711850445 1.960175 0.762966876821733
238 0.172041 132.788278943116 2.254104 0.834506549501163
239 0.367362 114.197836651091 2.057979 0.757392920153283
240 0.348374 122.238501849792 2.079572 0.768182532442457
241 0.556371 107.546522143 1.767151 0.671472422765833
242 0.358406 115.099446767735 2.036223 0.755271921263814
243 0.507524 114.636708248539 1.821457 0.728010304542591
244 0.345724 111.768455579474 2.090135 0.787560750202085
245 0.470701 107.096252177134 1.931954 0.739188662244467
246 0.436546 108.308960088574 1.932475 0.751408962369982
247 0.475687 114.378792624622 1.873245 0.747228567140078
248 0.446524 110.89700982475 1.922051 0.707240194475474
249 0.339086 121.221410355313 2.118094 0.761217320543752
250 0.335434 120.917554068269 2.105681 0.824347050282642
251 0.283767 126.615151811025 2.172161 0.7868999573733
252 0.397522 113.741585838646 2.035986 0.760153221156444
253 0.479157 124.025232965366 1.921698 0.767631490013161
254 0.362058 114.879818693284 2.064226 0.773807569600188
255 0.468553 105.975166717067 1.877183 0.547823516549366
256 0.536336 105.960916000348 1.799187 0.746891048617203
257 0.546748 104.122850545475 1.745309 0.728735296527304
258 0.200066 131.194156506061 2.228058 0.804847978686072
259 0.480753 108.210995674827 1.867427 0.724236619112238
260 0.531676 102.993992352385 1.803908 0.720499777678361
261 0.563183 108.02157878865 1.739761 0.707081100842112
262 0.407457 119.357701857154 2.015405 0.759904492062545
263 0.325928 110.721107382013 2.073643 0.684600435242634
264 0.386139 114.111784740048 1.999202 0.749957545713692
265 0.345489 118.322985697444 2.080148 0.776761064536937
266 0.314803 119.312752831613 2.137917 0.784659266590293
267 0.259903 130.958551107346 2.195233 0.80245207975428
268 0.483742 110.170876870365 1.881501 0.725252482272111
269 0.475618 111.726910814291 1.845324 0.774486978923628
270 0.424438 107.394044354113 1.953555 0.728235354277113
271 0.334205 127.031654007305 2.097504 0.802235737486836
272 0.585438 106.486206663234 1.696633 0.682200727484952
273 0.365545 118.301361350606 2.056402 0.800342215955451
274 0.367385 132.512024851746 2.066185 0.784035806614711
275 0.507611 114.991328978748 1.841069 0.733819410746163
276 0.291672 112.872900170089 2.158069 0.761748986879369
277 0.508918 106.04255556022 1.822693 0.751460178598292
278 0.205958 134.121659364389 2.229553 0.82015825903721
279 0.366174 116.776899215869 2.030646 0.795557733413138
280 0.284508 117.575898386093 2.165788 0.781294157126827
281 0.603529 107.827705024047 1.640746 0.655867112369394
282 0.502671 111.11111718044 1.861046 0.718104429943903
283 0.203616 129.636696231377 2.236682 0.811946162195033
284 0.466946 100.404593610089 1.8739 0.728208030566565
285 0.302951 117.211773302561 2.121344 0.760737397938485
286 0.528679 105.699385415474 1.818969 0.683506944296394
287 0.353168 119.190025475336 2.051375 0.78366490531026
288 0.400215 114.492238354433 2.015755 0.761011371493435
289 0.37626 121.935787225812 2.036017 0.743411739678616
290 0.249525 125.074469195366 2.197697 0.795855363936368
291 0.390241 110.640024096357 2.039865 0.768114836351652
292 0.413116 113.389501699681 1.979595 0.763757702149892
293 0.315106 118.103505840084 2.068626 0.733012606443213
294 0.423735 111.420427533397 2.001731 0.746146593908478
295 0.273982 124.828293202106 2.174669 0.810324737368985
296 0.442337 115.097205707852 1.879957 0.761224596173126
297 0.239676 117.960862323944 2.188324 0.779155749994509
298 0.532438 106.530540675479 1.777341 0.729122969051446
299 0.416194 114.749320769357 1.961001 0.771374629777513
300 0.377169 115.873404435395 2.019111 0.751200960722611
301 0.370911 113.579008283956 2.057215 0.743491542268278
302 0.306233 119.084418108671 2.138629 0.69126994867611
303 0.338463 124.477816516872 2.107558 0.765339615823118
304 0.520333 108.265735126801 1.80313 0.721142243426723
305 0.424348 117.265076902436 1.984792 0.702224200487137
306 0.395715 130.476726844369 2.042673 0.803282738026599
307 0.312582 116.575356889431 2.069419 0.756070116350901
308 0.480454 114.866481220995 1.894629 0.688540488431617
309 0.320695 118.219703690093 2.134477 0.777780868808155
310 0.188571 125.219669228155 2.241607 0.817229919254847
311 0.46987 101.641529523611 1.843798 0.696604878915796
312 0.376682 116.865222718581 2.045777 0.768666806378423
313 0.343561 123.968181209573 2.091142 0.771099760247493
314 0.612837 103.795791777648 1.611962 0.715648661567944
315 0.429115 116.82765288138 1.993423 0.729713338142361
316 0.608397 113.875927214122 1.621308 0.737777515886513
317 0.238087 116.417088133312 2.202764 0.770175126479618
318 0.253333 117.17220529696 2.194626 0.740757172361169
319 0.340798 110.136381466361 2.050153 0.758226775923881
320 0.459793 117.536137297621 1.940288 0.730403086765979
321 0.375827 113.52589641869 2.029781 0.77138888578485
322 0.337761 111.269182636107 2.082434 0.765237575555857
323 0.485518 117.801780692608 1.852844 0.749750327079523
324 0.41806 116.295538246037 1.999685 0.767853431026575
325 0.406497 120.073621016615 2.011235 0.768534978968836
326 0.604206 94.5754334068796 1.600997 0.692319796281903
327 0.427819 110.398063910446 1.974541 0.76408137092552
328 0.524585 112.572866536375 1.825002 0.762373806985976
329 0.38094 111.302476949881 2.051926 0.749882533416302
330 0.412933 107.011197539584 1.932666 0.74378424190167
331 0.67897 102.450655531809 1.426445 0.659182260945324
332 0.6572 96.9605350867815 1.504751 0.653754161316604
333 0.550247 112.074980250869 1.756209 0.720821085737725
334 0.514585 108.138388745995 1.799776 0.762475868360736
335 0.395506 120.040094997824 2.030009 0.753104224055147
336 0.405111 109.755285080979 2.008095 0.744220341868666
337 0.336682 118.97031255496 2.108025 0.763539843062083
338 0.395154 109.143532733147 2.021715 0.766752858215193
339 0.527412 102.331327372764 1.792454 0.753573126079125
340 0.496432 121.513638531861 1.833756 0.768495568468194
341 0.38694 125.547558195032 2.001008 0.778912024865593
342 0.283222 124.584499856743 2.166559 0.785891778238587
343 0.47253 115.850867834291 1.905377 0.760098212033066
344 0.473523 112.629332131529 1.883115 0.761638323910307
345 0.504649 105.710159213525 1.863681 0.759552334961427
346 0.416982 122.218886376274 2.008833 0.770981686749486
347 0.336417 121.125146236681 2.090569 0.760746276725963
348 0.382859 112.482999566293 2.036027 0.760309997988455
349 0.410767 105.800931755963 1.981323 0.723585986763693
350 0.364491 117.477768738102 2.049545 0.778124556640868
351 0.531093 112.71778316929 1.797837 0.758187435479965
352 0.429138 108.532192648499 1.942952 0.752299985815341
353 0.382016 118.132845595174 2.040151 0.768817626035426
354 0.498034 108.058593458861 1.847178 0.746187260915545
355 0.42976 100.943816219276 1.91533 0.726044913531877
356 0.46248 111.474659803096 1.899717 0.72911574462587
357 0.321955 112.510558467382 2.100132 0.660862214432236
358 0.368051 114.692482715911 2.058685 0.764537728529062
359 0.25662 119.528777705235 2.18068 0.767225777922308
360 0.392231 111.355086268522 1.986466 0.735051960792101
361 0.348306 119.411025214025 2.074864 0.77418423916974
362 0.40424 111.837038691743 2.015271 0.747383192551821
363 0.357208 123.749477604601 2.055138 0.782249896784636
364 0.227856 125.749663367232 2.2072 0.791932962281779
365 0.520479 96.1974572394667 1.778113 0.728615438352191
366 0.411391 116.383139633961 2.021337 0.754394645909727
367 0.459235 119.818266278042 1.888048 0.758147565050594
368 0.288444 118.322319394976 2.168035 0.77806577535421
369 0.4533 99.1598740485924 1.936809 0.730506913948852
370 0.313036 123.628364544667 2.126341 0.769850530357073
371 0.596039 104.269245010748 1.589477 0.722506627921184
372 0.249949 123.204352580155 2.168828 0.821108433284232
373 0.566635 114.824880166032 1.732439 0.749848505376456
374 0.431164 116.948803513238 1.959981 0.793037243314205
375 0.387743 126.227310230898 2.054848 0.797050154134776
376 0.535707 110.471643279167 1.777247 0.72897267720272
377 0.419315 118.186921758302 1.971422 0.751100938510466
378 0.59043 105.83786117488 1.614358 0.709287384603814
379 0.508457 113.055763615733 1.769341 0.704646298393357
380 0.366478 117.679400862878 2.032122 0.773588533614889
381 0.439649 113.057489375 1.969467 0.709876179208801
382 0.266546 118.901658878023 2.172758 0.765610189609577
383 0.393552 118.212311462251 2.004927 0.807422350812036
384 0.230266 119.38458256917 2.208282 0.805995787194161
385 0.288945 105.167293163324 2.134874 0.738010048427945
386 0.254935 110.737266908096 2.146643 0.726366813947896
387 0.370565 112.56878399544 2.029607 0.767016367966976
388 0.396948 112.84642064163 2.003569 0.747086152597019
389 0.326106 121.355677026923 2.059228 0.743005244749629
390 0.267821 121.651891982277 2.18519 0.782555094181425
391 0.301299 119.92398878407 2.144393 0.783545491419228
392 0.525229 118.932952041565 1.794509 0.735952532682017
393 0.375204 104.393826006093 1.984498 0.714990746972859
394 0.445698 105.681779302942 1.921187 0.744436967019755
395 0.512907 115.794662416277 1.830722 0.759076704347269
396 0.366066 107.471261492065 2.03964 0.733198254244441
397 0.389469 112.378543086562 2.013979 0.756129930783279
398 0.559168 113.167439954468 1.74611 0.7367674174374
399 0.537288 110.648096935965 1.809286 0.758601848617109
400 0.365186 120.712828282444 2.087094 0.735804727526521
401 0.243167 114.354138713226 2.195594 0.773824320731467
402 0.478464 108.132510375848 1.860727 0.700222642652691
403 0.507316 117.63361309363 1.846635 0.765930155509146
404 0.440299 121.251221036244 1.969326 0.754071013336506
405 0.363757 105.662303738817 2.03638 0.774160225460824
406 0.441128 97.9827488293011 1.929189 0.723274763017158
407 0.174476 124.52745778311 2.251331 0.802550962146469
408 0.363163 108.949663646075 2.049964 0.735052312931563
409 0.465905 118.908107554473 1.881574 0.723525787116412
410 0.419427 100.549797271292 1.946541 0.715032521249993
411 0.407105 103.657952149706 1.956929 0.780998273848475
412 0.509528 109.249004684246 1.808416 0.727827109166579
413 0.434929 113.19762128163 1.932292 0.746404308837798
414 0.320387 110.903293342749 2.088864 0.767576431861117
415 0.44151 110.474245521606 1.947021 0.753632938500878
416 0.463569 117.47913678044 1.920296 0.78333909467652
417 0.280092 123.530999372795 2.168558 0.800674642880803
418 0.487485 105.441396267104 1.801571 0.751641362717615
419 0.466427 103.2218868262 1.876881 0.716673313435495
420 0.246196 120.995920432985 2.208291 0.76235350093491
421 0.294574 126.310666717352 2.146022 0.816454594722577
422 0.458916 115.074348154209 1.931924 0.721394365339202
423 0.47679 110.039066430039 1.865441 0.761725600642874
424 0.182748 117.45184526065 2.230608 0.808446450220228
425 0.516214 112.1140734236 1.827736 0.725616499286556
426 0.424693 117.688303298908 1.975472 0.74809634726088
427 0.509 104.985105384234 1.836635 0.709083943136877
428 0.417652 115.48902102918 2.008285 0.795972937090186
429 0.470381 103.789242897861 1.815282 0.722398040908183
430 0.490481 110.6381239302 1.875725 0.737743121615487
431 0.494243 114.697351411929 1.875768 0.734385609742593
432 0.417403 110.477495319031 2.000622 0.769969591580118
433 0.332778 108.441466188332 2.059008 0.764756652847862
434 0.469931 102.126747007833 1.896474 0.711536031406148
435 0.36874 127.690396371125 2.02504 0.792376337843722
436 0.392798 110.171299519955 2.009006 0.753542753031704
437 0.319307 120.541480208825 2.099526 0.778857185710827
438 0.586079 112.545106324271 1.6944 0.735329476454734
439 0.531345 106.841288960081 1.787108 0.68415415689569
440 0.518182 120.219789868193 1.795026 0.7395599185549
441 0.405132 114.295562713024 1.981835 0.774591807386544
442 0.193335 119.875699109647 2.224211 0.798852642214642
443 0.412898 123.484434493988 1.995604 0.779130098921392
444 0.434194 112.400665674433 1.954316 0.755965507983645
445 0.368451 112.982900809703 2.062802 0.759271777947498
446 0.410517 108.490190287941 2.004623 0.74865081486567
447 0.522415 107.288900517223 1.823058 0.735202375862371
448 0.373607 111.025073330229 2.065267 0.722403632272326
449 0.370673 109.117016298146 2.024087 0.725614127576223
450 0.408549 113.888635244075 1.996652 0.762845516788493
451 0.514091 109.95222537412 1.852191 0.717626767032686
452 0.412283 119.995505335358 2.003025 0.767890020916239
453 0.374586 120.583184366507 2.051508 0.760726033722003
454 0.352498 115.763845218767 2.061143 0.784367019927667
455 0.639704 99.3974981538276 1.531565 0.656190261126679
456 0.428675 124.210118568741 1.957559 0.803484199889164
457 0.388424 112.704503395935 2.012824 0.750547034424299
458 0.462897 101.294517517335 1.924004 0.745001586925676
459 0.223994 120.920309346622 2.207703 0.756097289055399
460 0.629711 95.4701108807474 1.555706 0.709133581340268
461 0.394936 101.679491536702 2.025427 0.764813812933963
462 0.468655 113.238314053125 1.865111 0.777960059094454
463 0.475918 113.347798684633 1.849863 0.770282010481116
464 0.394534 110.365067029853 2.003804 0.753546923163529
465 0.267221 117.80866776828 2.184257 0.799098969376836
466 0.521539 110.358897971595 1.801418 0.72992040392542
467 0.314475 119.965385393669 2.092994 0.762918249871932
468 0.427572 111.560428989672 1.968255 0.761995726674431
469 0.528117 111.284447377763 1.794416 0.688811400496807
470 0.480022 112.52305237443 1.903694 0.763857502345567
471 0.27051 123.046772512653 2.17177 0.79515803076129
472 0.426467 121.451549948049 1.986383 0.753804244643397
473 0.418529 114.899417866455 2.006909 0.778599485736488
474 0.511775 110.166461522882 1.788028 0.736569152974369
475 0.548669 109.3557987866 1.737384 0.662956178845394
476 0.278046 118.913378023868 2.106658 0.76956276090953
477 0.421797 110.106885832865 1.973882 0.636271850895035
478 0.554124 103.926610889996 1.712131 0.690940089158626
479 0.393898 119.509190894895 2.044856 0.755061510288591
480 0.363421 117.159669308796 2.075988 0.775123387196914
481 0.594397 115.944643643569 1.631012 0.736465595849842
482 0.327388 105.373543137331 2.115775 0.746821278574867
483 0.489865 111.760810341972 1.849735 0.744202670512387
484 0.476529 115.855084606821 1.86128 0.744127342866769
485 0.448291 110.645995978218 1.94567 0.71113800295738
486 0.257934 122.401757974637 2.18891 0.798589718370184
487 0.424191 111.701228777186 1.979425 0.718330966954165
488 0.325332 120.604194658803 2.100756 0.779726981927533
489 0.282773 113.841839940427 2.154524 0.750057759605552
490 0.433624 114.250638588457 1.959898 0.739747520339602
491 0.335853 112.891687447608 2.085239 0.765914225845035
492 0.420579 116.252302774572 1.993182 0.7608795632794
493 0.394777 124.380856510318 2.027835 0.776762701732532
494 0.389916 119.042350538743 1.999256 0.73095741875044
495 0.28534 111.211656591385 2.156594 0.756082687505576
496 0.483654 123.341910888531 1.881317 0.791127985208227
497 0.461488 107.887131558185 1.882585 0.732260184196481
498 0.394416 112.562738142599 2.014298 0.750862784352593
499 0.359151 112.592763927059 2.08689 0.719741661988665
500 0.51658 112.713597867597 1.826235 0.744829775476806
501 0.254427 130.964237512713 2.185068 0.759647362621294
502 0.495777 100.862442464474 1.791696 0.729772443053599
503 0.593867 109.722549529375 1.650013 0.72786591047985
504 0.477286 107.442125061371 1.852315 0.764203208804063
505 0.550703 104.65791013327 1.767554 0.708984108757481
506 0.286217 114.403938043981 2.094279 0.768524453806266
507 0.381187 115.464101601849 2.047633 0.745402336497714
508 0.525661 107.133997379258 1.788039 0.723664746955331
509 0.465453 103.319056793958 1.905498 0.706553217029866
510 0.526552 115.72431739419 1.781036 0.733724818370705
511 0.383787 115.69299137288 2.001289 0.754082347975639
512 0.440877 110.010857753666 1.946088 0.728305799978195
513 0.421688 110.107144796734 1.99576 0.717076360093929
514 0.371859 113.947153671533 2.061914 0.722616350024899
515 0.424651 108.349135306664 1.954992 0.7592865070865
516 0.455643 119.790508899235 1.913131 0.767414457988337
517 0.451932 104.401554255658 1.862294 0.71846714706566
518 0.41304 112.467030252949 1.980908 0.757906213435484
519 0.403495 113.963602855895 1.972199 0.745748220394384
520 0.463141 121.521799859835 1.92244 0.700813974177618
521 0.353385 120.973298531598 2.091701 0.812034853378608
522 0.650108 105.641619142874 1.515765 0.689654074191871
523 0.519017 118.425916964068 1.832138 0.755456487461644
524 0.319451 127.782405669949 2.118716 0.812735636617925
525 0.536581 110.602261757178 1.776609 0.706762235796597
526 0.286645 123.654744502994 2.158814 0.775479145512684
527 0.424234 107.879890252815 1.967013 0.742674261444084
528 0.455242 111.675131846068 1.907548 0.748407662578317
529 0.502063 108.827263616649 1.843757 0.723344070276002
530 0.377627 114.956362238868 2.001866 0.753590368410423
531 0.38613 121.310642447875 2.046134 0.757113880497204
532 0.326512 119.272293679147 2.108037 0.779012370381293
533 0.510985 110.796181924375 1.815138 0.735426648960802
534 0.395654 117.518861388091 2.007563 0.781968299729801
535 0.422042 120.299437803584 1.981417 0.787193868581669
536 0.334591 114.504958341825 2.083847 0.774042720807455
537 0.25459 127.156742806968 2.193672 0.785667422646654
538 0.483891 115.911506278678 1.890289 0.768610701418402
539 0.32577 123.825174090398 2.111262 0.79561255310582
540 0.320744 116.276109626456 2.106765 0.789232513706831
541 0.480119 101.374770391208 1.834973 0.686937990588869
542 0.252829 119.72834629952 2.19728 0.767089874074015
543 0.372739 119.862887473924 2.073167 0.743420185182637
544 0.504745 103.234213995808 1.813503 0.757133287981837
545 0.341119 111.241824561371 2.072008 0.762326193927358
546 0.603312 103.522786548988 1.625458 0.719975438797432
547 0.386336 107.057983307048 2.006704 0.760248144438658
548 0.217962 127.886359888729 2.21981 0.804447274090695
549 0.44177 113.251678419925 1.937953 0.753677405672173
550 0.480612 113.319170207295 1.879582 0.717791576480367
551 0.302165 114.773328059696 2.113602 0.775020483178577
552 0.25199 124.558761439903 2.189104 0.828735315860555
553 0.433327 109.262362654462 1.956474 0.739852110577309
554 0.462163 99.7184601313102 1.877734 0.702026207651923
555 0.416887 107.921653035758 1.987718 0.754301831052333
556 0.456449 108.214130103708 1.933201 0.723792053655392
557 0.515898 108.766438499425 1.844664 0.711895834335595
558 0.411209 122.175939394591 2.005232 0.78113655092491
559 0.40514 109.281400119754 1.975735 0.749159078273773
560 0.560313 119.588094443184 1.751322 0.780456308606261
561 0.478046 111.841736322518 1.82928 0.760467125198312
562 0.47207 113.054100898615 1.884276 0.73679562593364
563 0.378737 120.638046217567 2.05584 0.767959401998692
564 0.298607 122.915324861562 2.158684 0.766866836207872
565 0.469022 111.344275161115 1.904029 0.733155404642663
566 0.458947 116.298138495125 1.940716 0.723427711524711
567 0.339325 124.063138745669 2.110404 0.799753744589665
568 0.513837 118.688349240094 1.792154 0.761536281651983
569 0.435522 115.733885867938 1.967913 0.728995119086698
570 0.312058 121.099130652235 2.12054 0.825069057118291
571 0.240333 122.033913525437 2.17714 0.747410509377882
572 0.430585 108.445892790494 1.946954 0.763424942331888
573 0.458526 108.51727222106 1.895673 0.747330078771389
574 0.504069 100.96482616196 1.817195 0.672230860250109
575 0.599431 99.3444101920995 1.576468 0.679589370556909
576 0.370758 115.683342929571 2.025322 0.77765270646785
577 0.627485 128.398575160724 1.59991 0.76493145522765
578 0.458687 121.838583945152 1.929789 0.789562165700226
579 0.351258 115.028452659878 2.083914 0.783705328782954
580 0.433485 123.642965563397 1.991854 0.780840606376511
581 0.480573 106.975026972615 1.86177 0.740052728862795
582 0.258199 120.277774933196 2.186284 0.765330839906048
583 0.359289 105.603246987142 2.044597 0.762579400399937
584 0.49181 110.950598460707 1.875195 0.741588518301833
585 0.372145 119.954614606795 2.050542 0.71559062918926
586 0.370921 113.958486914609 2.066276 0.778990420481236
587 0.398655 99.6434525492734 1.983213 0.714008545710666
588 0.306847 112.045633536221 2.11729 0.75297816110627
589 0.375492 112.24222337729 2.032516 0.774813760507462
590 0.557804 113.545586454385 1.755258 0.746469992898926
591 0.592204 118.033639832318 1.645327 0.71943817441471
592 0.537924 108.136579158039 1.773148 0.695511688298297
593 0.473366 107.993194084776 1.813424 0.774619853897809
594 0.493713 109.00923329499 1.836848 0.693386843571444
595 0.510773 113.898961184146 1.835204 0.748992646537851
596 0.273447 124.491088417785 2.171862 0.815492123072307
597 0.479691 117.976807421061 1.904643 0.739927698086079
598 0.41449 111.099755660677 1.965884 0.751816628427732
599 0.364515 111.747245445392 2.079932 0.743915200837053
600 0.478937 115.912626344063 1.90385 0.796328873549613
601 0.453112 114.066338515448 1.918012 0.752730584131007
602 0.382929 115.047332700424 2.039576 0.772657285782969
603 0.500845 123.038464888166 1.864513 0.795173691509164
604 0.392566 111.137386251823 1.999267 0.779642682405654
605 0.368117 116.866922377346 2.061169 0.753306080410196
606 0.420874 111.342088264391 1.992042 0.756922980729807
607 0.243019 121.902357839735 2.198425 0.80184703646535
608 0.200448 131.090585216438 2.234805 0.814832135300209
609 0.222878 128.386250273743 2.221755 0.825891860470114
610 0.34249 120.919969812255 2.110374 0.788797523852792
611 0.588137 106.92591045283 1.673369 0.687708515762168
612 0.432862 117.64355374246 1.97676 0.775702083402313
613 0.582295 118.733035547801 1.688018 0.760013769900998
614 0.457718 106.177437933334 1.89838 0.738193099797404
615 0.370429 114.150676898007 2.081847 0.805667380204349
616 0.639689 105.993895158362 1.544376 0.762713956574746
617 0.385546 120.754155531808 2.021551 0.760720137107614
618 0.347946 117.474295850011 2.065503 0.77481298219608
619 0.357138 113.922259613963 2.077709 0.740887326387852
620 0.454771 111.400972887207 1.918238 0.717153515720797
621 0.304263 118.46761055798 2.115873 0.776118176064787
622 0.504691 105.60626941547 1.868279 0.765641332514116
623 0.46934 107.046447434363 1.924499 0.719869012430797
624 0.407873 117.208670237206 1.969921 0.751912899285653
625 0.427144 114.203981018634 1.966096 0.746566436812586
626 0.350522 117.514389281915 2.065879 0.773083616311785
627 0.372233 123.169914384008 2.044018 0.75829751141206
628 0.455722 116.436558446894 1.886702 0.767158066919812
629 0.427134 109.077201532456 1.963749 0.737101276542377
630 0.341037 118.31542838367 2.108934 0.764037747716218
631 0.246658 120.9708482548 2.18191 0.763151465586234
632 0.361091 110.127481382913 2.039697 0.772534673693617
633 0.35466 112.922502462725 2.059274 0.754242843457797
634 0.22069 125.181506394755 2.210737 0.822303933999782
635 0.241308 126.908797008884 2.181482 0.784288787120954
636 0.414958 120.156337411321 2.005501 0.785618609548381
637 0.441321 98.5061480096941 1.918177 0.694966384235447
638 0.409765 119.06317435896 2.00585 0.738595675504685
639 0.471103 120.875755590048 1.904891 0.79612246940642
640 0.398093 109.319901393914 2.01886 0.757538643000259
641 0.507781 120.546202395347 1.830384 0.770186293970935
642 0.362778 115.128748666635 2.05351 0.774491453453581
643 0.378651 110.47217387033 2.014856 0.712013614624392
644 0.534029 105.833608612158 1.794885 0.705723149007529
645 0.503473 116.476151417257 1.850167 0.748885218563444
646 0.554302 109.989217457159 1.746134 0.715026661644281
647 0.416661 122.851383103443 2.014741 0.777369114818729
648 0.21327 127.872824063099 2.195919 0.795002383109071
649 0.28566 114.5957142193 2.126159 0.753299750944314
650 0.506997 107.512663308274 1.846692 0.720931665213213
651 0.514659 109.439940913544 1.775933 0.755604904500071
652 0.339411 117.981226090875 2.097176 0.763841741380746
653 0.246946 124.587222058475 2.168799 0.79142918558405
654 0.440821 116.405265762666 1.931725 0.762577621031986
655 0.373981 115.834941129695 2.068728 0.799307199823587
656 0.556243 108.591174039475 1.730747 0.674840174507684
657 0.532613 118.667325159724 1.812002 0.774623665316248
658 0.342949 115.978636773692 2.067249 0.766895422404976
659 0.49591 110.751630157199 1.825606 0.706163123964623
660 0.434459 116.169352738613 1.988878 0.76946127761205
661 0.418711 106.796452048055 1.924021 0.759680389117353
662 0.565099 108.112207818826 1.743436 0.745607182942177
663 0.211391 120.92574771212 2.207599 0.797751850249517
664 0.372062 129.607959261856 2.076731 0.802257071132026
665 0.444349 103.447436817566 1.941894 0.683207878315045
666 0.396767 103.585434076323 2.000639 0.732334810765554
667 0.576801 110.5058121401 1.704977 0.73535436251512
668 0.377658 105.434145821858 2.053816 0.735795864088826
669 0.424725 110.581797633677 1.966206 0.759583741509639
670 0.409946 120.595090603192 2.005625 0.794153991823004
671 0.441695 109.129759964076 1.945716 0.729664904888384
672 0.280207 118.742062828568 2.14052 0.748117612605955
673 0.347366 117.090280551204 2.084184 0.75134269670416
674 0.399447 114.689024752721 1.997103 0.662348075229339
675 0.362967 117.740772543003 2.056211 0.786568501277805
676 0.266701 106.70702566772 2.183988 0.776300963938059
677 0.39431 126.517915030222 1.993951 0.785213493160378
678 0.374572 123.32640211027 2.070731 0.784489753095838
679 0.284068 111.873370849087 2.155945 0.787925576487871
680 0.550002 101.441495015449 1.761926 0.742769453540085
681 0.278603 123.400252032108 2.144484 0.788404218435435
682 0.500138 117.48774197538 1.841947 0.652052121166548
683 0.431698 116.978075711512 1.975193 0.772586978623489
684 0.389079 111.226814754243 2.032938 0.768375918747449
685 0.591125 113.839582805794 1.64417 0.702857560756203
686 0.482119 115.121123405159 1.866705 0.733711396724276
687 0.467876 124.939243769154 1.921747 0.75837415485081
688 0.505207 111.922714158178 1.83012 0.693028815539655
689 0.561815 118.504457005116 1.74217 0.76600908760881
690 0.454482 108.967181846629 1.921823 0.636388332683565
691 0.185168 121.728795361859 2.235227 0.765651028359575
692 0.429299 110.703931125507 1.964565 0.746704263126736
693 0.559076 110.343028444994 1.717879 0.748985800120532
694 0.197112 127.782018700933 2.23725 0.798750204738526
695 0.329083 115.946774739052 2.12362 0.78259542009609
696 0.314498 99.6633862814892 2.121061 0.750010052420623
697 0.261409 118.299988715813 2.17595 0.769967371171983
698 0.537638 119.388752692487 1.810163 0.775311380347945
699 0.502541 104.150599629599 1.856923 0.689222642469622
700 0.399266 109.954623350441 1.971106 0.747382601406436
701 0.275222 123.658128130229 2.18291 0.785396272587847
702 0.422562 118.937386219463 1.988852 0.766339547480406
703 0.372705 124.391094675288 2.031321 0.78727774353739
704 0.686376 99.9737416215249 1.368775 0.613025038427606
705 0.464637 114.518858780698 1.92921 0.764037489109288
706 0.503268 124.618439599462 1.855502 0.77261014377888
707 0.496632 103.085645733612 1.81915 0.717104261712404
708 0.346671 118.916429274807 2.099455 0.769715163938642
709 0.428278 122.164598968831 1.982255 0.761829577270185
710 0.587182 109.204221210386 1.685508 0.662574424134087
711 0.409361 112.864112490898 2.010126 0.757011399249143
712 0.52213 101.589395959364 1.810868 0.742363317556084
713 0.339381 112.558778188526 2.070206 0.763485880130167
714 0.420893 117.17730183701 1.975109 0.753317187424145
715 0.415265 124.88377796587 1.989405 0.802275990892541
716 0.287819 126.032214015024 2.168376 0.810824615853598
717 0.49507 110.624456333971 1.865374 0.726062368432768
718 0.497521 121.788872192125 1.860289 0.77526029341839
719 0.413302 119.803213633215 1.986278 0.771345275368849
720 0.44055 109.733027210374 1.936875 0.734380870984063
721 0.424348 118.432832883944 1.973079 0.786710728571908
722 0.307468 121.350502948081 2.149182 0.788876314625256
723 0.343244 115.115471526041 2.102267 0.760949855831601
724 0.144135 126.852300941603 2.267513 0.807849629368132
725 0.521911 109.597090893886 1.778251 0.732985602589714
726 0.522979 108.471193854894 1.812479 0.731212497566183
727 0.445138 111.766154307199 1.963744 0.704507361239257
728 0.495323 106.790173214483 1.849857 0.726805412030568
729 0.522369 99.5409767063181 1.789925 0.706326533930827
730 0.437943 113.56851067172 1.965272 0.752823640148645
731 0.33073 117.360720954868 2.124145 0.802221328936245
732 0.431952 116.376818141472 1.959607 0.736876731940084
733 0.383249 125.123271197702 2.032639 0.767442789566172
734 0.444555 119.053353949791 1.974186 0.739253472865082
735 0.485954 108.093275339501 1.88422 0.725356677632314
736 0.275631 119.881757275209 2.141054 0.783800642549
737 0.191485 129.209799691201 2.243131 0.812631209718252
738 0.540188 105.216257547791 1.794664 0.761851553617748
739 0.471408 126.519897119219 1.925257 0.690535347414941
740 0.388922 114.355899328472 2.007066 0.773520426136789
741 0.282828 116.334784836051 2.171468 0.768922899464869
742 0.256818 127.982809013783 2.194047 0.790772129394436
743 0.507161 118.786671827426 1.832757 0.738744606826372
744 0.269313 124.476284940031 2.188939 0.798125172048741
745 0.312212 123.191203522857 2.133491 0.777250316223613
746 0.456717 125.044196973596 1.940943 0.756451118421381
747 0.563515 103.624976805402 1.722595 0.660104659592292
748 0.465772 117.488619523781 1.932978 0.696959839747097
749 0.465317 117.564149705377 1.940779 0.730477500206953
750 0.504116 112.389023914329 1.84041 0.727286283721473
751 0.244996 122.490191235761 2.209381 0.758118724988602
752 0.413918 120.556201522477 1.989967 0.765704389193694
753 0.452037 115.803215019643 1.941763 0.747440480722214
754 0.415717 113.921152316548 1.96345 0.750802819825978
755 0.325641 115.81289252978 2.048307 0.765262455174708
756 0.575561 103.743951546934 1.722338 0.683140854424588
757 0.421218 102.23589064533 1.949358 0.740142705952166
758 0.334989 118.309693222559 2.098286 0.756102103048536
759 0.386416 115.96283069697 2.028042 0.775428025421711
760 0.459248 113.701243841006 1.881437 0.719608161624325
761 0.458112 106.833932104732 1.915457 0.736972858387062
762 0.342184 107.712068852262 2.048396 0.736392780064061
763 0.401168 110.367302313121 1.971314 0.747618063388781
764 0.318469 112.78908259545 2.0964 0.771138934746255
765 0.325294 118.058482866999 2.077775 0.760737848243407
766 0.575104 110.962343114421 1.723075 0.705023416360743
767 0.398046 117.142664376904 1.971297 0.767670578171769
768 0.384835 120.32541128995 2.002858 0.773593007929482
769 0.280983 125.495802297776 2.163994 0.767796434919682
770 0.458511 119.154502204903 1.945415 0.7415798984857
771 0.41074 112.072758380419 1.97506 0.748278566798574
772 0.620928 98.2703753970574 1.563043 0.713224306726129
773 0.429161 112.470872453409 1.968794 0.75370704235831
774 0.4258 110.146470973347 1.946158 0.733318521076264
775 0.513546 117.632241860177 1.818395 0.758669284772054
776 0.302826 113.318115139467 2.145369 0.784029423916743
777 0.40955 122.351607980603 2.013049 0.657092657695783
778 0.276695 111.442472824998 2.133595 0.771339258056096
779 0.44418 110.823783562017 1.925722 0.734619388068055
780 0.392933 114.787295484533 2.023837 0.763775692054287
781 0.37518 119.287857623481 2.0159 0.777560003641391
782 0.45209 103.230936824358 1.936499 0.738181764273271
783 0.37801 107.921502060136 1.987876 0.749859628024974
784 0.471308 115.527834365958 1.912418 0.768005180170947
785 0.244885 132.064329076251 2.189153 0.797559402727719
786 0.465094 105.093294319962 1.927429 0.728258072338462
787 0.356033 107.041613567768 2.055712 0.744746965999565
788 0.283481 121.990264738408 2.152629 0.822066313337405
789 0.618237 110.383988259724 1.604537 0.722993779730748
790 0.409512 121.496518269754 1.97752 0.778414738045507
791 0.425965 111.346174982469 1.984893 0.758116207328929
792 0.435141 110.985638698407 1.946739 0.786154925184282
793 0.217737 124.218858645766 2.21851 0.783945788379769
794 0.424518 104.074530228879 1.962063 0.64445898589271
795 0.465017 107.407306586531 1.864839 0.736023428197513
796 0.35659 105.002116890467 2.060284 0.7586174394004
797 0.532162 113.961024048133 1.772831 0.750820099430474
798 0.183859 126.582770688722 2.248758 0.806297275732543
799 0.373689 113.130811833765 2.033014 0.764040640687227
800 0.44054 96.322874707566 1.897453 0.694566636217825
801 0.183123 127.095457390643 2.248144 0.800010112646547
802 0.406589 114.771747258086 2.008666 0.779666122517653
803 0.35861 108.220944438222 1.993661 0.698585923862753
804 0.232535 123.954830032976 2.164919 0.785213201844082
805 0.542148 121.728038007389 1.759925 0.763469356058711
806 0.46169 118.650905779905 1.909062 0.746162563316693
807 0.48263 112.275196792419 1.876881 0.722461410879366
808 0.535183 112.529637710281 1.78278 0.713870692107167
809 0.326502 118.589181809412 2.109439 0.795672444204354
810 0.52359 107.896494880603 1.81612 0.722659012269159
811 0.478115 106.579922398608 1.881159 0.708444591748737
812 0.456262 110.529232086665 1.898145 0.768187552297361
813 0.3417 109.681365483728 2.085251 0.741822117736163
814 0.378796 118.518746927767 2.058955 0.753042625869135
815 0.312046 123.341469210161 2.136301 0.783980518012342
816 0.398106 123.136690455157 2.035664 0.749635304080609
817 0.557783 106.11377320883 1.739705 0.701601035264143
818 0.531574 107.918152336207 1.781793 0.756285870020201
819 0.441556 109.469628222919 1.907211 0.717509419868003
820 0.166956 137.95722872806 2.256353 0.820156619361832
821 0.394406 116.531160247516 2.0072 0.768694193879545
822 0.250651 127.422511719001 2.187076 0.808218014363866
823 0.486033 108.578943573617 1.901726 0.747713730363897
824 0.556591 99.673698861308 1.715538 0.707676569092682
825 0.402223 107.944508380478 2.018952 0.739213261891247
826 0.244713 122.999652668096 2.155505 0.766905176502604
827 0.531989 106.356055321773 1.795892 0.695949255003084
828 0.545708 110.698067976392 1.777755 0.721583166758748
829 0.573575 103.039380181731 1.704113 0.75120518655217
830 0.504584 117.308114103356 1.851332 0.760572068025275
831 0.40279 109.583796986391 2.016234 0.711636179476999
832 0.332514 124.506996678998 2.10481 0.795665452926443
833 0.444727 115.29745402445 1.916475 0.704464200006801
834 0.469597 106.851888544204 1.891205 0.710628456309431
835 0.329196 122.269882873619 2.086752 0.790718359054113
836 0.483437 116.487264754662 1.869427 0.772366649687115
837 0.460012 110.657578417848 1.933099 0.703061025355926
838 0.338038 121.865719888876 2.111727 0.781826656629513
839 0.382055 120.80986237431 2.052965 0.781127499289607
840 0.388124 121.685431454835 2.014206 0.762338686262567
841 0.344943 124.238612078169 2.10556 0.816784532050417
842 0.609811 114.578130494862 1.637963 0.741878697575523
843 0.380105 116.85678353741 2.056254 0.805349168453765
844 0.355478 123.11474408067 2.070883 0.797252310070044
845 0.59264 110.306694609494 1.683753 0.759644119465427
846 0.531572 104.182639394924 1.7833 0.714202782222398
847 0.311113 121.100429410476 2.088544 0.775240984351469
848 0.394093 121.785531764262 1.98532 0.785673345298506
849 0.38923 118.528497717872 2.029354 0.775083981760744
850 0.429404 110.099375669769 1.956672 0.741699955149559
851 0.423843 121.228033801293 1.997416 0.777225922721348
852 0.53615 107.6569567527 1.792938 0.730452722378841
853 0.407808 120.319883305361 2.005881 0.802988673685166
854 0.29595 125.751587987115 2.152733 0.802290002263964
855 0.401293 125.926858052269 1.997231 0.78368653928032
856 0.349844 116.676735253145 2.082159 0.777280574010126
857 0.347534 124.069597575617 2.084325 0.785486614231684
858 0.247203 127.798813571625 2.19895 0.807867884117933
859 0.432555 116.439382659862 1.983068 0.800672116202582
860 0.288108 126.045920957986 2.161331 0.809587820780323
861 0.232176 125.496492637449 2.217136 0.815926052184263
862 0.350321 108.508713552153 2.095702 0.736869878521795
863 0.376066 112.517378440187 2.049046 0.724875614135241
864 0.528438 121.001197243716 1.818119 0.80572449913631
865 0.43767 121.668419931014 1.96685 0.729773766166008
866 0.526278 114.755150114308 1.797372 0.744343233150414
867 0.5386 113.509806798936 1.743982 0.714867257368417
868 0.266318 116.541621393237 2.165179 0.750498895971327
869 0.32033 118.678221569254 2.105145 0.803018405771492
870 0.302775 114.881924697471 2.129171 0.78485162166415
871 0.473523 119.748725349235 1.904041 0.799478655365626
872 0.245361 123.088050851339 2.194455 0.801762658071294
873 0.6565 101.4136122786 1.456285 0.685132841660555
874 0.437967 118.010113524978 1.98356 0.743808674868032
875 0.388462 109.604551914579 2.008759 0.774993251834125
876 0.287296 119.451515502124 2.156938 0.789761410415134
877 0.402083 106.471596333449 1.945218 0.72085183458853
878 0.462906 109.509263725023 1.926464 0.75346338886248
879 0.484673 105.509041686312 1.858476 0.672010844254798
880 0.509746 119.809947456384 1.856454 0.739404132348193
881 0.473462 105.798402229689 1.86426 0.704800988934743
882 0.375812 113.377200165906 2.065492 0.757148770949037
883 0.535283 116.084232117024 1.797082 0.75972094225457
884 0.604689 105.452397568325 1.650915 0.736108179140569
885 0.424886 107.462892795437 1.987848 0.739798316719546
886 0.557939 98.7221637938838 1.72542 0.661243859554778
887 0.428214 117.024587352913 1.973866 0.779462853289128
888 0.442137 116.250266414399 1.902979 0.792422549978133
889 0.458049 125.364177818735 1.957217 0.73619628713053
890 0.321969 116.020253815224 2.135438 0.762054887824271
891 0.524669 104.553726922629 1.803222 0.714576590369193
892 0.484218 110.467235207213 1.895691 0.70519323921484
893 0.385373 110.130678995265 2.031576 0.754891298225407
894 0.506099 112.792628239774 1.858987 0.743207194706881
895 0.549351 116.055969475928 1.742118 0.748941362495515
896 0.489202 108.47623168449 1.854944 0.758227656362342
897 0.47997 120.662591947107 1.904852 0.773647768292839
898 0.31236 110.371092066054 2.113254 0.73784830098571
899 0.344003 126.004122325437 2.109844 0.823370868562555
900 0.506338 105.830768628288 1.839181 0.702947382425652
901 0.181981 133.845003665656 2.242902 0.820419903135033
902 0.372581 118.89509035405 2.037213 0.789435834657893
903 0.475498 109.978191425484 1.863191 0.759785447484184
904 0.33417 117.336288082688 2.108664 0.756405552014075
905 0.306305 115.404386216545 2.091729 0.769316911109973
906 0.325924 118.238792616775 2.109577 0.79132323578013
907 0.428934 115.723708887319 1.922046 0.735403740500098
908 0.481311 111.840891579358 1.838819 0.741916206211565
909 0.217433 118.711124352955 2.227245 0.733998379033236
910 0.186036 121.16210265478 2.248761 0.806980843699304
911 0.357547 105.847409777632 2.06465 0.733845706432763
912 0.383983 109.483932152339 2.037792 0.773553038175486
913 0.423006 112.034924332637 1.973856 0.74803824363977
914 0.448198 114.635703349181 1.932379 0.768594357541815
915 0.524254 115.092730009208 1.819878 0.751672958394018
916 0.573006 119.600800750388 1.7275 0.681422671645424
917 0.498521 106.798555918348 1.853643 0.725486019773896
918 0.389583 116.0082924207 2.020726 0.772409972009813
919 0.356844 120.398689709326 2.084322 0.730749280087173
920 0.504524 110.720411605897 1.82474 0.698620050473222
921 0.452298 107.970185098897 1.954899 0.784956659335432
922 0.396363 121.873415752927 2.044964 0.778331885387601
923 0.235079 123.384368943001 2.214429 0.776594627205744
924 0.446245 114.681568129039 1.953448 0.776434968693575
925 0.319363 127.55587477179 2.133111 0.79529493495193
926 0.356464 111.271223718365 2.048817 0.732843175278684
927 0.288281 119.976188600264 2.147486 0.81122830268046
928 0.431061 117.641323273917 1.938277 0.699747595062918
929 0.266629 114.598478312046 2.129374 0.791565835016505
930 0.523747 103.616526153352 1.80995 0.751893796018858
931 0.4267 112.217276877745 1.979142 0.735112544953152
932 0.555203 106.242691565874 1.765338 0.71563146869674
933 0.348138 124.255550887596 2.104374 0.772143219481269
934 0.423892 115.4955763588 1.981994 0.742731240737061
935 0.573459 110.96594692664 1.696002 0.754615575466422
936 0.601119 109.662984717184 1.597239 0.683582140158567
937 0.452758 107.511177867874 1.88079 0.748136844539775
938 0.465996 100.31213125793 1.882854 0.684490055889221
939 0.444697 112.490135772577 1.949884 0.764658057202644
940 0.230932 123.911726196177 2.219341 0.789187374929375
941 0.343521 108.189989132686 2.083995 0.751564217033308
942 0.421428 120.538704848294 1.971422 0.773336727678082
943 0.494412 119.180958346414 1.847256 0.735910998689992
944 0.181601 135.446957671983 2.25069 0.821396470659009
945 0.333199 121.306108193915 2.101373 0.793073680883506
946 0.176988 125.450321372808 2.244109 0.773101189358698
947 0.372252 107.356484356784 1.985974 0.762954534704825
948 0.227951 127.691230565465 2.220512 0.801234415927287
949 0.317607 121.071433515925 2.127383 0.795021719083259
950 0.499614 111.734370992632 1.864996 0.722798348622529
951 0.345024 112.077777225424 1.99543 0.689910063806154
952 0.319998 126.143709559566 2.13421 0.783226957203727
953 0.462937 116.106276051171 1.915911 0.755506153772397
954 0.436101 93.6723661920054 1.910335 0.736126277414708
955 0.492122 106.451218715323 1.863391 0.725268428229833
956 0.40497 116.159805050568 2.019529 0.756928664839816
957 0.208313 128.951057203796 2.222144 0.778513952029609
958 0.530417 107.264842175825 1.781971 0.700336740469712
959 0.513468 116.356643526298 1.80597 0.720028214834601
960 0.291441 119.341304867836 2.127581 0.78167969299012
961 0.427723 109.553812193604 1.922769 0.71429343644675
962 0.44498 122.159604024472 1.925907 0.809730516498722
963 0.264624 126.643521979166 2.174869 0.790456507704168
964 0.224203 126.697916920724 2.216334 0.79124473502791
965 0.454093 118.777351860357 1.908721 0.777926114701334
966 0.352729 109.859727795938 2.081949 0.755941987821167
967 0.677315 104.108874052043 1.408743 0.687448905628273
968 0.437654 117.817592372312 1.955703 0.780054487522108
969 0.130019 122.493420058322 2.275944 0.841812278100951
970 0.528143 108.597254919157 1.804757 0.684892365300241
971 0.332699 120.688321984825 2.125252 0.798734236614251
972 0.398957 117.560763709136 1.981191 0.77850768051833
973 0.391648 108.822829909964 1.979146 0.745056974366408
974 0.293338 118.246777725258 2.13174 0.795782272137379
975 0.555244 104.518293338453 1.745596 0.709366013098216
976 0.478115 111.615088224621 1.872845 0.78096416175357
977 0.358537 115.207812704933 2.01807 0.786341952958062
978 0.50853 108.930304315407 1.811481 0.720561626551018
979 0.497037 118.674345783665 1.859221 0.793452882779923
980 0.363325 114.455256742477 2.012767 0.762611664062682
981 0.304564 126.316162712993 2.080536 0.757945444851006
982 0.286145 116.477269437839 2.070384 0.791481296371415
983 0.337992 121.27477074723 2.08806 0.787372047494337
984 0.216989 130.378485240006 2.225067 0.800471529592715
985 0.432723 119.944098887943 1.935491 0.730524839896937
986 0.380046 114.649352313101 2.000756 0.784596686322985
987 0.478422 111.174268089939 1.897513 0.72457038535826
988 0.564312 110.266970804156 1.721685 0.693619674332303
989 0.383301 120.18184987103 2.049037 0.772707015626636
990 0.430826 119.998678824865 1.983515 0.723739265479183
991 0.44374 111.814017609488 1.944917 0.765225816481164
992 0.401791 120.946468799673 2.007871 0.76466000260314
993 0.475685 125.634840581854 1.91245 0.782697172328464
994 0.457479 108.212558901097 1.919414 0.715966123460429
995 0.589184 101.323567504958 1.668845 0.732682824498096
996 0.512714 111.391570866748 1.79272 0.741928281936953
997 0.435757 108.279665435829 1.938305 0.749773152516741
998 0.397749 117.863684609594 1.984185 0.750143903583585
999 0.375116 117.119785145195 2.02823 0.764925213618597
1000 0.451896 114.738613575344 1.944816 0.742939769235082
