rep aei_left left_area adi_left H
1 0.553553 115.877904053852 1.749674 0.684242821977357
2 0.443431 106.668362393158 1.94494 0.7859718359645
3 0.471565 112.480551786346 1.919075 0.75654091291365
4 0.637221 107.440442218476 1.554933 0.73789872785789
5 0.492328 122.905298281297 1.881063 0.754274914039998
6 0.430212 108.533065762818 1.932313 0.751416894081933
7 0.382283 119.856194217619 2.031008 0.776982733132237
8 0.212015 116.804103015806 2.211082 0.817584012389924
9 0.438181 115.26808099162 1.944822 0.743079454121235
10 0.319642 122.916077641952 2.069885 0.811904584739626
11 0.33026 117.980547491956 2.103713 0.816466996949938
12 0.634697 103.502366159045 1.544303 0.718476043183273
13 0.452617 114.736101705654 1.916258 0.797247900956816
14 0.462621 105.661325265225 1.928779 0.733424070051396
15 0.379831 116.214415015644 2.028014 0.78287134849828
16 0.265388 124.489487408468 2.187694 0.832480927227174
17 0.487554 113.027082397748 1.825565 0.774584343481485
18 0.415447 126.95965722915 2.018216 0.806468783315258
19 0.517108 113.104039074414 1.842086 0.722509065734607
20 0.454282 108.272711281414 1.882828 0.765246411155965
21 0.376995 127.44758139995 2.057366 0.815820775491563
22 0.317822 120.372949118241 2.122545 0.782897141940589
23 0.529487 109.938956163846 1.779061 0.718761478256347
24 0.392738 116.899156747173 2.000248 0.796376174297243
25 0.536824 114.159225520683 1.81101 0.732016484207034
26 0.203341 123.522557588881 2.211804 0.812621371261979
27 0.358667 114.171860623629 2.048363 0.793618328144012
28 0.46727 116.036783462988 1.931338 0.798771925175676
29 0.564619 108.110773371052 1.682482 0.745791797226398
30 0.392779 117.757438377705 1.993418 0.797898582400044
31 0.353264 116.973532000943 2.097388 0.784334180571297
32 0.5613 114.123196064247 1.732749 0.775867836148178
33 0.319278 117.864672238981 2.133 0.815943043507025
34 0.488106 113.128452879299 1.888806 0.740679119453818
35 0.331523 118.073543836851 2.113557 0.809235698429382
36 0.3895 121.412350292955 1.996666 0.802561639475128
37 0.40241 121.222442658352 2.013451 0.777341995390948
38 0.409977 116.982038954823 1.980605 0.828912723983575
39 0.569011 108.681294239644 1.698355 0.795657169672864
40 0.538459 107.922777703999 1.775383 0.794826480473871
41 0.507499 108.053592829256 1.797571 0.772806319911861
42 0.221337 123.089743378725 2.222897 0.81067972428267
43 0.472852 121.913449250251 1.909786 0.765978301031985
44 0.332896 125.023192203799 2.120091 0.839583864849252
45 0.288491 118.991816077134 2.152022 0.812593607441053
46 0.305843 120.346042107945 2.143661 0.831321283555402
47 0.267363 124.093113084817 2.164563 0.818792557393148
48 0.420482 108.450931717972 1.996606 0.78246017489045
49 0.354466 119.592013272076 2.085952 0.803901361117509
50 0.32763 117.104257416032 2.107011 0.819450929744644
51 0.387475 118.191692090311 2.009625 0.79089958167763
52 0.401851 120.515105067534 1.976275 0.825950912222348
53 0.418474 119.953361480522 1.976346 0.808735848651033
54 0.354261 112.115531641907 2.055421 0.786413271994688
55 0.34765 125.874543029116 2.099624 0.814248070504425
56 0.608366 106.977452421036 1.627612 0.747225539330554
57 0.305928 120.631794654355 2.12801 0.805627702165496
58 0.35308 122.62915820682 2.09424 0.782333270157071
59 0.430758 117.510483715124 1.97822 0.786080912273443
60 0.425056 116.977321792906 2.006718 0.773673481927242
61 0.3257 113.628782433327 2.106441 0.771686927508714
62 0.402483 120.843723916994 2.002376 0.738264353685732
63 0.383921 120.113081055855 2.060563 0.787915114173545
64 0.529476 116.366052414243 1.812768 0.737838130262922
65 0.614374 109.498777748756 1.616428 0.691226831238491
66 0.515309 118.522984648437 1.774279 0.765957933575052
67 0.350917 118.134395547789 2.055804 0.825642579682794
68 0.440727 112.41371867688 1.925536 0.789271697678554
69 0.627838 116.549076432676 1.592282 0.761208136576419
70 0.275863 120.964927847968 2.178073 0.775214291045597
71 0.517073 108.48369312986 1.828894 0.75842936125444
72 0.288663 123.489371658912 2.144031 0.785093673362828
73 0.452622 108.682313692843 1.914763 0.759138825404443
74 0.551322 107.283839844109 1.708892 0.760860782607066
75 0.331023 119.458688577681 2.122012 0.78377065099896
76 0.337368 113.365161912681 2.078464 0.793358010316027
77 0.315913 126.901772248147 2.12609 0.800631032300804
78 0.323664 118.724260662548 2.117966 0.805792775553621
79 0.586713 96.7947867120158 1.688145 0.69652209933176
80 0.271911 121.641436652518 2.178677 0.800207433883727
81 0.395414 115.613270593593 2.006854 0.785910477460866
82 0.443798 116.915083935562 1.957161 0.793600292719258
83 0.532765 114.669469887019 1.771762 0.754771707261675
84 0.590728 99.388223779737 1.66295 0.738819264412014
85 0.419775 113.301753988401 1.982252 0.711341863249075
86 0.454422 106.464315855891 1.9076 0.785584090184105
87 0.440556 118.325392430072 1.917046 0.773320691468359
88 0.462307 108.976489935763 1.90902 0.783870838056468
89 0.203958 126.318765241029 2.23391 0.81232505615846
90 0.424646 118.549341333389 1.975563 0.792253187467627
91 0.375703 117.471406368941 2.04347 0.780337287774861
92 0.529548 116.770006322398 1.76155 0.760852802886445
93 0.425933 116.871470855739 1.990539 0.764529698256329
94 0.497827 116.604638890355 1.821455 0.763762904751609
95 0.248622 120.936734037494 2.167094 0.78477789095055
96 0.468182 110.398643816043 1.90457 0.729490484890265
97 0.5612 109.020406577286 1.752241 0.76413231892515
98 0.330155 112.528200121616 2.11342 0.780361116791585
99 0.327289 123.731542533324 2.130537 0.778821376729739
100 0.523515 113.147349262582 1.779025 0.744123954587944
101 0.495459 104.081462408039 1.87864 0.725868054870058
102 0.43971 112.342894211167 1.957677 0.758375166852331
103 0.446474 118.596696368493 1.953636 0.765507120884249
104 0.465705 119.464602519205 1.886234 0.795264575127173
105 0.183071 128.752917545679 2.249717 0.823207096894398
106 0.450011 121.521517209455 1.955566 0.790664763498397
107 0.363267 116.04555606526 2.036473 0.797030144814727
108 0.176737 127.110100446264 2.252589 0.847721467752719
109 0.614777 106.163054249416 1.551918 0.766582096039962
110 0.461693 114.690073458215 1.915391 0.793694283451866
111 0.469027 103.620904023695 1.888568 0.742288103217653
112 0.623467 113.365431064736 1.607953 0.726436352600046
113 0.351995 110.357985293753 2.072644 0.806474893587364
114 0.2278 118.694323272762 2.219633 0.770502354285844
115 0.471318 107.628218958609 1.902235 0.747797620475924
116 0.479856 109.07479813888 1.871458 0.719034419828318
117 0.47824 114.477819409026 1.896308 0.658984120954511
118 0.338315 119.323723514048 2.060734 0.793319012498142
119 0.410664 116.039144071851 1.942326 0.747902261304446
120 0.42315 116.752407247143 1.946272 0.76823174390784
121 0.318302 120.190321740754 2.135148 0.784137289533951
122 0.422885 114.596622264661 1.97339 0.766265955175098
123 0.210957 126.066418818125 2.227532 0.801211085328221
124 0.492033 113.925252105389 1.883771 0.817102071992204
125 0.473251 110.367822603614 1.897246 0.765732427117391
126 0.592861 100.25394369312 1.665478 0.725157235268455
127 0.252677 118.29971958981 2.186767 0.820380855612993
128 0.438835 115.894507783195 1.96212 0.778454527232916
129 0.331976 120.602366175112 2.079767 0.787113745279423
130 0.347575 115.005419717361 2.081419 0.790626313359469
131 0.527168 108.052633190364 1.813451 0.755977186908587
132 0.474681 116.628716737633 1.899637 0.798574659361721
133 0.469033 117.178223218169 1.865824 0.747992124122397
134 0.236914 121.903225160963 2.201867 0.816443165164136
135 0.356252 120.480863603536 2.079883 0.797734262570943
136 0.369612 122.5568954318 2.051952 0.782602407268882
137 0.4118 118.693020644357 1.995143 0.781330412955665
138 0.615575 106.616170164919 1.541843 0.738764297555123
139 0.466998 109.442610928922 1.912366 0.774019985659267
140 0.217636 126.951993076788 2.215874 0.819572171491314
141 0.349262 116.955112858101 2.071704 0.782169947096178
142 0.34401 119.500922525716 2.112395 0.79172532349677
143 0.311542 122.335910434631 2.114553 0.824257094409913
144 0.340611 117.470882998393 2.114639 0.802626100892672
145 0.487588 111.831631245671 1.867156 0.764747048411223
146 0.334547 111.845603848127 2.015352 0.782672925121226
147 0.252713 133.818629084521 2.203344 0.83428611624253
148 0.405503 118.664718191066 2.010885 0.780088567465444
149 0.531419 115.333255009581 1.78391 0.74267671270766
150 0.590951 106.516353702684 1.613252 0.699307845993639
151 0.525806 104.248310765496 1.799255 0.76325782038562
152 0.293187 130.631363457489 2.159978 0.809266202277086
153 0.509859 115.568141400154 1.834012 0.745463415968598
154 0.430438 116.663994812939 1.954773 0.792167287177145
155 0.420161 111.922217335912 1.945649 0.767739098483839
156 0.467473 101.034778002325 1.870913 0.734513199231186
157 0.252824 108.081246196004 2.15497 0.781935972372698
158 0.404945 107.545163322707 1.96798 0.780079833389502
159 0.38004 121.664899261363 2.04261 0.806828152137611
160 0.581524 108.168900394265 1.667988 0.75127272074116
161 0.3176 120.752111376645 2.110344 0.805559761098112
162 0.14985 123.848279466591 2.259961 0.837823623586693
163 0.418862 111.910031768039 1.983698 0.783568281241176
164 0.462258 122.057291490213 1.935389 0.788355873719368
165 0.454269 119.015245461202 1.911154 0.778500156386367
166 0.46275 118.115422742231 1.884802 0.777924408511633
167 0.408332 118.884575306523 2.026181 0.793628963673142
168 0.357328 116.780923293477 2.069541 0.791873633991365
169 0.32171 121.397262164542 2.106926 0.801841907307691
170 0.320871 122.855292375546 2.120349 0.828442570879669
171 0.295998 117.210686412322 2.146583 0.81916293350658
172 0.517972 103.413890702071 1.815587 0.743517615050744
173 0.302411 125.143122542552 2.149739 0.833634468069223
174 0.250822 123.95711445772 2.198849 0.838051439975079
175 0.342493 120.430709142764 2.071292 0.808573903195984
176 0.362148 120.214595335974 2.090977 0.741849389829281
177 0.475608 109.872424515205 1.90109 0.778990042796343
178 0.40166 118.686584770046 1.99042 0.787838046481995
179 0.476089 113.661405070362 1.86891 0.743501262434877
180 0.334198 119.827052203545 2.109345 0.807643086774546
181 0.3306 120.358919290231 2.114477 0.818813782039836
182 0.454242 119.790630443455 1.946269 0.744876602522121
183 0.355758 115.250038836851 2.047631 0.794348474514275
184 0.287552 116.105157650373 2.140741 0.786043784934897
185 0.352258 123.355585402109 2.078829 0.798543404247448
186 0.576503 108.225947308308 1.668067 0.687368078603542
187 0.423165 114.756341915855 1.988312 0.74756121789972
188 0.34858 113.442092291586 2.063637 0.783673281109543
189 0.346576 122.769724327983 2.0817 0.841240626945627
190 0.487609 102.685960566534 1.873642 0.734786871995992
191 0.401294 115.15163575815 1.947163 0.763115862696858
192 0.394732 121.880715830504 2.011887 0.815839206559272
193 0.407103 115.631507639366 1.966579 0.776873068740004
194 0.14502 128.942981958122 2.268507 0.842397265237473
195 0.662653 101.429829312671 1.46899 0.717064983399022
196 0.48193 122.034029386807 1.886305 0.764121323631736
197 0.41109 118.51896379878 1.975626 0.781152769897424
198 0.375544 123.068233729049 2.048935 0.813176160866545
199 0.391186 121.635320307819 1.983525 0.801551982140284
200 0.523568 100.990214549023 1.833607 0.723699299878945
201 0.385432 111.423301672533 2.001328 0.791167064423585
202 0.476195 106.746411881349 1.860717 0.773831934829381
203 0.373963 124.684106620108 2.0305 0.826332872074354
204 0.348067 120.727461874521 2.046326 0.800583390477138
205 0.578969 114.601885755289 1.664825 0.779560803846947
206 0.539423 102.910479819687 1.782445 0.73322032604363
207 0.372323 117.107739486705 2.010394 0.774298372424982
208 0.306516 121.725057516326 2.1442 0.80891823640809
209 0.332086 111.286485134132 2.089215 0.779418934295812
210 0.484848 105.56187811691 1.862059 0.738721835979866
211 0.485789 111.079218050168 1.867022 0.754873196032953
212 0.530005 107.875433319529 1.779305 0.772858479783698
213 0.499776 108.045023192532 1.832508 0.746173610540092
214 0.235415 127.059805907772 2.207178 0.825873288874912
215 0.41279 111.424107274014 2.000124 0.771328506787386
216 0.404176 117.700768381436 2.005047 0.783215988149309
217 0.430321 115.50461304182 1.965298 0.781936359971891
218 0.40657 118.66393067076 2.017114 0.78980456996148
219 0.431521 118.708157176401 1.990782 0.808248339569834
220 0.442589 118.978329331587 1.904694 0.755856308044945
221 0.381587 111.024138545609 2.022309 0.788583184015764
222 0.578799 100.075506287938 1.650956 0.74565399539215
223 0.372726 112.126697902836 2.053604 0.7763139122781
224 0.482222 108.149625848034 1.842207 0.759698593435598
225 0.460441 113.468417031044 1.869196 0.780662303569956
226 0.537099 122.143879638504 1.800362 0.787902960904607
227 0.492151 107.845053494607 1.840738 0.734378067658493
228 0.399158 115.097536018409 1.973045 0.753559378432855
229 0.547065 108.738599939746 1.783929 0.731541362531482
230 0.281651 125.660487927753 2.175628 0.820390901806654
231 0.397158 111.110303758947 1.96065 0.742409427772513
232 0.35308 113.581380684018 2.042493 0.777370271809049
233 0.366087 121.774602785621 2.05592 0.787437190061708
234 0.331383 117.43311147485 2.068795 0.81260144788367
235 0.302998 119.417612125074 2.140923 0.797634297477575
236 0.526735 111.614004248246 1.789289 0.763274152463407
237 0.505303 112.079152692585 1.799082 0.719608268604475
238 0.253529 123.448671286711 2.189047 0.820873195602268
239 0.436053 126.095409597181 1.962244 0.826725168794176
240 0.395299 113.949874851262 1.998845 0.774926969007984
241 0.419895 115.008710798835 1.941524 0.71479640485559
242 0.234281 116.926068829839 2.182748 0.813949396884922
243 0.39171 114.837459312117 2.004324 0.801476205416213
244 0.624478 100.916815812826 1.606895 0.701306198170501
245 0.418457 116.147882066128 1.996767 0.778182603801788
246 0.371538 113.293738634235 2.053276 0.773366587446591
247 0.438687 116.36437816898 1.931498 0.77808814182143
248 0.413067 113.82707874292 1.972827 0.781996439958215
249 0.140852 134.899139155255 2.271023 0.834929915727069
250 0.474009 103.695816669267 1.867754 0.726907630338255
251 0.399851 113.721957540658 2.014882 0.799820993723842
252 0.527952 107.32387969909 1.772623 0.766985935114872
253 0.404281 117.088381824971 1.989074 0.785108989974898
254 0.378858 118.874643307696 2.047499 0.808229559756074
255 0.51643 118.248356854166 1.809994 0.768107350060677
256 0.58431 106.840832031343 1.663549 0.685910544393568
257 0.298394 124.915466062386 2.154856 0.845265496339379
258 0.438431 115.69692429417 1.902319 0.737059056992591
259 0.444287 108.324798588339 1.910608 0.768105918006061
260 0.46419 114.643000618284 1.881647 0.763292031171496
261 0.333082 122.4293427323 2.116746 0.806894073902639
262 0.461305 127.34857305865 1.934197 0.785644546825843
263 0.479123 117.675468642537 1.87724 0.750118700855044
264 0.557453 109.757098893828 1.73869 0.744137676922465
265 0.397424 112.658979739876 1.998588 0.774545147321266
266 0.334203 119.463093354974 2.060532 0.80603554417547
267 0.352587 123.256361862077 2.099521 0.807346139282873
268 0.589043 104.265729443504 1.66749 0.72595590765512
269 0.304002 119.549937987659 2.13832 0.794120061387137
270 0.385032 109.713132232561 2.047858 0.763475413382301
271 0.168705 131.224430180116 2.248357 0.846879797027808
272 0.462948 112.74867726909 1.93178 0.788443237508885
273 0.502445 103.499704438368 1.86847 0.762227049073025
274 0.222402 120.363944151985 2.206101 0.820810322345525
275 0.331696 123.662765445406 2.093558 0.769871009352479
276 0.516181 119.795235532691 1.843816 0.773766200989722
277 0.458598 105.481143380526 1.935391 0.780611706204147
278 0.309945 119.841896264965 2.136086 0.796636800326121
279 0.550161 100.941316890416 1.737411 0.743965535157874
280 0.314757 124.107028219742 2.145671 0.781750889316925
281 0.522677 109.050904752067 1.832458 0.68950621409348
282 0.424561 91.7379373201726 1.966105 0.741822644718251
283 0.49729 109.043819763065 1.855549 0.769133495531385
284 0.341354 122.943681350945 2.068745 0.803760674045724
285 0.264526 114.684921050758 2.149975 0.779196431422446
286 0.608717 102.142309565438 1.610243 0.751515105534146
287 0.468773 118.614657553141 1.864415 0.780762006827808
288 0.328896 113.815641023097 2.11509 0.801621876072584
289 0.423801 117.05549748245 1.980384 0.757923520710853
290 0.423881 111.630294731454 1.943246 0.781934128852932
291 0.422662 121.165098891374 1.948167 0.765691478179194
292 0.421415 115.252070403135 1.986812 0.802101998953238
293 0.449113 119.416495329354 1.969844 0.780124907762406
294 0.341793 117.659857079764 2.070882 0.785849739764177
295 0.444113 115.321702409667 1.967575 0.786611272878253
296 0.506991 100.996002161001 1.786465 0.72879177207843
297 0.422748 110.147611577817 1.977274 0.756689826215047
298 0.645029 108.787878786108 1.500751 0.614170013864684
299 0.45581 116.985379015373 1.913978 0.803063482570321
300 0.312563 122.067281755817 2.109791 0.82628116527871
301 0.426748 117.367374515895 1.992806 0.780945021095686
302 0.506491 116.031074808905 1.853921 0.751461785181424
303 0.449318 108.875120829673 1.90534 0.760674153525889
304 0.436831 119.286500138299 1.924608 0.788176904442116
305 0.511124 117.003820960052 1.778066 0.790335805491511
306 0.505092 103.748403353748 1.833918 0.737796136375578
307 0.403709 115.545000990339 1.991506 0.791206089670608
308 0.350288 106.116990285733 2.068729 0.796374989879509
309 0.493826 114.048372706805 1.85867 0.762103448033149
310 0.375349 125.650534179627 2.06718 0.750474762945236
311 0.644288 112.160668495914 1.519854 0.672608595708583
312 0.299216 122.080434436832 2.128974 0.839525419799914
313 0.668573 106.89756876104 1.434768 0.663708996149674
314 0.527364 109.533774851227 1.809945 0.744341620917527
315 0.506247 118.857150294127 1.85007 0.778213283223949
316 0.371066 112.355219972016 2.058092 0.795496114063274
317 0.340277 113.1262313045 2.070766 0.800799354428506
318 0.558996 108.942208012043 1.731756 0.765068099275882
319 0.577954 110.009257424222 1.708633 0.757337773731493
320 0.290665 116.298538835244 2.092143 0.772801358260176
321 0.54378 109.828946812708 1.739499 0.750334150832521
322 0.342184 114.755463267447 2.067247 0.779707201104238
323 0.412379 106.291134117157 2.003589 0.756556388053803
324 0.333982 119.713914618474 2.084359 0.811630721825691
325 0.331016 116.516499164003 2.105534 0.808785747590605
326 0.542283 114.176232672406 1.765132 0.754097446361606
327 0.519674 112.190306956312 1.841633 0.720948040701157
328 0.305496 117.631459748551 2.128587 0.796008987128178
329 0.383201 106.936784352539 2.045794 0.755250551888334
330 0.544805 109.308226464434 1.730993 0.756114921219458
331 0.346029 116.732140670426 2.066238 0.790757987242438
332 0.303587 120.33684389996 2.155666 0.802543257844194
333 0.57145 106.633574623732 1.727482 0.731883355549333
334 0.510855 113.312084401256 1.851268 0.797401702669819
335 0.448309 110.144744086561 1.962259 0.763136644103783
336 0.584531 109.046795221051 1.652647 0.739924974386369
337 0.421833 123.953382032642 1.991014 0.750483084708863
338 0.321818 120.997679801599 2.109136 0.789400877396101
339 0.597807 104.25646329824 1.659934 0.712516934582285
340 0.205383 123.671418977626 2.193467 0.830321028432113
341 0.407726 107.84754591368 1.974322 0.741872108168449
342 0.410385 108.683685872673 2.017376 0.77406221656341
343 0.467219 109.143495713407 1.878141 0.76557548356797
344 0.402907 114.441467806793 2.018504 0.778244639891504
345 0.34262 114.899704081521 2.043154 0.785738358109782
346 0.371368 106.757048901767 2.040322 0.766454471425297
347 0.473328 112.189794485738 1.904523 0.776216770956118
348 0.515464 113.314870571254 1.828987 0.773700641569745
349 0.234955 123.624355953743 2.204607 0.825493379196276
350 0.357437 128.518669420518 2.092056 0.834432480780643
351 0.457166 108.806402532742 1.919079 0.71368027268272
352 0.375237 121.226740341132 2.042499 0.794394120537043
353 0.325155 121.046477740292 2.116083 0.804763673213455
354 0.511298 110.48069101362 1.800385 0.708886528020935
355 0.59494 97.9372160335988 1.632853 0.709022566193202
356 0.426003 118.467557911526 1.968621 0.788118731893318
357 0.6445 108.175188004475 1.524469 0.654500183851357
358 0.290434 123.928215511276 2.167398 0.776503759539608
359 0.295867 121.726417288078 2.135177 0.788318956980543
360 0.477018 118.214064652258 1.914662 0.792912699912347
361 0.427188 103.040488926653 1.96348 0.768789435584935
362 0.253722 121.978212328724 2.180503 0.812746400829142
363 0.507725 116.993031111427 1.819611 0.767407944516003
364 0.374406 115.214662901552 2.041604 0.770696025839779
365 0.312646 127.010960075543 2.143526 0.78873867426907
366 0.371756 108.9483994547 2.041672 0.773830676441089
367 0.551735 114.722213166932 1.730046 0.755545578133855
368 0.379215 117.950859089795 2.059914 0.756809589467824
369 0.378389 108.303856428397 2.018026 0.776140535612157
370 0.118895 128.263908350929 2.280088 0.828088064666141
371 0.470705 107.866067031749 1.896011 0.772095570271655
372 0.369153 117.911437326136 2.033193 0.807013849620795
373 0.376119 113.297461018231 2.043752 0.780991724660843
374 0.35125 114.781309219406 2.052124 0.775160208993819
375 0.297168 121.192624598584 2.139625 0.823123331336896
376 0.381467 113.843869988407 2.024455 0.771680050890043
377 0.376375 108.866846885994 2.008287 0.760297495300829
378 0.262505 133.345176643868 2.19461 0.84183421162261
379 0.544041 108.925950054646 1.744554 0.729505871362767
380 0.525821 102.029046401088 1.738282 0.740469739618827
381 0.466904 117.677045038071 1.939285 0.789600597118262
382 0.632967 96.1492188508739 1.573617 0.691822896674693
383 0.519487 114.664920129381 1.83808 0.720012565478551
384 0.344771 117.979301492808 2.043576 0.802882624990034
385 0.613197 110.254062126277 1.590608 0.764244186751439
386 0.505864 116.289305347351 1.858994 0.753386331985644
387 0.374364 111.009904569996 2.02978 0.76963349605864
388 0.435484 117.114923552326 1.982159 0.804990599194691
389 0.468172 116.845243654591 1.922663 0.745256184569919
390 0.611814 103.53511837697 1.620389 0.706702113485318
391 0.442114 119.543635060753 1.94273 0.780627351968944
392 0.484904 113.434590544672 1.895759 0.791463401174273
393 0.442454 121.463624617034 1.957604 0.817483799572293
394 0.36977 118.13121584048 2.058643 0.803409354506479
395 0.375825 130.913685112002 2.0549 0.803087299739986
396 0.382298 116.353480834427 2.03369 0.793123548752024
397 0.263372 127.351713687333 2.171317 0.829301212832708
398 0.450004 113.631127434178 1.951998 0.759289429521139
399 0.452335 111.885792721698 1.882231 0.785627301631665
400 0.444174 114.750891060737 1.93245 0.81410984780494
401 0.451869 116.645198088282 1.933763 0.785985927747068
402 0.335166 119.944310786453 2.100343 0.805812005405755
403 0.375185 113.001772175536 2.005195 0.78100115018159
404 0.198373 118.514159443732 2.236723 0.834413188393592
405 0.484289 111.325942219652 1.869823 0.742346731309393
406 0.411138 118.773671601057 1.991922 0.783663660965508
407 0.652162 105.953616452859 1.47682 0.712696713643981
408 0.655569 109.609305740711 1.507949 0.734498791802155
409 0.585204 111.278170383566 1.667299 0.781974205035382
410 0.408149 116.435645825977 1.99955 0.796830200765546
411 0.435321 111.988230608964 1.94932 0.764956644537437
412 0.366955 115.287435158161 2.06727 0.79087947878652
413 0.339181 120.425981816287 2.059833 0.813132021764834
414 0.494342 118.632564751129 1.860496 0.80224953242071
415 0.456955 116.74412860089 1.933989 0.77598937123192
416 0.379642 105.809819001622 2.005721 0.751633905896712
417 0.274343 117.974623901818 2.168038 0.830695930538816
418 0.580602 107.156418371105 1.679343 0.748601044843013
419 0.438519 114.497174143926 1.925716 0.797046390846911
420 0.383654 121.62690862707 2.042197 0.824247110876537
421 0.358139 121.712539854061 2.084731 0.823036831180959
422 0.404977 107.917105931788 2.004741 0.755266968076552
423 0.347652 121.005946292904 2.083078 0.824161428983336
424 0.442585 119.317685026091 1.929831 0.783772236721593
425 0.437061 109.815773484307 1.920478 0.742409175256052
426 0.21288 125.852223634898 2.217374 0.817307779978957
427 0.162506 131.95821905033 2.248193 0.844362100264116
428 0.246888 116.755426584683 2.145026 0.789034551821394
429 0.513387 119.726081214543 1.830478 0.78611535984488
430 0.55919 115.180530026529 1.731922 0.788819167080144
431 0.388849 103.756768415592 1.962427 0.763964631447625
432 0.627304 106.477799173476 1.597172 0.664493986502246
433 0.424109 121.561280323262 1.982186 0.817946822064622
434 0.491402 111.134718096457 1.84143 0.777496982763804
435 0.546642 104.683548208895 1.75745 0.730796219582757
436 0.410619 119.112164171601 2.014008 0.741998727838299
437 0.416438 116.445243762883 1.976706 0.803602813531897
438 0.519331 109.269046954435 1.824966 0.757298337975708
439 0.310574 127.607835730734 2.148567 0.830498141081089
440 0.516005 109.885498866512 1.813466 0.761337772649043
441 0.650097 109.262712605441 1.519266 0.677939100635674
442 0.431099 127.824449903422 1.939425 0.80589256694062
443 0.381723 114.729264310575 2.028454 0.77952069455919
444 0.359869 125.666103322157 2.07913 0.802275746659746
445 0.241422 122.972838395944 2.202914 0.791106271903993
446 0.398649 124.662143339343 2.02073 0.805178991918372
447 0.492911 118.694612860216 1.872639 0.753729411235393
448 0.252354 114.04984609126 2.183182 0.798061852170852
449 0.628648 99.0237900150258 1.527374 0.710570586924487
450 0.33422 115.303734351701 2.04646 0.80337547582697
451 0.500651 106.288928949112 1.836947 0.735152310100224
452 0.310874 122.804963039583 2.142682 0.773837016529833
453 0.681344 105.474874830229 1.408402 0.708718870442438
454 0.531374 117.291232800166 1.800909 0.728305850606402
455 0.365049 117.809338048708 2.035606 0.790644979009867
456 0.5225 105.886724874044 1.749448 0.725017429076251
457 0.496539 101.412795166179 1.857454 0.75087796253076
458 0.409314 114.291834865622 1.990312 0.758312268161722
459 0.237205 121.481147227585 2.196819 0.811752181625413
460 0.201674 128.463878133327 2.228965 0.850111550391976
461 0.534698 119.505410612404 1.770302 0.777111230847148
462 0.322457 117.30140390291 2.123847 0.806237886126252
463 0.530864 113.97623527404 1.771476 0.757250617797486
464 0.434901 103.740902811797 1.864871 0.761656033386193
465 0.344441 130.690938264724 2.106942 0.824960862165401
466 0.467212 119.738917265859 1.927084 0.781916167090257
467 0.615723 113.465849136889 1.624281 0.718978184903978
468 0.342459 124.047602838751 2.072712 0.791049762844501
469 0.433237 107.860301519184 1.96842 0.772245109064018
470 0.495443 116.168574958791 1.869582 0.792393103482409
471 0.550697 112.405722084473 1.745643 0.7562765777837
472 0.427476 119.21499058991 1.955543 0.8160142438321
473 0.518919 106.564552861758 1.750319 0.747614213872817
474 0.443768 110.846421594554 1.966646 0.685424014503134
475 0.501394 104.514155787863 1.835958 0.677832490288964
476 0.557202 113.945494319211 1.759445 0.716884341731158
477 0.258949 120.726823375001 2.188312 0.814179417347361
478 0.430522 107.926095192682 1.947773 0.764084396844733
479 0.404048 118.940951955162 2.028432 0.749170137853414
480 0.548451 120.917563334741 1.762356 0.782826787362082
481 0.458535 110.310872407953 1.918215 0.749589668516669
482 0.575483 93.7977972090991 1.656958 0.706313299094632
483 0.402995 119.044047802224 2.032885 0.777829520011539
484 0.434809 112.479130790181 1.93645 0.788813473356664
485 0.534222 115.823543533123 1.774354 0.724439513621867
486 0.554482 111.529183309193 1.729211 0.739425962413811
487 0.392595 120.917094160985 2.030624 0.803486811570844
488 0.508853 107.668641760552 1.859373 0.738689367918559
489 0.485203 107.182839883518 1.836364 0.759772981471397
490 0.461751 116.686712332385 1.890474 0.787002590153527
491 0.388663 117.580349390221 2.014095 0.798175914441367
492 0.243284 120.755525898626 2.191916 0.832744309160851
493 0.436805 118.596310021144 1.965441 0.782824389635319
494 0.402092 118.13699422588 2.034262 0.805646943292706
495 0.274019 124.569914518321 2.17852 0.834734004838226
496 0.589852 104.909796974262 1.689251 0.712262932446721
497 0.120291 125.870678067964 2.277447 0.841788640702634
498 0.462923 116.87075571712 1.916195 0.754208518230813
499 0.55722 125.038143983092 1.759442 0.814451583911587
500 0.510685 96.7268040359369 1.812532 0.71848697272493
501 0.203245 118.212269064289 2.234777 0.814698441312613
502 0.321948 114.614246688622 2.115802 0.784043230210623
503 0.330844 123.166974029438 2.110509 0.786559355413599
504 0.596239 106.265944270332 1.648033 0.775106726606374
505 0.653883 114.167222645837 1.44884 0.718181502071735
506 0.421001 115.649868858365 1.988226 0.782031324306021
507 0.431389 116.818066180296 1.93059 0.751048538017269
508 0.49542 128.304310574838 1.835531 0.770405495545196
509 0.470497 109.880090965544 1.908956 0.756723791599181
510 0.425319 110.573045535278 1.994831 0.75639802133132
511 0.360916 119.753962271839 2.048311 0.802175446656882
512 0.265887 125.662041158594 2.188113 0.827965266042627
513 0.337172 116.562680172116 2.113344 0.795684110983252
514 0.357748 119.056469045758 2.058218 0.796162363472038
515 0.477907 107.762835534617 1.849623 0.748731029968547
516 0.602471 115.416464246703 1.619476 0.749803821083313
517 0.416681 119.914622879015 1.98855 0.802782556254514
518 0.521556 118.221328250042 1.828601 0.749388524443064
519 0.566745 118.02704440758 1.738892 0.789311997496618
520 0.534052 116.720026708877 1.760234 0.778975891065158
521 0.536626 114.256702571996 1.809967 0.742748578989524
522 0.333536 119.397694882949 2.076779 0.798330991656788
523 0.341401 127.293095439261 2.109751 0.810902328025274
524 0.271371 114.823103049687 2.146664 0.824467024213249
525 0.345562 119.331126991922 2.032126 0.826840767439343
526 0.450083 110.701910809193 1.960445 0.798461460524384
527 0.578035 102.584700851981 1.670917 0.744188172323898
528 0.385819 122.341593393784 2.037072 0.780295684806396
529 0.407482 123.520153665698 1.981601 0.705169318798386
530 0.435115 122.236575929045 1.971743 0.800042555792513
531 0.412509 111.556332622548 1.971142 0.761074245824811
532 0.267937 121.422334497864 2.168808 0.800403866279529
533 0.250766 118.378908071944 2.189811 0.794731459334128
534 0.425813 124.530653509225 1.974015 0.744122988798421
535 0.398064 115.727929323092 2.019239 0.7903172575049
536 0.407722 118.541668221094 1.953382 0.766379422309005
537 0.48835 104.852796644656 1.885788 0.725704044094653
538 0.450296 104.479848827463 1.92351 0.751947134875097
539 0.265675 113.828065679181 2.156405 0.785735627263365
540 0.646338 108.857979908813 1.531239 0.752113573163058
541 0.703625 109.870614779841 1.34071 0.73371748900304
542 0.576496 116.164919676128 1.712994 0.780979442385762
543 0.540968 106.096523436847 1.765666 0.739424256314989
544 0.38469 112.654584449407 2.030723 0.796879790983197
545 0.357963 116.89119887499 2.085016 0.787246820597614
546 0.372637 119.805192784325 2.046001 0.791940671905216
547 0.479799 111.821306407008 1.875895 0.764093333721657
548 0.451142 113.28945532633 1.95066 0.769057163459739
549 0.541773 114.397087344155 1.778514 0.730535820690211
550 0.456721 117.495187372691 1.952604 0.806044483047563
551 0.482443 116.021152840646 1.863529 0.794132656405063
552 0.508497 112.667169889764 1.852284 0.795885934022029
553 0.302173 117.145953713121 2.13177 0.785143881831428
554 0.546524 114.357760731189 1.769132 0.759870678376395
555 0.607937 102.548172341376 1.584254 0.711330109889472
556 0.538023 103.557891988492 1.76292 0.745372141932347
557 0.444487 108.146476607114 1.946435 0.753054132698708
558 0.604844 110.219858954486 1.633381 0.739967352926551
559 0.366943 112.399008647939 2.035955 0.764305384577448
560 0.426257 113.926637524164 1.972978 0.779569923325116
561 0.459143 120.219812579691 1.889846 0.762475603126705
562 0.462801 105.706851975946 1.879167 0.748715006658267
563 0.357831 118.302559759037 2.047709 0.799311811727545
564 0.350558 114.386748619175 2.082209 0.7813656421968
565 0.470274 115.49191878885 1.842164 0.74628187306486
566 0.491985 110.753493180461 1.844615 0.811820394641547
567 0.451995 105.924878285985 1.911791 0.766369235442586
568 0.526885 109.312759402013 1.797194 0.782522384330845
569 0.405846 105.607712106069 1.985243 0.748071833761887
570 0.207736 128.637311371767 2.226578 0.820546237244993
571 0.486322 122.942172281852 1.903985 0.707193375329185
572 0.508349 112.046609028928 1.783693 0.742041376573219
573 0.329246 120.912029041477 2.030106 0.773515069467279
574 0.354265 110.658174890427 2.05198 0.78082797527535
575 0.518021 106.172842511645 1.813454 0.714810638097652
576 0.347085 119.003838277563 2.083127 0.798218390603657
577 0.495279 113.493280632621 1.851121 0.7794199162345
578 0.338058 110.39119587007 2.07764 0.767826905384036
579 0.411661 112.011997627148 2.021388 0.760236761912397
580 0.352647 116.432504249666 2.087986 0.786273998281499
581 0.535448 116.947230767157 1.807574 0.734923270507454
582 0.30817 124.877994481126 2.143261 0.814460062273372
583 0.222298 121.006988171519 2.203164 0.832251895485936
584 0.50174 111.441688190227 1.813723 0.77575372459328
585 0.366067 115.615874963616 2.036451 0.804282609665311
586 0.666307 114.512773923633 1.413265 0.739917672912972
587 0.278301 127.897291558606 2.171467 0.822069027224705
588 0.325989 120.879585499427 2.11134 0.801485722582225
589 0.51239 120.314034963165 1.853827 0.813902211650307
590 0.421654 123.075823363192 1.9493 0.795446118774626
591 0.670885 87.5986654236725 1.446105 0.665656395678897
592 0.422204 115.966660812275 1.932107 0.789275345180101
593 0.385752 117.712701331943 2.057041 0.766155268522083
594 0.359445 113.386598416808 2.026408 0.798914488878348
595 0.478212 109.3111666242 1.873282 0.779065907028278
596 0.467611 106.118345634293 1.863789 0.704636662996808
597 0.353242 125.027521867512 2.100325 0.809785063827795
598 0.272373 117.460996348534 2.151754 0.817617321615633
599 0.361296 121.894919410854 2.042288 0.832881067473879
600 0.322099 114.034416997413 2.110584 0.764496463728527
601 0.450371 112.710401339975 1.913346 0.780397527572244
602 0.422511 115.240893112841 1.996677 0.787447073130986
603 0.225424 125.266066560707 2.220281 0.806476596544036
604 0.454649 120.685050765922 1.920105 0.796889055730025
605 0.313556 104.270915532917 2.073669 0.769086009476526
606 0.382175 114.91809547974 2.031603 0.788527086470992
607 0.397993 119.118410828737 2.018449 0.792822136565789
608 0.657896 103.025542575875 1.475232 0.732752663499807
609 0.419023 122.018244512006 1.96883 0.793505367863934
610 0.356886 110.403948060545 2.037185 0.786135278354167
611 0.468086 101.663800477488 1.931243 0.714543897047616
612 0.468841 112.940999595363 1.903153 0.780694961794829
613 0.406387 120.969787276808 1.974811 0.780315052182704
614 0.451124 115.652430163695 1.933041 0.746049736341551
615 0.392765 119.643406187018 2.047343 0.79990239009502
616 0.538077 121.157023695518 1.753296 0.782585064818861
617 0.405277 111.72836189781 2.006633 0.758797671869322
618 0.503706 115.193488142303 1.845155 0.740429758401649
619 0.299237 121.641023580527 2.117847 0.841374879773147
620 0.523056 111.529745731096 1.840578 0.759220786468845
621 0.410651 116.090735201638 1.95956 0.767975575689108
622 0.459986 103.372831919085 1.87316 0.745647630259996
623 0.406132 116.358827002341 2.008008 0.783263292296271
624 0.419221 117.045422761847 2.01431 0.751013832450271
625 0.360005 116.753394650133 2.062957 0.80165128791398
626 0.191854 130.902037335002 2.240414 0.841759190492264
627 0.248968 121.924337749428 2.198649 0.829957800473608
628 0.381999 114.24090981072 1.99144 0.800012717555223
629 0.314557 119.980092005435 2.08344 0.803769107931064
630 0.453532 106.49558099112 1.889802 0.783275119150933
631 0.465621 123.593178630548 1.922931 0.788852435600083
632 0.451245 118.210877720319 1.908522 0.80546616333561
633 0.486294 123.303628320329 1.872165 0.791403028527635
634 0.34382 111.348487416211 2.043878 0.790088460287521
635 0.304031 114.476770456316 2.111598 0.798775992493674
636 0.487946 105.905650571005 1.877182 0.648103607087172
637 0.485548 115.978986327462 1.870223 0.769719151354155
638 0.299472 128.002765303009 2.159246 0.844269564856938
639 0.445995 117.164331074791 1.954416 0.807950605244401
640 0.395389 110.382912583672 1.992487 0.762128553497074
641 0.320925 122.511600134706 2.134742 0.805065463359769
642 0.283359 117.525593357932 2.167977 0.802407008635247
643 0.423674 117.741552730692 1.985525 0.819243820618251
644 0.268992 121.430791561849 2.167632 0.809831270086486
645 0.399644 117.191568312783 2.004898 0.812651406547075
646 0.559178 109.189306538316 1.722213 0.755196383645015
647 0.457055 112.766877333068 1.93249 0.804229573486276
648 0.419512 117.072462899366 1.990006 0.787779237289888
649 0.158721 128.549003779522 2.262402 0.809408248286735
650 0.353224 113.826255634346 2.031074 0.797418481057807
651 0.300511 123.853192558133 2.152613 0.786425542507266
652 0.468374 118.614147952802 1.927229 0.782270115336361
653 0.467477 103.566791489288 1.916532 0.716092947741163
654 0.620277 101.719208518993 1.582811 0.735850251980784
655 0.393572 110.17632857282 1.99076 0.776127456385793
656 0.518359 115.006125747156 1.826232 0.774385563810601
657 0.465032 117.087839294117 1.938531 0.839930347891767
658 0.408149 118.503929824729 2.029622 0.819920539673834
659 0.49441 116.699931862464 1.847376 0.792780416017514
660 0.458719 110.014841572103 1.914101 0.760307142416809
661 0.299211 119.181272250538 2.111179 0.781039912020966
662 0.384202 120.214965196462 2.033499 0.797980526021779
663 0.316131 112.974889720153 2.089753 0.748785948007091
664 0.232711 130.978449993184 2.208818 0.835838396138297
665 0.569614 108.260002672436 1.707027 0.747909025374568
666 0.577863 104.427762777723 1.698879 0.748839276002143
667 0.404623 113.626876586769 2.00686 0.806620030316683
668 0.424032 102.499299751353 1.935898 0.771314329120369
669 0.277851 119.954578736017 2.150729 0.815003699298787
670 0.530018 112.650650911303 1.775333 0.757363515115769
671 0.46551 116.516292744503 1.910711 0.701963122155961
672 0.385939 128.224191713337 2.031237 0.813505773659244
673 0.486028 101.20123381349 1.841093 0.753420007894696
674 0.372374 117.836884436228 2.05598 0.77817721510799
675 0.378934 119.072179623915 2.06776 0.787698871352852
676 0.499198 118.273777459581 1.868212 0.765238673489479
677 0.423981 111.981164634747 1.966959 0.78832541944135
678 0.278392 115.495874810271 2.152785 0.799478671902093
679 0.418199 118.369411451941 1.944905 0.807301303405714
680 0.519351 115.696650922607 1.821936 0.822988201334946
681 0.226489 125.547584853186 2.219752 0.846127829472609
682 0.485495 106.364346496235 1.869809 0.737958617431407
683 0.383117 117.541929464458 2.017616 0.802137783954564
684 0.521615 108.717389047198 1.738664 0.765467141277898
685 0.353511 121.533631110575 2.081549 0.821283577580638
686 0.305099 113.19651841112 2.103973 0.793771168117849
687 0.379145 118.042290530456 2.026845 0.811832031612883
688 0.297031 114.557078657021 2.10506 0.795503509285801
689 0.379496 124.377852434825 2.050149 0.818580750591757
690 0.502029 106.132457592112 1.826003 0.774903908497202
691 0.474487 120.259616929179 1.859598 0.802232344560275
692 0.344105 119.591845896224 2.111457 0.780824730534559
693 0.410049 114.387186945195 2.01002 0.797647809173509
694 0.455527 110.878404051389 1.957089 0.804976754162279
695 0.293517 113.596466659882 2.137983 0.784479949802506
696 0.334392 118.329961978323 2.087392 0.775636017271421
697 0.645107 97.8547406680774 1.538931 0.700811107336943
698 0.608659 109.979458156334 1.624058 0.703662335462203
699 0.330367 121.86154597894 2.117321 0.802035260822309
700 0.382023 112.007453121835 2.048001 0.710999301612009
701 0.296672 121.947066116855 2.158066 0.800782624238654
702 0.460265 114.520175280095 1.933172 0.785781058157479
703 0.626351 109.239992998885 1.564611 0.709008584541028
704 0.434206 117.338884645381 1.917559 0.736212022659295
705 0.643916 101.853255170072 1.535383 0.718907047977948
706 0.404378 115.268384715596 1.968012 0.771118860134178
707 0.507919 100.774929311388 1.814847 0.753350738780831
708 0.559594 112.408762671233 1.705098 0.739620214677019
709 0.339999 102.80929259446 2.061684 0.765113939459447
710 0.380581 117.083643032105 2.033536 0.73120350911859
711 0.437296 108.726794226121 1.964129 0.742061554312511
712 0.568845 117.147255064335 1.69698 0.796263701459716
713 0.473437 112.294806038322 1.897811 0.784675668618441
714 0.151502 130.375646680623 2.265053 0.845380031991685
715 0.518771 118.686986175351 1.790782 0.757755776168959
716 0.200108 133.272509068573 2.233721 0.843577954591551
717 0.426132 116.477914048068 1.940539 0.806061543730917
718 0.43927 124.234728382939 1.972688 0.825368484846629
719 0.195033 138.374301012774 2.236438 0.827012628462396
720 0.329739 122.253354709005 2.114766 0.79238170222193
721 0.458329 97.8965159047443 1.927518 0.721212737720863
722 0.368452 116.518993195147 2.047816 0.797781866938255
723 0.546989 110.934569443525 1.725527 0.718891635813225
724 0.401606 108.211650940133 1.982814 0.744538281390105
725 0.328993 120.037718242521 2.099379 0.793951637851897
726 0.324217 114.015983387502 2.091827 0.795042593513386
727 0.5848 104.639444707551 1.669874 0.719186422925098
728 0.230519 129.244497057425 2.211097 0.843822404730595
729 0.384723 118.65791900927 1.980449 0.802893812793666
730 0.509553 118.195316994179 1.811571 0.780257507891371
731 0.213231 120.7901546448 2.21887 0.781666083643416
732 0.402134 125.104199383949 2.031742 0.82307088398794
733 0.41103 121.229492939132 2.006349 0.797989301538865
734 0.51953 105.554181238705 1.791029 0.782283973240092
735 0.388972 118.382197438212 2.03388 0.796099315991779
736 0.317634 121.486038726024 2.11881 0.769236758634283
737 0.40113 118.418512359262 2.016145 0.750074332318018
738 0.620972 95.8570341355058 1.584924 0.703088843137005
739 0.481602 119.711360427788 1.906638 0.760685972606026
740 0.432583 115.068680114405 1.945968 0.768681219372091
741 0.432297 119.291242361303 1.957774 0.765633384777709
742 0.45923 116.051539101353 1.934298 0.813108137110173
743 0.320849 113.117515807038 2.118015 0.796969907438441
744 0.454418 106.535674659964 1.919232 0.767326097531681
745 0.329039 125.988312711789 2.13067 0.801581424459664
746 0.204228 120.941154013125 2.203328 0.820148685274495
747 0.425635 112.491721504869 1.953536 0.795202067651188
748 0.519073 99.5405870606114 1.772637 0.735997018103093
749 0.418519 119.12819873427 2.008073 0.798427898456782
750 0.473006 109.740263583204 1.894019 0.781581000792942
751 0.295812 124.111925746536 2.15655 0.813603909474736
752 0.60196 112.830616441381 1.645502 0.805119679469829
753 0.508599 109.483322722056 1.801225 0.776083076302139
754 0.434386 113.308318952345 1.962982 0.821793272357941
755 0.54034 109.55486906372 1.759197 0.74273797107267
756 0.325129 118.803090311918 2.121363 0.810556467604664
757 0.241327 122.353380512508 2.187956 0.831132311139755
758 0.421392 112.014496237524 2.008392 0.77840287248739
759 0.27525 122.166072890131 2.132729 0.807019632999525
760 0.443915 114.53656997317 1.942677 0.72044171461793
761 0.487871 101.072889734215 1.873477 0.7456043972871
762 0.396836 122.661983982765 1.970801 0.778554440113045
763 0.319849 110.927225531477 2.09986 0.674350164470865
764 0.359866 117.124523305 2.077843 0.783630914697641
765 0.332841 122.41347460091 2.095649 0.83121278844828
766 0.403182 112.732981686692 1.996012 0.777696180359112
767 0.58735 96.5061645685811 1.664496 0.730184191290269
768 0.399943 120.585352033664 2.027975 0.781247454677109
769 0.500447 118.283337105066 1.86115 0.744075125125027
770 0.24203 126.322170305922 2.203094 0.821619661213377
771 0.580387 107.847024642977 1.678172 0.730981557502033
772 0.327707 117.444502056275 2.094668 0.754480410152039
773 0.524666 99.5826342471348 1.776028 0.717684374166572
774 0.352518 120.987731304101 2.063844 0.805784263673017
775 0.478606 103.429696685382 1.832748 0.752952098988514
776 0.496159 113.792888556478 1.858772 0.745879229757315
777 0.525249 108.656132246613 1.789941 0.725909902190417
778 0.3612 112.848921915871 2.075973 0.776273635217229
779 0.372942 117.547039117254 2.034709 0.798681645174243
780 0.570678 108.874766178762 1.719051 0.663653639323779
781 0.267577 115.530073966916 2.176516 0.825620824537196
782 0.307087 113.20551865257 2.143106 0.810362958102827
783 0.342552 120.374786686083 2.079943 0.788946777712266
784 0.662847 108.825927837811 1.474999 0.691796155148975
785 0.429569 117.240935801498 1.960284 0.787773314777997
786 0.499166 101.741133504302 1.864893 0.723115704208496
787 0.391629 112.422142676565 1.99874 0.763530738495435
788 0.340959 115.897198314628 2.071761 0.720665777022379
789 0.243952 123.076573570557 2.201592 0.798957035798671
790 0.453429 104.458712118765 1.874465 0.672560488660961
791 0.384322 119.748854798199 2.049272 0.826119843486173
792 0.504145 115.485119503352 1.794399 0.729010617825599
793 0.526324 116.535497419973 1.768196 0.721113748564308
794 0.386903 119.414941036412 2.007428 0.803834342825885
795 0.566731 109.761751985263 1.669603 0.767349562155267
796 0.308754 116.419774468429 2.127867 0.787531671298384
797 0.450592 105.879879109342 1.897054 0.776936109983177
798 0.352109 115.264342402546 2.062919 0.791098622818175
799 0.495369 107.409205122267 1.839621 0.756542461310467
800 0.462063 102.728619079049 1.926854 0.747096241045424
801 0.323214 123.975646179034 2.120711 0.802169989972465
802 0.558183 103.814149650243 1.737864 0.722499185705232
803 0.561306 102.94828312995 1.697957 0.73560823133464
804 0.456176 124.660873487315 1.920879 0.803482788147313
805 0.432575 117.38245819495 1.936357 0.771179470866495
806 0.44917 116.871601047864 1.948444 0.821083680273513
807 0.263424 126.638098598522 2.186684 0.805214281649542
808 0.303271 125.047386143747 2.139596 0.823686352010966
809 0.427288 123.182213519923 1.979789 0.785423607078306
810 0.536297 110.030109409013 1.75201 0.781809419996759
811 0.47483 113.083428946067 1.901055 0.774412707190476
812 0.278867 116.209733218891 2.167901 0.797987759154362
813 0.247167 112.209390444165 2.193954 0.811362832554835
814 0.398544 109.009704969273 1.957485 0.788065896975866
815 0.59108 109.478830317321 1.64213 0.744249015493321
816 0.495855 112.046592500308 1.861307 0.785376862892574
817 0.403493 116.737892649986 1.99858 0.763144846394164
818 0.291223 125.68342124983 2.134601 0.80610507779653
819 0.554889 112.59319160497 1.735759 0.785832102220913
820 0.434622 107.25782581065 1.910028 0.753531039323752
821 0.548662 110.852284950068 1.756629 0.785238771072331
822 0.539661 107.967197459335 1.75601 0.74201293879078
823 0.466614 103.823689814538 1.896538 0.771310608905011
824 0.364534 121.223437468763 2.085858 0.761887812964889
825 0.43266 112.857963802982 1.89787 0.811905130160855
826 0.329095 118.41637973628 2.116035 0.795538675270828
827 0.308574 125.240923869561 2.132058 0.816267604832482
828 0.261637 122.306082506055 2.157183 0.806538868079952
829 0.357282 123.212919382567 2.044827 0.83065546097587
830 0.308063 127.680708527216 2.143461 0.840542719662496
831 0.583197 117.721665974293 1.651256 0.786733858369673
832 0.319777 121.304260131387 2.095085 0.805499593491232
833 0.366076 111.025300212617 2.029433 0.804034009093336
834 0.390213 119.956424187305 2.048585 0.791423849683782
835 0.500063 115.944728349039 1.875614 0.787571899772722
836 0.376258 117.997307458377 2.027393 0.77623214448373
837 0.440402 116.808879169999 1.958996 0.767422640036556
838 0.476207 115.561838686546 1.884192 0.734025747322322
839 0.392456 110.682369728836 2.018284 0.745820872009486
840 0.457255 116.443330650542 1.927307 0.791471225032156
841 0.416723 117.462147052731 1.973267 0.792540047518545
842 0.253877 128.509937605132 2.200769 0.80856591206357
843 0.399392 112.431116229269 1.990511 0.758953241479966
844 0.540761 103.984084995427 1.772569 0.731528522212615
845 0.37075 127.181233018149 2.08026 0.790317665628196
846 0.398534 114.414746888286 1.972551 0.794435041690992
847 0.531837 117.416181802731 1.812618 0.761784787330761
848 0.235711 122.238927287667 2.193959 0.807582651987225
849 0.345044 117.241574676664 2.085291 0.804777279105058
850 0.470187 110.827047867059 1.933848 0.773396646606596
851 0.454115 116.181398159614 1.953666 0.786868478985135
852 0.356071 123.015503862637 2.072656 0.825215533477284
853 0.376501 118.33997794211 2.051011 0.791860798356157
854 0.51146 116.419274887787 1.836797 0.773391655206218
855 0.465563 108.936966074738 1.924713 0.744442224124664
856 0.240767 122.076378148708 2.203666 0.812318954106398
857 0.389484 119.654517242815 2.037543 0.808508253123155
858 0.290294 130.799508051891 2.167467 0.823447349973859
859 0.240115 123.362066045516 2.208424 0.839585904825673
860 0.510514 109.535833850828 1.814954 0.825050178089521
861 0.448307 115.993003501288 1.949608 0.775206725315176
862 0.390688 117.259436784421 2.031527 0.748975669746271
863 0.563979 100.525438077342 1.693902 0.743219049731032
864 0.454584 112.352088285493 1.938601 0.781541942677298
865 0.440478 107.48517199715 1.922002 0.758260798309485
866 0.465309 110.931613417636 1.913245 0.772750591249576
867 0.304532 112.760558827655 2.137442 0.784394447141789
868 0.347234 114.414095301452 2.092668 0.811433538603366
869 0.498722 115.174607612618 1.878367 0.793612048527406
870 0.451857 112.204927932128 1.921358 0.767606167422996
871 0.379225 109.894776863812 2.054045 0.746873726048036
872 0.378094 118.962645585885 2.027039 0.822923140749883
873 0.354609 118.291245285627 2.048774 0.800344929174385
874 0.308176 114.478796806787 2.090009 0.759474913659933
875 0.415928 120.031228534632 2.010927 0.808333932777254
876 0.383506 128.237457033669 2.024782 0.828562688946035
877 0.526472 111.097071001465 1.767539 0.754228228871172
878 0.467727 105.678581836575 1.91145 0.776066410634601
879 0.339293 115.064341701111 2.051056 0.806974759736397
880 0.330357 100.315476158599 2.091251 0.776429834690158
881 0.6534 105.974456533427 1.512102 0.767492582338633
882 0.403833 117.85690907533 2.020382 0.752866039061629
883 0.380194 118.561830624018 2.05988 0.759433041229833
884 0.338766 121.187962200872 2.112145 0.772525853104786
885 0.362076 120.847381675247 2.073167 0.798056062527658
886 0.423246 119.317487282005 1.99804 0.810927022918656
887 0.447323 113.346805130533 1.91305 0.758054188075245
888 0.259002 117.652336274389 2.177303 0.802527731034325
889 0.438312 119.321790621397 1.964689 0.769223754689339
890 0.238495 128.712564655114 2.19478 0.838951677133338
891 0.506337 110.049538009939 1.819922 0.740714420472585
892 0.351302 121.582831310063 2.102002 0.783212774990399
893 0.522624 108.642573058369 1.807979 0.739457922252136
894 0.386946 120.185475306723 1.994423 0.790517108840853
895 0.447913 104.626885032798 1.934986 0.742984778075719
896 0.289603 112.285802509974 2.130505 0.800515855715747
897 0.283402 120.480963792121 2.153945 0.815299791717719
898 0.538447 115.952333183031 1.783488 0.766508023136338
899 0.400298 116.759140031914 2.017823 0.798577572138696
900 0.427482 127.397225296794 1.989182 0.793411022007434
901 0.370482 119.223860297733 2.059826 0.794905770971247
902 0.268199 125.509864429086 2.176976 0.803087211683755
903 0.137531 135.49374886835 2.266121 0.858301714393338
904 0.537726 108.654824079458 1.771665 0.79712452061878
905 0.668864 107.593665502777 1.457169 0.676309287221372
906 0.284714 115.50302361065 2.153067 0.822588301682606
907 0.405208 112.270283487625 2.002834 0.755273603579546
908 0.494796 107.61151267011 1.848534 0.725268713135293
909 0.237129 119.674380276789 2.173063 0.819789528899602
910 0.357243 118.500305896144 2.081718 0.801608131662451
911 0.517771 110.684758038018 1.827594 0.75348585364175
912 0.521055 117.502977793032 1.804533 0.780421204107006
913 0.498236 108.352184034774 1.84606 0.781911534577953
914 0.588619 102.561977690407 1.6666 0.70209263109495
915 0.58288 117.021591027355 1.66736 0.730905567225667
916 0.360205 109.61864122119 2.032302 0.78735922201722
917 0.253191 121.436338788814 2.161978 0.816058989258214
918 0.240589 127.813705536564 2.211485 0.844017403865687
919 0.281731 129.635331323392 2.17804 0.822069756377468
920 0.367338 117.791591179225 2.0534 0.81833155026422
921 0.233252 129.168948889937 2.214746 0.849863786812527
922 0.238012 128.663709888204 2.197496 0.836300897595159
923 0.232539 123.929957324081 2.207358 0.830094718518943
924 0.539236 111.934104540624 1.805858 0.73364864889301
925 0.397988 116.808596882518 2.000684 0.771771909940998
926 0.623506 122.785396561397 1.577002 0.767121512617446
927 0.40433 113.242582595984 2.027278 0.803825364313889
928 0.409995 111.236781638824 1.98645 0.81600003496392
929 0.39952 118.739675555181 2.006874 0.817055836824892
930 0.379712 124.364925601213 2.047564 0.794053875111305
931 0.357717 125.152396829783 2.080704 0.80193738401305
932 0.503677 115.996927525494 1.849107 0.755311350850376
933 0.386172 109.653868856323 1.98623 0.748539548673166
934 0.502576 110.779340220446 1.832042 0.804391374247406
935 0.397721 114.323892279158 2.004165 0.79825203923841
936 0.441391 116.232139323724 1.895067 0.788981415670929
937 0.313023 128.133624643536 2.147161 0.834633147255822
938 0.576105 110.74590745644 1.685055 0.768482755666027
939 0.502641 113.38595576698 1.81193 0.741877375567477
940 0.34046 120.232272480652 2.109094 0.812445758395326
941 0.575403 100.288256157353 1.683882 0.695399666035093
942 0.264298 124.672866136157 2.134355 0.804280284921477
943 0.469434 121.722930627217 1.869702 0.793899294232221
944 0.310451 120.455121968734 2.124092 0.774893291368888
945 0.55632 103.185678951434 1.722909 0.735282376270005
946 0.423449 119.772466976909 2.008624 0.806717580614238
947 0.435843 111.139627581435 1.913355 0.76760573716716
948 0.514309 107.52465043431 1.828551 0.745662580490152
949 0.435848 110.441620359108 1.931256 0.752937447840644
950 0.576625 100.089581153844 1.69004 0.751904853890721
951 0.134857 125.437418009985 2.269704 0.835575481275063
952 0.356043 113.112618800442 2.051709 0.788026486955231
953 0.402312 109.424436870333 2.029812 0.791803605159673
954 0.256614 127.227509626174 2.195851 0.818631665724956
955 0.61868 115.058117848894 1.602138 0.750574825804026
956 0.550151 110.20263704018 1.723124 0.75355696651407
957 0.418173 120.702518880447 1.981064 0.821497495986199
958 0.350638 124.492572219913 2.063509 0.786354841428983
959 0.391459 112.685577640603 2.035314 0.807661891519242
960 0.533143 105.658150037405 1.780405 0.719106377587909
961 0.418079 114.251426497829 1.934053 0.792864229890442
962 0.423663 112.517763588979 1.956624 0.792065629440869
963 0.256067 123.813106195561 2.196346 0.832734785558225
964 0.337677 125.179766235225 2.119146 0.78800504622931
965 0.592424 106.707923698 1.649168 0.723574417923189
966 0.45312 117.900285911397 1.937181 0.753004131104076
967 0.495082 103.937718362735 1.850295 0.745639244144027
968 0.384358 116.064228561635 2.018253 0.790140064617109
969 0.431392 110.771127160066 1.943895 0.800891787832434
970 0.484276 104.807505720354 1.863827 0.775837687454125
971 0.400978 114.56583084262 1.970642 0.782982221026025
972 0.387179 117.29844023466 2.019804 0.820485409585931
973 0.399363 115.711317018311 2.019723 0.774972473533883
974 0.444676 106.947081861564 1.908609 0.781826815353634
975 0.358776 118.647270005264 2.050166 0.735058629538956
976 0.432409 118.502258020866 1.984023 0.799218131719766
977 0.53815 103.130875712823 1.783527 0.750680017164356
978 0.277034 123.051615368437 2.157179 0.795082293630022
979 0.304054 124.329480666946 2.126911 0.799190270140806
980 0.452769 110.325140505195 1.927997 0.760946323276149
981 0.350888 118.890238182636 2.075938 0.805756769187299
982 0.526483 105.753415681578 1.77873 0.757819592276234
983 0.39552 120.138826406984 2.016843 0.803682009627628
984 0.354185 119.096468944445 2.0608 0.7454730603248
985 0.459168 114.719327719864 1.921125 0.79237997284771
986 0.375293 121.098855432376 2.057818 0.794931304902578
987 0.516094 102.710127747379 1.822561 0.741330071668373
988 0.49465 115.893063381489 1.894042 0.79883888988451
989 0.403702 117.763575805452 2.023002 0.76839829786177
990 0.467229 107.27236410075 1.92843 0.74273314012391
991 0.43695 119.923873426808 1.975375 0.775545178473012
992 0.428868 109.992183226102 1.931018 0.766455730458725
993 0.443058 122.301402386955 1.936428 0.790345090759151
994 0.440222 123.501342327814 1.98219 0.704671316472097
995 0.353897 125.165639151196 2.094193 0.79580337537052
996 0.347118 127.823198846682 2.066031 0.781378428088947
997 0.359428 122.686396055495 2.066227 0.821975430769886
998 0.380581 112.791577068456 2.019409 0.749445762603343
999 0.508906 120.294467074471 1.851295 0.773865429935509
1000 0.423481 120.585191786811 2.004291 0.79237637035325
