rep aei_left left_area adi_left H
1 0.472338 122.647088671846 1.902163 0.787818027894301
2 0.287541 125.047981620256 2.151995 0.831183504954934
3 0.398014 111.342070390348 2.003956 0.729920116128344
4 0.466786 111.107461604434 1.867219 0.755782119575611
5 0.365586 127.115252023928 2.075862 0.811039154732499
6 0.297018 125.440760540357 2.162205 0.820131316670629
7 0.207588 129.465635773233 2.234154 0.837619517201845
8 0.382021 121.278831300051 2.016355 0.750062739958405
9 0.353957 122.093319948732 2.044114 0.8048977890559
10 0.411146 112.909063129572 1.997153 0.787880701397954
11 0.514619 109.935026463743 1.803998 0.758272397902378
12 0.420144 113.247493907629 1.968951 0.751200763872704
13 0.393906 121.244311100799 2.00338 0.789020222343362
14 0.304058 130.972633944243 2.145707 0.833592565411501
15 0.393632 116.732188028054 2.044477 0.782202631585195
16 0.40833 115.316262297977 1.989686 0.758789693388755
17 0.316416 115.957774467519 2.118137 0.801755389560074
18 0.460739 114.270337657531 1.939009 0.766395942884837
19 0.438253 109.918801681897 1.923209 0.71976481706261
20 0.436501 107.866756401477 1.942167 0.676168798977967
21 0.544525 107.627530219394 1.768236 0.750068189832316
22 0.426489 108.309992295548 1.974904 0.771879560142079
23 0.386094 110.299680158032 2.010695 0.787230496667785
24 0.513717 112.720757041573 1.826265 0.781321380813688
25 0.461172 101.305579570595 1.894037 0.752857958319405
26 0.399902 110.097257464203 1.964919 0.766872088228346
27 0.396797 109.531328545054 2.002062 0.78987933982357
28 0.526123 118.844780709928 1.800784 0.769921374324114
29 0.457498 106.781929372348 1.894748 0.755357134619277
30 0.384693 113.378961200357 1.991575 0.810570320575696
31 0.547146 107.038608520835 1.755556 0.741439524555732
32 0.432426 111.611441239493 1.969497 0.791299696183365
33 0.44279 120.011596706779 1.941915 0.786654042046965
34 0.384039 121.350025376563 2.031489 0.812419824075487
35 0.429211 114.568852864924 1.955305 0.783981715883775
36 0.695286 105.545416617025 1.365486 0.663952263505385
37 0.50252 113.515026129082 1.841415 0.778513923629085
38 0.439084 121.265265641574 1.962341 0.754469806860399
39 0.189011 122.762078040854 2.24111 0.833454559682105
40 0.486022 108.805020352092 1.852415 0.719777986683612
41 0.261222 123.90592474074 2.185863 0.828676340223293
42 0.369433 110.255112706839 2.055752 0.804621286357948
43 0.612748 113.34393118285 1.603643 0.742377038527229
44 0.491992 103.583870873356 1.812692 0.696288890826349
45 0.428199 107.447771158414 1.928061 0.723541237493024
46 0.397719 113.849798648252 2.010387 0.78355681046855
47 0.411393 107.29427969612 1.99061 0.780712903476881
48 0.444939 108.828371857481 1.942397 0.783315982352146
49 0.351032 122.427622346342 2.082157 0.780587840246618
50 0.5704 101.965964048373 1.711215 0.753061599616851
51 0.492108 113.008650013855 1.867124 0.715902568051426
52 0.454627 112.468113348463 1.883378 0.792604573088889
53 0.421275 114.617806673796 1.975729 0.774608069423775
54 0.560747 116.728711018905 1.734602 0.770772120035115
55 0.38083 119.526373753265 2.020949 0.798339948754604
56 0.500895 112.061119669804 1.812152 0.776916343198019
57 0.253475 115.843083702502 2.184707 0.799743451072749
58 0.48762 109.250841184085 1.886421 0.748366031445595
59 0.313581 127.244404909213 2.145282 0.795459765805429
60 0.354059 118.041321801524 2.049439 0.790591147014318
61 0.45745 110.782982873908 1.948509 0.743037914790306
62 0.386209 111.799154013011 2.051155 0.763785383634289
63 0.104565 128.767282118125 2.283697 0.853942704968331
64 0.293828 127.574659656373 2.12987 0.818502983135208
65 0.425594 125.240441012413 1.983468 0.813585920290414
66 0.586916 109.316959996593 1.679849 0.768408017213941
67 0.242973 129.202176924178 2.204474 0.838003087274925
68 0.418571 118.765850164164 2.016484 0.799194681567467
69 0.557145 113.976136945091 1.73868 0.736847861897147
70 0.526227 119.462445827211 1.799356 0.747282613738296
71 0.404652 114.356161119029 1.966881 0.778378519124948
72 0.222974 120.509802930018 2.206658 0.827816175438117
73 0.202315 127.237106690153 2.228166 0.77565448005616
74 0.223609 125.714322465027 2.200891 0.796706997354534
75 0.410314 116.595107400078 1.990801 0.778767614526519
76 0.360944 121.148970497553 2.067551 0.784231093974056
77 0.23231 123.664928785006 2.207385 0.790004266580577
78 0.575955 112.500291347645 1.697417 0.746493644956433
79 0.643542 98.337651986405 1.521463 0.701992911844748
80 0.311209 120.74367846578 2.131831 0.809913442915575
81 0.41815 106.942250075339 1.950353 0.75320071470916
82 0.534289 97.3812100257489 1.734972 0.744613723588651
83 0.455796 107.917456391638 1.905132 0.777407543564036
84 0.385823 114.115152627328 2.03849 0.753582885262056
85 0.2953 118.239864994347 2.115518 0.787191366553974
86 0.412917 123.384177711719 2.01376 0.759277082391208
87 0.405518 119.347150312037 1.995712 0.787812982543862
88 0.383766 115.39414027569 1.999963 0.745822512045059
89 0.272096 123.700020970694 2.186217 0.805427737300303
90 0.260789 117.414701034951 2.190213 0.802909049765199
91 0.28882 122.926578080928 2.142999 0.77837572732688
92 0.102438 132.652093173887 2.283859 0.859391614531051
93 0.290325 121.816810223572 2.156599 0.817725650641249
94 0.340108 129.704809631233 2.104255 0.830417387643633
95 0.35837 117.627270465197 2.054179 0.814707252735184
96 0.401368 122.177278933414 1.99787 0.79343409185332
97 0.315659 112.540715514073 2.096777 0.769805760966027
98 0.463735 117.921964891593 1.895433 0.787926705233412
99 0.443769 108.759409322927 1.937312 0.777265849273365
100 0.458882 110.538779123922 1.934874 0.771483675686008
101 0.385761 123.681915597911 2.057808 0.801399808643062
102 0.477219 118.764167196971 1.87247 0.725292972629445
103 0.536159 110.520469881021 1.790886 0.79471097633761
104 0.276518 119.843358195479 2.175379 0.809703892331816
105 0.381791 117.048971721672 2.052764 0.782686766133539
106 0.530556 119.07737958552 1.813432 0.782113551095585
107 0.431085 111.96440130363 1.986357 0.786321693817155
108 0.742345 100.972137586465 1.185762 0.71916381341214
109 0.331498 120.692503381141 2.102731 0.811200015275378
110 0.308386 120.221262642842 2.133127 0.797087170919554
111 0.389981 118.993679212264 2.039377 0.806091796713228
112 0.360998 114.201350941201 2.003561 0.760400464236488
113 0.337667 112.509416058528 2.076138 0.808703221267439
114 0.267592 117.552195721727 2.182057 0.781077397480111
115 0.298778 114.150757016901 2.14056 0.788289630105077
116 0.394702 109.550941838751 1.994105 0.786280324653711
117 0.626732 103.469438318828 1.564866 0.749323369179462
118 0.383741 115.480742357177 2.023977 0.793363612307085
119 0.393996 114.18808248468 1.980681 0.80708485937905
120 0.301486 113.552446548485 2.146588 0.794913634509432
121 0.364462 122.296415470588 2.075644 0.811800585869127
122 0.364918 114.512313131536 2.035116 0.770988524150513
123 0.431096 114.473457201459 1.941486 0.76351458284831
124 0.185889 119.019047297416 2.20409 0.824673932223913
125 0.354198 122.659396003154 2.072698 0.820647487724207
126 0.495408 95.5907894512838 1.813063 0.719731903716753
127 0.390974 119.192392943282 2.041273 0.772200490128824
128 0.445004 120.629635002259 1.931715 0.791774841811597
129 0.482918 115.723452153881 1.866376 0.753668632751683
130 0.352238 111.380831648513 2.062231 0.733955893702835
131 0.343806 108.543462390653 2.036543 0.78060337567895
132 0.524958 114.055923206895 1.804646 0.769194052664856
133 0.21977 112.489174919659 2.220755 0.772935713496905
134 0.365593 122.793252998457 2.05267 0.805875183536677
135 0.361044 114.731803713948 2.030886 0.750659224321875
136 0.420165 119.819620580965 1.994551 0.759649999465006
137 0.188218 125.977430680807 2.244047 0.830374747161236
138 0.555908 105.715147486863 1.716938 0.75313502208674
139 0.612618 112.456696772958 1.62353 0.71789168912798
140 0.271437 119.979599539094 2.158776 0.793868744907435
141 0.450193 116.979252854334 1.960916 0.775215537068744
142 0.397838 123.806542241573 1.999651 0.807653775438801
143 0.365442 107.464370904183 2.050855 0.791714722864971
144 0.346531 123.537996789367 2.07576 0.801482065340064
145 0.464592 118.928935261218 1.89342 0.732574520570391
146 0.581855 110.380045124223 1.669051 0.752349158991251
147 0.295645 124.869892775833 2.150299 0.800803030854392
148 0.410259 113.630888821607 1.952722 0.779903105620157
149 0.520938 107.803510265392 1.817884 0.775246924590652
150 0.34776 114.343109142827 2.105052 0.803935213098648
151 0.3423 117.385788967662 2.103951 0.786929276167531
152 0.557842 106.192694231054 1.699154 0.719729723214863
153 0.595498 104.96273093509 1.615224 0.727681865520962
154 0.417131 106.653141604445 1.958579 0.774034008628334
155 0.45786 107.045511939712 1.896486 0.742776338364466
156 0.398691 111.63673477899 2.020769 0.747121900426348
157 0.417609 119.029556620664 1.983243 0.795798218850173
158 0.592887 122.764352002835 1.668749 0.786323883829885
159 0.515374 108.539235693122 1.81954 0.736814774806134
160 0.325806 120.57038028622 2.115385 0.790223588809991
161 0.465481 108.627387784233 1.854009 0.79500150632249
162 0.464816 118.328270389951 1.872159 0.790584481393502
163 0.607841 109.197436169139 1.626991 0.779958651354382
164 0.58667 119.693352310919 1.692717 0.775951532483523
165 0.400537 105.620845615421 2.004591 0.673530538213863
166 0.531015 109.15994705336 1.784297 0.673566156899579
167 0.482446 110.419749370966 1.908016 0.752934430218088
168 0.504174 113.63953744782 1.85015 0.783445038947658
169 0.448632 115.92956588524 1.950141 0.785488572303854
170 0.51967 109.015730718557 1.821811 0.740470603152822
171 0.558079 116.110632406763 1.749982 0.790394643411199
172 0.328625 122.712991857579 2.082154 0.823506773483324
173 0.627208 107.86602251625 1.560859 0.69546023511906
174 0.339188 115.480128661161 2.080999 0.805938493016055
175 0.413303 118.990484915955 1.993795 0.790637508169688
176 0.517298 108.729535757379 1.780176 0.71261019567723
177 0.531418 105.963885068728 1.810565 0.764058397560194
178 0.516017 114.364410421128 1.811115 0.770658080594036
179 0.517583 106.886582413917 1.817469 0.73609928121942
180 0.352713 121.121135734116 2.066192 0.807469709175189
181 0.552711 103.189386531344 1.753654 0.706865298002665
182 0.522902 112.041458457109 1.818768 0.725631773250806
183 0.415927 120.215069588902 1.981188 0.787929955943172
184 0.421102 108.51350971325 1.981789 0.765365872775866
185 0.297438 128.848034097838 2.156928 0.822292834363092
186 0.486086 111.291781308851 1.866319 0.749901074024689
187 0.233766 116.29587857641 2.190025 0.797970024875452
188 0.286644 120.781704203553 2.16259 0.806949932350958
189 0.429666 120.892369676727 1.984301 0.789874294798451
190 0.477148 118.320619556319 1.891593 0.771059681636572
191 0.297866 114.78378357492 2.101992 0.773842959682768
192 0.426725 121.696106646587 1.998659 0.746541033465918
193 0.287493 127.609246437111 2.169079 0.844714164061282
194 0.393035 109.96154430187 1.983944 0.747963718333888
195 0.290145 119.428935075396 2.136741 0.818678809076205
196 0.645407 105.896342285961 1.476983 0.75159090957279
197 0.535681 112.684349002463 1.803258 0.755349866594593
198 0.485314 118.156524534908 1.896827 0.785342495210961
199 0.270826 125.206902508515 2.177827 0.829692076469141
200 0.296665 122.396265786074 2.141917 0.797401461972155
201 0.297172 123.58308812408 2.153115 0.753444491921037
202 0.373433 115.934635483335 2.039929 0.778877141986131
203 0.378204 108.790132372145 2.045675 0.750593881780312
204 0.501734 117.868784436581 1.868807 0.748621720037923
205 0.298122 121.515928154589 2.127442 0.776079861782268
206 0.427461 108.457899676562 1.938068 0.791187379189175
207 0.364376 119.495055074642 2.00464 0.767628584245973
208 0.492964 110.835153844869 1.877371 0.711398331522782
209 0.311723 111.424091782015 2.097801 0.778659517218304
210 0.362735 118.298957431356 2.034113 0.766608264389447
211 0.508637 115.117514225493 1.781961 0.744562917762623
212 0.42704 112.151601749316 1.974453 0.786238048819559
213 0.461136 116.390918435572 1.926119 0.79773965202304
214 0.568929 114.878613204107 1.719303 0.777727982259832
215 0.430645 110.768731485089 1.926344 0.74954745651988
216 0.339576 108.769159122282 2.060156 0.806741008835915
217 0.48731 108.908442532824 1.842308 0.757072184221669
218 0.358437 107.239172001376 2.050619 0.769401579744769
219 0.549277 119.701886046599 1.757481 0.747764032310093
220 0.482551 126.889583713894 1.895401 0.808739392355942
221 0.287783 130.878823924647 2.125308 0.827069683323181
222 0.361817 117.724945214551 2.087785 0.741881377944083
223 0.503943 110.046168934688 1.853416 0.76808863630155
224 0.59847 100.442196411037 1.658875 0.697446652941347
225 0.458634 107.709231976529 1.877182 0.752059479047088
226 0.408886 110.340012944098 1.994639 0.777469233516511
227 0.549849 109.24009858785 1.759587 0.728614235640411
228 0.481673 107.633637895689 1.828683 0.754696037564394
229 0.436171 103.974985587223 1.910898 0.7287003008847
230 0.209087 118.939734803685 2.217123 0.8015324579497
231 0.533347 118.50176227879 1.748005 0.772837667403797
232 0.412956 117.142285801657 1.946511 0.760822798424191
233 0.599661 107.989409641041 1.666859 0.73169852021642
234 0.393107 116.942133645015 2.026838 0.783441283188293
235 0.362921 118.589608291306 2.05705 0.768680532947949
236 0.525396 113.967491206811 1.811566 0.787901657904195
237 0.449589 116.044879712718 1.938608 0.751454768301869
238 0.38294 120.230443356866 1.994705 0.777228475624609
239 0.376582 113.540483947504 2.035668 0.765468143666414
240 0.298201 123.701615873938 2.151462 0.803116708893022
241 0.5606 106.698826256456 1.732275 0.747305873906831
242 0.441012 119.066839394971 1.956725 0.783244331092339
243 0.570556 110.717460000008 1.690556 0.761012739753917
244 0.495305 110.7934464236 1.859004 0.79315785610307
245 0.392184 115.447383725414 2.046438 0.794041288372405
246 0.414327 110.367658439188 2.021692 0.758326126763496
247 0.577201 112.420216777082 1.706363 0.708010129618747
248 0.380492 114.298580390014 2.007811 0.806363839459155
249 0.37575 118.052607949538 2.018005 0.822138669603522
250 0.355499 113.758924919964 2.04475 0.77045334900183
251 0.334288 114.18240373492 2.089603 0.782474113251178
252 0.418379 111.617836451248 1.953264 0.750821600215404
253 0.576933 105.173073223591 1.716081 0.735420916853264
254 0.516782 112.973474596539 1.814647 0.740111893930297
255 0.573863 101.418863297918 1.678715 0.681448088248392
256 0.530268 115.898374579109 1.819065 0.735000613356117
257 0.289648 122.71397203947 2.159574 0.804137239686859
258 0.334398 118.479245894228 2.116651 0.804692736667684
259 0.451024 114.200937005841 1.95662 0.742567793769006
260 0.523064 103.397848073573 1.793947 0.75292345667381
261 0.3862 123.243232581335 2.043986 0.776617673526986
262 0.477516 114.428781395818 1.872671 0.780056601026009
263 0.327838 122.663011924882 2.092267 0.788628601460525
264 0.337248 116.254519881462 2.104582 0.792825020946976
265 0.352499 110.670260926152 2.048634 0.770992707207784
266 0.175335 129.225702658976 2.25449 0.83931924715417
267 0.426509 113.317471674815 1.938821 0.768204924238738
268 0.410005 121.621729983739 1.985825 0.785663871657644
269 0.420759 118.837628178633 1.998441 0.756158722858291
270 0.598757 116.203110337512 1.662962 0.750574450156305
271 0.494437 108.653976902142 1.857017 0.734444425461904
272 0.140756 128.609550975 2.27132 0.83917358519755
273 0.304726 128.94828926667 2.121108 0.80807113645114
274 0.411222 105.071323652057 1.970739 0.729870115110982
275 0.307994 118.478633085604 2.148059 0.79211900442614
276 0.391415 112.883474104759 1.988947 0.783390497136069
277 0.380372 114.293894835605 2.026094 0.802923488993652
278 0.477461 110.075421921033 1.837514 0.773450601026642
279 0.246064 116.338648395498 2.160962 0.774620333524149
280 0.484534 104.476588571605 1.863666 0.768341907617781
281 0.53103 114.00072190095 1.791486 0.750152495498697
282 0.553309 111.26710957464 1.764602 0.735621705721773
283 0.392004 122.22190256192 2.015133 0.794261300642349
284 0.487567 122.914209429727 1.861251 0.7863061713994
285 0.304151 117.361839279357 2.152129 0.787267656615875
286 0.542794 120.554414537631 1.79435 0.821691574286398
287 0.555821 111.28175747125 1.724503 0.732803614816663
288 0.491392 111.975330235697 1.883111 0.811071234529311
289 0.334967 121.751451591562 2.107257 0.826555485001375
290 0.410947 118.954179448389 1.949576 0.800659104625647
291 0.364997 117.342904520215 2.019875 0.738254294169687
292 0.44285 109.453972598326 1.923231 0.769037282917844
293 0.408624 120.070448090235 1.998905 0.747273662708604
294 0.426364 114.216820826339 1.948072 0.773532524633547
295 0.326678 112.583436619059 2.121967 0.754066583085082
296 0.405084 118.378784167603 1.973856 0.785860276572229
297 0.360923 117.707275938163 2.058585 0.789287622751408
298 0.306075 126.689013615069 2.135248 0.846709859605386
299 0.372085 122.323832013818 2.066175 0.793001596017775
300 0.383204 112.813865369504 2.01015 0.775740390339349
301 0.359369 111.806569302512 2.046788 0.782595995588802
302 0.448344 109.185383719904 1.922343 0.764859795220224
303 0.385337 111.614948901967 2.020429 0.74601068361218
304 0.61103 106.561406943035 1.601629 0.69935541434829
305 0.485158 116.513930918262 1.872678 0.797007278466376
306 0.539265 101.125320559935 1.759029 0.731867688869828
307 0.418721 121.797185241858 2.000145 0.806309797526359
308 0.227672 124.215094201928 2.219464 0.813691933129043
309 0.210931 119.974148684448 2.196385 0.822249525384822
310 0.230609 120.736424512158 2.185335 0.814680417180396
311 0.4793 120.064798679247 1.894505 0.788028712864653
312 0.318213 110.981772991684 2.105855 0.773496189943552
313 0.34376 113.794549494572 2.081638 0.798543775714865
314 0.37456 127.655470941481 2.05247 0.850790672056747
315 0.606472 104.066814790753 1.609164 0.701437011442909
316 0.425629 109.552604607439 1.927703 0.775573358837501
317 0.456689 117.855845007057 1.93875 0.784492347590798
318 0.446649 114.916959087318 1.914897 0.757138429213883
319 0.363615 126.705900003435 2.065698 0.818667704149142
320 0.29883 121.70749929859 2.155932 0.768593963643638
321 0.414413 130.728138407459 1.991013 0.806678969454154
322 0.531384 107.387018546953 1.81793 0.722466190406619
323 0.288969 125.078106901496 2.150787 0.795749132018693
324 0.399479 115.152553293661 2.013189 0.72766975342307
325 0.473473 115.403729784741 1.845221 0.778658739698265
326 0.317149 123.539421101566 2.124555 0.818514679364534
327 0.396844 120.948201258945 1.997178 0.775586205197258
328 0.353192 114.154416926463 2.054113 0.773158589569248
329 0.336896 119.81396581272 2.104227 0.80121763952941
330 0.525216 114.399484278497 1.809379 0.781577858154305
331 0.409943 115.290027673493 1.991089 0.789357252309703
332 0.51959 104.612128821788 1.762172 0.76671231266664
333 0.294693 114.742941491361 2.139899 0.784717130204516
334 0.667219 107.485446541099 1.459417 0.773936775838013
335 0.216669 125.940854256824 2.22483 0.805173449167995
336 0.57688 109.996017859642 1.680966 0.747882720658516
337 0.417784 97.6830646343 1.978935 0.673361290211934
338 0.419608 116.598888829221 1.987772 0.717475649159869
339 0.60669 113.418709153464 1.635046 0.775098840500559
340 0.437748 102.993903536128 1.914494 0.739724268018045
341 0.581487 112.358364335351 1.68552 0.773913397304967
342 0.319041 115.880788988575 2.113686 0.810019589939457
343 0.402701 113.988517290473 1.970278 0.772235472375739
344 0.391023 115.281553190436 2.018877 0.778094326914985
345 0.437789 112.793966462113 1.9431 0.777778510424646
346 0.453455 103.531160266415 1.871958 0.775641680898315
347 0.548126 111.132419495289 1.763031 0.752209411093046
348 0.434729 114.426433280842 1.959088 0.795296842863384
349 0.473842 116.761149307752 1.897653 0.720393457647774
350 0.486528 101.793542315697 1.814267 0.707187122004626
351 0.545637 123.346782323406 1.761587 0.79985497991828
352 0.46408 105.71505613879 1.926709 0.722228774382034
353 0.515624 119.411762594201 1.822197 0.804117210329362
354 0.563526 112.96002296434 1.660392 0.777219272371472
355 0.229001 121.234263442828 2.213335 0.802608349703658
356 0.517947 123.192909331608 1.845219 0.77764390210578
357 0.361918 120.770371625711 2.04094 0.785983770394255
358 0.435252 113.130453141737 1.946218 0.758074307517505
359 0.278898 113.048448733803 2.137769 0.798807112903217
360 0.407045 121.127530388069 2.022092 0.804457433078613
361 0.192277 126.223244328488 2.239744 0.830115341281219
362 0.432028 115.04958112042 1.961926 0.779695832811249
363 0.332903 121.010453219386 2.108615 0.805322910664399
364 0.4152 111.684310786107 2.018684 0.781142703469368
365 0.469461 111.804798524285 1.932558 0.77471670570737
366 0.425949 111.926383417628 1.975141 0.688265870543174
367 0.563678 108.74209115665 1.735503 0.714777724045079
368 0.490237 120.052799828953 1.892138 0.772883754897857
369 0.357679 117.968994954089 2.039682 0.771524430249047
370 0.36376 110.573673904025 2.050047 0.768106439380164
371 0.322544 120.431398082485 2.088743 0.811718118057109
372 0.61602 103.722456154874 1.592566 0.749647023550223
373 0.248437 126.363211131276 2.195223 0.843086425893514
374 0.367891 115.567550302736 2.006673 0.75665281196535
375 0.431422 118.679289624022 1.983018 0.801360487444591
376 0.356264 113.742892984012 2.066013 0.771101269016289
377 0.382292 109.70567680815 2.050694 0.803930833819945
378 0.597374 116.406658486965 1.662735 0.758596814884392
379 0.420119 114.032440826048 1.956514 0.769320384261578
380 0.389541 120.841488283366 2.012048 0.811633713348309
381 0.408053 113.20708712704 2.010078 0.756685711819197
382 0.403441 118.971705625598 2.014136 0.801919420092823
383 0.321259 115.909650448285 2.130381 0.802223380291128
384 0.468548 113.446166957384 1.891164 0.758233314410911
385 0.481424 111.512556088726 1.861872 0.737267716736979
386 0.447305 106.83776489328 1.933052 0.768027562213648
387 0.24548 128.480459495302 2.20761 0.820409858279979
388 0.303913 109.427589429093 2.133988 0.746884192652984
389 0.473349 113.886691359165 1.88038 0.754318811516892
390 0.449421 106.388355793072 1.944864 0.757463522997407
391 0.244493 122.032125527341 2.177336 0.798060953561538
392 0.351506 115.535500569421 2.062505 0.815932163260456
393 0.570858 110.512323261766 1.674345 0.755473004326565
394 0.573257 104.496239171794 1.714992 0.678833456701936
395 0.3802 120.721747282171 2.044194 0.787851993692496
396 0.497888 113.677784028671 1.860255 0.678825970093695
397 0.3823 112.003222617107 2.005212 0.781513257463652
398 0.412887 117.334846306123 1.914357 0.794184612613846
399 0.27486 120.367377069577 2.179229 0.790051101427485
400 0.454787 115.465106288404 1.929367 0.802665049632839
401 0.593298 109.363107696009 1.659084 0.733364624013775
402 0.427676 113.549389417037 1.96038 0.766458381771442
403 0.184099 124.813615483699 2.249883 0.797451732599184
404 0.321845 116.894801357751 2.100943 0.784670119528465
405 0.453906 114.797606689171 1.942383 0.804626726391961
406 0.408914 111.425119445348 1.982566 0.764150858979136
407 0.526945 103.180976122116 1.793558 0.783081293183048
408 0.308892 114.517346398575 2.135041 0.773502788836674
409 0.386362 119.714650259271 2.018422 0.793692963602335
410 0.407396 113.546693672424 1.983006 0.77646051834795
411 0.46414 106.094372115455 1.904893 0.727570214372628
412 0.552496 116.432449153941 1.749869 0.780576041128868
413 0.534419 109.221107663986 1.773289 0.70021160986894
414 0.551633 110.143250525876 1.726713 0.737251062752988
415 0.623962 108.707479615756 1.587373 0.706735437052757
416 0.39155 112.367778365094 2.04698 0.768989345111854
417 0.321424 123.928936617127 2.11395 0.800109822111443
418 0.452714 113.137382883835 1.942542 0.769107566050414
419 0.412937 112.99427048165 2.005347 0.791700238784003
420 0.434903 118.628987650769 1.972662 0.797725908306124
421 0.462519 119.193680050724 1.917743 0.761576204410777
422 0.562773 114.173981235955 1.725072 0.763702693739278
423 0.35033 115.252460511192 2.0914 0.801385016066881
424 0.491389 112.771984196443 1.827991 0.789212530201413
425 0.563576 105.684207271254 1.692259 0.728094278697099
426 0.464031 102.127974768301 1.883045 0.741206428124507
427 0.283703 117.412108572221 2.164941 0.799359060537105
428 0.486855 111.107285762135 1.832701 0.786156521998655
429 0.478154 99.2236978879888 1.868905 0.738126720565412
430 0.539417 122.712746231136 1.807128 0.825449337013614
431 0.597693 105.767715655884 1.637375 0.744631851130543
432 0.348197 119.432659696175 2.046857 0.80001704729065
433 0.400773 115.573457602213 1.990372 0.784220369649784
434 0.402079 120.471916243687 2.006679 0.769537858769409
435 0.545416 115.794778728319 1.75402 0.746343058984914
436 0.263737 115.386359152242 2.156763 0.769754843331713
437 0.347309 123.095655898334 2.10665 0.793807280102153
438 0.412414 115.216370082338 2.0015 0.779757697140853
439 0.405801 117.464821255093 1.974162 0.803594141976137
440 0.536247 102.88464844897 1.766904 0.721946086103883
441 0.477734 118.576019561654 1.881036 0.791865264289811
442 0.564535 105.130400603979 1.729289 0.750077699609077
443 0.505563 110.077571602638 1.828796 0.707496139077981
444 0.44221 117.728799336624 1.93256 0.761725678289516
445 0.715672 113.314927558428 1.317821 0.691460758719156
446 0.570605 106.597940223519 1.698397 0.772836921146728
447 0.461853 131.99988501056 1.933075 0.839263371563016
448 0.486385 116.429118216061 1.888323 0.782949350222636
449 0.48943 104.605264476211 1.830552 0.735066649277254
450 0.325217 117.953763226391 2.09441 0.762886213941777
451 0.213055 120.61653241423 2.229837 0.837364119839847
452 0.38014 115.334972905534 1.990798 0.782523532484373
453 0.527134 117.467559692041 1.796262 0.660599481445247
454 0.45823 108.6133480132 1.934487 0.800360744227212
455 0.365687 120.034102651374 2.064928 0.784182206211014
456 0.463539 113.978163324924 1.887887 0.754429791788192
457 0.278238 126.565468693024 2.150281 0.805641876126536
458 0.446815 125.160514036852 1.954538 0.799918201229043
459 0.562671 114.219337073631 1.702186 0.761684512462501
460 0.456942 116.117677958652 1.861058 0.757214910102521
461 0.42173 117.114714538158 1.975702 0.759302355898527
462 0.506016 113.878931424731 1.808146 0.772545946141041
463 0.470902 112.476324774758 1.85222 0.752418279724598
464 0.398843 114.308635416528 2.005675 0.784988319819388
465 0.531083 104.752653045312 1.775932 0.723269890684868
466 0.494737 111.129407352851 1.857036 0.779146796898815
467 0.423863 118.441742631945 2.009522 0.758178465675838
468 0.453511 104.263346351844 1.915677 0.748587729520284
469 0.434025 101.389084473102 1.958663 0.787584511043728
470 0.366 115.780508679368 2.0482 0.767511506675401
471 0.2572 135.212611978372 2.194444 0.834881974277641
472 0.415434 112.630633034457 1.997892 0.804239104042559
473 0.500752 111.058445573051 1.822566 0.703847616107351
474 0.444026 118.082871488125 1.94272 0.805209137614857
475 0.572134 107.327729623428 1.71257 0.737269183339086
476 0.392234 105.118784299715 1.955689 0.801476650591982
477 0.472522 115.580252915577 1.874403 0.775974910836866
478 0.41776 122.318414220077 2.009099 0.81239427490221
479 0.336764 123.734795642135 2.096029 0.773800728745416
480 0.381136 119.362740616773 2.006043 0.79688854412334
481 0.453269 122.518651223952 1.929379 0.803860329544427
482 0.397223 124.157815894028 2.04162 0.815392505620059
483 0.421362 114.327896695219 1.973839 0.785250397570528
484 0.631611 107.783073190586 1.555614 0.74831032161093
485 0.176571 129.630814064466 2.249591 0.832732858254004
486 0.429842 112.714515607749 1.964014 0.7499734427473
487 0.554904 108.266543694487 1.728008 0.724954774806685
488 0.368288 120.070934316039 2.05989 0.789323206299714
489 0.337171 115.807244513296 2.072486 0.776364319647961
490 0.39998 106.885451473422 2.001176 0.78234243647723
491 0.39612 123.814069592449 2.008979 0.769051332339911
492 0.589494 107.24570205237 1.675936 0.717498191912389
493 0.398921 126.897677668994 2.028363 0.790380745303417
494 0.540769 108.275204907322 1.767065 0.750785447976558
495 0.47377 117.020479541609 1.867505 0.799645201815895
496 0.508419 109.930673886893 1.805576 0.742206069992542
497 0.52487 119.668392051173 1.808089 0.79503872109949
498 0.529749 112.148320691529 1.801747 0.766548017465187
499 0.484276 106.577566991071 1.881195 0.742937946139956
500 0.509071 113.018875820416 1.862547 0.759591448639224
501 0.479275 115.461943686026 1.920095 0.788536988611396
502 0.30202 127.011720746511 2.154578 0.803194450870166
503 0.453562 110.63911342961 1.927853 0.761175031053661
504 0.43452 107.225768700479 1.977469 0.759072891290037
505 0.561765 104.784649840769 1.667714 0.721221515746628
506 0.53896 109.876106492864 1.791264 0.691752817851138
507 0.39838 119.970917683852 1.998653 0.79795077365295
508 0.445909 113.475113869169 1.92584 0.749961819563889
509 0.481331 114.17258416314 1.841629 0.758292548725619
510 0.229496 127.816973620002 2.17237 0.8169720426955
511 0.311237 112.927984800613 2.121858 0.772982810619411
512 0.509197 120.095453124314 1.85557 0.780772645394477
513 0.373094 120.399785569978 1.996785 0.785505710133719
514 0.257543 126.575975866415 2.194754 0.808222716755479
515 0.640825 108.954227160462 1.548001 0.641273518387913
516 0.616798 111.768786011105 1.57548 0.675487492007015
517 0.441645 110.700537395731 1.954959 0.754988570322473
518 0.375373 120.761229345048 2.040251 0.808475790243129
519 0.426031 117.364964324189 1.944873 0.784549483063115
520 0.572691 115.669577337202 1.708541 0.791449373552049
521 0.465919 113.428173209066 1.931459 0.755782037966442
522 0.214277 113.755406897831 2.221559 0.785322091058413
523 0.466256 111.578396869081 1.901977 0.777599996333391
524 0.441678 116.919195103231 1.965217 0.813504255978487
525 0.373589 125.485582110115 2.062989 0.755592646170763
526 0.44074 119.240351327881 1.978657 0.778428426733014
527 0.442728 109.051300934972 1.923721 0.772066363693666
528 0.275707 123.144665211728 2.165421 0.814512343148612
529 0.333466 110.556925842131 2.069062 0.77733440824516
530 0.240182 125.621816270317 2.211954 0.76742874654441
531 0.553125 109.461377279188 1.744589 0.781710003430901
532 0.47144 105.742880359734 1.908348 0.759527486196504
533 0.33796 125.055278471162 2.114867 0.813468657653097
534 0.492333 115.712643254858 1.871131 0.738673002196926
535 0.211606 121.654814950931 2.21145 0.813743127234808
536 0.345538 116.088357523929 2.09141 0.790530583687911
537 0.544594 108.752166721534 1.769055 0.656081454255052
538 0.611526 112.238981090784 1.621676 0.706723605921001
539 0.367054 124.962137151634 2.065947 0.794123035331433
540 0.369028 112.026060570074 2.041314 0.784724708372806
541 0.458927 117.889377064357 1.926633 0.792483248614087
542 0.333366 111.526107228282 2.081558 0.725353226020613
543 0.469357 116.070015448552 1.925811 0.733511978263115
544 0.320242 128.697292280905 2.133483 0.81216153658808
545 0.463723 117.255026311852 1.874994 0.705067282220352
546 0.404457 114.442823523051 2.01315 0.77525416999237
547 0.413464 129.72943398692 1.986713 0.813784216243275
548 0.362242 118.491886606966 2.056339 0.806106346143758
549 0.392704 124.130330675913 2.03478 0.823236070638461
550 0.363476 114.270493483985 2.058405 0.762933258714412
551 0.353287 114.217821468148 2.062368 0.773476281609805
552 0.283812 115.877655995964 2.134541 0.781106299359386
553 0.369425 116.363563986038 2.06168 0.776292723112827
554 0.566169 97.2826540778361 1.702811 0.714277741437035
555 0.447684 117.271366427617 1.954865 0.792309822632832
556 0.398576 114.629855566949 2.019082 0.751652019652715
557 0.444145 109.540074149602 1.960903 0.753513996311221
558 0.324371 117.310600416531 2.086935 0.794711320643792
559 0.415406 120.01583156901 1.989432 0.813968374876969
560 0.451215 108.881940455709 1.893108 0.766289178614099
561 0.401431 114.864408167283 2.011524 0.774589357984783
562 0.518901 114.563081958375 1.806461 0.805102357630771
563 0.353328 117.041888573689 2.053392 0.749401760502618
564 0.429368 103.800409908503 1.942239 0.756027223358287
565 0.371499 108.971634746823 2.059053 0.787078604378752
566 0.399424 115.885611073262 2.019119 0.794826092299923
567 0.550973 118.619584204979 1.756571 0.741296077231476
568 0.282607 132.751306222524 2.171386 0.790547550212009
569 0.525399 116.739664741147 1.804107 0.771664552661131
570 0.231395 117.419321688901 2.204465 0.807153709633299
571 0.44923 116.805673488113 1.953387 0.817596781476645
572 0.357062 96.9965624411334 2.077346 0.745974104105451
573 0.359947 117.939661436595 2.080393 0.774635414692902
574 0.405932 102.800654759491 1.979631 0.790431947982246
575 0.597705 108.760655554297 1.618472 0.750532360221667
576 0.257783 120.5762713387 2.147646 0.825731846782314
577 0.493451 107.101722458458 1.834731 0.745640290417137
578 0.352692 112.082210466818 2.069275 0.77913616515499
579 0.414541 105.528025785038 1.943437 0.776038143470791
580 0.43188 119.771625845307 1.996473 0.708734610729268
581 0.283077 124.204933930109 2.143214 0.789675242388352
582 0.61497 101.409957617317 1.555013 0.721372336772438
583 0.424026 114.049741986243 1.980603 0.787777748864398
584 0.396364 114.506958182061 1.990547 0.792437786272989
585 0.503706 116.721071847866 1.835251 0.757495890719848
586 0.414992 114.901138299312 1.983706 0.774352254343691
587 0.495196 111.7973813356 1.797251 0.760482994955573
588 0.36372 124.204783011875 2.078075 0.806899765015426
589 0.359352 115.247217987884 2.066596 0.781968726900749
590 0.399929 120.606216939715 2.001385 0.761600996718865
591 0.361248 115.338110913521 2.05425 0.791988322452095
592 0.500753 117.712574947179 1.869429 0.76881665396761
593 0.291829 118.677162605528 2.159844 0.785035947407527
594 0.299939 122.987601589293 2.132319 0.83140274645271
595 0.326864 110.016475592727 2.068836 0.797988376900059
596 0.422099 107.117738476997 1.955604 0.759127642982108
597 0.453012 111.920122065768 1.92953 0.76747558958974
598 0.525212 116.254365321165 1.796687 0.719574293260145
599 0.413959 109.372288081829 1.977234 0.764064537111779
600 0.564949 107.016775043847 1.707758 0.700121357812203
601 0.38885 115.861241180491 2.03772 0.783221712811706
602 0.507235 107.674040368829 1.827045 0.686007768886216
603 0.413785 114.73387570142 1.975141 0.758771854085826
604 0.381286 110.05392198601 1.998026 0.800937555794266
605 0.631894 100.162410491425 1.557226 0.72638437356128
606 0.557199 109.878901679996 1.748123 0.766495010051326
607 0.494156 123.86210808874 1.875624 0.745812811065823
608 0.519229 117.371627718706 1.81813 0.757756589869812
609 0.363653 111.829844917749 2.075557 0.802494712849162
610 0.499462 119.953957411154 1.861028 0.755055895857666
611 0.274187 106.704435499826 2.176054 0.781034715776491
612 0.328137 122.749264231693 2.097874 0.81566868576345
613 0.559043 114.331330356547 1.738853 0.673554565524243
614 0.198033 122.411706977048 2.241028 0.806401540746615
615 0.466369 112.850562368881 1.925505 0.754412275977991
616 0.426852 114.279397998333 1.951265 0.734044570614173
617 0.477302 111.294891882798 1.882084 0.773279729506602
618 0.289052 127.731447806697 2.169289 0.815371719271159
619 0.534657 117.428481499405 1.787076 0.796094888643817
620 0.455597 119.645667198064 1.849568 0.771283248722979
621 0.608208 116.747355157886 1.645158 0.782828248330688
622 0.514247 106.040314680385 1.831668 0.706419502514259
623 0.450725 114.209879245305 1.944679 0.781536539654752
624 0.562932 99.3883092354769 1.708636 0.729132197295053
625 0.367943 118.358435197884 2.044943 0.715678561118034
626 0.410847 128.572982871478 2.023411 0.800215919989361
627 0.187374 122.53372666485 2.221956 0.791760256535708
628 0.325683 119.804098092127 2.084348 0.788788859196357
629 0.33897 117.039604462069 2.048596 0.758559928967849
630 0.534387 114.377446855618 1.735374 0.780547667776848
631 0.429522 105.962605074764 1.932153 0.734742843116235
632 0.285172 114.841917252019 2.144064 0.788581153465937
633 0.29005 121.431971097998 2.118174 0.833646268134719
634 0.427183 119.138642740341 1.934731 0.761804870642084
635 0.732484 99.0739771284753 1.219001 0.690042933630516
636 0.43627 114.512549407319 1.947952 0.772024868846235
637 0.376054 114.593660889208 2.069688 0.812316799377861
638 0.544483 106.622814000273 1.782319 0.748148846947285
639 0.621895 104.10752088139 1.582955 0.739556348192967
640 0.167142 127.190705357106 2.244161 0.840846447002978
641 0.464057 114.798979126653 1.908089 0.775023851234047
642 0.438838 116.881859226087 1.963529 0.779332997834678
643 0.327503 122.629239489329 2.105176 0.804149064240803
644 0.554342 111.378104551088 1.75425 0.69865341306097
645 0.443984 109.713430892628 1.956698 0.718214820058494
646 0.304502 120.490367736449 2.100161 0.814575091598757
647 0.574888 112.812086732135 1.702224 0.791618731875383
648 0.431365 120.083489421305 1.988543 0.814027044605375
649 0.456505 123.037754585954 1.938581 0.800014149656226
650 0.25618 132.105938610026 2.169336 0.834518778213069
651 0.334928 125.141571241398 2.12414 0.824198615221692
652 0.435024 108.069810792465 1.918639 0.778316200901228
653 0.552566 108.246444068099 1.748429 0.762491710833465
654 0.308989 122.687336196271 2.134541 0.798394204820863
655 0.463116 114.41309525637 1.926585 0.807841159134089
656 0.414488 106.618180553766 1.986601 0.738431433255392
657 0.360309 121.006985471353 2.090009 0.79849163328065
658 0.508276 109.873481300924 1.812166 0.768929800030931
659 0.26967 120.205042190919 2.153907 0.806132199740663
660 0.320748 115.043111469932 2.11489 0.802942559319325
661 0.432537 115.490302863193 1.947891 0.752739309608898
662 0.31142 120.077162581376 2.124981 0.788806835377166
663 0.472077 116.424012070791 1.877955 0.776345932865999
664 0.415882 114.056830913634 1.986461 0.767738802970623
665 0.449059 112.594944918806 1.917136 0.738533485259472
666 0.412018 108.086078421782 2.013383 0.783563754894264
667 0.375586 119.047632182082 2.041912 0.804731359166178
668 0.393601 116.94682724998 2.01372 0.792278574006913
669 0.362982 114.606407157889 2.058086 0.800253177335114
670 0.708123 106.395874681498 1.34907 0.694719990049653
671 0.520017 111.866417178449 1.748477 0.774712991149952
672 0.343482 124.723580476194 2.098939 0.80108669218396
673 0.383017 115.523083562031 1.979754 0.799082298039993
674 0.491441 118.989577897057 1.863594 0.824088566458938
675 0.373336 123.595386953499 2.025132 0.792748189538028
676 0.238253 119.858036384081 2.211599 0.829831244691954
677 0.569062 110.647004889845 1.716044 0.764676045899826
678 0.523996 105.130419400817 1.774851 0.734393019532204
679 0.424211 114.62609583043 1.989842 0.742297659253591
680 0.203014 134.575399686082 2.2364 0.820997019220674
681 0.38164 114.858388565127 2.037924 0.763087052802424
682 0.483437 109.198695503884 1.863523 0.76063320314184
683 0.638018 112.284174379453 1.565527 0.684452487995385
684 0.316709 126.28217697283 2.140215 0.82896425759157
685 0.635552 101.081753403099 1.556002 0.696653434559577
686 0.312706 125.072967987494 2.125756 0.806465660070353
687 0.40946 120.214297678888 2.016769 0.79517137781808
688 0.350182 120.290020919677 2.076483 0.804994730080268
689 0.548651 106.415219636225 1.748963 0.738319264762963
690 0.554314 108.972552571397 1.630178 0.742768717111943
691 0.250595 119.870339136195 2.152091 0.793265535629509
692 0.289606 115.020023558033 2.145847 0.804501084650362
693 0.54537 113.11375220442 1.761071 0.769317234171727
694 0.583581 101.615148001404 1.69022 0.690393517778818
695 0.394595 112.27713125914 1.957771 0.751378672232449
696 0.363053 121.99251218244 2.041601 0.793701998163978
697 0.400986 114.598035231154 1.956624 0.772824685929297
698 0.257177 125.472641678416 2.188853 0.788053427408073
699 0.398423 116.117221939687 2.007451 0.738309063633937
700 0.453542 112.903680724412 1.886821 0.771920085702736
701 0.44691 109.977251850958 1.964207 0.754480915810702
702 0.523133 104.499285535256 1.807686 0.722305213277574
703 0.471915 112.42325596639 1.887646 0.747325879420099
704 0.433471 119.135941639175 1.972384 0.799365943376751
705 0.348097 121.342270404462 2.055998 0.79307499502362
706 0.493932 105.933986471336 1.875668 0.772460166249334
707 0.25128 125.076308356843 2.19088 0.821602171607262
708 0.377317 115.272474070971 2.018413 0.797573089436106
709 0.447802 115.383030254711 1.962826 0.79390756072101
710 0.349482 112.850198416525 2.092159 0.782254603699915
711 0.387918 114.959976344682 2.012728 0.778392276272954
712 0.480095 126.914260722823 1.915629 0.74683567935219
713 0.566523 106.987831676182 1.698487 0.73825646353671
714 0.383725 122.187346338483 2.065047 0.758869584010535
715 0.451364 107.265638567927 1.914148 0.748916846067431
716 0.488817 111.775115648685 1.856235 0.782057072942723
717 0.638385 113.574021405039 1.562064 0.685826690048526
718 0.381608 108.523289669233 1.990239 0.788883205229052
719 0.256554 124.943657046539 2.191897 0.803430329420502
720 0.36266 115.472765364138 2.044254 0.805264390382914
721 0.255461 125.17897744448 2.198449 0.839247128987343
722 0.385618 111.250974205343 2.004559 0.77965061889839
723 0.335643 113.027588691055 2.076629 0.779008236523976
724 0.679653 110.320471050472 1.428287 0.670614123275362
725 0.56171 103.831724698451 1.730274 0.695080562974806
726 0.42378 115.091838793879 1.967165 0.75667291863435
727 0.152099 130.506062611701 2.263416 0.82476580589345
728 0.368624 116.138780635303 2.016138 0.765690984757966
729 0.471669 109.208462343323 1.901207 0.760172653968105
730 0.366887 123.888628272138 2.026715 0.831726207028608
731 0.36335 120.101790782811 2.051558 0.78864712010991
732 0.435018 108.42373609033 1.887635 0.7691180252264
733 0.580892 109.170665451824 1.625944 0.74774420149978
734 0.394224 107.689061398802 2.024103 0.785309137375381
735 0.33212 119.000548740466 2.088374 0.797184996712168
736 0.525338 105.990012813362 1.77466 0.737240116254764
737 0.406489 120.36972147239 1.989718 0.805655770260691
738 0.52078 100.016898774224 1.811555 0.701848195574661
739 0.385054 111.159017044299 2.022361 0.78225412874104
740 0.412017 120.586797178519 2.000943 0.779592948410163
741 0.468775 111.286778015761 1.853965 0.782788778325543
742 0.494192 116.971204280747 1.837878 0.777253778860025
743 0.409439 122.025824942619 2.017548 0.794878366746479
744 0.310022 120.096047407152 2.090607 0.805307466348227
745 0.37633 117.620390550501 2.058732 0.774956231822605
746 0.686198 110.469212757952 1.397167 0.703272846184738
747 0.404178 108.912005623873 2.03092 0.753593288735928
748 0.309636 120.228132863277 2.133504 0.769281116422489
749 0.569317 106.748551000446 1.71406 0.737760559720151
750 0.297544 123.485565963468 2.112781 0.820860181400226
751 0.422113 124.740709652704 2.006182 0.792296583988882
752 0.341379 112.312694873913 2.059287 0.767424148945411
753 0.6166 106.558378135009 1.586964 0.662149262772122
754 0.628873 99.6869971998692 1.559846 0.738001741489412
755 0.337557 115.404052554483 2.116593 0.771295896335922
756 0.305555 122.273213344015 2.092885 0.792696073182854
757 0.410979 121.130466102523 1.999216 0.790082854566004
758 0.363425 117.698403433586 2.070246 0.813013433021064
759 0.48042 126.940582312806 1.901455 0.767643193080538
760 0.350171 115.628272644475 2.055034 0.790647171255523
761 0.329722 119.511163243332 2.102949 0.796788162842384
762 0.493478 124.069742229024 1.86564 0.795698637435259
763 0.535347 99.7058313652215 1.796049 0.772209088626115
764 0.413862 115.066553256676 2.006228 0.81286315357745
765 0.348814 109.683253728614 2.056832 0.764832850010059
766 0.382362 124.592283121657 2.049623 0.828972622335598
767 0.571552 127.086215458288 1.732493 0.7603537478444
768 0.356643 116.591010839904 2.063028 0.807711370632905
769 0.559462 109.865473094632 1.718246 0.716683013427452
770 0.416777 110.205366437034 1.976743 0.786151457002632
771 0.458055 118.899614694891 1.918868 0.812427035108674
772 0.277431 116.961749070773 2.133447 0.721188464659457
773 0.321786 123.877680520778 2.127561 0.772591404810709
774 0.476192 111.258870271016 1.862649 0.729879191136798
775 0.37916 127.826917885135 2.025771 0.827867728024714
776 0.356924 121.895160554141 2.076024 0.801075011381141
777 0.563132 109.975700085473 1.697254 0.742589782416642
778 0.254138 124.359842598309 2.183582 0.822614974180151
779 0.459293 106.124963030958 1.890434 0.766883351808819
780 0.526591 116.110979165975 1.815776 0.777425784639085
781 0.472419 113.84781925453 1.851895 0.776730555788405
782 0.367897 122.099476420147 1.994993 0.790277170401523
783 0.239186 121.243219450695 2.185665 0.819592502775721
784 0.278098 120.353642584603 2.148189 0.82278667168867
785 0.403238 113.812151331641 2.0339 0.730799803101885
786 0.399159 118.953502801153 2.015146 0.799664439328393
787 0.532514 106.525238905717 1.764518 0.76899229176161
788 0.455874 117.179970023326 1.943506 0.784844776302691
789 0.389999 105.668075732879 2.041142 0.763112922675712
790 0.618258 111.554056090273 1.588141 0.665283621603449
791 0.530187 113.200624118101 1.81689 0.772963280670696
792 0.512496 113.621183685484 1.800744 0.778915402424895
793 0.427743 113.50711927549 1.949825 0.761336739366078
794 0.534581 115.351531972391 1.807193 0.751117355424965
795 0.357895 119.973815334375 2.084505 0.78816227856802
796 0.367098 112.48738019062 2.009205 0.780383607836403
797 0.431574 122.989190280201 1.933947 0.82637621060519
798 0.46892 117.786729676153 1.917856 0.800043493495651
799 0.451626 114.589058941526 1.953677 0.746848696693357
800 0.384835 110.463050752826 2.051594 0.776767743275895
801 0.423951 116.623384748798 1.999038 0.769832064151503
802 0.525425 112.593502263069 1.788788 0.770740426922377
803 0.451766 122.575523290441 1.94011 0.780227419370746
804 0.314106 106.866475033985 2.125438 0.808494958234654
805 0.530525 116.453096969955 1.811874 0.762425695640496
806 0.438801 104.328522822859 1.933706 0.766734492361447
807 0.465546 114.401103406801 1.922524 0.769159770383131
808 0.380592 115.405486129291 2.041093 0.77940558490919
809 0.534797 112.522223547188 1.796825 0.702440827542401
810 0.520779 117.197367210235 1.815487 0.776010594972272
811 0.480592 114.575353706706 1.875864 0.777110782708925
812 0.431048 107.148951199204 1.919551 0.767969912880678
813 0.571861 110.576613009145 1.702614 0.724961630856473
814 0.276163 119.933245156876 2.160773 0.79610955584274
815 0.393987 118.196716414795 1.992803 0.781426919493458
816 0.388176 106.023730696126 2.000251 0.773095552043983
817 0.111185 130.252188096639 2.279199 0.844566280872082
818 0.355712 119.696261758722 2.09946 0.80030255671093
819 0.597928 103.993422292603 1.648649 0.767424456914857
820 0.406746 119.022286155524 1.951639 0.772017965973005
821 0.529099 112.583645977809 1.80052 0.699180141214755
822 0.351464 114.744265006898 2.055974 0.792728408447289
823 0.492728 114.729702508812 1.860872 0.777617051095451
824 0.118622 135.175079734619 2.279734 0.851864458370282
825 0.49828 115.481780368279 1.788528 0.786187251079578
826 0.404779 112.471536479853 1.993767 0.749753333271449
827 0.492742 122.820184895364 1.873682 0.801548276368967
828 0.453104 112.093459119983 1.927772 0.756706412558332
829 0.27932 123.184151248815 2.162686 0.797466261559857
830 0.526198 115.275870682087 1.811929 0.782755867760922
831 0.465012 113.203088346058 1.909208 0.757633250262663
832 0.444517 108.022968855237 1.941017 0.794792929310164
833 0.398286 114.940691233615 2.022531 0.788195842448109
834 0.471132 106.382323158212 1.906741 0.744082876062227
835 0.33391 120.427698475475 2.073007 0.712664474629816
836 0.442304 122.344352171431 1.954934 0.744981808378756
837 0.558169 110.189634299642 1.745515 0.779211864337077
838 0.174415 132.579166962532 2.253919 0.847167118081747
839 0.426617 118.198801998494 1.971066 0.799158870943738
840 0.418671 122.546235595347 1.972498 0.785410971242621
841 0.5978 110.913274965204 1.663611 0.661088159360207
842 0.324671 121.510504762191 2.087585 0.768482463890259
843 0.350822 124.051849108594 2.098847 0.793792345038935
844 0.298258 123.201061644877 2.147529 0.82381253769089
845 0.445783 106.208499499044 1.872001 0.741330123186862
846 0.441864 115.233767043829 1.894476 0.722576820206274
847 0.427785 112.501702141701 1.96801 0.759074138461145
848 0.39172 120.218867200978 2.001702 0.792589558070209
849 0.384496 120.02508385174 2.046369 0.782492815479437
850 0.439654 113.813899962015 1.936816 0.785755489446189
851 0.501222 108.467489712771 1.84149 0.765475143753974
852 0.366396 116.623294162872 2.048148 0.805013404696993
853 0.205139 118.908134754526 2.200156 0.802824391736488
854 0.319777 117.174551772697 2.128899 0.80190953180957
855 0.528967 116.341019216871 1.815531 0.747602856046237
856 0.210676 122.668906575234 2.222379 0.825975564902324
857 0.413037 110.12480516571 1.972914 0.746245662538614
858 0.389404 113.775412107177 2.002227 0.78503690948014
859 0.297038 120.795064295093 2.137457 0.802413154029207
860 0.414704 114.521041338443 1.965654 0.789942863046745
861 0.422368 116.983178232618 1.962362 0.791437234287434
862 0.389537 112.269402246181 1.975293 0.770031762458186
863 0.432416 115.331302601118 1.93014 0.795138580622347
864 0.295981 122.956612989465 2.149021 0.823411633592881
865 0.213215 115.077873855909 2.185035 0.773705298903032
866 0.560662 99.4757764903936 1.702099 0.742851555508383
867 0.418394 113.116263663452 1.941301 0.748943087872551
868 0.560129 110.414449209327 1.746967 0.779081387593124
869 0.373963 102.887284156541 1.998905 0.767800368005525
870 0.597893 107.058139698622 1.614588 0.664894767422208
871 0.49233 108.857673404499 1.884289 0.747488456438886
872 0.307559 121.39183952848 2.133332 0.827283098625714
873 0.278768 120.577770718173 2.168806 0.815465609642724
874 0.495585 106.803383803746 1.83045 0.755723999861971
875 0.434749 112.572657146558 1.893923 0.769887821543391
876 0.603274 104.290187370591 1.651259 0.721550064345686
877 0.573333 114.790379336297 1.713479 0.757760452215601
878 0.261345 125.428469959234 2.192657 0.80596224674826
879 0.381159 120.657697562351 1.993055 0.75527026338092
880 0.404849 114.372125754857 2.004462 0.756606361988195
881 0.555769 108.552577405455 1.745206 0.765720356510173
882 0.340085 111.239195020408 2.108923 0.764787154098818
883 0.420825 115.021988662161 1.979603 0.788945135802437
884 0.469287 117.690743321166 1.863883 0.800672858583252
885 0.480443 113.797014641952 1.864141 0.710566687253206
886 0.656511 111.233341100437 1.419952 0.65638386663267
887 0.36466 126.015271661729 2.05626 0.818440788328755
888 0.237036 123.012004215439 2.205309 0.831518606975731
889 0.511184 104.512418029864 1.787604 0.742439513557683
890 0.401257 121.01008915999 2.006805 0.811747513306342
891 0.45474 109.633316068137 1.940985 0.747560069775384
892 0.577038 104.607844591098 1.666539 0.704865943362567
893 0.504604 103.136440920198 1.830659 0.714227613530353
894 0.278942 119.266354825725 2.147971 0.781415023185604
895 0.374234 109.738246294269 2.045483 0.781262840929267
896 0.409533 123.321505441861 1.982971 0.794763375292578
897 0.382847 110.541730740308 2.028949 0.783054599218384
898 0.384484 111.751165178895 2.03452 0.768357821782086
899 0.416552 118.73660095237 1.990293 0.791396009296543
900 0.375166 118.3311660598 2.0162 0.789063263975499
901 0.291735 113.033681101718 2.104425 0.771617437886503
902 0.54228 116.301904897635 1.786264 0.700043686161969
903 0.349531 122.72662930983 2.077716 0.783293921309417
904 0.397899 117.066410110119 2.011093 0.785796978896408
905 0.338154 111.142307329384 2.085378 0.801051022694784
906 0.588296 101.300556208685 1.683338 0.724335460876989
907 0.459087 112.306761882546 1.93447 0.744687514583373
908 0.157432 121.84881616154 2.262034 0.823607530345177
909 0.308112 117.900844029128 2.131684 0.761287636573393
910 0.581748 106.071290086669 1.640227 0.746706146877192
911 0.659405 90.611899848501 1.436634 0.684451518814595
912 0.520741 111.157399926419 1.781383 0.774244340810103
913 0.421762 115.172296714439 1.9683 0.768882017184363
914 0.349113 119.105801976259 2.075125 0.787805245101792
915 0.326652 124.037797721464 2.129157 0.814194201691483
916 0.449916 122.009137109989 1.964634 0.787444841221667
917 0.51907 118.248369569143 1.843582 0.746683997756197
918 0.579141 94.2363824951911 1.632637 0.70290408073854
919 0.318633 109.743685532378 2.089506 0.793567035759698
920 0.457716 116.614120860557 1.942384 0.782330285294065
921 0.507504 115.680554369083 1.806436 0.775168853158326
922 0.42388 119.42938927843 1.976507 0.809519349403347
923 0.452507 107.473037497216 1.930403 0.758538448309815
924 0.426536 110.273937457101 1.972276 0.786636153452591
925 0.337914 113.096427796188 2.073681 0.762738663118556
926 0.30681 122.534300239293 2.130549 0.798574285242856
927 0.253836 124.247552941451 2.187132 0.7957120101137
928 0.444792 126.348224601434 1.953289 0.839110222766418
929 0.384053 114.36460032152 2.007716 0.805825231358397
930 0.574343 100.511259835369 1.708731 0.718660663480945
931 0.419322 113.972483682249 2.002739 0.764472439163082
932 0.245395 115.106466035035 2.178539 0.777882847854637
933 0.463186 110.539262360657 1.887225 0.734489296385717
934 0.456204 111.354988423139 1.92635 0.772348408717843
935 0.488553 101.879510842059 1.842051 0.749187384718937
936 0.329136 122.432407585054 2.12558 0.809005174746668
937 0.351273 119.064288304747 2.053927 0.799221027295614
938 0.384029 113.356537999419 1.993651 0.771514865217776
939 0.443313 111.775993000902 1.905439 0.769600685003847
940 0.441505 121.782449124951 1.94644 0.730710875665508
941 0.414992 108.823222306347 2.00701 0.751502953759633
942 0.342329 126.714528573212 2.099628 0.820750005158158
943 0.364144 118.206404667817 2.06276 0.692252325664353
944 0.377664 120.719056239086 2.042769 0.788809569063104
945 0.594814 105.462005200767 1.653565 0.740263166819797
946 0.167102 124.618825974505 2.24584 0.832742647973224
947 0.244612 130.220351452765 2.208569 0.83265302610435
948 0.384794 116.68045551755 2.017362 0.761971351546008
949 0.355596 120.229511280999 2.096777 0.782140970597152
950 0.266923 129.074245039102 2.186476 0.830322161735629
951 0.431763 119.200946655858 1.973786 0.716113560535118
952 0.43444 122.087118980589 1.989698 0.768101913226399
953 0.244619 123.281755966692 2.189787 0.818987551016396
954 0.32329 114.667708643765 2.119126 0.783611574273593
955 0.318257 113.968674525125 2.124999 0.789383735004081
956 0.559848 103.831105235467 1.745672 0.737827169341567
957 0.469085 106.381030254568 1.879415 0.758503776050456
958 0.477493 113.807997976551 1.893454 0.741486693815641
959 0.278293 116.638154895554 2.150186 0.808176229160602
960 0.285501 121.091330757258 2.165025 0.829119924074582
961 0.665878 112.637396506144 1.464422 0.734934276742023
962 0.384496 114.896981197632 2.014807 0.790163533805616
963 0.528711 106.355191077013 1.815105 0.739637550097868
964 0.522288 116.400579129449 1.827483 0.715694550130071
965 0.502922 111.069285302748 1.798387 0.770542005171446
966 0.338042 126.711452643931 2.097749 0.818885401451298
967 0.469943 126.099740630086 1.937126 0.809261870115609
968 0.341278 123.040290264173 2.095635 0.791669279876418
969 0.54422 108.555130648385 1.783433 0.791963559095398
970 0.329269 120.336078887344 2.094255 0.807896992172149
971 0.377222 122.843128499422 2.017831 0.800803477911584
972 0.382139 113.022893154649 2.036764 0.806381567168715
973 0.316928 122.113306009015 2.126669 0.796438027406407
974 0.43195 115.93647251736 1.971196 0.730462717488728
975 0.468726 120.217165426077 1.916747 0.776760906157855
976 0.445729 112.658162998024 1.944372 0.782412265570101
977 0.5028 115.320010997132 1.852561 0.786560649343631
978 0.481173 114.315609021157 1.846138 0.751036725311932
979 0.190856 123.352773390524 2.245275 0.829055414312447
980 0.331579 116.78967104481 2.104247 0.747062961545574
981 0.417615 119.476677418389 1.98298 0.817705159469183
982 0.372433 117.242478153775 2.02936 0.702257517438965
983 0.584589 106.579248849023 1.701589 0.753918672938509
984 0.382589 107.639546110437 2.038494 0.764788776067007
985 0.325363 105.022071769853 2.083276 0.797328243075079
986 0.480444 113.612302972862 1.866417 0.711751313228643
987 0.551637 109.830444747738 1.745386 0.743031648447578
988 0.282411 124.110403093822 2.150596 0.760511371695814
989 0.522263 115.563659831972 1.813415 0.777655019422359
990 0.63151 113.132528983253 1.547354 0.746767659206345
991 0.364689 110.908587979559 2.04172 0.770557979930517
992 0.316923 126.022088489578 2.10439 0.822879874901
993 0.506085 110.291714516148 1.822323 0.721792946957717
994 0.441754 113.188438881118 1.968237 0.759869784636127
995 0.425904 114.288975832199 1.98974 0.735634050940302
996 0.266341 128.833690705508 2.186369 0.83180437834963
997 0.538066 114.986044957902 1.805329 0.765413722763847
998 0.300723 120.872120701875 2.078635 0.760338394874719
999 0.462803 116.217706241631 1.918874 0.774302544038671
1000 0.383635 121.304966291515 2.052897 0.797794617940245
