rep aei_left left_area adi_left H
1 0.463877 102.553888781984 1.911721 0.726651032526096
2 0.434282 106.380688474897 1.929274 0.71377112879739
3 0.428152 110.356282032951 1.927994 0.746075680699979
4 0.639134 98.9809548473043 1.557684 0.709488982784812
5 0.434395 120.421347471715 1.988055 0.730080532133534
6 0.200549 117.437717148035 2.216777 0.804920306737072
7 0.469821 103.399271362674 1.866161 0.730074032320234
8 0.285311 120.702792128242 2.141699 0.816177561469158
9 0.553703 101.63171127155 1.743649 0.685880494687429
10 0.324424 116.117435689914 2.10922 0.768843254368609
11 0.42611 108.987132406374 1.914363 0.794152800023834
12 0.346142 121.29579531525 2.085772 0.799595553471101
13 0.400663 116.435165981569 2.04067 0.781284740904382
14 0.350646 114.057325020497 2.099599 0.752517184170142
15 0.313222 113.092094706231 2.126734 0.739531757412036
16 0.490812 101.053874443244 1.849868 0.704159390380952
17 0.166074 132.034679583703 2.258026 0.792170730842152
18 0.469469 118.634000897495 1.925271 0.736771948972624
19 0.319999 111.8446052072 2.140148 0.716631710318269
20 0.435826 113.628396936157 1.924318 0.792786520941309
21 0.255481 120.266705370734 2.187156 0.772474751502347
22 0.648072 112.343273397705 1.504949 0.713521838429261
23 0.575546 118.660598818684 1.709952 0.722378737216252
24 0.32218 121.01256196086 2.126196 0.747058740818514
25 0.507423 94.4197521660049 1.82324 0.730380279208694
26 0.536104 112.974071829257 1.800479 0.775798974950919
27 0.518275 106.122474416179 1.755459 0.722925568835595
28 0.458803 115.397716253486 1.939841 0.78918271724196
29 0.537407 97.3167571789569 1.780405 0.756377760877759
30 0.37775 117.650535551701 2.018013 0.726681936525495
31 0.563871 100.390132855728 1.703742 0.728080060312526
32 0.381375 114.068985158747 2.038602 0.730988711454859
33 0.467672 121.045621404283 1.912054 0.743931922811871
34 0.374167 117.661502670815 1.999488 0.778969350039084
35 0.571495 95.2757039218917 1.695471 0.736761981140432
36 0.380833 122.496512166318 2.045851 0.802487989251724
37 0.460302 120.143405560323 1.91817 0.767683984892079
38 0.515559 102.138040353625 1.723012 0.714537073317019
39 0.260632 116.713593727112 2.183755 0.776036270145333
40 0.379682 114.73281680666 2.010125 0.763796725597003
41 0.436233 114.86395698068 1.964941 0.734402301641903
42 0.404868 108.238546159444 2.009199 0.734197948767618
43 0.174298 121.163352627982 2.250918 0.835143945449753
44 0.229943 114.89509206916 2.198585 0.779093748135686
45 0.497431 103.05166034003 1.854921 0.73631282103569
46 0.31388 113.242719816449 2.090566 0.805752835481257
47 0.541819 113.36444297121 1.7494 0.725608091877977
48 0.385256 121.566173461105 2.031578 0.747950347178518
49 0.438678 121.004998696163 1.967471 0.781587722192085
50 0.414115 111.205254973923 1.983663 0.732893811133627
51 0.33451 118.086773391509 2.095325 0.779136308899409
52 0.474317 113.998337812912 1.901071 0.778564274148034
53 0.41535 110.658205313623 2.007772 0.748445970161932
54 0.401757 115.720080344183 1.957875 0.763648470104819
55 0.409981 114.80328906162 2.021053 0.754798468530508
56 0.495466 100.681469716829 1.850746 0.742075648864052
57 0.314663 122.687695323884 2.139243 0.795254803712264
58 0.493068 113.598826021514 1.887338 0.756917568637287
59 0.126562 128.859885570202 2.27658 0.827939812826847
60 0.628823 112.641803718034 1.543671 0.684947325817865
61 0.515859 113.007967155176 1.837879 0.766012289950965
62 0.190201 123.655493239469 2.23152 0.806164482717252
63 0.496781 112.158705205886 1.864926 0.753634537346491
64 0.602185 98.8990273755444 1.635075 0.746216318238246
65 0.476092 120.60637011191 1.895088 0.759303738780133
66 0.489464 95.2231607360454 1.873217 0.670291248642778
67 0.500629 100.944610912897 1.811943 0.690142411544828
68 0.344853 117.143078610232 2.054075 0.727645498293914
69 0.412758 116.052198667199 1.945184 0.753968471404062
70 0.550675 111.763222253276 1.749437 0.780763966863479
71 0.527498 108.511693603601 1.784732 0.699708344675665
72 0.285429 124.845186719375 2.168421 0.790121062174219
73 0.683129 108.546059667478 1.424142 0.690601778011708
74 0.531403 118.226793389374 1.822923 0.751613554161409
75 0.402517 119.255458565304 2.027784 0.787545075130284
76 0.633372 108.490294091939 1.577705 0.733349797209966
77 0.340603 116.246932815842 2.098277 0.787419169322684
78 0.3006 127.522984723894 2.155884 0.799180679751514
79 0.413014 120.403342590824 2.018455 0.729209403528849
80 0.52678 104.359875269103 1.772996 0.735196613463536
81 0.632033 96.3013598556059 1.487275 0.693179160900513
82 0.478683 124.186241909886 1.909585 0.77014679221473
83 0.368382 122.684737991012 2.08384 0.783625879625462
84 0.348415 104.538595183249 2.005844 0.690018513311933
85 0.206546 124.068391479336 2.235349 0.813583879137037
86 0.506133 117.332923029883 1.803951 0.747313607227436
87 0.373704 108.456618744852 2.000058 0.766821274976843
88 0.371866 125.9453233923 2.067746 0.789979790364322
89 0.396494 121.145529223143 2.03185 0.762671324759717
90 0.510572 102.948920575955 1.833573 0.737549303726016
91 0.546792 110.63928409496 1.764841 0.725918048281838
92 0.319571 115.731531633521 2.135521 0.729359442886117
93 0.41147 122.496255425256 2.000352 0.816924821653668
94 0.456946 105.840531177431 1.885656 0.73843515161649
95 0.468286 109.590336081083 1.915306 0.756285745089305
96 0.229159 121.866604198046 2.214513 0.808949956041842
97 0.286816 120.081256567254 2.144209 0.764888049134667
98 0.225201 122.947960242412 2.21513 0.748683849207347
99 0.364647 119.236756896245 2.041088 0.781296118424627
100 0.529805 99.977782300245 1.752984 0.654050035874493
101 0.550331 112.739403634229 1.744715 0.742117992466009
102 0.194558 124.815659337445 2.231422 0.799962185924212
103 0.387279 126.834917217403 2.048328 0.803007632563639
104 0.336472 116.27540268905 2.054693 0.782892325637182
105 0.461838 105.745018837624 1.915489 0.724503489300173
106 0.384136 120.520004009598 2.021313 0.764728388830637
107 0.540852 118.929654281709 1.775964 0.783379794458679
108 0.104724 119.901748267044 2.281807 0.824374461028846
109 0.261866 113.004622533832 2.157199 0.773959086217938
110 0.521444 109.988430015299 1.791291 0.709984269837515
111 0.378464 126.495074057371 2.055368 0.770474166798269
112 0.450935 112.860002728908 1.937171 0.757625311601751
113 0.536506 114.825348013746 1.790572 0.737576399803135
114 0.42862 109.984162514898 1.967098 0.775777416222026
115 0.61662 95.3617085064555 1.59537 0.713681685375185
116 0.366565 120.216002955712 2.072281 0.824126093722905
117 0.533647 107.382266201674 1.748916 0.72955231605929
118 0.464987 108.969592960403 1.915086 0.745880213318772
119 0.213979 128.622409348931 2.228296 0.76977524200556
120 0.323535 118.574129471904 2.118788 0.749189433001132
121 0.274291 118.095816349163 2.184392 0.773777147226749
122 0.73427 91.3157369103408 1.248075 0.581916875049332
123 0.381519 113.812002149415 2.061271 0.794487781178315
124 0.439791 109.760227475024 1.908122 0.738160470624672
125 0.25779 120.081332220418 2.187627 0.760043654304854
126 0.502755 106.557144050908 1.847623 0.699485375213438
127 0.434382 116.23199286673 1.932993 0.787979825523779
128 0.271662 121.274822371029 2.168639 0.76330075773113
129 0.531578 109.861239818992 1.812576 0.727602245944301
130 0.285463 123.435901041309 2.173951 0.789262395122095
131 0.350771 123.591240612418 2.093631 0.729849627094983
132 0.539655 104.13314154861 1.778244 0.727056349091639
133 0.466443 110.997808379624 1.900856 0.750902253005522
134 0.483819 112.456828464434 1.863753 0.78483338788272
135 0.584134 120.29889585899 1.703336 0.733468850394802
136 0.413651 116.659329785453 1.997305 0.806193187792958
137 0.356659 113.377068310825 2.072215 0.78287493601815
138 0.268806 126.011067523566 2.184621 0.810617343519123
139 0.233156 127.238351085416 2.214563 0.76598257430819
140 0.333697 115.566975893574 2.086025 0.752020609926057
141 0.46891 110.478523507791 1.907996 0.750916217876483
142 0.714053 102.555491728487 1.313557 0.646167136223175
143 0.534096 113.365548196386 1.790127 0.720927900319492
144 0.49842 97.5024261780809 1.818116 0.650461511297981
145 0.416029 113.834670925699 1.980856 0.750748428324664
146 0.597017 112.441746032152 1.637853 0.742461985954527
147 0.432581 120.019624594266 1.902578 0.739179026922195
148 0.415197 115.885618233626 1.967739 0.769917396145353
149 0.456684 110.025447233788 1.921438 0.716049062535989
150 0.514617 109.911147879883 1.817046 0.769603579357758
151 0.614663 104.607606356836 1.606951 0.619515856783189
152 0.51069 108.066168395451 1.86409 0.743587118660128
153 0.35638 125.504616241717 2.0491 0.772800262286595
154 0.219291 126.455077972994 2.223495 0.813552915709103
155 0.62734 104.625526738547 1.557691 0.672954868473778
156 0.529983 117.691318523123 1.807558 0.77031713038723
157 0.30214 130.066704178058 2.139802 0.800018092681371
158 0.517622 125.224464822555 1.835352 0.723699028895118
159 0.469665 102.921688701773 1.887906 0.751940156645443
160 0.429968 112.353590867654 1.956548 0.764585020241367
161 0.47358 114.180307435829 1.837788 0.776168574471621
162 0.374362 122.346514702859 2.044568 0.755537466187247
163 0.419981 111.012866941728 2.011963 0.761836511478592
164 0.395937 111.324918747632 2.001953 0.753847225462214
165 0.460461 115.477274657941 1.924663 0.764210410162976
166 0.375518 114.543253432976 2.023783 0.765896730674232
167 0.390492 114.891016148521 2.018452 0.784573535141431
168 0.455812 122.165418980665 1.915714 0.816884023602911
169 0.189957 131.558546921018 2.245514 0.820821227908418
170 0.535614 104.988514547295 1.777259 0.73196771432139
171 0.515473 119.792208274798 1.852596 0.806708544582888
172 0.261874 115.951780878048 2.177675 0.767971067698386
173 0.458889 110.399813847887 1.928092 0.74250973849181
174 0.536421 95.6768078967088 1.752543 0.725163142078419
175 0.530486 122.276917943252 1.770724 0.790390814978895
176 0.456713 122.693880509017 1.917592 0.775077468769712
177 0.527994 100.194151028176 1.712929 0.724070889758864
178 0.439953 107.618727805993 1.924219 0.721161951716225
179 0.520947 123.116297358678 1.844486 0.726333944645331
180 0.417486 122.73891396467 1.982775 0.743825215403278
181 0.22563 130.660382437981 2.219506 0.83758792552576
182 0.392375 120.793330023238 2.041855 0.758997252256509
183 0.408143 112.04572107708 1.989779 0.768355688837164
184 0.47484 112.577225195467 1.903908 0.755028394800614
185 0.273561 115.669092310272 2.148478 0.757727376617225
186 0.675268 98.6217356481817 1.451061 0.654613410117881
187 0.508333 102.383683435885 1.838836 0.733616000359428
188 0.601384 107.464359268201 1.628502 0.739706025703285
189 0.578826 100.755188338145 1.667636 0.693997063087477
190 0.793393 99.473505902115 0.970324 0.699028756095772
191 0.430914 108.880862125873 1.941159 0.801618465380955
192 0.652355 94.9421642234843 1.511294 0.665138131837573
193 0.398127 110.539724824834 1.982968 0.779340787343131
194 0.433683 106.161915677407 1.988514 0.742444865754187
195 0.501421 104.736473135782 1.829763 0.740174193234279
196 0.367715 113.973110173044 2.05977 0.753989695129888
197 0.436639 106.441979653524 1.961873 0.743324270928482
198 0.598656 96.008848017904 1.624614 0.745633117000543
199 0.528077 112.633789384065 1.776727 0.762114596333293
200 0.502168 103.720470294337 1.867419 0.723492707276298
201 0.433069 108.124247708294 1.988656 0.751233595537578
202 0.422929 104.422359970543 1.976444 0.745276573084405
203 0.400313 118.003269582008 2.023593 0.765363586212273
204 0.516623 99.4799630896707 1.826715 0.705344530102937
205 0.363673 112.614274996506 2.079513 0.739353002671359
206 0.395243 107.662961564413 2.03089 0.762880736945308
207 0.32771 118.73513597126 2.07827 0.800598260955925
208 0.379785 116.425859267522 2.067099 0.79743665925581
209 0.480157 105.906089657364 1.885603 0.728964916813529
210 0.460517 112.471495665558 1.922047 0.744182719919442
211 0.452443 109.069528223186 1.896582 0.727368333661373
212 0.12926 124.273443827913 2.276016 0.828575034304049
213 0.361751 116.977325518128 2.04467 0.799487309885679
214 0.397121 109.462717261116 1.99154 0.773859316520631
215 0.542917 112.637102974272 1.776405 0.730017719058782
216 0.507821 103.024588204219 1.824232 0.710008193085849
217 0.364164 93.8000501377876 2.040819 0.748939860580565
218 0.360082 116.429509868207 2.077065 0.783478092004206
219 0.361655 120.63421656233 2.046992 0.751742812453535
220 0.340116 118.694486231081 2.027765 0.788289766834258
221 0.345444 117.736589738773 2.080969 0.773211433018403
222 0.443814 105.445694540702 1.937211 0.719017579595385
223 0.278429 126.665866584347 2.176689 0.79621860113702
224 0.361156 122.189649602126 2.019454 0.804704999446103
225 0.421592 114.754545630526 1.988646 0.748281002118453
226 0.566088 107.014342720269 1.686262 0.670672702763153
227 0.302558 114.930939889437 2.119929 0.771321354466091
228 0.464861 99.4866174672798 1.866144 0.725967068302234
229 0.450656 117.599578843974 1.895855 0.730819203410236
230 0.363607 107.407654863477 2.034041 0.693546952782386
231 0.400915 110.714805074562 1.96827 0.770108517492701
232 0.339677 116.04890750035 2.096586 0.703353259566235
233 0.607045 110.333395057831 1.592657 0.624832402995949
234 0.327303 105.307647442981 2.122355 0.656536209815024
235 0.391187 116.090216555027 2.037582 0.782952048222221
236 0.440931 116.818709092099 1.983391 0.742271779067248
237 0.425207 116.457024497742 1.949103 0.712294826570463
238 0.486218 109.912836327062 1.860268 0.722163389449492
239 0.503143 123.454727967756 1.844938 0.80469889247866
240 0.418055 118.385901665333 1.948801 0.741670175541792
241 0.349577 101.092371764279 2.069992 0.725114523901104
242 0.26093 122.47659054228 2.194192 0.789330420580058
243 0.426198 119.978952458715 1.984349 0.80439861672455
244 0.266218 118.760483974874 2.191613 0.744225496145823
245 0.402666 117.098167923534 1.957786 0.771076069988039
246 0.376799 123.835798857681 2.019257 0.824996114964448
247 0.464996 103.651544974383 1.855237 0.72107378613293
248 0.701639 100.481119588326 1.352783 0.665449211574172
249 0.529703 102.041299977758 1.780945 0.713971703113563
250 0.470095 114.930491340658 1.92752 0.764551556016211
251 0.529187 115.128452288405 1.794945 0.709134254515853
252 0.542043 107.29919986853 1.798892 0.718239624941573
253 0.604915 94.1707090439473 1.635342 0.707614575340734
254 0.179221 118.824070969878 2.244582 0.790467912661499
255 0.342198 105.318210808258 2.068175 0.754051110912069
256 0.529066 103.812935135154 1.762356 0.702158065096825
257 0.405883 105.32041909595 1.95849 0.705683802939508
258 0.442624 115.288844480202 1.938273 0.739025442860509
259 0.43471 113.535166275132 1.989189 0.781121399153834
260 0.448441 117.161107815055 1.936619 0.768135888590461
261 0.497567 114.796671310286 1.85389 0.718298539588655
262 0.386999 124.315697988214 2.049846 0.804709010167386
263 0.534361 100.153981536297 1.806912 0.690516338078518
264 0.735429 87.1385266258548 1.174074 0.634710870845631
265 0.434349 111.06832491117 1.970893 0.766380856909622
266 0.333928 114.972982776655 2.119471 0.770112505594987
267 0.768458 101.553089395618 0.977305 0.641730919619386
268 0.574895 114.991716795006 1.679626 0.718726827062428
269 0.232638 125.525427415141 2.215715 0.75641916506086
270 0.450195 108.167175674882 1.935691 0.706917538371652
271 0.67668 110.855094220527 1.451887 0.752254030398821
272 0.616488 88.9975930769687 1.616961 0.693768426654752
273 0.735529 109.311258133293 1.215688 0.738628346908823
274 0.42292 111.993259809978 1.970847 0.764111785407988
275 0.322749 110.910891836307 2.085661 0.763433180148946
276 0.594864 96.5311550882498 1.661945 0.65052158742802
277 0.400303 111.015213210357 1.991924 0.735491047943469
278 0.419034 111.182877109678 2.009061 0.787345656585854
279 0.560307 110.213863425581 1.69062 0.750018242844554
280 0.318153 125.764548995983 2.108599 0.810151408503065
281 0.553166 96.8203596793302 1.738162 0.681409471415693
282 0.251071 113.461446201481 2.187048 0.786182653278608
283 0.294582 118.166496999277 2.125214 0.797365432031524
284 0.381434 123.68199003982 2.05517 0.725298833226696
285 0.514085 124.303222235073 1.793717 0.723389694856358
286 0.527399 102.207818958596 1.800893 0.713114584968682
287 0.565489 108.606749260465 1.700783 0.723026429198092
288 0.552121 119.255369314466 1.764843 0.712408622974088
289 0.327464 107.820013326916 2.109037 0.789748432937849
290 0.239507 118.615037716215 2.195569 0.77934802832213
291 0.421975 116.403956298675 1.965416 0.788504097177482
292 0.595833 113.528849436335 1.665416 0.685467642459745
293 0.558525 119.820523829159 1.725612 0.743715568416608
294 0.417208 120.359174178566 1.974955 0.74135503404743
295 0.369316 110.371572176456 2.052891 0.780737138157748
296 0.438016 113.595387047301 1.954625 0.766102479312944
297 0.454679 110.323504518822 1.892557 0.76064675768831
298 0.507928 117.567373293699 1.858018 0.770387388396977
299 0.329259 116.392697994505 2.117912 0.707219602846948
300 0.72605 106.061815343679 1.26101 0.707202182704709
301 0.447701 121.936079517612 1.966799 0.81971708545703
302 0.401922 112.099590054598 1.977244 0.762583804332371
303 0.197801 134.270956995073 2.235075 0.840306129963223
304 0.36217 105.830615558124 2.069347 0.75560799924372
305 0.40807 100.846792102116 1.982704 0.698687441704145
306 0.470377 107.612946696101 1.927039 0.742466504774724
307 0.427831 111.357918199005 1.94101 0.733928337062624
308 0.409682 108.462814657989 2.004275 0.721512057114454
309 0.485378 114.319387756373 1.811679 0.73372969953186
310 0.593012 109.921149321627 1.663196 0.731616942529325
311 0.526904 104.892497875176 1.812523 0.723742028077652
312 0.60571 110.727138091895 1.646037 0.732494741439203
313 0.478115 111.413237602924 1.844282 0.781605237144078
314 0.326263 113.902405333881 2.116376 0.785002848263838
315 0.135219 121.696999445096 2.259049 0.819038420874457
316 0.422655 120.793167211385 2.001477 0.773785077073505
317 0.311518 118.37270862481 2.141414 0.782630035727394
318 0.358366 112.69903246661 2.052272 0.758746609608322
319 0.25862 122.907140202096 2.18327 0.777086524989783
320 0.418322 97.6823852410518 2.002634 0.72049661256263
321 0.401516 101.07402425979 1.956404 0.752078063857826
322 0.32774 120.763672306599 2.118414 0.765509393306134
323 0.649841 96.5430816825585 1.510624 0.644210754976187
324 0.454678 112.295306230283 1.956403 0.721397887259735
325 0.796111 94.0514389800139 0.968384 0.587380256819791
326 0.470862 106.302922692165 1.903578 0.759710379037771
327 0.319853 120.511521904158 2.138389 0.80600843263549
328 0.343514 114.456069025315 2.038616 0.755212487686746
329 0.377326 120.433498893203 2.058281 0.760643432507409
330 0.170789 129.638826129646 2.257153 0.764475047840435
331 0.5733 84.3649689508176 1.634639 0.672987817532809
332 0.491734 97.5886991540184 1.863438 0.700537630201722
333 0.457021 112.255334058711 1.924308 0.758258152490083
334 0.327843 121.106245375201 2.118671 0.779698130825792
335 0.681605 97.0400544572204 1.414299 0.639559504364349
336 0.587379 91.0009268454019 1.67432 0.640757163000128
337 0.388817 117.098933453181 1.993749 0.750232450071924
338 0.523978 110.734174023165 1.836589 0.702238468531535
339 0.3234 121.938957010838 2.109991 0.786570277375414
340 0.426275 113.820076284237 1.988179 0.717932667942388
341 0.52738 106.912553982871 1.810104 0.698745013477242
342 0.71862 87.9151703016273 1.313702 0.610074864649935
343 0.227863 127.590558772949 2.193325 0.802642595722821
344 0.31528 118.865788041686 2.119344 0.727588614756583
345 0.454746 106.28412266718 1.907543 0.743847712115104
346 0.471407 107.940792438826 1.855793 0.758427872933174
347 0.471507 109.895500190828 1.860038 0.748314559995402
348 0.44655 118.711947572861 1.924662 0.721316321108691
349 0.534828 120.139170580223 1.79644 0.742450929407919
350 0.409401 113.080203615834 1.957435 0.776318797437657
351 0.607035 103.959096433863 1.620896 0.708012077571992
352 0.267196 117.6826271133 2.146582 0.761935761825361
353 0.567491 104.296570667392 1.678077 0.6842212978284
354 0.257983 112.585067447414 2.189693 0.754876687147172
355 0.338818 120.968228121851 2.087827 0.795024835090541
356 0.255482 122.841095783423 2.194328 0.73617021040812
357 0.464095 109.82054888423 1.894039 0.743026774950351
358 0.403586 109.601671007984 1.977463 0.747260678674625
359 0.486529 110.162547933939 1.886205 0.752527471546374
360 0.435385 113.810558883716 1.90681 0.714885564546541
361 0.15489 131.73138202617 2.264045 0.854386087665629
362 0.344046 121.01056124548 2.079172 0.743011621969181
363 0.577967 120.239090926563 1.673995 0.779010186113785
364 0.496857 117.204261696738 1.855651 0.776072325870202
365 0.621038 103.388948773929 1.59697 0.753603229460136
366 0.584347 103.910107195508 1.618407 0.689470129098839
367 0.489817 109.841416691356 1.854408 0.774188605777406
368 0.253702 125.426892537357 2.168024 0.795268669755717
369 0.724726 97.0283003275926 1.275368 0.632941141170616
370 0.50024 103.24045066042 1.86298 0.734153877487725
371 0.550531 105.296755210484 1.761781 0.72821925958719
372 0.520372 117.400851597018 1.836955 0.779642667710712
373 0.474277 106.41733274037 1.896876 0.713303828080475
374 0.469805 109.932405288258 1.883576 0.739368221200691
375 0.5153 104.064707005128 1.81364 0.667142614186926
376 0.14628 121.447845711301 2.267403 0.797609008123737
377 0.424876 117.478528752546 1.979366 0.668034589688587
378 0.494765 103.152260948044 1.864606 0.751721207474187
379 0.425188 110.494902764998 1.914582 0.757226795618036
380 0.453009 118.625176608731 1.952737 0.695306227767181
381 0.319152 109.292374986631 2.101334 0.784236112930461
382 0.300751 113.052604301818 2.110152 0.762004396352132
383 0.53636 112.487536398579 1.767245 0.729145855667194
384 0.33677 119.620227280455 2.100409 0.79875314891728
385 0.367096 115.366875702869 2.06516 0.76504447020611
386 0.63623 97.7369947938016 1.559184 0.698287655697767
387 0.397179 122.527634122191 2.021597 0.747568035492256
388 0.372567 117.843103602306 2.05043 0.753474584425148
389 0.488454 113.471660811924 1.873559 0.744346247650045
390 0.521774 102.481541919064 1.750917 0.732527682147372
391 0.511971 107.915069224093 1.754817 0.755141619440129
392 0.330848 120.832628217615 2.129045 0.80666671064371
393 0.320327 108.630536887067 2.121605 0.760707553872604
394 0.349216 112.011118944988 2.070642 0.790541050363667
395 0.489556 94.351546143496 1.833085 0.716217463598887
396 0.30879 106.837355687109 2.136808 0.721855687803511
397 0.522514 113.062915407658 1.777599 0.757610085816379
398 0.30505 118.771283095477 2.12672 0.764542265676753
399 0.298617 118.328875144937 2.126995 0.787247074562041
400 0.406813 117.405049205632 2.008511 0.778527183328436
401 0.511847 108.487451611297 1.831763 0.744082914581562
402 0.280896 104.620581447871 2.153692 0.748338788811798
403 0.5173 119.742785764053 1.837131 0.640741012744451
404 0.464614 110.803335607103 1.905976 0.755542579470986
405 0.4855 99.4400440669502 1.868821 0.700007658335792
406 0.381152 125.079779910498 2.026224 0.748514190222278
407 0.433293 110.977127905263 1.962955 0.759398602434813
408 0.507932 111.73357075346 1.83685 0.773839047048604
409 0.255548 114.946903110017 2.192824 0.826366354222106
410 0.611146 103.372540679663 1.624957 0.719217350596203
411 0.472291 109.724511712303 1.845436 0.749530236695445
412 0.424743 115.802882328786 1.993207 0.782538184464009
413 0.556141 92.6970860768617 1.743957 0.696281346366595
414 0.304341 121.391812451762 2.123415 0.747611179188042
415 0.221672 121.512495757431 2.203564 0.814386292685218
416 0.411133 119.082486752843 2.021003 0.782677153203162
417 0.424915 118.068446082953 2.003854 0.821656441479686
418 0.434567 116.092697237659 1.908597 0.723059386487128
419 0.466961 106.074993523942 1.92788 0.694841251946228
420 0.659186 75.4681221339573 1.448 0.637024701446514
421 0.55916 107.383982684563 1.725728 0.761349013506476
422 0.538495 103.644502857413 1.772331 0.751719675684465
423 0.603453 95.0583020417856 1.622059 0.682141691585748
424 0.289147 114.186399162132 2.142561 0.794840747638384
425 0.432183 124.608540208676 1.973351 0.730531601065858
426 0.451679 103.425135747797 1.954048 0.74908991840897
427 0.366781 122.279680146621 2.074821 0.741371873971462
428 0.325298 120.587660367381 2.126355 0.796820709601473
429 0.390011 121.356439921668 2.013684 0.790495068462851
430 0.458922 111.80151322624 1.906805 0.753454969777217
431 0.491997 112.852647588485 1.894717 0.771745162286255
432 0.422789 111.860808392498 1.960349 0.763473028359801
433 0.53161 94.9841809918953 1.773235 0.710502412091684
434 0.540213 99.755521641559 1.797098 0.698721372559834
435 0.112316 139.242311552404 2.28243 0.825408704300494
436 0.424183 115.493337410075 1.98677 0.752489770335994
437 0.437751 117.557137098041 1.96591 0.769315730476856
438 0.703911 95.5901123138073 1.323994 0.735726799701426
439 0.337872 124.483549849054 2.102126 0.790341940526956
440 0.50927 108.675223064105 1.811585 0.722164355480339
441 0.669648 101.900185953108 1.46234 0.695852484455194
442 0.346715 113.192268044863 2.10101 0.791014744431574
443 0.272815 121.472178035304 2.170711 0.788545871957341
444 0.303931 109.038810020586 2.12769 0.764784494209657
445 0.356146 123.395864171241 2.083053 0.778066756284196
446 0.499179 113.921571230789 1.875818 0.730410791436226
447 0.35387 113.875314288795 2.050982 0.748620495510281
448 0.457444 112.857705306072 1.960317 0.797333184985919
449 0.329106 115.02931922343 2.117833 0.792822457934271
450 0.404235 119.474437637571 2.024853 0.797548346041443
451 0.447286 105.290586969142 1.94726 0.730692079004814
452 0.459365 110.74000065423 1.923298 0.749264048822789
453 0.489275 96.5339159705158 1.825916 0.73782126768821
454 0.361343 115.519951598849 2.07851 0.771493856091677
455 0.226232 123.660312133033 2.215728 0.810006168343735
456 0.626763 96.042663757169 1.585533 0.728673233925948
457 0.545309 108.487969060666 1.770671 0.767219353992936
458 0.329611 118.192455741592 2.097319 0.744878648500691
459 0.301513 124.127213028439 2.145454 0.810179182822561
460 0.410892 124.483031328591 2.013212 0.815980231751242
461 0.244822 122.11596946761 2.172026 0.813289404536179
462 0.321547 122.356135200239 2.133206 0.804237549150186
463 0.156018 127.667327238382 2.264169 0.839812088027853
464 0.593125 102.928350162785 1.625574 0.734952281557428
465 0.401848 125.709692351435 2.033433 0.786946945665726
466 0.399191 117.238928685309 2.023948 0.743238947246561
467 0.389544 121.136866476231 2.035129 0.796475195598402
468 0.256196 115.356746277734 2.194632 0.82451683409478
469 0.263249 115.628808252632 2.18919 0.767736303307864
470 0.620868 107.055743533666 1.609056 0.700374578660501
471 0.658351 97.6342880632404 1.482634 0.641439927241969
472 0.399144 120.324624542704 1.978404 0.785402712749693
473 0.654286 98.9731992486044 1.506447 0.588149739681396
474 0.253043 123.391977252426 2.198864 0.782670626024178
475 0.377644 126.547560427311 2.062998 0.774192743306041
476 0.353944 112.87175600388 2.07897 0.755460976005869
477 0.407547 103.799345628709 2.011607 0.717279674418299
478 0.413007 114.641021658632 1.993849 0.761295999461081
479 0.293779 113.438754927233 2.14413 0.794772889091027
480 0.595182 114.315067883248 1.647746 0.700793128239605
481 0.520688 121.202435201366 1.784819 0.726692375928824
482 0.446112 117.709608052915 1.916295 0.752499199664493
483 0.3713 113.670083922463 2.049807 0.776972164044293
484 0.373653 107.092518996715 2.019743 0.753518256224829
485 0.504751 114.951309813058 1.826223 0.743444627186701
486 0.468171 119.324848886078 1.940014 0.683546558615647
487 0.446998 107.954515824754 1.968251 0.737848989881747
488 0.37205 106.362595380251 2.026726 0.741483795246952
489 0.526252 110.154273027192 1.798129 0.740511935312204
490 0.398082 111.630755962703 2.03197 0.731507857832381
491 0.69001 105.123191544216 1.335813 0.649251808209291
492 0.337906 104.87739480136 2.105598 0.758247702225804
493 0.4206 116.088862686839 1.983485 0.781087825932985
494 0.725359 109.758423604461 1.182294 0.662804134286004
495 0.379092 111.090087259589 2.017941 0.772568639499248
496 0.481715 106.957276555691 1.891174 0.716688352562854
497 0.604958 114.281106986217 1.658897 0.729062842319846
498 0.433261 117.529009781478 1.955822 0.739539620078763
499 0.492366 108.094530601317 1.873089 0.734980572131437
500 0.387401 113.871171290468 1.962589 0.78608041584575
501 0.543174 106.648482065256 1.77514 0.725675601056317
502 0.388495 116.807012621937 2.023239 0.74619407009941
503 0.477395 114.873488618376 1.907578 0.733494200519936
504 0.67424 110.101323113781 1.429134 0.696376743027987
505 0.446294 112.472191347761 1.881574 0.70388925518554
506 0.571585 109.920178976732 1.728914 0.713125360853584
507 0.530091 110.025302249013 1.799674 0.704845647675843
508 0.467708 111.191008972481 1.926887 0.690085704798005
509 0.315745 116.504508128291 2.104724 0.77766828283551
510 0.523335 119.93032696267 1.813332 0.749933641483914
511 0.667502 91.7744552726539 1.435532 0.684452687167557
512 0.293228 126.304137472667 2.14376 0.75664620913428
513 0.61566 109.235897037163 1.619396 0.763356100476172
514 0.631329 105.53534552049 1.575084 0.668979398186349
515 0.471189 96.1264472894239 1.879619 0.749110169564489
516 0.409674 113.289064752023 2.009708 0.756993158887395
517 0.621901 96.8811118536108 1.519421 0.68175272532629
518 0.320604 120.864805190978 2.129272 0.778952826031052
519 0.737391 101.082149109663 1.235462 0.653240662906991
520 0.306328 115.560244487048 2.077841 0.764196286665317
521 0.342714 115.436446951461 2.066483 0.763730016801516
522 0.603809 95.5012719275987 1.609031 0.74009475634726
523 0.39871 125.96120739641 2.023644 0.768099442678171
524 0.43583 116.564995535546 1.986783 0.733389910285904
525 0.401884 113.123222203676 2.01794 0.765246497340666
526 0.217717 126.038901900054 2.197018 0.799017156854643
527 0.379091 115.333755827238 2.067217 0.776266957862697
528 0.3464 112.745207990325 2.096842 0.717759239415191
529 0.232814 125.084227657526 2.192688 0.798685917122951
530 0.391378 117.060493059347 2.01325 0.752292755666128
531 0.58901 99.5987124740642 1.631622 0.720670705256236
532 0.559899 97.2272335432808 1.720305 0.735774026609803
533 0.473996 114.947870837205 1.914267 0.774172014161584
534 0.364749 115.271839347539 2.019283 0.764182539673436
535 0.396964 117.660109951088 2.03676 0.798367301681151
536 0.463316 119.457131252948 1.922718 0.720598297478631
537 0.14389 135.209971997493 2.266841 0.794780018089
538 0.506572 122.249868111054 1.855161 0.773887459256797
539 0.214585 119.947344321632 2.22133 0.809955427229836
540 0.462984 113.956082738043 1.940247 0.756469202136871
541 0.415326 112.115514607125 2.003388 0.787095134384869
542 0.435432 111.092453496414 1.956669 0.68291796389997
543 0.338155 123.182199428979 2.102141 0.789837812284548
544 0.134399 129.168607457807 2.265148 0.788386657849069
545 0.276818 119.920389975984 2.166459 0.788157944173288
546 0.372028 120.616479842128 2.052215 0.705046049554727
547 0.321236 117.358358199816 2.078842 0.772220557450139
548 0.453972 108.112773410762 1.925837 0.75967525303055
549 0.305296 128.949493659867 2.13982 0.818758445118239
550 0.413322 112.703331615348 2.003934 0.792321843619395
551 0.31005 112.049799866902 2.10783 0.768527243768186
552 0.221939 122.779568315857 2.21637 0.785705714617637
553 0.416681 116.987393719205 1.999808 0.761272208526221
554 0.449747 114.288843164733 1.957476 0.699596324336452
555 0.423557 116.267897047036 1.982408 0.778014916429766
556 0.713467 107.054193497622 1.268418 0.493995254848758
557 0.524963 105.188428167579 1.823721 0.738348227534752
558 0.368191 126.398691015482 2.066816 0.72894715657657
559 0.56312 112.553035221434 1.734377 0.729944217578132
560 0.33018 117.598052822528 2.114009 0.798428624557657
561 0.35745 93.5326455655095 2.041648 0.721625440647435
562 0.376673 115.754644469546 2.017114 0.756736661715548
563 0.436926 121.684985973891 1.928632 0.805947851679059
564 0.270689 115.197793698375 2.161953 0.815739705021173
565 0.400704 113.720047016987 2.002096 0.763739276296316
566 0.432706 120.778697149444 1.979431 0.741310931663377
567 0.149563 132.926490103899 2.26264 0.831321321823375
568 0.327746 120.440799446016 2.127026 0.781908153482382
569 0.615675 111.067633677861 1.582155 0.722900093897657
570 0.509665 112.619551846776 1.845169 0.726066175539255
571 0.527162 107.820991839252 1.797394 0.713957336551522
572 0.341167 128.495949963572 2.075525 0.815871693154136
573 0.561066 104.737799122797 1.66977 0.738527612394366
574 0.294108 117.006922630592 2.125633 0.737443823650064
575 0.326702 111.699153206704 2.087945 0.769649759838558
576 0.335087 106.49167349303 2.093032 0.787644080225866
577 0.16261 125.35462559807 2.26162 0.843296705607862
578 0.326229 113.058103599795 2.074513 0.791239819269486
579 0.540185 108.61050334254 1.796832 0.702218778676245
580 0.504703 108.635284591566 1.867839 0.737245128487972
581 0.281791 124.083269525408 2.138572 0.793774891301311
582 0.340046 109.934603125668 2.080786 0.744960141242073
583 0.229254 120.63255758999 2.214845 0.790600804636579
584 0.39841 112.597881592426 2.020202 0.747618782177085
585 0.500355 119.242349108248 1.878326 0.766566852386209
586 0.555159 112.046428015958 1.714707 0.742702699546314
587 0.433036 109.038835606307 1.959971 0.754440724594262
588 0.213211 123.371492693656 2.224905 0.794221826809011
589 0.416277 122.364871845805 2.014756 0.763829329878123
590 0.381129 115.923990447418 2.018811 0.758044852315324
591 0.563031 108.942771034818 1.739631 0.755522030215453
592 0.388108 112.578126775853 2.013549 0.738401326706151
593 0.402629 106.908335968704 2.000448 0.77105229694716
594 0.239979 123.173397334142 2.185199 0.738528671051147
595 0.455563 111.367047046686 1.859491 0.749339974194514
596 0.339488 122.971075443664 2.103471 0.788861600679733
597 0.230137 112.740026674108 2.215062 0.754365153028699
598 0.379297 107.044369971861 2.021437 0.742701310537247
599 0.534605 107.744128553163 1.792604 0.744908968744119
600 0.399065 114.422567221956 1.981591 0.771181867189068
601 0.443794 123.792992184788 1.964768 0.757465258712648
602 0.527661 107.53794546275 1.809168 0.701352549609293
603 0.451761 117.992251474305 1.903095 0.770053407913716
604 0.531232 113.247779683828 1.812064 0.74579961039601
605 0.528618 110.695886106946 1.818226 0.771760960459668
606 0.54204 99.1002422667798 1.738686 0.704471890329582
607 0.428635 112.603031851318 1.939095 0.763352606594855
608 0.635329 97.2618385537441 1.516067 0.740315918226644
609 0.594002 110.954532357363 1.642572 0.717186635279751
610 0.59514 110.400358203525 1.669333 0.737077243092583
611 0.364886 115.490875244947 2.061153 0.763817935540186
612 0.510482 107.047486556771 1.848919 0.729379104808405
613 0.574189 102.56397909205 1.716042 0.646377562526092
614 0.435178 101.333412137629 1.92732 0.758510863589543
615 0.319934 113.658650280047 2.027516 0.773456032034165
616 0.444777 115.147621857484 1.963473 0.736356077276186
617 0.259649 130.57892035461 2.190066 0.803696238781209
618 0.458299 107.411652749234 1.901063 0.748966220456092
619 0.253693 107.353514621622 2.170396 0.748298974493447
620 0.484728 116.241245886667 1.861653 0.760250560140303
621 0.389555 110.512734729817 1.997028 0.763415053329484
622 0.681075 107.979098931216 1.400451 0.678421114313321
623 0.570049 107.136650114827 1.734648 0.713113344360578
624 0.37476 118.02536939572 2.056681 0.751583736652488
625 0.628392 115.112077582585 1.57375 0.748931081683656
626 0.283039 118.490000190408 2.158134 0.769387970584575
627 0.606976 116.387933369419 1.590941 0.746882458860028
628 0.529033 115.646334384541 1.829313 0.760003815565631
629 0.401303 120.354380808165 2.036735 0.762681700780325
630 0.535202 99.1254056153048 1.743825 0.681557868912884
631 0.420793 114.63024269939 1.974602 0.769851317389837
632 0.455947 114.20073607282 1.919683 0.747356064687687
633 0.372604 130.198309328758 2.054468 0.812916576005321
634 0.554461 114.764298890675 1.769498 0.736797326877606
635 0.583932 110.354235539338 1.700752 0.734557797022806
636 0.536918 106.991982816485 1.775167 0.73837488565197
637 0.466384 117.051619773163 1.869863 0.753936262161643
638 0.306154 108.012893287699 2.129756 0.771977406267281
639 0.413942 107.394463443479 1.976047 0.733537207365789
640 0.248371 127.009172386253 2.19141 0.778054286392369
641 0.433509 119.733729820668 1.929399 0.774069770922656
642 0.530178 108.91240487098 1.781151 0.779713306564256
643 0.695589 105.893028264395 1.328134 0.573330578610276
644 0.350324 117.460049035704 2.060075 0.787205650918348
645 0.264503 125.389428112619 2.18792 0.818657088752484
646 0.489235 109.031928030479 1.880824 0.760113622385179
647 0.208757 124.326745185526 2.232922 0.808050117495437
648 0.297008 105.102385596478 2.133392 0.776794425108471
649 0.405142 121.896990791134 2.025848 0.804507270950019
650 0.544661 95.6634426972197 1.720137 0.705158784029694
651 0.201798 119.156015240809 2.221548 0.805121051904803
652 0.200173 123.19566646508 2.238782 0.77196880366476
653 0.522011 113.749453056274 1.818301 0.724245349977914
654 0.509329 110.949721474594 1.841608 0.737978191719127
655 0.489548 125.473802574017 1.899591 0.763515292839321
656 0.605341 92.495750151057 1.634776 0.686277672670391
657 0.385359 106.472654317347 2.05324 0.746556195443879
658 0.423142 113.227618987687 1.987139 0.753002749606977
659 0.317038 114.906716435073 2.119147 0.790088743391676
660 0.360876 113.144018480878 2.068316 0.758794046254438
661 0.62077 100.46267328063 1.482925 0.693374381812325
662 0.509807 108.642530621599 1.792144 0.708146827327984
663 0.603119 94.861558724087 1.642547 0.62447667325389
664 0.428157 108.201359598977 1.966739 0.640236740140696
665 0.420472 105.05235788549 1.969759 0.739069404381233
666 0.377151 120.243156276034 2.050785 0.747495748081103
667 0.485288 94.9381798103436 1.874694 0.729981721171693
668 0.164598 121.230657541157 2.256628 0.749325972993044
669 0.4947 107.790187606898 1.873315 0.745848548512056
670 0.384503 111.610574557487 2.017256 0.76070685712307
671 0.56077 108.42960275773 1.734375 0.749524894572801
672 0.617646 114.787605205795 1.575738 0.733462175208128
673 0.319206 113.78249386355 2.113926 0.787972860701372
674 0.482671 109.861680549011 1.81095 0.779049873893106
675 0.459082 116.552754363586 1.909635 0.76428077854879
676 0.390156 118.876559702269 2.035853 0.776651846207449
677 0.450371 100.55832183019 1.891794 0.736887852348373
678 0.619471 110.658217848351 1.574523 0.717722802519023
679 0.537752 102.04951790058 1.794944 0.707317160563333
680 0.407645 109.702643994213 1.986736 0.75882915069832
681 0.494433 109.542269411343 1.877087 0.71813842198719
682 0.4256 110.816109948854 1.996276 0.772465042858758
683 0.340056 115.431083793023 2.081948 0.72743274304026
684 0.412313 119.446368129264 1.989317 0.764389531476187
685 0.436245 107.186372029986 1.95305 0.773127765367234
686 0.325411 104.477038125372 2.120669 0.786501326985148
687 0.556514 115.312388758766 1.757511 0.698407988662971
688 0.44402 110.504493430053 1.888335 0.738840245521417
689 0.43985 109.053047381882 1.948366 0.733953527689301
690 0.488842 108.665156057023 1.87735 0.755492579900648
691 0.524792 108.345111914438 1.807543 0.698502753555846
692 0.349675 128.518029988753 2.097672 0.805281017656357
693 0.62474 108.290230510428 1.532835 0.739977716581626
694 0.585318 112.377529464037 1.689479 0.685077536200583
695 0.690821 99.6500305082745 1.396888 0.682369817688493
696 0.576278 101.597801757464 1.694094 0.725471120028836
697 0.405459 106.136411430104 1.968172 0.708497757737491
698 0.378002 111.321640230868 2.028123 0.733554363895548
699 0.428545 115.68357941176 1.977091 0.784256341503321
700 0.49352 111.593935692523 1.844918 0.731157259145785
701 0.450163 110.769290070175 1.922398 0.760547658607644
702 0.256288 121.484339311614 2.190402 0.822520469854232
703 0.596658 117.300463450331 1.641637 0.782426489644737
704 0.283978 120.956704319736 2.170975 0.788536040457168
705 0.332157 116.058727700792 2.055502 0.789023115046527
706 0.482771 116.93950123504 1.912848 0.800199854885664
707 0.37436 115.670421366403 2.011239 0.742290483633083
708 0.456917 104.692014798348 1.919876 0.740572900055701
709 0.436204 103.272975748217 1.948361 0.731248685653927
710 0.523536 115.814427845422 1.792969 0.741454875854808
711 0.499207 115.646248486023 1.843779 0.756795366069642
712 0.356801 108.273205219374 2.087849 0.761897053928505
713 0.400747 115.731795524159 2.02498 0.78603051089256
714 0.419283 121.058855544619 1.987943 0.793285480072864
715 0.362361 121.613079455749 2.054709 0.775271711501905
716 0.447941 103.791144825718 1.924165 0.735505305016062
717 0.477761 101.825252132325 1.869557 0.728696192020797
718 0.381192 114.855203461759 1.982494 0.734205800764061
719 0.388215 108.920829300959 2.018591 0.742960440985705
720 0.505849 95.2807958625879 1.870764 0.742744528004761
721 0.261565 128.097027719514 2.182082 0.768345352954387
722 0.582148 110.474372068549 1.679479 0.724925817046907
723 0.341085 116.757334240778 2.10691 0.787078451218249
724 0.51608 101.30956845801 1.8311 0.670335171693281
725 0.408094 106.90179495843 1.962492 0.752875206851841
726 0.406413 105.164976700492 2.001429 0.751714610473846
727 0.543761 100.205979263096 1.726477 0.678821160367163
728 0.466893 121.731640733624 1.916309 0.807994093227525
729 0.378162 115.416516927283 2.022117 0.783062265036556
730 0.331297 113.938562334942 2.119634 0.784084634972979
731 0.673307 102.200707427103 1.448898 0.74571433031625
732 0.395004 105.266783903674 2.034501 0.741812756484452
733 0.736993 87.289770849414 1.189625 0.623596557937643
734 0.291297 118.942839330611 2.156929 0.799415839781059
735 0.47799 105.525557201863 1.872912 0.754976837430129
736 0.294772 124.866926946854 2.126398 0.787509612430892
737 0.366649 115.891496840251 2.051483 0.762722990520831
738 0.584383 104.127807866861 1.588886 0.750341380271527
739 0.456289 114.032601576929 1.899076 0.756096966968548
740 0.529144 105.249405700318 1.777245 0.729192756548891
741 0.299166 118.800353829058 2.154237 0.791355564362791
742 0.458756 116.099537793666 1.943657 0.748267198870474
743 0.611442 107.621647754007 1.622576 0.676695905805272
744 0.552578 111.858058373946 1.746426 0.686789240307168
745 0.493612 112.734728733048 1.891245 0.718200801742029
746 0.362094 123.128702366761 2.09039 0.776793434036516
747 0.239504 125.919019397182 2.185597 0.805737803995756
748 0.473249 102.981401586018 1.849808 0.773503015610607
749 0.414261 118.135687000224 2.023319 0.759393784176765
750 0.374376 110.528882772536 2.059342 0.752012473660652
751 0.453248 101.164114597394 1.925511 0.731421060979398
752 0.418973 112.955608625499 1.953845 0.754972228849723
753 0.68053 95.8332253907886 1.410641 0.586898039861468
754 0.388962 113.655477528528 2.048011 0.76592640670221
755 0.739138 90.6607123547968 1.209593 0.575188497701658
756 0.483341 109.996296043158 1.871226 0.69847395141966
757 0.536619 109.812092623267 1.757535 0.741841563820601
758 0.275657 123.991474608903 2.165904 0.797266459926031
759 0.249648 120.47354921803 2.153032 0.798536514028948
760 0.306956 116.248262290377 2.118211 0.750625026958454
761 0.560458 110.633912476087 1.723621 0.742208087678138
762 0.548232 116.790458651017 1.764732 0.751547691380059
763 0.252663 128.400407506927 2.197683 0.819622154844385
764 0.535165 111.335265624053 1.790449 0.756047678032105
765 0.450131 108.040730370313 1.901291 0.742815639599124
766 0.438061 119.025402535939 1.934441 0.709845152114262
767 0.377031 111.052585728429 2.025622 0.708815405545565
768 0.387467 111.568838194748 2.005538 0.754816753816685
769 0.1739 130.020112228929 2.255347 0.818208800058933
770 0.481135 112.50803053518 1.852671 0.693273631324463
771 0.431167 117.528848732446 1.974426 0.777952027971012
772 0.373081 111.20104445879 2.037357 0.706854660324076
773 0.187055 139.263422819295 2.23537 0.850707935897161
774 0.56975 108.588432297794 1.718817 0.655062836177294
775 0.49569 121.338411058291 1.865864 0.738877603177709
776 0.547428 106.961562094656 1.74823 0.734219172825806
777 0.36804 113.101237490728 2.035664 0.746602421191293
778 0.604745 92.6140802943883 1.580963 0.705530069023328
779 0.32333 109.178328882461 2.097175 0.800421869817079
780 0.42099 117.087016665777 1.972994 0.757338458774173
781 0.352421 119.635778500829 2.079372 0.782057046720411
782 0.429727 121.082032337097 1.97573 0.76407077655182
783 0.550042 84.2994195499853 1.757029 0.718844454492894
784 0.273159 119.637147241922 2.149213 0.751237879056758
785 0.449975 111.525398841276 1.938447 0.749712374829044
786 0.438669 115.570364253346 1.955784 0.774053359535215
787 0.470343 105.688345681361 1.921267 0.743974971639355
788 0.523296 106.925645292982 1.785625 0.740614501671829
789 0.449061 110.224074926622 1.936308 0.724955627988854
790 0.43804 98.053978611744 1.920486 0.738486064393426
791 0.526083 107.425758107436 1.781467 0.750515492470814
792 0.326519 120.731475769341 2.116509 0.810371717920032
793 0.363441 111.543176034313 2.056217 0.752391361927107
794 0.503755 117.079708110749 1.870608 0.744317859980787
795 0.464949 108.799503376834 1.927085 0.700678652071234
796 0.406591 121.182056358107 2.030391 0.772570677924657
797 0.394019 113.804591393544 2.009 0.79519461272943
798 0.423793 97.6225876227543 1.981218 0.722423177488932
799 0.675363 103.756061790068 1.439249 0.671837845498363
800 0.53189 111.470155316251 1.798231 0.73708804287976
801 0.449439 106.726409466531 1.886564 0.761567508299657
802 0.48738 116.913224990654 1.856713 0.726927839006441
803 0.469131 106.139613263039 1.908883 0.694885446494261
804 0.360715 119.816499162589 2.091049 0.814070099772442
805 0.577854 110.440038766485 1.705719 0.712312855816363
806 0.464003 113.817436125314 1.939739 0.727298402169881
807 0.194445 128.935377976181 2.229027 0.793303922043336
808 0.259418 120.975472697536 2.192776 0.766994381027083
809 0.41878 124.306442393014 2.017893 0.806306057136642
810 0.399021 113.355511242842 1.997098 0.750104257225107
811 0.466785 97.8418099833779 1.849723 0.759391753825497
812 0.257442 118.230547423793 2.167808 0.797734198573433
813 0.461837 94.6597217460409 1.916323 0.704759151910387
814 0.311597 116.253935613193 2.1124 0.779343680840427
815 0.469285 108.852208971774 1.871675 0.737220588417224
816 0.406172 106.209972841006 1.9762 0.76066725909588
817 0.433548 121.423831383991 1.91916 0.786685931833202
818 0.449486 114.65737414422 1.887912 0.723675642474917
819 0.485072 96.9965588399433 1.807441 0.737474770550231
820 0.399131 127.349816546969 2.033021 0.796510114647569
821 0.452512 107.575168533434 1.940217 0.720174136042409
822 0.458589 106.985782113505 1.93367 0.67057774735587
823 0.3314 108.121087995997 2.103047 0.722247262830003
824 0.378286 125.467006620862 2.058153 0.754877657033602
825 0.708421 107.065020608796 1.33318 0.690565629349714
826 0.387657 126.513421965573 2.050942 0.742234682115437
827 0.479665 118.645775393164 1.914684 0.784583572044175
828 0.381049 105.036811141937 2.037579 0.743642361103488
829 0.447803 105.913001058072 1.905615 0.729916437787234
830 0.319179 114.406717440698 2.118992 0.780839703072322
831 0.49457 117.127852956329 1.793909 0.752330911226317
832 0.557103 117.073012471529 1.724284 0.749346167004896
833 0.21614 121.885410586701 2.222131 0.807368564547857
834 0.426901 110.888549626077 1.974167 0.742941550406924
835 0.512569 104.338667155636 1.806071 0.750773478924188
836 0.453873 108.158190033441 1.925332 0.785293644222362
837 0.529403 109.990481917298 1.801396 0.688238610440782
838 0.419262 115.807769823606 1.936081 0.706634812958959
839 0.455605 117.770884361135 1.928738 0.770219237606621
840 0.351554 116.277964875348 2.087056 0.798220408154847
841 0.347414 109.919997223218 2.051512 0.7678274829033
842 0.482522 114.609404186212 1.889028 0.752535983075073
843 0.246007 124.283558725693 2.178867 0.792849066927855
844 0.48986 113.573290130859 1.887233 0.798428162216429
845 0.455548 106.137800179129 1.918398 0.751773712807166
846 0.451357 117.017352186228 1.966169 0.724542501995275
847 0.506627 98.1843407335601 1.790491 0.722381582977336
848 0.323526 126.387304698563 2.133737 0.781595961286951
849 0.346346 116.837562336294 2.101841 0.750983460185752
850 0.34111 116.25681617252 2.080766 0.798950283972124
851 0.492715 113.140591151576 1.878238 0.783804101559863
852 0.382979 110.765681909021 2.038197 0.746355851648997
853 0.344398 119.770466258362 2.053904 0.757831048627749
854 0.509066 112.399763147113 1.844767 0.656694964018666
855 0.316408 117.09248652994 2.087932 0.774619453850943
856 0.418324 121.813355836637 1.972166 0.766427578612989
857 0.430715 118.036430866491 1.984959 0.788766400346067
858 0.33213 124.88835453937 2.113723 0.769414283308322
859 0.454789 104.985563706787 1.931839 0.76437108238413
860 0.679356 86.1294915307623 1.392814 0.666246172237766
861 0.271956 126.837209888913 2.176995 0.789117019998757
862 0.624197 111.502735456832 1.554491 0.668747378476564
863 0.433275 115.547282210638 1.980732 0.75945759813526
864 0.467054 108.549383352902 1.900252 0.74414360421084
865 0.265492 131.698700417606 2.185871 0.796785267217194
866 0.470468 118.58475799862 1.932161 0.771030721023337
867 0.676011 90.0858833579396 1.447907 0.607613749354474
868 0.460411 114.627353418631 1.920502 0.721902697881808
869 0.598824 97.7732665437688 1.635561 0.619582203907893
870 0.301541 120.682092108446 2.147623 0.793132491307702
871 0.435867 108.213398134802 1.974632 0.752133133806053
872 0.246237 116.697762904451 2.204547 0.801492395025473
873 0.231074 122.249609376416 2.195895 0.777427941215367
874 0.159176 128.993666254373 2.260617 0.810529108000602
875 0.351224 113.740199966784 2.071064 0.816061179582969
876 0.606973 100.809780782382 1.641674 0.696806767428325
877 0.255395 121.538870453846 2.177061 0.777504911409469
878 0.579256 107.039437733229 1.698302 0.695709991245481
879 0.70855 106.312828026897 1.242705 0.694659896504085
880 0.460491 115.193875067864 1.895807 0.753688217834985
881 0.318164 115.26003071662 2.125835 0.743018964160845
882 0.588294 107.669252613581 1.644523 0.683878523922835
883 0.379346 120.565512606232 2.042388 0.785523819686359
884 0.450417 112.148222024828 1.912282 0.657575996618181
885 0.575058 99.2358889250516 1.68411 0.703433150066373
886 0.241737 137.749962307858 2.210789 0.796389209191163
887 0.562233 106.763871357431 1.751091 0.686616329404815
888 0.258117 115.224063943057 2.170211 0.747087970270154
889 0.415787 112.465944423694 2.006498 0.740291165185337
890 0.386648 108.961164018404 2.03675 0.742638551864432
891 0.355268 121.428881122256 2.077378 0.775984854358219
892 0.491917 110.125069493173 1.852144 0.731801770911259
893 0.228669 128.690041581897 2.211996 0.803082933124502
894 0.448998 119.597364929521 1.953747 0.763796226081711
895 0.407609 111.009483704979 1.951538 0.681178295584394
896 0.375543 111.843273984489 2.046851 0.766498139692948
897 0.439752 121.631694312828 1.950992 0.772713800114305
898 0.28087 122.712022181788 2.167029 0.796003942684356
899 0.436642 116.747498279258 1.970299 0.713303152995512
900 0.465427 115.010424978548 1.925286 0.740036108146922
901 0.440498 106.097558221597 1.888591 0.76367558483096
902 0.503565 109.156205292366 1.845363 0.738022469634353
903 0.420178 112.239039864884 1.961652 0.727296872512325
904 0.361278 125.714664234117 2.074392 0.786508702714798
905 0.476668 117.309582519451 1.914972 0.744738145209964
906 0.420363 113.473846682662 2.000045 0.751625299681064
907 0.254789 117.437337425051 2.193302 0.762348551412714
908 0.593759 107.805376260577 1.61023 0.733626530450043
909 0.394252 114.449420740627 1.972766 0.764132407754031
910 0.462123 115.873821669943 1.872601 0.767724063264976
911 0.626418 104.160650776666 1.594955 0.707882556460841
912 0.472862 100.457832741271 1.904382 0.71526371845018
913 0.453849 110.976295776648 1.917278 0.77437037347189
914 0.412471 117.325878426483 1.993487 0.720596682432836
915 0.348556 114.59346482394 2.084806 0.771039651118689
916 0.557316 111.401853328978 1.766676 0.746956543545703
917 0.419996 112.585519705833 2.00281 0.764515394852004
918 0.469101 121.807983827252 1.885299 0.772296390223453
919 0.397271 104.432303511976 2.037794 0.723708671205172
920 0.396383 125.288311221287 2.038317 0.794440194385735
921 0.778036 99.3357367348801 1.051934 0.692607100998296
922 0.287568 119.209292441243 2.152897 0.751960603176803
923 0.589839 105.890050216575 1.626319 0.643235544154996
924 0.542303 93.3532816729504 1.768248 0.706811182554769
925 0.40705 110.198520846222 2.01149 0.804108103602215
926 0.517238 109.354787308244 1.830831 0.683262841913206
927 0.542897 107.725507717169 1.770838 0.73171229309505
928 0.386588 118.949569469167 2.058923 0.804628262638612
929 0.538379 118.069332541626 1.799662 0.762612758676477
930 0.552375 109.282490376946 1.73976 0.758707923418457
931 0.368229 121.018540061977 2.074244 0.778116180444352
932 0.505696 111.64612527254 1.870063 0.766983362785859
933 0.571595 100.581672508278 1.704408 0.63811383486804
934 0.310625 116.854674788345 2.099577 0.782923375743675
935 0.53054 120.525424880801 1.810945 0.703215374344603
936 0.413879 120.362469597804 1.977206 0.798651703856733
937 0.626902 113.10003788825 1.567454 0.725977712645928
938 0.328431 121.922387942369 2.121991 0.755719925263186
939 0.517793 100.793801554405 1.827265 0.601044315325588
940 0.430716 115.284856328421 1.983476 0.778621128598131
941 0.516701 108.393669338194 1.844163 0.717226036364136
942 0.528247 116.980228924446 1.76406 0.726305490112163
943 0.387327 117.982461940293 1.996963 0.796066041677728
944 0.298473 107.911050322083 2.123451 0.775307444733426
945 0.23092 125.198982978221 2.207489 0.791283449309366
946 0.55441 114.652392952493 1.716877 0.746022351877608
947 0.488142 111.049967062897 1.850049 0.765228171892588
948 0.474643 103.88972148969 1.905429 0.724760932506824
949 0.691394 99.8413621066822 1.397802 0.708521935268809
950 0.410815 118.236622625599 2.002627 0.794430747804894
951 0.561805 104.663864373875 1.751757 0.735177229664273
952 0.359864 110.410564594253 2.053568 0.783437063052749
953 0.386855 120.965530681728 2.054449 0.753638294492242
954 0.42605 122.532640978553 1.965862 0.810190386019065
955 0.447835 123.641111527074 1.952212 0.752316169867185
956 0.546905 112.51876158278 1.7641 0.766564286198936
957 0.486299 89.1541540663459 1.820731 0.70416248620539
958 0.652152 109.217993874064 1.466924 0.743993376517846
959 0.448595 122.7057830025 1.963755 0.788919428617992
960 0.282172 118.539277667224 2.169225 0.746017061412535
961 0.847951 94.2333764944482 0.511963 0.613290409018697
962 0.455015 104.275135614456 1.893087 0.713204259003814
963 0.480821 115.822879855764 1.894408 0.707984746652196
964 0.443733 109.148529469226 1.975176 0.757874076676444
965 0.522613 106.929705373116 1.796893 0.716121155366667
966 0.557319 108.429773851595 1.742982 0.718872563955218
967 0.371433 120.293196289614 2.059567 0.786823090604541
968 0.379391 108.135381173493 2.048663 0.748227331318126
969 0.497135 112.896908187931 1.848438 0.738856669182383
970 0.38861 126.938211030308 1.988702 0.778653278356399
971 0.278964 113.417039965794 2.15363 0.769527708019097
972 0.463587 115.270714750958 1.935708 0.750648146786411
973 0.591198 103.110144523242 1.635045 0.685278619327605
974 0.675064 117.929021605522 1.429953 0.748644832676035
975 0.455087 113.542554291263 1.927522 0.759559221861541
976 0.437861 102.463882688744 1.907068 0.764760032962114
977 0.440168 112.237337321483 1.928429 0.735228622191744
978 0.242881 124.153377703351 2.190329 0.787195357572726
979 0.247819 122.607657877523 2.202752 0.756247323318149
980 0.366912 118.376256775575 2.0705 0.79088613959512
981 0.428707 102.269933372051 1.965092 0.726792309877853
982 0.375101 107.040735533859 2.00249 0.75990122298717
983 0.451101 116.519365632735 1.949158 0.715195264019104
984 0.446404 107.290283262717 1.926505 0.762998209757063
985 0.442373 109.480528361672 1.950209 0.706725596936666
986 0.422275 116.165964545771 1.979959 0.798023769640235
987 0.18679 115.529501518061 2.235776 0.781189985639274
988 0.359089 123.126075303536 2.091289 0.756569968305784
989 0.262859 115.405071917375 2.186318 0.77869013988359
990 0.383611 125.991976608225 2.033294 0.774735786204722
991 0.460042 107.651473157577 1.900474 0.750075210835791
992 0.264006 122.576426875817 2.187388 0.762049483136839
993 0.500186 117.124437342015 1.879119 0.771407061434448
994 0.155108 124.513253954148 2.259982 0.814971070137637
995 0.19884 133.820485500637 2.239717 0.789433821218363
996 0.112951 126.804991785018 2.282957 0.815738027214788
997 0.541817 109.222600364169 1.795211 0.757541778561056
998 0.436726 106.272975258387 1.931298 0.754944273623983
999 0.686089 107.153461363337 1.414505 0.64661155867159
1000 0.534007 102.472863197371 1.796644 0.748460647628574
