rep	aei_left	left_area	adi_left	H
1	0.367147	120.5047817	2.061424	0.830810168
2	0.422633	126.9072884	1.942376	0.820118309
3	0.447785	116.2446645	1.918258	0.804841273
4	0.373732	121.3238777	2.025782	0.829189376
5	0.33817	115.8079683	2.039049	0.81758356
6	0.259842	124.4356689	2.168018	0.842068318
7	0.345014	122.5647673	2.068619	0.813629882
8	0.336087	121.0393137	2.053182	0.826911603
9	0.380591	121.0366889	2.015928	0.823620424
10	0.460784	117.1109221	1.911553	0.801951156
11	0.422309	117.7730185	1.943958	0.799578571
12	0.367904	120.5685444	2.038388	0.800460842
13	0.31653	122.1569419	2.10798	0.831787976
14	0.332294	118.916216	2.068968	0.826673051
15	0.405781	121.4465787	1.99668	0.820743205
16	0.359515	121.3602026	2.051464	0.818503409
17	0.341732	124.7328582	2.093362	0.827397245
18	0.402061	119.6392797	2.003181	0.815876773
19	0.426377	118.8255297	1.941289	0.809115751
20	0.25851	123.2306476	2.170864	0.841171406
21	0.396479	117.1240742	1.977988	0.814115182
22	0.438181	113.3220961	1.919671	0.808376382
23	0.389447	117.3761635	1.987392	0.814670583
24	0.399594	116.0646908	1.991242	0.807292718
25	0.387069	121.3884457	2.011596	0.811067362
26	0.410083	120.2705098	1.967268	0.820733649
27	0.359262	118.7157818	2.056867	0.824644979
28	0.342513	117.7718101	2.047108	0.813487788
29	0.304293	119.9711773	2.136136	0.835770993
30	0.317774	119.5399069	2.084107	0.825028885
31	0.33777	119.5433189	2.069151	0.828777353
32	0.363444	118.2873638	2.035504	0.817700714
33	0.408533	116.3506075	1.971777	0.814183919
34	0.365705	121.5533291	2.036917	0.840796365
35	0.296343	119.4736108	2.106323	0.82930744
36	0.390188	117.0390074	2.0134	0.821757251
37	0.29444	124.9954445	2.138963	0.830771327
38	0.326744	119.9064455	2.077754	0.832935916
39	0.337398	124.8998469	2.089273	0.838123198
40	0.353995	123.7146498	2.056495	0.827484828
41	0.295586	120.3237068	2.098513	0.836563754
42	0.343458	119.5575356	2.033123	0.813896086
43	0.417946	122.9921946	1.973364	0.824149873
44	0.390378	120.5393923	2.005007	0.826406032
45	0.4531	114.7692614	1.897361	0.79629895
46	0.34864	119.0973726	2.056504	0.817884863
47	0.399618	115.4466342	1.962405	0.812794096
48	0.359165	120.3752859	2.045183	0.822234869
49	0.460165	126.3721316	1.923393	0.827383556
50	0.431334	118.6182963	1.953653	0.808033291
51	0.305219	120.6518515	2.124646	0.840869097
52	0.358124	120.9314907	2.047437	0.836259798
53	0.380314	116.3165342	2.025272	0.808147477
54	0.255283	123.4161146	2.165374	0.828259594
55	0.393217	115.4980997	1.987833	0.807237199
56	0.303655	124.411196	2.122582	0.845121823
57	0.372145	117.5179781	2.054287	0.821219751
58	0.357762	120.4198041	2.056868	0.818550391
59	0.30716	120.5205257	2.112123	0.834967508
60	0.440048	120.7282629	1.941325	0.819775061
61	0.28876	126.0348647	2.168866	0.835855448
62	0.402834	112.918722	1.97665	0.796098319
63	0.425979	125.1716421	1.974507	0.837178499
64	0.425728	116.7790885	1.923949	0.807396691
65	0.358316	117.4785342	2.020179	0.819519512
66	0.330253	121.9121883	2.091116	0.84507183
67	0.422862	119.5464684	1.965098	0.812893517
68	0.318445	122.3829279	2.08689	0.820613332
69	0.339678	123.7746241	2.077523	0.833585142
70	0.395687	119.4831812	1.975985	0.828490541
71	0.384844	119.9249402	2.000429	0.828233043
72	0.395042	120.2873422	1.962399	0.823425821
73	0.361884	122.3102582	2.034253	0.839991083
74	0.293289	123.8562142	2.12676	0.835864948
75	0.393163	118.0852154	1.966585	0.817434497
76	0.33241	117.5831562	2.074449	0.82656191
77	0.436976	117.8739389	1.906569	0.789871504
78	0.43478	121.1516878	1.949054	0.803391254
79	0.441117	115.4578908	1.900226	0.811707408
80	0.441525	114.1120965	1.928137	0.802673767
81	0.304576	126.6995701	2.135138	0.840399427
82	0.337046	123.6346767	2.038857	0.833444339
83	0.418022	119.7635398	1.967345	0.820132521
84	0.361411	119.9801386	2.034385	0.826940613
85	0.421683	118.3142709	1.953468	0.81352915
86	0.383429	116.1309008	2.020234	0.791811131
87	0.31285	119.2689588	2.067046	0.820283029
88	0.435545	125.3526692	1.946898	0.816031969
89	0.360004	117.8305821	2.034765	0.821825583
90	0.284066	125.7057806	2.150823	0.839116299
91	0.311177	121.4665539	2.11228	0.817750803
92	0.384687	123.7137749	2.024794	0.829592167
93	0.380808	117.1291466	2.023633	0.820471691
94	0.319909	122.4658695	2.107088	0.828166452
95	0.349037	120.9037998	2.066204	0.832193343
96	0.421989	120.8107949	1.928973	0.815498222
97	0.405749	116.8397782	1.954418	0.812492513
98	0.326779	120.8228362	2.091439	0.827660829
99	0.303775	119.121666	2.123009	0.824338842
100	0.258465	127.142031	2.169106	0.846867205
101	0.392379	118.8256728	1.994511	0.817219413
102	0.345511	117.7743708	2.067716	0.820032827
103	0.271768	126.2579078	2.157939	0.839524686
104	0.335638	120.5988235	2.06184	0.833134982
105	0.421769	118.1834682	1.936858	0.81019929
106	0.262329	124.3023232	2.163771	0.860613878
107	0.31145	120.65972	2.11139	0.83683493
108	0.403254	118.1075042	1.981522	0.821821211
109	0.31921	117.1895442	2.080134	0.817557789
110	0.375884	119.2900686	2.004558	0.808532611
111	0.301293	120.3591398	2.135761	0.829707226
112	0.393458	121.9176703	2.004328	0.840056778
113	0.267585	132.5959539	2.17166	0.850556871
114	0.340445	121.2616723	2.057215	0.832677328
115	0.339482	124.7410808	2.075469	0.831713427
116	0.427688	118.615445	1.94969	0.817950459
117	0.300104	121.9341919	2.087898	0.820740521
118	0.371185	118.005276	2.024175	0.815411298
119	0.32938	122.5308235	2.100699	0.836964452
120	0.373628	117.9665388	2.007926	0.824695337
121	0.40447	119.7981393	1.983947	0.822849393
122	0.339363	120.5070105	2.056471	0.834246262
123	0.314907	125.2642562	2.119724	0.830529126
124	0.365285	115.4192601	2.009507	0.809630934
125	0.404377	122.050703	1.987691	0.824090832
126	0.349964	121.3786506	2.062488	0.821404929
127	0.367007	118.8841875	2.012629	0.833559288
128	0.288225	123.3536397	2.125474	0.82511523
129	0.356139	117.6327618	2.033373	0.81787478
130	0.348947	122.0103704	2.069746	0.834270081
131	0.436401	117.6927556	1.903948	0.806860045
132	0.368888	121.7736951	2.03415	0.82401638
133	0.350038	122.6601513	2.081598	0.805559371
134	0.406312	119.6878297	1.97639	0.802666321
135	0.363507	121.7841137	2.033311	0.828914318
136	0.315594	125.6904031	2.112527	0.836935602
137	0.283674	120.9932282	2.139205	0.834892279
138	0.366737	123.1627174	2.036431	0.834547583
139	0.397045	118.8217761	1.993847	0.812834698
140	0.414594	119.9582112	1.946008	0.798518045
141	0.312648	123.6777008	2.113137	0.827850691
142	0.396593	118.8730654	1.982307	0.791067779
143	0.336065	121.7635921	2.067203	0.823971791
144	0.405248	117.8957705	1.983978	0.795622133
145	0.348834	119.9793126	2.064364	0.821644468
146	0.36131	120.2880533	2.035367	0.836826184
147	0.394898	114.2512446	1.991746	0.812171043
148	0.357612	121.702544	2.065971	0.838315137
149	0.312279	123.3392602	2.108874	0.84282676
150	0.343521	120.7579921	2.085661	0.812911782
151	0.330016	124.894347	2.104369	0.825230052
152	0.297011	128.9149225	2.143536	0.840545574
153	0.357832	121.2990842	2.059432	0.827936581
154	0.292947	120.1465157	2.092572	0.824394302
155	0.382711	116.6755803	1.996171	0.813351964
156	0.374236	123.4509391	2.027381	0.820311592
157	0.359349	115.9170361	2.034772	0.813499967
158	0.350805	119.9854593	2.061717	0.821338347
159	0.374768	122.7968844	2.023129	0.830294261
160	0.299668	123.1766218	2.117294	0.833825393
161	0.292601	125.9407091	2.146422	0.848410419
162	0.349881	124.8253037	2.07627	0.818378146
163	0.35774	125.2881917	2.072303	0.836952752
164	0.408158	120.2775749	1.958021	0.806020267
165	0.381144	125.1181534	2.021154	0.827520616
166	0.379811	121.1236583	2.017994	0.817290742
167	0.455399	118.5503496	1.925123	0.819329925
168	0.387218	118.7294544	2.009692	0.812904622
169	0.360004	123.0693514	2.048807	0.832314289
170	0.439743	117.015702	1.897447	0.809031904
171	0.374048	119.3080351	2.034123	0.828391533
172	0.300566	123.7663456	2.112356	0.828723209
173	0.400817	123.6204787	2.000573	0.836050018
174	0.260328	126.8254589	2.182888	0.847848296
175	0.464045	116.4940928	1.88142	0.806429178
176	0.420899	119.0725315	1.985671	0.811812148
177	0.348849	120.6477117	2.049098	0.833761984
178	0.379932	120.5088188	2.025226	0.81909336
179	0.339252	122.169057	2.077672	0.824896974
180	0.423723	117.1629616	1.949065	0.811203499
181	0.331882	123.7197303	2.053655	0.834714314
182	0.418558	119.8947769	1.952443	0.808095347
183	0.414477	121.7751931	1.972748	0.832502392
184	0.313197	121.2644792	2.059418	0.828902382
185	0.276402	124.5247674	2.139989	0.83598929
186	0.39776	119.5936723	2.003604	0.804066381
187	0.442362	114.3190792	1.921717	0.797239931
188	0.369672	121.2086621	2.039563	0.820057369
189	0.357875	118.4874456	2.032978	0.813698862
190	0.407937	119.8657339	1.996434	0.814084547
191	0.344214	120.6255478	2.020163	0.804641644
192	0.350342	117.2680009	2.061155	0.820267086
193	0.380803	118.1497362	2.026121	0.813353996
194	0.347403	123.2043396	2.072612	0.837676876
195	0.330115	119.9556054	2.090603	0.826686891
196	0.430742	115.711224	1.919292	0.805134699
197	0.389598	120.1693703	2.007133	0.831231042
198	0.322806	122.2903202	2.089769	0.841728002
199	0.359573	120.9843914	2.029873	0.827269344
200	0.324397	120.1281053	2.093131	0.81793745
201	0.323287	118.0788339	2.086151	0.826384718
202	0.419174	120.6851926	1.972264	0.800944638
203	0.36432	121.072843	2.054994	0.825814179
204	0.33715	123.4601851	2.087626	0.829625578
205	0.254496	123.4068626	2.171076	0.838461385
206	0.279613	123.3377825	2.144653	0.83322443
207	0.385288	118.1652781	2.024539	0.810674016
208	0.415629	121.1450131	1.981687	0.829331876
209	0.370378	120.4333781	2.020888	0.830757244
210	0.349912	125.8907417	2.095053	0.833418473
211	0.364262	122.4749617	2.02554	0.829118246
212	0.377724	120.005708	1.988041	0.811613626
213	0.384722	121.5360508	2.05037	0.81465506
214	0.365572	121.1988512	2.044187	0.804286107
215	0.32927	123.8572431	2.087212	0.824157894
216	0.290693	126.0344019	2.146964	0.840967496
217	0.321984	123.7382204	2.07257	0.828496153
218	0.303684	123.0915375	2.111637	0.833566888
219	0.335015	120.4172625	2.069224	0.824931415
220	0.344724	117.5046906	2.050601	0.826802173
221	0.419539	117.9481447	1.953397	0.803606842
222	0.330927	123.0350355	2.073371	0.821095977
223	0.376783	117.723485	2.002426	0.817482623
224	0.335204	123.0172332	2.08287	0.827541692
225	0.37488	123.6235175	2.049132	0.810349316
226	0.374291	119.5451312	2.020326	0.814599261
227	0.383533	117.9185421	2.009217	0.81926575
228	0.409915	118.2882272	1.986206	0.810794269
229	0.349569	122.4822683	2.065882	0.830208704
230	0.36547	120.0428815	2.002022	0.81071549
231	0.371317	116.1922982	2.015165	0.819930786
232	0.406256	120.6718455	1.972433	0.817820292
233	0.390355	120.9261156	2.008347	0.818764028
234	0.356456	120.2733655	2.032854	0.823742676
235	0.369555	122.0607281	2.047591	0.808174508
236	0.354693	122.0453904	2.050793	0.838278916
237	0.431731	119.6018387	1.965217	0.821581546
238	0.367099	115.3492474	2.020994	0.805483991
239	0.332599	121.334469	2.088508	0.831798809
240	0.398129	118.261254	1.959605	0.819220468
241	0.384268	120.9256978	2.003175	0.829803307
242	0.412859	119.3414125	1.961848	0.817730095
243	0.298113	123.3074623	2.133019	0.832926881
244	0.3459	117.9098273	2.064042	0.815353713
245	0.315836	119.9007354	2.076453	0.819700875
246	0.298854	120.6948361	2.063236	0.827709562
247	0.384165	122.8859265	1.986663	0.831637416
248	0.39097	117.9897447	2.009191	0.820096334
249	0.396599	119.5564824	2.003696	0.79523834
250	0.410216	122.2319928	1.974967	0.821217507
251	0.350982	118.962819	2.058165	0.821293264
252	0.315592	116.3434722	2.072404	0.820400715
253	0.362854	116.49818	2.027757	0.818059416
254	0.338427	123.3740542	2.074576	0.838475977
255	0.338621	123.7213536	2.086353	0.832676449
256	0.332585	121.6156922	2.069963	0.817065365
257	0.409453	117.2567765	1.96484	0.805070552
258	0.392966	122.0250873	1.98776	0.832322117
259	0.306972	126.5249572	2.12492	0.831847186
260	0.388261	122.7699833	1.993902	0.840220214
261	0.30636	119.9400656	2.082994	0.829898726
262	0.347572	119.6732709	2.068794	0.824654193
263	0.347285	117.5923365	2.058891	0.824628063
264	0.381846	118.1691381	2.014319	0.809123333
265	0.363346	126.6255709	2.0572	0.830488997
266	0.432126	121.8471816	1.932673	0.820078522
267	0.246803	127.1526693	2.190341	0.841583799
268	0.353844	120.8857176	2.014202	0.818048204
269	0.364393	126.0952231	2.068806	0.841172907
270	0.30249	123.2739516	2.137026	0.832146556
271	0.31816	124.4100446	2.119987	0.83524424
272	0.462253	117.1649432	1.909065	0.799653295
273	0.338238	120.8134061	2.077779	0.824115868
274	0.378762	118.7172618	2.02977	0.823015685
275	0.326266	119.0322997	2.079915	0.823071353
276	0.316069	124.8876022	2.113866	0.820660851
277	0.331136	122.1228825	2.079396	0.838538401
278	0.321716	124.3554128	2.092783	0.841648208
279	0.349277	120.3893787	2.054285	0.816327751
280	0.381432	123.6524255	2.012443	0.821320945
281	0.437372	114.0659039	1.930913	0.803621588
282	0.41987	120.0414031	1.927375	0.811096933
283	0.339668	119.6225251	2.053145	0.822886442
284	0.338461	122.8989499	2.072168	0.825159533
285	0.394449	118.3408749	2.001235	0.810518397
286	0.337874	125.4825602	2.051334	0.84803302
287	0.396298	119.1887834	1.968168	0.820633654
288	0.375142	120.1546814	2.030794	0.823065319
289	0.398157	122.9976625	2.02061	0.820642587
290	0.316356	121.8631532	2.112506	0.82451308
291	0.349393	125.0638386	2.067665	0.834272894
292	0.409046	117.5564953	1.969675	0.805613971
293	0.357216	122.4110169	2.042118	0.828658625
294	0.36062	120.634262	2.021805	0.822968507
295	0.356929	120.9718604	2.066936	0.814624488
296	0.363393	120.7532806	2.038046	0.83225809
297	0.344748	119.8111294	2.026427	0.813238095
298	0.348279	122.6719531	2.070077	0.831422117
299	0.359463	122.7393086	2.06827	0.837685043
300	0.340279	122.6193919	2.022788	0.83860697
301	0.339752	119.5268097	2.078005	0.816575739
302	0.373826	117.6321637	2.0076	0.825795427
303	0.39693	116.6647369	1.994147	0.813035619
304	0.324615	122.4606324	2.102015	0.834884341
305	0.417541	117.2066525	1.959403	0.820714105
306	0.361361	123.6007963	2.039197	0.827103496
307	0.33278	120.5792794	2.072836	0.825739217
308	0.409283	116.6437754	1.961076	0.792800255
309	0.374987	122.2753571	1.978521	0.838715274
310	0.340259	126.5579442	2.053258	0.835858004
311	0.453453	119.1251503	1.92022	0.782977348
312	0.364406	118.5461292	2.03597	0.818242459
313	0.348756	122.2647768	2.067694	0.83818199
314	0.309263	119.6569648	2.116267	0.813686198
315	0.439723	119.7481573	1.939158	0.80072276
316	0.399361	120.3515332	1.994574	0.820132318
317	0.309402	121.5636807	2.105079	0.830695215
318	0.289781	127.4689985	2.128715	0.841747898
319	0.374412	119.7587857	2.003953	0.821947414
320	0.27194	124.8249681	2.17026	0.83966367
321	0.388416	119.6896749	2.016853	0.821049981
322	0.395911	118.2679488	1.990172	0.809958263
323	0.389034	120.5557615	2.007952	0.815420219
324	0.337242	122.8782298	2.0626	0.833836004
325	0.34243	125.2661246	2.075267	0.833449408
326	0.428795	120.3490729	1.966501	0.817044058
327	0.367876	119.72805	2.027863	0.822921296
328	0.34185	124.9545279	2.059326	0.840783473
329	0.311089	124.4954313	2.095193	0.822091888
330	0.372663	125.0165662	2.053859	0.836581541
331	0.376194	122.1581611	2.016411	0.832301557
332	0.330085	124.4615265	2.07612	0.837254462
333	0.427517	118.3783056	1.962415	0.802461856
334	0.39621	119.7424025	1.994845	0.822543534
335	0.315465	123.6629425	2.122624	0.847479021
336	0.35926	119.3751913	2.053459	0.826326562
337	0.351495	127.6294219	2.076154	0.833547378
338	0.342822	120.2790999	2.074655	0.827358649
339	0.3625	114.0793957	2.03489	0.794192857
340	0.360272	121.9218648	2.052591	0.830266176
341	0.322794	123.506264	2.105559	0.827423522
342	0.406759	122.246757	1.994923	0.823722019
343	0.402275	120.9029656	1.985657	0.815501063
344	0.28949	124.433523	2.131535	0.832941721
345	0.38037	115.4271632	1.996114	0.813433293
346	0.366559	120.4842384	2.029546	0.818497827
347	0.380174	123.4600001	2.049069	0.824632266
348	0.38794	119.5365089	1.99989	0.820887935
349	0.432014	123.3161963	1.93278	0.812263753
350	0.341082	124.582348	2.070911	0.840829556
351	0.386795	115.9085891	1.986277	0.808663117
352	0.409199	114.9958813	1.971737	0.807608183
353	0.334474	128.3440409	2.104972	0.841629236
354	0.386895	120.3205526	2.021265	0.822187005
355	0.355938	117.9568094	2.051012	0.824240127
356	0.425552	117.5963426	1.930054	0.80123058
357	0.467737	120.4811061	1.913684	0.792558928
358	0.40281	117.8185199	1.979955	0.821614375
359	0.291203	125.4808058	2.135772	0.841120549
360	0.401564	120.7943027	2.013924	0.808742361
361	0.392405	118.0807538	1.970952	0.801537888
362	0.352645	122.7090048	2.075026	0.830249339
363	0.337494	120.2840956	2.061355	0.829478605
364	0.358217	123.5050332	2.054739	0.827893672
365	0.393215	118.6060756	1.983831	0.820160324
366	0.342825	122.8951615	2.086891	0.823623051
367	0.330234	121.4889977	2.086173	0.833064172
368	0.377033	118.5791774	1.988582	0.81014727
369	0.336689	121.4437255	2.082194	0.816932427
370	0.403471	118.7144247	1.996034	0.812476728
371	0.408823	116.0206373	1.982419	0.800953292
372	0.386246	118.6512998	2.009839	0.810966627
373	0.317877	119.6280389	2.08916	0.830855712
374	0.354467	118.0123817	2.04908	0.820293794
375	0.327606	121.5557467	2.080148	0.824920546
376	0.362918	125.2487621	2.039146	0.835128758
377	0.39663	118.3136006	1.987076	0.820500813
378	0.37497	122.0610415	2.02123	0.818523236
379	0.392797	119.9466255	2.010755	0.810773182
380	0.373036	120.177393	2.039207	0.823672051
381	0.355698	121.8949019	2.051199	0.82344722
382	0.375141	119.0192304	2.018602	0.823121553
383	0.327395	124.3713905	2.107203	0.834377453
384	0.321416	120.2153499	2.10307	0.817423766
385	0.321297	119.9565681	2.075809	0.830545823
386	0.334389	120.3893375	2.076914	0.827962145
387	0.402982	120.8702837	1.997415	0.803673695
388	0.382002	121.3913009	2.027717	0.815462645
389	0.426061	113.0502749	1.943097	0.795021083
390	0.345895	127.9061591	2.076478	0.846656805
391	0.370423	120.6561116	2.018164	0.819646995
392	0.341139	120.7988993	2.094386	0.816577603
393	0.34202	122.7341009	2.043106	0.828238558
394	0.446639	114.6991429	1.903627	0.810546944
395	0.278608	123.7627297	2.148277	0.836620685
396	0.379647	120.7898941	1.999667	0.820639119
397	0.379713	118.3462102	2.012564	0.810253783
398	0.290198	119.3950277	2.106036	0.830613428
399	0.277965	124.60639	2.152574	0.83864777
400	0.360824	116.3144256	2.035722	0.823187204
401	0.406095	114.8201813	1.958254	0.808682711
402	0.376518	124.7551795	2.034592	0.829772591
403	0.391332	117.4806746	1.965183	0.809561257
404	0.316076	121.9976633	2.091047	0.832414923
405	0.36383	123.5571257	2.071299	0.842466241
406	0.351633	116.2581445	2.034254	0.817856249
407	0.285511	117.7481059	2.140283	0.81463883
408	0.342878	121.9173573	2.070985	0.821339525
409	0.419987	117.5637719	1.9422	0.801362028
410	0.351029	121.6097341	2.051825	0.835378489
411	0.36316	119.7993442	2.034496	0.823340668
412	0.351705	118.3590509	2.058687	0.817067155
413	0.396408	119.28723	1.963228	0.817734411
414	0.292132	125.9193598	2.128098	0.847505591
415	0.424067	116.9520477	1.932035	0.795652758
416	0.369765	119.8983715	2.018741	0.824518482
417	0.424694	116.6684004	1.949147	0.811379007
418	0.374677	117.5678681	2.018606	0.810741788
419	0.411076	118.0744272	1.983298	0.81881542
420	0.365003	118.7605282	2.037937	0.825270728
421	0.296662	122.8741697	2.105614	0.823749947
422	0.413267	118.5027624	1.982701	0.811193684
423	0.353003	121.5355082	2.033615	0.830983153
424	0.346206	123.1762302	2.060943	0.83618519
425	0.334407	123.5462922	2.064414	0.819824374
426	0.299278	124.8433681	2.13373	0.826295353
427	0.362622	123.2043329	2.045439	0.833392957
428	0.393296	121.3248552	2.002029	0.822952742
429	0.356565	121.8483106	2.063139	0.828307326
430	0.330952	121.7607853	2.074663	0.823994313
431	0.307535	125.4281375	2.094131	0.833004087
432	0.380803	122.3384894	2.012201	0.832501103
433	0.250389	123.5740214	2.181463	0.844482548
434	0.27399	125.1246511	2.144799	0.843778618
435	0.330375	123.8798093	2.085542	0.832294356
436	0.286607	123.9756791	2.14187	0.837393385
437	0.391484	119.6679272	2.004123	0.815228168
438	0.334899	122.7753756	2.083052	0.83498239
439	0.352805	121.9345102	2.053128	0.822896494
440	0.388002	120.0738657	1.995657	0.821769966
441	0.419907	119.91916	1.990707	0.812196944
442	0.295789	120.3178576	2.116478	0.827934926
443	0.360366	125.8443865	2.042601	0.844222393
444	0.322172	120.6236929	2.110458	0.823901626
445	0.397519	118.9598451	1.982226	0.820856589
446	0.325679	125.7000279	2.093136	0.83253017
447	0.351027	121.931649	2.054512	0.847803654
448	0.379968	120.658946	2.033274	0.820571211
449	0.306593	120.9935467	2.121243	0.822133902
450	0.35003	125.1787451	2.068808	0.837114465
451	0.411766	119.275587	1.972352	0.81642266
452	0.388205	119.817558	1.996833	0.835125908
453	0.395924	117.277829	2.002277	0.799980379
454	0.358765	122.2406446	2.037883	0.840179322
455	0.329647	121.3397265	2.073092	0.816991574
456	0.357466	121.1222737	2.055761	0.819356164
457	0.495739	119.526969	1.855558	0.810107164
458	0.324176	121.3471071	2.097267	0.832529787
459	0.348659	126.2253239	2.05963	0.83909855
460	0.332727	118.3280652	2.08337	0.818281395
461	0.348073	124.3221777	2.072108	0.838609053
462	0.349032	123.7066071	2.054229	0.826036329
463	0.353604	121.4816199	2.047545	0.815755541
464	0.336331	117.4693571	2.07792	0.821017432
465	0.34998	122.6587088	2.039035	0.83905785
466	0.342033	122.4179834	2.07437	0.835471066
467	0.362328	123.3032773	2.044151	0.824046874
468	0.428606	112.8988943	1.936031	0.797902323
469	0.348846	116.5200411	2.037917	0.816093323
470	0.297597	125.0775873	2.1309	0.846048228
471	0.389024	118.7691378	2.015667	0.812049711
472	0.421455	116.5018366	1.959638	0.809146616
473	0.410108	118.4936493	1.988241	0.811259719
474	0.329014	122.1735999	2.095762	0.826441517
475	0.379361	115.7606547	1.983221	0.809662226
476	0.415274	118.9818282	1.958493	0.814636981
477	0.397595	118.468028	2.017719	0.802130925
478	0.338071	124.5436456	2.092837	0.827567719
479	0.365464	120.0547188	2.026929	0.829586349
480	0.319142	121.9747526	2.09332	0.830586733
481	0.352829	118.6381486	2.059797	0.831542877
482	0.42146	124.7562465	1.944624	0.820699984
483	0.303672	123.6169016	2.148423	0.828515614
484	0.347349	122.0878613	2.060141	0.834786107
485	0.376472	118.1340489	1.993244	0.815815601
486	0.431842	117.7231352	1.965485	0.810840687
487	0.36807	122.2502354	2.053123	0.843493166
488	0.357829	120.8227977	2.02386	0.824642672
489	0.335267	124.8116432	2.077367	0.829282545
490	0.32228	122.4018397	2.0855	0.820668072
491	0.337416	121.4413847	2.0824	0.827404516
492	0.357874	119.1047589	2.064962	0.817607652
493	0.296553	122.5777957	2.138227	0.832045251
494	0.411754	115.5746811	1.962381	0.810872772
495	0.249443	129.7454378	2.183578	0.857308715
496	0.271404	119.5283667	2.114618	0.813841224
497	0.419154	121.3078771	1.952604	0.802406122
498	0.336452	121.7788127	2.055806	0.816198403
499	0.37156	121.0190801	2.036408	0.826657783
500	0.437685	116.5512903	1.92987	0.79915322
501	0.332993	124.5484213	2.097744	0.827927425
502	0.364969	118.6340688	2.043375	0.822515055
503	0.376011	120.700135	2.018944	0.828704027
504	0.391779	120.0319262	2.005579	0.807575892
505	0.38855	118.0918633	2.00377	0.816432317
506	0.404652	122.8597513	1.986222	0.836238603
507	0.348032	119.8258065	2.034912	0.815925297
508	0.367316	124.3318235	2.023366	0.829521307
509	0.470617	118.9711158	1.870164	0.810680262
510	0.422244	118.3821923	1.935379	0.815718772
511	0.36135	120.5175783	2.062052	0.832681244
512	0.415931	118.4963709	1.984517	0.817157066
513	0.430578	118.44489	1.912455	0.819028767
514	0.372421	119.6394737	2.043946	0.807516251
515	0.401246	120.8166389	1.995099	0.81694581
516	0.331543	119.3127299	2.076629	0.833556826
517	0.357971	118.6356729	2.036846	0.820436128
518	0.34455	126.1151905	2.069705	0.849997043
519	0.262522	124.8669389	2.134644	0.835309289
520	0.353846	123.7055103	2.075291	0.838133154
521	0.426227	117.1989189	1.93477	0.809340725
522	0.42936	120.0700167	1.945423	0.818739372
523	0.322165	122.4785994	2.10153	0.823819346
524	0.347969	122.1990517	2.058223	0.812896923
525	0.333847	121.4184036	2.075985	0.824016179
526	0.426415	118.3489777	1.967679	0.796809641
527	0.325647	118.866656	2.089189	0.833973105
528	0.372223	125.4491916	2.025358	0.822064387
529	0.243195	127.1596597	2.195631	0.845193546
530	0.364875	122.3999352	2.043794	0.830569925
531	0.307032	122.3972136	2.096316	0.827431793
532	0.379388	119.5110396	2.027203	0.818668794
533	0.295249	121.7755364	2.076486	0.829866639
534	0.297495	124.9024105	2.138886	0.842040267
535	0.406689	112.4480575	1.988118	0.811000238
536	0.372093	119.5212292	2.027181	0.817257016
537	0.349034	114.1144688	2.054843	0.818759211
538	0.380206	119.3521481	1.998252	0.822685474
539	0.336832	121.7513467	2.05345	0.827019844
540	0.3869	124.569062	2.005328	0.825023314
541	0.365678	116.2588269	2.030351	0.811218304
542	0.397581	121.4326217	1.961467	0.804742479
543	0.329145	117.8437235	2.070315	0.819605949
544	0.262912	121.7301341	2.154657	0.843193278
545	0.355885	114.8597478	2.032948	0.816175507
546	0.353306	122.2178956	2.07501	0.833361906
547	0.379187	117.1908494	2.014211	0.807136773
548	0.29585	122.7596213	2.113995	0.822443155
549	0.378865	119.389617	2.005026	0.816502681
550	0.371679	116.6579885	2.017492	0.812371582
551	0.343079	118.9757246	2.049338	0.821808492
552	0.333073	119.7361516	2.057721	0.821276913
553	0.423027	120.3529087	1.97053	0.820664654
554	0.432042	117.7218767	1.956398	0.810345609
555	0.355275	117.479483	2.068888	0.818428665
556	0.381966	120.9477946	2.012393	0.819208652
557	0.400492	116.666406	1.985819	0.806222494
558	0.379084	121.4184644	2.055451	0.820662329
559	0.360758	118.7243974	2.050512	0.829961304
560	0.373408	116.7844702	2.011749	0.819248911
561	0.339691	121.6495583	2.088775	0.820618576
562	0.415783	122.7557701	1.932217	0.815199988
563	0.365432	121.5554422	2.053885	0.832161293
564	0.393121	119.1294127	1.976199	0.823239269
565	0.335673	121.8329002	2.076593	0.823618889
566	0.36455	121.8815219	2.02007	0.822371728
567	0.330041	122.2208942	2.093479	0.8303852
568	0.424009	118.5819634	1.942946	0.818115493
569	0.377103	122.8350481	2.039169	0.820100081
570	0.348834	116.5130088	2.061466	0.811874251
571	0.400064	122.3847891	2.009365	0.81052848
572	0.381205	118.3671405	2.018329	0.826719606
573	0.408359	118.8203465	1.970019	0.814349094
574	0.35468	123.7923168	2.045545	0.813712155
575	0.29684	124.295842	2.10136	0.841749655
576	0.403656	122.5072948	1.971757	0.825547018
577	0.301152	120.3109251	2.099182	0.829675384
578	0.33972	121.3935616	2.075547	0.823981938
579	0.406753	124.786982	1.990782	0.818892213
580	0.340663	120.1415048	2.059881	0.825487034
581	0.393226	118.1790728	2.010598	0.813278395
582	0.377392	118.7851973	2.029228	0.818315672
583	0.30625	117.5289226	2.095418	0.814028011
584	0.40477	116.9644506	1.935897	0.812257773
585	0.359996	123.0896872	2.04925	0.830697255
586	0.47946	115.4095806	1.878747	0.786281369
587	0.321217	122.3385656	2.094784	0.834682644
588	0.375759	116.5570915	2.038137	0.817079667
589	0.320429	122.6447187	2.065011	0.841732149
590	0.382055	119.0417898	2.000325	0.799905212
591	0.379118	119.7649731	2.021558	0.816638495
592	0.290453	122.7161373	2.137727	0.837223094
593	0.382853	122.4396183	2.025829	0.832629518
594	0.41104	119.5247524	1.982171	0.818205343
595	0.373759	118.9619662	2.046364	0.822396824
596	0.333197	124.814885	2.095406	0.844078491
597	0.379645	121.2486219	2.057968	0.807942853
598	0.279822	121.3900302	2.134428	0.826509747
599	0.391015	118.5883097	2.001114	0.811074666
600	0.371864	122.4580391	2.028981	0.829587622
601	0.398012	119.6653401	2.002592	0.803801071
602	0.313836	127.0188034	2.104043	0.843450663
603	0.327257	123.428056	2.10071	0.840799698
604	0.374289	118.0098546	1.989423	0.817030925
605	0.391984	121.6999207	2.031062	0.794335334
606	0.330683	121.9970593	2.093701	0.831103965
607	0.367696	122.6172048	2.01431	0.814501008
608	0.394947	116.5820346	1.992385	0.815511152
609	0.368686	122.6993916	2.023089	0.817142544
610	0.318069	127.1736162	2.122482	0.838827944
611	0.41766	116.6807098	1.950028	0.804416382
612	0.3473	123.6473871	2.067281	0.831962503
613	0.432842	118.6371673	1.921302	0.796464649
614	0.331368	118.1331185	2.026577	0.814754408
615	0.308803	124.2337323	2.126011	0.84385458
616	0.357828	118.5937029	2.013838	0.831419332
617	0.425978	118.8361526	1.935522	0.811885226
618	0.346784	126.0852136	2.072143	0.842718106
619	0.427162	118.4275341	1.948869	0.798188322
620	0.42987	118.7491788	1.965779	0.803119061
621	0.37134	116.4182171	2.007022	0.805332396
622	0.366191	121.8928544	2.056627	0.821611706
623	0.425736	122.2917834	1.95905	0.835049133
624	0.350461	122.8010625	2.069551	0.827363071
625	0.369669	121.6510669	2.028411	0.817988385
626	0.212959	125.5817549	2.197364	0.849477918
627	0.310534	124.4533992	2.104084	0.839852305
628	0.316056	122.8152354	2.098747	0.838584264
629	0.336802	121.2342216	2.07847	0.820548729
630	0.399682	122.9930204	1.98186	0.830382657
631	0.391158	118.4866522	1.979359	0.805815552
632	0.424311	117.7192037	1.924882	0.818113845
633	0.391416	118.0314702	2.004668	0.818086264
634	0.33412	124.6553758	2.092719	0.839761662
635	0.379006	117.4452045	2.017072	0.821275506
636	0.45532	117.1156441	1.902173	0.810611403
637	0.322045	119.3238657	2.078192	0.830618347
638	0.329574	123.9128727	2.101683	0.833549777
639	0.403931	121.5566539	2.014612	0.817921525
640	0.37786	122.0825681	2.010684	0.824590514
641	0.344109	120.5130323	2.06268	0.838146472
642	0.363183	118.7690246	2.0375	0.819408276
643	0.423948	116.6874193	1.948629	0.799279348
644	0.368641	122.5439571	2.021072	0.823129178
645	0.304239	122.5606121	2.127821	0.83878679
646	0.292937	126.078107	2.135345	0.835533386
647	0.371382	127.8709878	2.053692	0.848585321
648	0.33521	124.1921481	2.080728	0.825910554
649	0.315889	122.7052245	2.081347	0.832233028
650	0.251041	124.0767444	2.136801	0.82015233
651	0.360257	120.9894042	2.043541	0.824602693
652	0.362014	118.7741659	2.026058	0.811972609
653	0.378706	119.966883	2.009584	0.808454152
654	0.384001	119.3920593	2.001581	0.812840254
655	0.375146	119.8280205	2.019607	0.819866053
656	0.424094	119.0524297	1.931667	0.824737455
657	0.362049	120.2413677	2.032466	0.824865505
658	0.356959	118.9435378	2.046649	0.825388243
659	0.346067	122.0283854	2.039685	0.809043425
660	0.279506	123.7338122	2.169334	0.83735346
661	0.336546	126.0458554	2.068686	0.833227171
662	0.322287	117.0191204	2.066332	0.824830954
663	0.362255	119.7228432	2.038485	0.825082539
664	0.396804	121.738982	2.014049	0.819873626
665	0.353545	122.4326609	2.053985	0.82394605
666	0.306372	121.6657023	2.096579	0.828518124
667	0.389445	120.7914021	2.031338	0.823067519
668	0.334775	119.391846	2.077437	0.814391785
669	0.31955	124.2013264	2.098168	0.840297366
670	0.366248	120.5006326	2.061651	0.828321919
671	0.449101	117.3838211	1.92563	0.807205864
672	0.349628	116.9949732	2.050255	0.819594407
673	0.277946	123.3140874	2.134375	0.839924288
674	0.356388	122.4979272	2.051244	0.820646105
675	0.388037	120.0324136	1.990646	0.821638954
676	0.407355	114.7931824	1.959553	0.80573796
677	0.446072	117.2915625	1.910186	0.802784419
678	0.420451	118.6985663	1.972164	0.804088931
679	0.364076	121.4786796	2.046663	0.830877491
680	0.332408	121.7018953	2.097623	0.832192822
681	0.407188	119.4733191	1.993136	0.816462646
682	0.306985	130.0029535	2.126253	0.837514696
683	0.355805	120.0114956	2.038331	0.828150504
684	0.345641	122.9797644	2.073929	0.823580806
685	0.448874	118.4996889	1.918058	0.794311003
686	0.359547	120.3863029	2.038443	0.830547036
687	0.306351	121.7907883	2.11395	0.834302013
688	0.281729	122.6615109	2.12376	0.843131718
689	0.291025	126.4512869	2.11835	0.83276861
690	0.36342	120.6279663	2.048267	0.830134326
691	0.306509	119.2622408	2.081241	0.820053583
692	0.403177	120.3947156	1.99087	0.821377881
693	0.439403	121.6461984	1.929719	0.794779963
694	0.278036	129.4530208	2.163415	0.852152269
695	0.452513	116.4357311	1.922167	0.791304477
696	0.325567	121.0337562	2.090281	0.841050754
697	0.353891	120.3123075	2.052319	0.817707971
698	0.426696	117.6801921	1.956215	0.80961572
699	0.38429	116.7063622	2.001861	0.798891826
700	0.380401	117.375287	2.014613	0.816710504
701	0.389565	124.056258	2.029931	0.832234277
702	0.413715	113.3282311	1.966359	0.79659225
703	0.402297	118.4400108	1.966599	0.815358548
704	0.338651	122.9589517	2.049542	0.832794006
705	0.307766	121.4842787	2.108308	0.825050807
706	0.34083	114.7716531	2.026142	0.810615204
707	0.362205	121.9311207	2.055644	0.837502697
708	0.395483	117.6265203	1.986859	0.82041878
709	0.353489	115.8938415	2.015667	0.822078789
710	0.399827	120.057751	1.972679	0.81794129
711	0.330938	117.1221874	2.055062	0.816442507
712	0.351397	124.1220586	2.077094	0.832054704
713	0.342016	122.7199571	2.079739	0.843996992
714	0.324578	120.5971887	2.091772	0.81846617
715	0.359025	125.0122837	2.070533	0.822955832
716	0.369921	121.7962559	2.028251	0.822805347
717	0.331086	121.3370854	2.045781	0.828360322
718	0.355616	120.8148506	2.06728	0.829853715
719	0.388918	120.2640218	2.016835	0.809625701
720	0.433097	119.3238291	1.938392	0.82202675
721	0.400008	121.1714518	2.001006	0.826825456
722	0.392979	120.1856081	1.996617	0.812309966
723	0.285504	126.7468793	2.109549	0.827329657
724	0.392385	118.2295668	1.979363	0.822356918
725	0.387038	125.0249998	2.018436	0.836046874
726	0.301654	120.0124724	2.102454	0.831414515
727	0.323756	119.1242516	2.07697	0.822220953
728	0.281745	122.7629596	2.149334	0.827101621
729	0.328096	121.7484767	2.109285	0.838050252
730	0.397646	123.870288	2.018565	0.820433119
731	0.382715	121.5271919	2.034753	0.810227789
732	0.394565	120.8517973	1.979293	0.830647307
733	0.422851	118.4177398	1.964166	0.815951614
734	0.410805	119.4892499	1.974633	0.817303912
735	0.401999	122.7094288	2.011884	0.815168478
736	0.333906	123.0215323	2.090007	0.8324423
737	0.365018	115.9768994	2.02044	0.783481329
738	0.237084	126.6048783	2.189874	0.849359041
739	0.31649	126.1436543	2.090059	0.839839786
740	0.374591	117.0363973	2.002752	0.821004774
741	0.303562	119.7770574	2.083509	0.833008411
742	0.343101	121.2004526	2.09674	0.825823392
743	0.307727	120.9111865	2.12218	0.82945016
744	0.32705	122.1350387	2.090301	0.835336272
745	0.39348	120.6060604	2.014974	0.832676832
746	0.295553	123.8876691	2.130791	0.83477366
747	0.32231	116.860106	2.094626	0.812612948
748	0.355091	115.6427331	2.034191	0.77731661
749	0.296311	126.1085191	2.119781	0.832208288
750	0.415107	118.7886767	1.968294	0.812471016
751	0.367088	116.967956	2.033882	0.82186496
752	0.380846	121.3545405	2.031267	0.822344987
753	0.40594	115.888706	1.954759	0.805152234
754	0.33714	120.9782857	2.083407	0.82438264
755	0.283236	130.0360277	2.151174	0.837562749
756	0.403053	120.7190983	1.996692	0.821588546
757	0.45042	116.9361253	1.931005	0.78917535
758	0.450869	121.2535408	1.931048	0.816528904
759	0.336359	122.0735479	2.087064	0.832665627
760	0.385396	115.8354974	1.989773	0.811603772
761	0.323739	124.9624726	2.091871	0.821767699
762	0.369679	120.6304484	2.035272	0.823549433
763	0.347886	120.6033317	2.085994	0.822343918
764	0.357513	112.887258	2.018251	0.817708166
765	0.346105	119.8083005	2.019462	0.816902923
766	0.324578	117.3898741	2.093071	0.81567337
767	0.378933	119.5717377	2.028724	0.821141726
768	0.401064	118.0386663	1.959897	0.812140863
769	0.314946	124.6185172	2.118358	0.83613869
770	0.302282	122.4976456	2.128929	0.832699525
771	0.37849	117.4784673	2.014906	0.801799502
772	0.426087	117.7517364	1.952918	0.813118611
773	0.369704	116.7006032	2.029599	0.812551431
774	0.420852	120.9208864	1.974231	0.811959369
775	0.32981	123.6512966	2.073147	0.83564725
776	0.360503	121.3580777	2.020839	0.823888897
777	0.353772	119.9331025	2.04655	0.825740059
778	0.378348	122.1764918	2.028386	0.822860223
779	0.331149	115.4982002	2.077144	0.820051663
780	0.346917	125.8608342	2.065656	0.842451591
781	0.365907	121.6304785	2.055699	0.823833485
782	0.331699	122.7320955	2.080113	0.829597793
783	0.391855	119.5259354	1.972202	0.828206246
784	0.355392	116.9654114	2.050467	0.809158838
785	0.371075	122.5884421	2.054278	0.821063065
786	0.364418	120.5418978	2.025103	0.818263797
787	0.397704	117.3285587	1.971542	0.810118646
788	0.368054	116.5390323	2.043053	0.81557522
789	0.369577	122.7648597	2.00491	0.83208309
790	0.340073	118.809196	2.05913	0.828964494
791	0.355125	119.9776142	2.037625	0.820143894
792	0.312192	121.9293965	2.11523	0.82704845
793	0.363991	118.4046648	2.05162	0.826130102
794	0.333049	122.9699444	2.04152	0.837178339
795	0.295562	129.444385	2.141562	0.853156223
796	0.385118	120.2554967	1.990579	0.824765454
797	0.392782	119.6344406	2.001907	0.823976798
798	0.418144	115.3554247	1.939505	0.811655699
799	0.324644	123.7117903	2.086276	0.822295919
800	0.347634	123.4751867	2.073631	0.821262507
801	0.474334	116.9417581	1.849312	0.790628095
802	0.387074	114.4872195	1.998368	0.80827593
803	0.32982	125.7561069	2.070563	0.844855677
804	0.323146	123.9094529	2.10187	0.844198348
805	0.338733	122.9771598	2.076799	0.830802279
806	0.332784	124.706776	2.089298	0.832839728
807	0.412599	120.7228391	1.988049	0.826996759
808	0.410176	118.5531672	1.965946	0.821474478
809	0.3804	118.4833827	2.017445	0.812512899
810	0.352115	122.0288295	2.067483	0.828481518
811	0.380525	121.2958733	2.016512	0.823355488
812	0.403305	122.194155	1.999161	0.828382366
813	0.43714	118.5604458	1.921545	0.807335546
814	0.452499	116.4489646	1.910685	0.794777757
815	0.346086	121.3042062	2.074827	0.82958663
816	0.386862	116.7875129	2.004925	0.807292223
817	0.348564	120.5835602	2.059265	0.830634971
818	0.335326	121.5163625	2.085253	0.826405979
819	0.283856	124.3802374	2.140495	0.842634758
820	0.362809	118.5625452	2.05311	0.822413427
821	0.302611	120.9455266	2.095753	0.829370009
822	0.387814	121.20864	2.009473	0.831897892
823	0.26658	126.5976773	2.176054	0.848209003
824	0.336998	124.3451711	2.080014	0.833222248
825	0.334769	123.8713935	2.093263	0.827968053
826	0.361973	125.1083548	2.055322	0.823468071
827	0.30858	123.3666059	2.11675	0.832159167
828	0.397849	120.5151006	2.014228	0.824495405
829	0.428238	116.3644643	1.965566	0.809221136
830	0.382852	119.1247074	1.974511	0.818586159
831	0.414008	119.4741852	1.979525	0.80438102
832	0.419033	118.8194617	1.96461	0.808699181
833	0.391012	119.7417918	1.964013	0.821891511
834	0.42742	118.8236598	1.946845	0.805783137
835	0.305283	121.7041183	2.129239	0.827325555
836	0.443485	117.8077425	1.955912	0.796825755
837	0.36358	122.4650754	2.038438	0.831663791
838	0.296321	121.4200163	2.129923	0.826112347
839	0.380019	118.3104836	1.982563	0.804565464
840	0.325612	124.8879305	2.107945	0.840683772
841	0.363692	120.1138487	2.014233	0.821487077
842	0.360704	120.8545144	2.039773	0.821782966
843	0.43483	118.7695956	1.929051	0.8052354
844	0.405286	123.8390048	1.988252	0.833018734
845	0.285002	124.3570676	2.116847	0.820755609
846	0.295183	117.9141233	2.102528	0.824853703
847	0.305786	124.4887864	2.095413	0.838583765
848	0.393999	121.9747546	2.013526	0.811427628
849	0.366394	116.8477884	2.019797	0.814247564
850	0.323747	123.1540262	2.100116	0.831923677
851	0.375562	120.4494975	2.033036	0.807391241
852	0.428544	118.1497071	1.951349	0.814472775
853	0.405198	120.5870235	1.967852	0.823311455
854	0.396667	120.292921	1.987249	0.796237721
855	0.280694	123.6851932	2.161286	0.836463807
856	0.412686	118.0940476	1.962536	0.803733414
857	0.262107	122.583035	2.177719	0.834053207
858	0.374009	118.5199138	2.021977	0.805462036
859	0.341506	124.3052957	2.059759	0.831597939
860	0.413036	118.3593969	1.953382	0.803327687
861	0.326332	126.2397969	2.110985	0.8276256
862	0.385786	120.2065641	2.012628	0.825332553
863	0.368041	118.6558922	2.036902	0.825046762
864	0.279459	122.5154675	2.152703	0.831684195
865	0.336536	121.7046432	2.080809	0.8227234
866	0.353346	126.9849184	2.047038	0.838772259
867	0.388981	119.2183453	1.988614	0.806780127
868	0.286785	126.1670179	2.111095	0.846808596
869	0.456863	123.0574343	1.930729	0.841395789
870	0.421499	120.5690775	1.983205	0.818168555
871	0.299142	121.2664134	2.11887	0.82633481
872	0.344587	117.5004484	2.026587	0.81376859
873	0.37082	121.3486707	2.003101	0.827606005
874	0.357119	116.5459043	2.049948	0.812693726
875	0.389652	119.5291734	2.023899	0.801036031
876	0.402154	111.5283588	1.941694	0.79898328
877	0.430588	119.470244	1.954923	0.802685586
878	0.453718	120.0414975	1.922578	0.821865366
879	0.352055	123.300649	2.049558	0.835285405
880	0.362666	118.8530366	2.013344	0.821898389
881	0.36158	117.6567274	2.05445	0.808630898
882	0.359661	120.9036985	2.015129	0.819974357
883	0.297355	124.9715496	2.134633	0.838614305
884	0.424708	123.5115611	1.947199	0.825956811
885	0.306167	122.9843778	2.093585	0.833326261
886	0.325261	121.8128233	2.062015	0.825426629
887	0.328304	120.8865498	2.066258	0.831326892
888	0.348189	124.6174101	2.050014	0.840606506
889	0.453909	122.6709528	1.903746	0.833983615
890	0.319615	124.1900245	2.065267	0.828914598
891	0.400888	120.4648478	1.991774	0.820045079
892	0.381225	115.8214923	2.030166	0.815853917
893	0.426996	121.9434368	1.960709	0.820683922
894	0.328651	120.3411491	2.048511	0.830012781
895	0.358621	120.7201379	2.049491	0.810814187
896	0.278517	126.1663313	2.162062	0.844927769
897	0.413504	118.1814284	1.961468	0.792982552
898	0.377618	122.027858	2.032588	0.822902683
899	0.448982	118.6323756	1.915521	0.810175779
900	0.389361	122.9360809	1.966831	0.837935576
901	0.270036	128.3184504	2.167624	0.853042017
902	0.275805	123.733775	2.151435	0.840731509
903	0.432082	120.2585026	1.92835	0.802781733
904	0.332231	127.8285585	2.104326	0.842945891
905	0.345755	125.5341861	2.067601	0.824717552
906	0.257941	123.3163657	2.13473	0.834141067
907	0.357127	125.9573232	2.044237	0.840693808
908	0.372253	121.9541038	2.051669	0.827245471
909	0.283012	119.2545242	2.138928	0.827444445
910	0.321285	119.3213874	2.06128	0.836806883
911	0.362902	121.7721776	2.033534	0.801335722
912	0.412266	120.151163	1.972405	0.829251324
913	0.334434	115.7043866	2.085046	0.814828921
914	0.358303	115.5954813	2.018655	0.816249109
915	0.348388	125.3719447	2.082955	0.826894561
916	0.365686	119.3117654	2.053189	0.824376464
917	0.291968	124.9675414	2.138073	0.840072228
918	0.343669	121.7647724	2.07814	0.819336909
919	0.360239	122.5691407	2.05992	0.834082179
920	0.479639	118.3449541	1.870338	0.806634441
921	0.363809	124.5267066	2.055343	0.827935067
922	0.316935	124.3983107	2.112599	0.835568674
923	0.344457	117.0677411	2.049597	0.81527208
924	0.416639	120.4461983	1.963171	0.824010647
925	0.369769	120.7630893	2.024332	0.834663728
926	0.345108	124.9832485	2.082472	0.842306173
927	0.360874	122.7835579	2.057068	0.835108682
928	0.412887	117.3303811	1.956884	0.812805793
929	0.404288	117.7706336	1.953129	0.795028423
930	0.395848	116.7554169	1.993717	0.816239282
931	0.275183	122.5778282	2.128994	0.840944843
932	0.36082	120.5094203	2.0592	0.815046824
933	0.468	118.508244	1.925496	0.810960294
934	0.40304	118.1530129	1.998103	0.806594943
935	0.318973	120.1776034	2.094121	0.832335452
936	0.321187	122.0311775	2.094308	0.818847242
937	0.422434	121.2868092	1.967829	0.814672948
938	0.352236	118.5886635	2.046241	0.807459832
939	0.357577	121.7347867	2.058843	0.828433101
940	0.351113	120.5584135	2.060923	0.827978874
941	0.305677	119.9768902	2.096719	0.828212787
942	0.393779	118.3238752	1.994707	0.819762382
943	0.34051	119.8660721	2.074858	0.822171431
944	0.320694	124.5722584	2.089126	0.830409489
945	0.385827	118.495644	1.984276	0.822763559
946	0.450324	116.9282663	1.917718	0.798816969
947	0.41592	123.1146182	1.980959	0.822138336
948	0.396585	122.227446	2.001569	0.819137382
949	0.348494	118.8801488	2.040098	0.820959497
950	0.416801	121.0270227	1.98426	0.820225651
951	0.328251	124.6952636	2.105703	0.838960161
952	0.304587	122.508072	2.117193	0.837570092
953	0.410167	119.4185452	1.957374	0.807490127
954	0.426467	120.6365934	1.973106	0.820518332
955	0.372557	119.6961896	2.047028	0.821337722
956	0.385991	119.4618752	1.96969	0.816348102
957	0.418223	119.2828155	1.946988	0.809585845
958	0.321673	119.7282588	2.087642	0.8220651
959	0.34606	123.9598162	2.083612	0.835388457
960	0.289046	126.5963167	2.151944	0.845057538
961	0.400524	123.2053403	1.99887	0.827279806
962	0.373776	122.6645916	2.022728	0.829656523
963	0.349839	120.89827	2.053237	0.823901774
964	0.425254	120.4592466	1.964507	0.814392688
965	0.432983	115.8716402	1.957975	0.80689516
966	0.292334	122.4749106	2.133482	0.83727334
967	0.322447	117.6035329	2.05808	0.816580856
968	0.374389	120.3005873	2.026259	0.819494883
969	0.370004	121.8337133	2.027184	0.82532068
970	0.382976	122.4160867	1.996013	0.82409586
971	0.425113	119.9499805	1.963171	0.831393016
972	0.361366	124.2255334	2.021228	0.849098526
973	0.324699	124.3118354	2.089828	0.838592886
974	0.391827	116.3762726	1.969121	0.817026012
975	0.340587	121.7934256	2.081163	0.81473182
976	0.316957	126.0782367	2.119522	0.832151354
977	0.373061	117.158162	2.027414	0.819916752
978	0.343525	127.1244768	2.086654	0.829896697
979	0.306681	120.1711877	2.093467	0.828608817
980	0.360209	115.4824509	2.00905	0.816025843
981	0.37207	123.7917805	2.006856	0.836577526
982	0.388651	118.6087726	2.01376	0.822530002
983	0.360502	119.865888	2.022783	0.811789852
984	0.402228	116.1391281	1.963623	0.815872471
985	0.360646	120.1293895	2.035084	0.817633316
986	0.364686	113.8876007	2.019855	0.814402879
987	0.409824	120.0997615	1.937127	0.811653304
988	0.305378	122.8502525	2.122212	0.832928747
989	0.267355	122.451277	2.165866	0.842289751
990	0.355733	120.2455546	2.060694	0.821099033
991	0.339904	118.9511737	2.0733	0.832114568
992	0.385588	122.183179	2.010584	0.828079588
993	0.359211	118.9774202	2.057879	0.808480462
994	0.294885	125.6795625	2.129014	0.831224394
995	0.376921	123.7497081	1.996351	0.837291346
996	0.339315	125.611059	2.085559	0.827130209
997	0.337085	122.693376	2.075507	0.828172417
998	0.227834	128.1149593	2.182693	0.856179542
999	0.339892	123.5355128	2.073636	0.834570699
1000	0.383051	116.7142445	2.009553	0.816371068