rep	aei_left	left_area	adi_left	H
1	0.325568	123.028518	2.094637	0.833739057
2	0.512718	114.7024326	1.796355	0.811167076
3	0.437694	112.7967411	1.92638	0.806626942
4	0.43902	114.1813725	1.940058	0.796277245
5	0.42245	116.6775149	1.946805	0.803732266
6	0.423114	114.7468233	1.968692	0.789255838
7	0.37179	116.0663948	2.002688	0.796098464
8	0.365107	116.260691	2.025879	0.813826542
9	0.366554	121.3675263	2.028635	0.820109989
10	0.343756	117.1663134	2.088118	0.817942845
11	0.290776	127.8800389	2.135638	0.850803228
12	0.433544	121.2646413	1.984429	0.811137926
13	0.342688	119.3894994	2.061759	0.823226068
14	0.354239	120.0893128	2.047876	0.834042373
15	0.397788	119.5831568	2.011621	0.807008209
16	0.458233	123.2986914	1.946757	0.801992203
17	0.420623	122.6759283	1.977426	0.813660051
18	0.373088	114.5256476	2.017543	0.81242947
19	0.330383	117.2389813	2.099016	0.809472172
20	0.354396	114.5761898	2.041766	0.823458305
21	0.271655	117.5205636	2.084522	0.816429254
22	0.450446	117.7297927	1.919336	0.798060627
23	0.423388	121.598967	1.918899	0.812817127
24	0.346494	116.3862658	2.088624	0.806427082
25	0.407592	118.5956899	1.989561	0.799774003
26	0.438713	128.5779579	1.977368	0.828369484
27	0.268867	122.3842875	2.168213	0.834522519
28	0.412599	119.6808696	1.994815	0.81020843
29	0.385533	118.0633329	2.014082	0.812174255
30	0.327228	124.4853258	2.113264	0.842720586
31	0.451719	111.1109243	1.922336	0.775158227
32	0.444919	118.0376455	1.9443	0.765409291
33	0.446336	109.9311809	1.936918	0.778422411
34	0.328087	118.9999525	2.096246	0.818477747
35	0.310778	121.3376842	2.09889	0.834372994
36	0.404701	118.2752485	1.983474	0.805822033
37	0.356381	117.3282002	2.054476	0.815911209
38	0.409207	115.7587884	1.999611	0.804389339
39	0.390973	117.7758119	2.035923	0.802722793
40	0.497682	112.2645766	1.87605	0.785630726
41	0.370285	119.5167005	2.003882	0.752575331
42	0.328678	120.527425	2.09965	0.828313413
43	0.29547	121.79865	2.139051	0.834013475
44	0.466613	108.5165206	1.890787	0.762479419
45	0.363582	123.8750901	2.067165	0.835095551
46	0.206792	124.7291991	2.224962	0.84498722
47	0.437064	119.5939191	1.920243	0.813441259
48	0.435534	115.033237	1.920956	0.805573522
49	0.381184	126.2076305	2.053368	0.815816271
50	0.430817	115.816592	1.929175	0.807207178
51	0.507778	115.9856037	1.824098	0.768062803
52	0.308849	117.6539249	2.109681	0.827362911
53	0.479847	118.3717952	1.905875	0.811087809
54	0.279845	123.2058336	2.147419	0.818313476
55	0.372145	119.5175715	2.047589	0.812915798
56	0.40982	116.9434216	1.991887	0.828455402
57	0.356466	119.2143056	2.062224	0.79894175
58	0.311661	124.0718679	2.113766	0.825358895
59	0.386398	115.2565269	2.010693	0.800669047
60	0.356921	115.3204263	2.027011	0.812573556
61	0.390583	116.6668319	2.000714	0.80299763
62	0.394572	112.2373984	2.003702	0.806915729
63	0.315991	122.4328267	2.124012	0.838909997
64	0.395727	115.334905	2.02274	0.80111474
65	0.59378	113.541809	1.650681	0.755848472
66	0.473915	120.1720725	1.900499	0.803410318
67	0.421793	123.0555652	1.918462	0.830644921
68	0.337267	125.4260329	2.103208	0.812755183
69	0.403189	114.0668589	1.986697	0.81064486
70	0.301061	124.0810127	2.119639	0.827774475
71	0.437053	120.6852434	1.894279	0.812808404
72	0.567023	118.1335181	1.730116	0.812554639
73	0.318958	122.7222033	2.086361	0.83980055
74	0.480842	115.7216518	1.868408	0.780103045
75	0.269271	126.6692507	2.169154	0.823968729
76	0.414322	119.945037	1.990224	0.795499337
77	0.347525	116.0404812	2.071205	0.834159851
78	0.278937	118.5234171	2.091243	0.819766931
79	0.354118	119.1421545	2.051479	0.82314075
80	0.45552	112.9813994	1.914497	0.796027155
81	0.388824	121.8586476	1.992443	0.799913447
82	0.313158	118.4060932	2.115554	0.822430238
83	0.409864	119.852115	2.002763	0.796104563
84	0.510084	112.1108772	1.833329	0.78166685
85	0.469635	112.5168851	1.868829	0.784012352
86	0.550399	112.1993177	1.733464	0.772851261
87	0.351624	115.4880341	2.05611	0.814524401
88	0.358534	116.1768464	2.054861	0.809765863
89	0.457915	112.4596859	1.91118	0.789060877
90	0.452281	118.7494472	1.891618	0.811795185
91	0.486228	116.2452899	1.870864	0.778949407
92	0.399874	121.0595434	1.995859	0.814050403
93	0.233732	123.856912	2.190065	0.836788852
94	0.386743	122.3165692	2.021824	0.834313772
95	0.388574	117.3381356	1.981045	0.816708966
96	0.37107	126.7463268	2.042228	0.826664782
97	0.388499	114.3417198	2.008032	0.801498905
98	0.28734	117.8692396	2.160663	0.831476128
99	0.349468	122.8074945	2.103223	0.794979793
100	0.266079	122.9949107	2.160427	0.82619632
101	0.323208	122.3791123	2.110841	0.827910992
102	0.373136	117.1605438	2.00478	0.816445224
103	0.390058	117.5093436	2.037416	0.814403109
104	0.362157	125.2763321	2.062375	0.822789685
105	0.165996	130.9693089	2.253015	0.857945468
106	0.280655	125.5063694	2.169857	0.839457907
107	0.310134	119.2740616	2.095283	0.837399177
108	0.456465	122.4508726	1.936027	0.802203113
109	0.227869	122.0753008	2.20115	0.835117461
110	0.459526	112.4650688	1.916084	0.780617991
111	0.394264	121.3027693	2.010958	0.821743769
112	0.412776	116.9071737	1.999634	0.801853004
113	0.288836	124.4352552	2.129903	0.834549161
114	0.435503	112.323958	1.917249	0.78996861
115	0.416901	117.6394561	1.973465	0.816889393
116	0.432737	113.0748224	1.92696	0.784436162
117	0.406505	124.6887601	2.018747	0.824212051
118	0.449138	116.539727	1.941641	0.80906493
119	0.240159	125.7664101	2.171518	0.840491768
120	0.364955	116.4103469	2.017884	0.794957551
121	0.341029	121.2110954	2.079772	0.811299415
122	0.379488	117.5255392	1.993337	0.813060606
123	0.400957	122.4364086	1.997387	0.805057397
124	0.318385	123.186123	2.074979	0.813265626
125	0.283054	129.9662923	2.171619	0.841291019
126	0.291968	122.4080918	2.139638	0.828680362
127	0.380635	121.2388094	2.0249	0.813043236
128	0.36724	120.0806547	2.044003	0.796305495
129	0.471571	120.4005322	1.898883	0.813074073
130	0.453193	116.2863205	1.905094	0.807930507
131	0.460922	116.5841458	1.908273	0.798536054
132	0.511788	111.3451848	1.841284	0.787016391
133	0.397807	120.8324039	2.007305	0.818584026
134	0.333422	123.2195115	2.088777	0.83154672
135	0.440382	117.3653087	1.928321	0.800631361
136	0.437116	112.619035	1.931539	0.790833127
137	0.359031	114.5462296	2.066385	0.799823533
138	0.389332	117.6097203	2.004295	0.796651087
139	0.385741	125.6250041	1.998312	0.835600283
140	0.451369	113.7228014	1.868635	0.798944551
141	0.373076	115.9184703	2.022343	0.815752276
142	0.357197	113.8827935	2.026579	0.79605352
143	0.363799	125.6642877	2.066405	0.830407538
144	0.362606	117.2463524	2.048029	0.821778039
145	0.411447	115.9012068	1.996942	0.774220857
146	0.456133	113.2613713	1.942624	0.79324386
147	0.339293	121.4887349	2.07683	0.809028684
148	0.393781	122.2337909	2.045646	0.82998762
149	0.315738	122.3365052	2.10569	0.825565611
150	0.376645	115.5804445	1.982686	0.801284851
151	0.324973	125.444418	2.097979	0.835019378
152	0.357513	125.6205274	2.086586	0.790426811
153	0.361986	122.5587333	2.063648	0.822807018
154	0.317595	118.9440239	2.104695	0.81264736
155	0.338859	121.4114182	2.084374	0.829610767
156	0.283588	120.4776796	2.119805	0.827937016
157	0.255253	118.7092605	2.148504	0.834379655
158	0.429922	120.0955062	1.95573	0.804989229
159	0.325892	113.4805805	2.070144	0.783412191
160	0.428463	122.0168903	1.93938	0.819823273
161	0.442336	116.3027375	1.966203	0.788020085
162	0.351624	120.6075243	2.077713	0.801653074
163	0.36878	122.403385	2.049875	0.837059398
164	0.354501	119.9600327	2.075438	0.81943973
165	0.318791	119.1467761	2.097213	0.822063998
166	0.459223	116.6924901	1.880704	0.788148873
167	0.429744	116.7580672	1.923521	0.798981286
168	0.393889	115.8559835	1.973385	0.800550902
169	0.369644	119.9266073	2.030381	0.810701611
170	0.332998	125.6629874	2.102004	0.827868983
171	0.332036	125.0579134	2.097204	0.838052152
172	0.293074	118.6886443	2.129523	0.814756502
173	0.217296	123.5436949	2.21939	0.833469581
174	0.468942	116.1611739	1.911992	0.808111176
175	0.27639	117.2986008	2.088004	0.813584167
176	0.442026	111.1541939	1.907407	0.785723924
177	0.312409	121.8692553	2.126909	0.821930937
178	0.365995	124.8599972	2.0834	0.821010542
179	0.453845	111.2708263	1.885433	0.784694331
180	0.475949	119.7162752	1.906916	0.800595033
181	0.421586	118.2498064	1.97896	0.797160932
182	0.357452	125.7871429	2.07586	0.825286653
183	0.475344	116.8182244	1.888609	0.787336906
184	0.412244	122.6412259	1.98475	0.8070514
185	0.455391	109.0908215	1.886347	0.817175239
186	0.370499	121.0740286	2.028441	0.836931262
187	0.407408	115.7976652	2.001067	0.808963138
188	0.417591	114.5854095	1.951428	0.798143794
189	0.366558	113.7717379	2.046079	0.806467436
190	0.413016	119.3075708	1.942093	0.820573788
191	0.365694	125.2589946	2.051829	0.826806455
192	0.425364	118.2285136	1.932563	0.790452702
193	0.391034	114.8819748	2.024289	0.8009749
194	0.507656	113.6566795	1.832024	0.779244775
195	0.41813	120.3718969	1.984541	0.800816492
196	0.302196	123.3010378	2.115274	0.827259799
197	0.360549	121.5544083	2.043364	0.819289817
198	0.461211	108.7307093	1.918698	0.699637123
199	0.404274	121.8151161	2.027115	0.812265114
200	0.374497	125.7215003	2.045079	0.831653493
201	0.453007	116.1488615	1.884351	0.790791728
202	0.372535	124.1638517	2.047871	0.798053348
203	0.415426	115.4433848	1.97787	0.791198315
204	0.323307	117.3090047	2.08267	0.81813654
205	0.463172	114.594836	1.89275	0.780676665
206	0.432695	115.7330783	1.96379	0.794552443
207	0.341016	121.834068	2.064263	0.821052289
208	0.182713	128.9890998	2.248133	0.861260344
209	0.376559	123.9250892	2.069302	0.81187474
210	0.356453	127.8197591	2.089309	0.841053567
211	0.26636	133.7704718	2.180842	0.825465629
212	0.463082	112.695538	1.866006	0.784782185
213	0.364651	115.0767539	2.003503	0.807240943
214	0.457235	120.8271303	1.923998	0.798213782
215	0.435939	125.2672558	1.963815	0.782725432
216	0.300806	120.8096795	2.105216	0.802628453
217	0.31934	124.0933186	2.104605	0.825719345
218	0.506462	118.5471769	1.852341	0.810052677
219	0.403999	122.8821107	1.991856	0.796243517
220	0.26362	129.9532357	2.180964	0.843983978
221	0.384983	117.5997195	2.00409	0.7941235
222	0.456703	120.9616615	1.900332	0.835553061
223	0.35919	114.1231135	2.039425	0.80097737
224	0.400199	115.8788321	1.99564	0.804014732
225	0.42024	117.7659888	1.964337	0.792820321
226	0.387007	125.7906013	2.05864	0.842398748
227	0.483006	109.9075267	1.896079	0.750227924
228	0.449344	116.3041262	1.95596	0.807737416
229	0.33235	120.4430472	2.100589	0.836458367
230	0.501642	118.8069558	1.837995	0.784922586
231	0.390996	125.0148633	2.025647	0.836414403
232	0.3904	116.0794754	1.993814	0.804556933
233	0.379302	122.1968763	1.989129	0.817034869
234	0.310252	121.5054285	2.083658	0.815851046
235	0.333902	128.1560931	2.117174	0.849349241
236	0.442844	118.2751149	1.951512	0.814552201
237	0.418261	119.7819131	1.966573	0.823509453
238	0.400849	113.4186247	1.968757	0.796189907
239	0.355712	124.8711026	2.097778	0.851756643
240	0.448364	116.8904051	1.940767	0.794059659
241	0.452625	115.3422025	1.932558	0.798248435
242	0.427381	120.2680066	1.988891	0.801571129
243	0.363149	123.563863	2.047096	0.822422315
244	0.430927	119.5153608	1.938345	0.812596753
245	0.361026	116.8368215	2.067569	0.823509663
246	0.354091	113.3884592	2.06657	0.804052958
247	0.27185	120.6455295	2.108943	0.821822492
248	0.223975	125.6822796	2.212892	0.845771373
249	0.333478	120.2179091	2.076573	0.821406066
250	0.315656	120.7734389	2.084763	0.822394869
251	0.33083	116.5611083	2.06928	0.808285931
252	0.392654	117.1080271	1.980455	0.808240427
253	0.389853	117.528812	1.987143	0.801986086
254	0.340361	123.5854191	2.095608	0.847638019
255	0.405499	115.1133945	1.947825	0.801594932
256	0.186979	128.0083776	2.223659	0.853581066
257	0.315869	119.9965121	2.104159	0.805020302
258	0.357517	115.6979185	2.056257	0.796533316
259	0.376208	118.4483558	2.04629	0.789160156
260	0.472519	126.129336	1.914974	0.837013096
261	0.398843	110.6778628	1.975285	0.798219118
262	0.324048	126.4729528	2.12964	0.847209299
263	0.485589	113.3523335	1.87587	0.763496397
264	0.292105	119.6448165	2.105968	0.827833129
265	0.291605	124.5564908	2.147262	0.833668562
266	0.382073	123.0071539	2.011558	0.814636052
267	0.391669	114.6453022	1.97955	0.796170913
268	0.392184	119.8965581	2.026229	0.808432163
269	0.460917	117.1049054	1.943417	0.801634631
270	0.44868	113.9104082	1.883883	0.799904669
271	0.376466	121.4817078	2.0271	0.795132913
272	0.33535	119.3809132	2.063633	0.819281395
273	0.354598	117.5591574	2.07302	0.81696533
274	0.444963	113.2746511	1.949906	0.810122618
275	0.274418	121.4995161	2.158334	0.830723914
276	0.451638	119.499717	1.913796	0.813061563
277	0.320445	124.8624311	2.105871	0.829210288
278	0.244307	121.6521241	2.176104	0.833280221
279	0.455484	117.0877721	1.893785	0.808136353
280	0.375647	118.6875904	2.001396	0.805465027
281	0.574561	104.2634637	1.697949	0.740529682
282	0.398817	120.2255786	2.023379	0.82224515
283	0.361345	118.8124865	2.058167	0.809833742
284	0.381061	118.850225	2.007754	0.812700168
285	0.471493	116.1772526	1.895376	0.810027709
286	0.480505	129.0779123	1.887128	0.821274853
287	0.411399	116.3762295	1.947877	0.795544821
288	0.400336	119.8416725	2.019167	0.794571014
289	0.332673	126.4948478	2.105821	0.832581299
290	0.396681	120.422147	1.999244	0.811020251
291	0.417273	119.0281779	1.975055	0.824827038
292	0.393781	122.0387726	1.986472	0.820679789
293	0.386204	118.271632	2.017919	0.804626024
294	0.329467	122.0294694	2.080513	0.821581042
295	0.297456	130.749164	2.118416	0.854430349
296	0.419937	116.3712059	1.966881	0.819357751
297	0.441038	117.8543794	1.956545	0.807457331
298	0.474783	116.3063122	1.869366	0.790252215
299	0.385142	116.0510802	1.976655	0.813289985
300	0.363904	121.8961097	2.028437	0.840596832
301	0.385337	114.5695403	1.995812	0.805189888
302	0.336678	125.0842157	2.078568	0.841290657
303	0.348837	113.9229437	2.026278	0.799874333
304	0.404324	116.5764548	1.978144	0.786157543
305	0.330143	117.4205945	2.068485	0.825798942
306	0.472799	113.1954748	1.886017	0.797093042
307	0.473482	112.3266308	1.86563	0.795953178
308	0.392075	114.5220176	1.997684	0.809428763
309	0.344806	120.1331861	2.092068	0.77667893
310	0.344706	123.0876038	2.100047	0.82097108
311	0.405061	115.34757	1.942921	0.751037786
312	0.306134	120.000191	2.082127	0.83673343
313	0.344999	120.6931108	2.072431	0.812449511
314	0.339125	124.0940792	2.09681	0.787587136
315	0.385681	120.1780305	2.027407	0.807735181
316	0.44286	117.9607266	1.945317	0.789954935
317	0.387683	111.5764953	1.996116	0.798358312
318	0.264014	127.7463296	2.179116	0.82718095
319	0.468535	118.6300906	1.909674	0.784451896
320	0.367298	119.2370532	2.046191	0.82277832
321	0.416124	115.939688	1.979559	0.803032937
322	0.418748	117.2374601	1.993155	0.810018895
323	0.353812	115.6623736	2.04293	0.803328176
324	0.335342	119.9186818	2.083497	0.810396582
325	0.42511	126.9453246	1.98699	0.828627447
326	0.295894	112.8251731	2.099134	0.812482591
327	0.304079	120.2487698	2.122694	0.823464963
328	0.469699	114.0924147	1.888633	0.786099412
329	0.384751	125.7572961	2.039344	0.827524417
330	0.416392	121.7426395	1.991304	0.808650329
331	0.419987	120.8227771	1.968118	0.79432266
332	0.453845	119.3453585	1.947923	0.797698533
333	0.400313	112.2550983	1.977031	0.802259986
334	0.395171	113.9262201	1.967187	0.801660051
335	0.203855	122.4846293	2.219236	0.828691439
336	0.4325	123.6228093	1.921475	0.819201206
337	0.417707	117.6444267	1.951016	0.770040809
338	0.221248	130.3559929	2.213641	0.860354134
339	0.412887	115.3472888	1.97778	0.814785256
340	0.392724	116.3208467	2.017843	0.786042499
341	0.470353	120.1137412	1.892166	0.775204981
342	0.390032	119.421741	2.021023	0.809863266
343	0.433064	114.6902817	1.930395	0.773480027
344	0.332097	126.6861986	2.102134	0.830063774
345	0.319993	122.1791784	2.124423	0.807359248
346	0.360228	117.4507214	2.057571	0.819537102
347	0.362185	116.9465043	2.040101	0.819878615
348	0.472023	117.7360023	1.900512	0.804254688
349	0.474676	126.8725686	1.921472	0.797417894
350	0.328976	125.6477618	2.112755	0.809605794
351	0.390916	118.0680777	2.019011	0.801363792
352	0.435573	120.0753257	1.945453	0.810797254
353	0.417303	117.7923578	1.969709	0.7756524
354	0.301124	131.5374637	2.141665	0.846438815
355	0.516864	112.178465	1.807829	0.792154438
356	0.313914	119.8785566	2.13327	0.837169038
357	0.364631	118.9350159	2.049538	0.815750682
358	0.470756	118.9427963	1.899336	0.814218965
359	0.434828	116.9479013	1.941322	0.795697878
360	0.372041	116.4629057	2.036979	0.810148741
361	0.41455	119.3700773	1.968584	0.816334569
362	0.428208	111.9244292	1.922464	0.771577935
363	0.320602	124.6947699	2.125462	0.822684314
364	0.277528	124.4386477	2.154568	0.834184883
365	0.329483	117.8770316	2.097569	0.807670213
366	0.313708	121.4656941	2.13025	0.834119804
367	0.332927	123.1805972	2.108901	0.811045036
368	0.426044	112.677575	1.96084	0.793099663
369	0.452021	114.1158596	1.925604	0.79318466
370	0.425321	119.8467182	1.962764	0.809439295
371	0.395225	123.9280907	2.002873	0.811565453
372	0.392392	119.9852409	2.02276	0.820257777
373	0.414771	118.5909308	1.949102	0.815466323
374	0.345307	124.4725403	2.088121	0.846608229
375	0.324658	121.5518114	2.073434	0.829617901
376	0.419727	124.0255519	1.986177	0.812539393
377	0.384214	119.2850766	2.037747	0.791575699
378	0.307261	122.0019532	2.11279	0.82252398
379	0.330756	122.6252621	2.051906	0.816581252
380	0.222027	127.7455865	2.190825	0.832503425
381	0.414919	114.7876408	1.966341	0.803681463
382	0.443037	116.722398	1.954153	0.798166203
383	0.420753	120.3967047	1.991409	0.812394972
384	0.363897	119.6828982	2.055405	0.834135593
385	0.361483	115.0241765	2.070048	0.783190384
386	0.410451	118.0991015	1.998024	0.820075705
387	0.375116	115.8617958	2.034823	0.799782176
388	0.298771	118.6886383	2.122808	0.823830211
389	0.432373	118.9113223	1.930403	0.810435958
390	0.377053	121.5063813	2.065008	0.814223373
391	0.621067	107.4777523	1.585184	0.762918239
392	0.498602	117.173874	1.810717	0.781155932
393	0.484568	119.9701882	1.892928	0.802178933
394	0.271867	124.573807	2.143033	0.837090748
395	0.279441	121.8051709	2.117156	0.837713937
396	0.361834	123.66825	2.085739	0.826896763
397	0.43234	120.0202816	1.957823	0.823754637
398	0.258736	126.0597616	2.181208	0.834326035
399	0.482455	118.5586873	1.848925	0.812241554
400	0.253168	131.8475162	2.193506	0.835815954
401	0.311454	128.9398328	2.126487	0.836714224
402	0.319677	119.319786	2.114129	0.82707629
403	0.395546	115.6376033	1.966585	0.811094532
404	0.188023	123.1279141	2.207237	0.83501752
405	0.394155	122.7380181	2.012332	0.814999436
406	0.403105	114.2605899	1.975935	0.78413206
407	0.379126	121.2259229	2.067349	0.817586181
408	0.382258	121.854647	2.011257	0.803891454
409	0.438121	120.1637055	1.974756	0.812327198
410	0.429964	117.1273686	1.918169	0.799769359
411	0.387454	115.7404863	2.016594	0.816849701
412	0.364611	121.0130571	2.04274	0.809923115
413	0.363303	123.6135485	2.059433	0.838474161
414	0.452792	116.0121483	1.942464	0.786010305
415	0.305306	123.9413033	2.128797	0.839631544
416	0.417387	114.5519403	1.951774	0.792080164
417	0.564499	114.8075078	1.698077	0.769235578
418	0.222948	128.2414218	2.215615	0.865095443
419	0.306808	122.7848931	2.144481	0.810535216
420	0.254877	124.4389857	2.17808	0.853281574
421	0.281017	120.4488618	2.119001	0.811800443
422	0.326081	121.0689089	2.097695	0.808900928
423	0.489708	115.2975123	1.832643	0.799719452
424	0.442783	113.9410269	1.903818	0.784672955
425	0.343114	118.5601875	2.052786	0.820507498
426	0.445025	122.1958934	1.958165	0.814575339
427	0.397393	118.6705142	1.967122	0.809536734
428	0.416021	113.5093043	1.935577	0.782069035
429	0.296855	119.1057066	2.132964	0.823834922
430	0.510961	113.907058	1.840226	0.793967698
431	0.545419	114.328764	1.744726	0.799264359
432	0.578016	110.8442647	1.692108	0.774257009
433	0.293463	119.2737132	2.098084	0.819825054
434	0.371022	119.2201294	2.040307	0.816288977
435	0.349961	120.3864478	2.066873	0.829066966
436	0.481341	120.6580973	1.890823	0.810291998
437	0.408483	120.6826625	1.999137	0.813248001
438	0.437362	117.3552845	1.914066	0.793179013
439	0.293752	121.7296329	2.138118	0.829663376
440	0.394624	119.5393473	2.003705	0.817190449
441	0.369182	121.7242142	2.055762	0.829624363
442	0.476419	121.5145503	1.888518	0.815240526
443	0.444854	117.4704498	1.919633	0.800257827
444	0.45914	114.314413	1.860587	0.788046321
445	0.344038	126.6073412	2.055019	0.816675854
446	0.354797	114.8262965	2.05006	0.807152502
447	0.403087	115.2781041	1.960811	0.801316015
448	0.382707	119.3872317	2.027499	0.785529379
449	0.360019	118.7424751	2.031544	0.811275793
450	0.467789	119.0714873	1.884057	0.790229824
451	0.488044	110.7424041	1.817602	0.784782795
452	0.306429	123.8524057	2.121098	0.830518512
453	0.326431	125.8662701	2.0944	0.838729953
454	0.367139	115.3720755	2.059482	0.813770485
455	0.393891	120.6299882	2.03547	0.811044814
456	0.319099	119.4422874	2.106639	0.812975277
457	0.328229	117.3098945	2.08289	0.80479626
458	0.435545	112.0156919	1.972468	0.773168475
459	0.353896	123.3801526	2.090223	0.827058964
460	0.313395	122.632185	2.125317	0.804141843
461	0.268605	125.663064	2.181198	0.82799321
462	0.292712	132.8094137	2.133008	0.853672715
463	0.429975	121.730547	1.950316	0.806557326
464	0.409921	125.4665846	1.948561	0.84864633
465	0.427119	122.9541519	1.957648	0.807353113
466	0.398155	121.0378677	1.996025	0.81482571
467	0.338465	111.991245	2.028958	0.804203568
468	0.369217	117.300396	2.014809	0.825779379
469	0.348974	120.9089952	2.053547	0.823108787
470	0.338758	122.4422533	2.071546	0.822767478
471	0.293441	122.7881692	2.117011	0.838032948
472	0.399697	118.5649131	2.009009	0.809416373
473	0.494597	117.4214095	1.857169	0.779832582
474	0.333545	124.9397514	2.0943	0.818649169
475	0.463594	113.5715371	1.877536	0.789301451
476	0.284784	123.8615293	2.142196	0.828500757
477	0.383274	120.7146619	2.027433	0.808675027
478	0.358575	118.0245932	2.041914	0.816210427
479	0.394523	121.3839951	1.973014	0.798066473
480	0.478715	119.2330582	1.890145	0.817060136
481	0.293134	122.8498706	2.149532	0.841554
482	0.502215	117.2524793	1.831184	0.789772952
483	0.404546	113.0327807	1.948239	0.794039544
484	0.349604	115.2779812	2.04294	0.806883619
485	0.379199	116.2568693	2.002831	0.813369898
486	0.384311	118.6548309	2.024162	0.803922355
487	0.384959	118.3702476	2.013523	0.79301581
488	0.443645	117.242245	1.924158	0.802514549
489	0.283528	119.7170708	2.113971	0.826242815
490	0.469025	118.1953006	1.902311	0.825831904
491	0.335946	127.2469739	2.111591	0.853276653
492	0.455429	118.8832555	1.930506	0.815075992
493	0.240198	130.5800438	2.199791	0.854383939
494	0.417986	115.3957423	1.947441	0.796939424
495	0.375037	124.8813572	2.041866	0.827325987
496	0.370668	120.0602748	2.001763	0.819810771
497	0.442323	119.2897717	1.93154	0.819847091
498	0.271573	124.9191269	2.14525	0.828112157
499	0.350153	117.9905868	2.073606	0.805548862
500	0.496405	113.377524	1.795996	0.782366523
501	0.449738	111.5896885	1.901672	0.789890884
502	0.374903	116.2727875	1.98579	0.809066845
503	0.340946	118.6477437	2.109729	0.834928103
504	0.420377	117.5915891	1.997433	0.813566344
505	0.253519	129.0030172	2.201473	0.844759037
506	0.378927	123.3959698	2.065063	0.831939811
507	0.375534	121.9805668	2.036104	0.809004781
508	0.270043	124.6223375	2.113795	0.821425997
509	0.345112	120.7158361	2.066591	0.81950793
510	0.380959	125.6064436	2.023294	0.84034708
511	0.4071	123.6123746	2.009718	0.81743607
512	0.418862	120.1364937	1.971674	0.795772224
513	0.382985	113.8898207	1.961859	0.809149403
514	0.441848	116.4153088	1.889505	0.764929569
515	0.257422	118.8843246	2.146378	0.818849132
516	0.42209	111.6965806	1.973403	0.81194032
517	0.276373	118.308641	2.125014	0.833806969
518	0.446955	118.142973	1.890018	0.795756971
519	0.31668	125.8399644	2.140332	0.83632107
520	0.481582	125.2112581	1.892449	0.814684416
521	0.537615	116.6516182	1.787071	0.763692539
522	0.36397	115.4528101	2.055486	0.808413707
523	0.402394	123.2091202	2.008193	0.805206975
524	0.455534	112.1832548	1.91626	0.786977472
525	0.297602	126.0827614	2.151518	0.82752314
526	0.460872	121.0313371	1.928892	0.783425315
527	0.392021	124.147635	2.010556	0.820549738
528	0.396442	118.712104	1.996233	0.825856229
529	0.406987	117.0141231	1.981269	0.765816801
530	0.440645	108.0957219	1.92101	0.780599722
531	0.339112	125.6694901	2.093492	0.840141253
532	0.333528	116.8241194	2.088337	0.816233906
533	0.402327	112.8951331	1.978744	0.779903705
534	0.367301	121.8951574	2.055757	0.808423216
535	0.474306	118.3043696	1.876179	0.787706838
536	0.356433	120.722767	2.045942	0.804174859
537	0.517928	117.6068332	1.835624	0.791881189
538	0.439912	115.4079007	1.930916	0.775703402
539	0.484958	115.5956637	1.838397	0.786913992
540	0.418767	111.4599544	1.975303	0.795061194
541	0.428441	122.7622646	1.913228	0.821695363
542	0.420796	119.3571719	1.9776	0.807506768
543	0.326742	120.1169886	2.118096	0.811014885
544	0.426554	115.4361993	1.94248	0.782071425
545	0.403166	115.4687073	2.000005	0.80577841
546	0.381851	122.5268614	2.035244	0.819929845
547	0.339394	122.2861187	2.092027	0.823841689
548	0.350363	126.0071522	2.07012	0.824530109
549	0.406006	119.4468568	1.936978	0.818611883
550	0.360569	122.2478021	2.029019	0.807265643
551	0.418385	117.3424025	1.975929	0.792448723
552	0.339375	120.9958336	2.094946	0.824507419
553	0.44987	113.1608764	1.895405	0.78986366
554	0.394579	109.8455051	1.980154	0.783786246
555	0.366205	116.9367017	2.043417	0.786919073
556	0.29748	118.7120782	2.133487	0.828075181
557	0.398287	119.5764691	1.998811	0.813594515
558	0.449369	119.5103455	1.909674	0.786149857
559	0.398552	118.2716754	2.005779	0.80088825
560	0.359287	118.2401033	2.067305	0.817647916
561	0.408791	116.1557042	1.981844	0.805892792
562	0.308017	125.6361213	2.13819	0.828438007
563	0.331742	120.2531455	2.090426	0.821170294
564	0.38411	120.6630118	2.001753	0.803249626
565	0.414533	120.4124021	1.996234	0.813178734
566	0.383243	117.1073711	2.015695	0.795613346
567	0.433775	114.360692	1.972129	0.801790692
568	0.405421	116.2912372	1.964041	0.794784844
569	0.346125	121.3112914	2.07798	0.788666984
570	0.39758	116.7479463	1.99719	0.810903039
571	0.305212	117.8576941	2.063091	0.817551966
572	0.443423	116.462804	1.916848	0.742668127
573	0.415892	113.2899426	1.942118	0.808568562
574	0.233746	125.8396665	2.211954	0.8459351
575	0.386221	120.7355082	2.047538	0.813718455
576	0.448568	113.189307	1.894315	0.781130499
577	0.432582	115.5477555	1.949471	0.790914767
578	0.404715	122.6683768	1.982012	0.842526674
579	0.320173	123.1820845	2.096167	0.828835571
580	0.406286	126.1072875	2.022796	0.804515405
581	0.40128	119.4133415	1.982965	0.829506015
582	0.469975	110.6826947	1.879245	0.78203606
583	0.329247	119.357046	2.069728	0.815933829
584	0.436807	118.2509526	1.945847	0.788125897
585	0.357603	117.1002744	2.033273	0.820621153
586	0.429993	122.7842303	1.968113	0.803036487
587	0.536514	108.903053	1.742573	0.771476592
588	0.409679	113.2038514	1.98558	0.789569202
589	0.364982	121.5023693	2.069688	0.795782225
590	0.495653	119.1996349	1.872674	0.799124466
591	0.465398	113.3381682	1.89476	0.787060715
592	0.47658	117.4001298	1.895279	0.798633115
593	0.366043	115.9619196	2.042749	0.817641119
594	0.344536	122.0457148	2.084622	0.825634678
595	0.313355	125.7933052	2.118322	0.829459551
596	0.47093	118.3140286	1.861565	0.802345634
597	0.292233	128.7805423	2.143687	0.83928142
598	0.432593	122.6339353	1.93982	0.808959444
599	0.383071	118.3579488	2.009327	0.785891844
600	0.309675	115.2935294	2.099248	0.800162612
601	0.474752	114.6164141	1.89225	0.756407569
602	0.381146	122.399007	2.034061	0.817736372
603	0.315687	120.6555405	2.081995	0.821453592
604	0.346516	121.5931842	2.092015	0.821707866
605	0.35132	115.4832831	2.06387	0.823068776
606	0.35796	121.0514204	2.086566	0.818637438
607	0.474457	116.3531784	1.911957	0.792377754
608	0.377995	119.5739916	2.043342	0.793384782
609	0.484368	114.1026479	1.868168	0.804916169
610	0.480747	111.8376977	1.871162	0.792647373
611	0.373965	122.7306961	2.051554	0.821238243
612	0.322764	123.9305054	2.100088	0.816914294
613	0.292982	123.2725779	2.141373	0.794389353
614	0.393054	115.4097509	1.995663	0.789244597
615	0.323332	119.7573682	2.129102	0.818287111
616	0.422691	122.8491439	1.951932	0.799227073
617	0.369407	116.4713305	2.043695	0.804994206
618	0.435802	119.6007059	1.908358	0.828721474
619	0.414436	117.1048859	1.97029	0.809628826
620	0.331444	115.7147504	2.07908	0.827174264
621	0.457494	108.4421848	1.88909	0.789606854
622	0.312024	120.9381355	2.064081	0.818833936
623	0.402562	118.7274765	1.996368	0.782618089
624	0.526695	120.7034801	1.795884	0.816338145
625	0.451215	118.2019347	1.933968	0.810717492
626	0.410135	122.9455433	1.986681	0.810608006
627	0.372858	119.8069894	2.049159	0.826222265
628	0.39765	112.0580677	1.982653	0.800305552
629	0.384345	113.2515944	2.045433	0.808817668
630	0.370643	121.4265821	2.046476	0.819789095
631	0.398523	116.154162	2.006629	0.818413854
632	0.409001	115.5863176	1.950458	0.802836362
633	0.495811	110.6902409	1.867699	0.7944718
634	0.407108	122.5048616	1.986667	0.809002027
635	0.329387	117.8448733	2.093348	0.819507733
636	0.374115	123.0879862	2.043711	0.820016554
637	0.384281	123.1126217	2.026344	0.81932519
638	0.461349	117.7413609	1.934194	0.789095226
639	0.389617	117.2627908	2.016485	0.797680941
640	0.317427	119.3678282	2.010386	0.805488737
641	0.344567	120.0316992	2.092378	0.829189249
642	0.371811	118.311799	2.034927	0.818671039
643	0.384734	117.8988183	2.0506	0.808227255
644	0.364025	113.241969	2.057792	0.805175026
645	0.317041	119.8980383	2.112319	0.819402475
646	0.459808	120.2980989	1.877188	0.798909693
647	0.347416	121.2570097	2.063272	0.836926127
648	0.416511	114.8452396	1.972571	0.791215716
649	0.393008	117.345233	2.021594	0.810937892
650	0.461821	110.2537216	1.90235	0.786534341
651	0.430407	114.1395884	1.953466	0.791346998
652	0.303869	129.2526239	2.139125	0.835673001
653	0.449518	118.0382084	1.91912	0.80823017
654	0.461995	118.0229667	1.896933	0.783979891
655	0.367078	113.4100129	2.053515	0.799485936
656	0.482118	116.72045	1.874577	0.805134103
657	0.296948	126.5495906	2.145786	0.820911981
658	0.315516	123.5368908	2.09767	0.825409955
659	0.399368	119.05075	1.98239	0.796874069
660	0.388241	118.6413871	1.988881	0.81387004
661	0.494383	115.9578054	1.870762	0.797169211
662	0.412139	114.6345025	1.978971	0.786526962
663	0.420251	124.9986932	2.007077	0.80975094
664	0.32163	123.8684983	2.108237	0.803571216
665	0.436893	117.5355432	1.960978	0.806728205
666	0.429659	118.2570222	1.981662	0.805875774
667	0.278886	126.9734735	2.152309	0.842046914
668	0.472415	120.8906984	1.911347	0.783415332
669	0.290099	122.3333801	2.125728	0.831409441
670	0.31949	114.035579	2.104027	0.809278717
671	0.437158	114.3892553	1.931262	0.790547079
672	0.403611	121.2990839	2.01845	0.821426919
673	0.378978	119.3252951	2.011685	0.817283466
674	0.208041	123.5406219	2.228799	0.838517092
675	0.494735	118.1442265	1.851212	0.795762771
676	0.445797	112.7543148	1.892406	0.780403878
677	0.415957	119.7501578	1.989843	0.813755418
678	0.307162	124.0922389	2.152102	0.835561464
679	0.480069	114.7235873	1.852263	0.791091319
680	0.344856	124.123316	2.092187	0.818683604
681	0.272293	116.5642035	2.166624	0.821872976
682	0.539141	106.3798376	1.791971	0.742701445
683	0.402083	115.0073605	1.977707	0.812442615
684	0.44242	115.4358045	1.930276	0.796375262
685	0.378271	114.2662158	2.038268	0.807351475
686	0.406591	118.6854086	1.964634	0.803070949
687	0.423362	116.1091216	1.954395	0.784101895
688	0.362027	117.0723856	2.040997	0.804365648
689	0.375646	124.1049832	2.053947	0.800696504
690	0.284978	125.0666494	2.170716	0.823653453
691	0.403717	116.9531378	1.985873	0.819059234
692	0.293201	120.2753513	2.087517	0.8124754
693	0.296359	124.6099002	2.137228	0.818062713
694	0.402575	124.313264	2.026489	0.806260575
695	0.508145	109.3373223	1.84355	0.747057556
696	0.445787	105.5286383	1.853479	0.760797513
697	0.401477	123.3194093	1.993915	0.821755791
698	0.359318	118.298659	2.005794	0.818175211
699	0.531809	118.005414	1.791584	0.785886567
700	0.363115	118.5384914	2.025841	0.821991276
701	0.4869	115.6449084	1.856391	0.800304382
702	0.42145	113.7958277	1.995655	0.804783918
703	0.337005	119.6990662	2.085991	0.825834633
704	0.339965	121.619554	2.10098	0.826741828
705	0.301204	124.3093705	2.124385	0.831899298
706	0.278027	119.3857427	2.109481	0.828422236
707	0.184067	127.5136168	2.239547	0.860335635
708	0.425513	110.6166249	1.948848	0.791189378
709	0.345516	120.5347528	2.040228	0.819196091
710	0.356518	122.0935534	2.055048	0.814769044
711	0.382538	113.6176901	2.005788	0.800069757
712	0.422889	116.3432036	1.952227	0.796028128
713	0.377132	131.6851357	2.051881	0.861806836
714	0.483081	114.8426754	1.886111	0.765233543
715	0.324978	123.783611	2.10341	0.831152403
716	0.377189	117.268193	2.015003	0.794340607
717	0.410976	126.6683371	1.976818	0.826246763
718	0.365881	116.8367999	2.040681	0.810779992
719	0.21314	121.0345329	2.208166	0.840946989
720	0.380685	119.3936662	2.024725	0.816873896
721	0.459187	111.3321728	1.907321	0.773123735
722	0.265963	125.6007854	2.174037	0.839250129
723	0.280309	128.1127867	2.155523	0.84552964
724	0.408564	118.7567304	1.984759	0.809742836
725	0.343485	124.614749	2.092657	0.839924974
726	0.346985	116.4494018	2.058817	0.807879426
727	0.499344	112.3995066	1.849186	0.785210476
728	0.303458	117.9259676	2.082494	0.823803791
729	0.381682	119.841195	2.012132	0.824352598
730	0.417283	106.420898	1.961084	0.784241561
731	0.457865	114.3178052	1.897757	0.787623709
732	0.383612	119.6306685	2.016844	0.804077261
733	0.366508	116.2525847	2.047577	0.801019093
734	0.257501	124.9674966	2.177124	0.840590116
735	0.440533	117.0291767	1.961385	0.798544964
736	0.38754	122.670683	2.030762	0.825853845
737	0.364695	118.5541702	2.071056	0.825476538
738	0.4324	122.1327209	1.956753	0.835817535
739	0.310342	114.6567144	2.117766	0.823114613
740	0.264369	119.7692845	2.151688	0.829587167
741	0.419674	119.4435794	1.950762	0.824110998
742	0.411904	116.8769793	1.972673	0.793136459
743	0.355915	119.9466205	2.065133	0.795239684
744	0.447497	114.2035382	1.890264	0.799597981
745	0.322253	123.8689758	2.117035	0.835664477
746	0.405037	116.755503	1.98697	0.790169413
747	0.374893	114.0406467	1.970041	0.79756711
748	0.339799	118.1624697	2.10054	0.820762207
749	0.34643	125.5110721	2.08439	0.807769461
750	0.377048	117.5001447	2.015933	0.799199282
751	0.312986	119.4011378	2.081404	0.817161941
752	0.377533	120.1642449	2.019626	0.806569149
753	0.404939	120.4869285	1.967404	0.818740897
754	0.252283	126.5458415	2.179209	0.853406205
755	0.322284	120.5928259	2.083839	0.824400434
756	0.381565	112.2813354	2.001786	0.796569166
757	0.391002	119.9126924	1.992987	0.80983648
758	0.356868	125.3890903	2.026058	0.817500036
759	0.448412	121.3961618	1.939495	0.79327238
760	0.297684	115.3938854	2.134059	0.818353087
761	0.275823	125.9767898	2.136726	0.833183478
762	0.478259	117.9302304	1.895166	0.796226811
763	0.425598	121.1442374	1.985073	0.811815219
764	0.365309	129.0595262	2.081942	0.822713698
765	0.366004	116.7153118	2.064569	0.782131614
766	0.485576	114.9235382	1.84987	0.776230025
767	0.354096	118.1775002	2.052518	0.816319309
768	0.419574	123.2359342	1.97817	0.806823909
769	0.451555	117.1273221	1.911632	0.779480987
770	0.432246	116.0280448	1.963133	0.805496883
771	0.375998	121.4954297	2.05481	0.823504859
772	0.381558	116.1048044	2.032899	0.798848538
773	0.408834	112.917876	1.948538	0.796005187
774	0.342945	115.9552254	2.054045	0.808993724
775	0.388378	123.2202935	2.041195	0.814983909
776	0.456403	108.8050392	1.904633	0.763098066
777	0.390902	116.2705048	2.004133	0.801355232
778	0.414101	119.7233796	1.933292	0.80848892
779	0.425565	120.3111405	1.981756	0.795970406
780	0.401687	120.2107253	2.010974	0.803491814
781	0.308156	117.6434589	2.12081	0.832335984
782	0.412995	115.5093742	1.983711	0.80073441
783	0.405485	119.6348643	1.965186	0.827017329
784	0.29528	127.3298748	2.162735	0.837764219
785	0.339347	118.7566082	2.09552	0.817290363
786	0.451077	115.4707004	1.905776	0.801061762
787	0.33808	124.4630448	2.059059	0.824318085
788	0.216649	129.0006843	2.20854	0.842687884
789	0.48015	112.901741	1.892337	0.748718975
790	0.388625	113.5454392	1.997867	0.817270208
791	0.516633	116.7667529	1.821101	0.796237409
792	0.443585	120.6263219	1.957107	0.803829078
793	0.401643	123.5206329	1.996617	0.821306553
794	0.36924	119.0479726	2.033522	0.822668165
795	0.406666	119.3334356	1.982053	0.817070756
796	0.372823	118.5078175	2.022536	0.81430503
797	0.30005	123.6244536	2.127253	0.82865424
798	0.312053	123.2125174	2.130015	0.824579169
799	0.263169	122.3068857	2.174874	0.845226238
800	0.384314	122.8366591	2.024143	0.829004782
801	0.344217	122.1389654	2.062614	0.801975372
802	0.29291	127.438643	2.124196	0.849140748
803	0.325033	120.1129092	2.081967	0.812273418
804	0.303037	122.9811592	2.12908	0.819641731
805	0.30809	126.1555404	2.139591	0.829065322
806	0.318441	125.7232445	2.11226	0.835626594
807	0.273406	120.1301062	2.162332	0.828530355
808	0.295869	124.8690342	2.158905	0.825332286
809	0.392716	118.7427103	2.020227	0.79773845
810	0.40641	125.2164427	2.015046	0.827178556
811	0.316598	121.9824739	2.113738	0.812789272
812	0.388616	126.5288517	2.057142	0.842045627
813	0.378397	114.2278672	2.005985	0.809934783
814	0.394945	118.1093457	2.017948	0.802461804
815	0.249974	119.6669947	2.167261	0.815574233
816	0.412723	118.403793	1.955656	0.801469259
817	0.288424	120.0536051	2.147797	0.819319224
818	0.407309	115.5160614	1.953232	0.79038357
819	0.443396	109.2918426	1.909364	0.754808915
820	0.452098	117.4838171	1.905078	0.827412689
821	0.331772	119.5692566	2.097103	0.818985266
822	0.372447	120.4048423	2.012585	0.813852327
823	0.447503	115.4065704	1.924578	0.798640574
824	0.393466	114.3527661	2.005221	0.794931928
825	0.438915	117.2350895	1.936157	0.791554621
826	0.224907	125.2459924	2.203257	0.848942445
827	0.385316	117.0501629	2.008854	0.807011627
828	0.423406	117.1395807	1.952	0.800112084
829	0.333523	126.6548166	2.114441	0.826620081
830	0.421359	108.540249	1.965865	0.795000434
831	0.396777	124.1692759	1.978127	0.821301303
832	0.208861	126.4902796	2.201871	0.843983076
833	0.413865	114.621945	2.006251	0.81739632
834	0.342998	117.6709898	2.059774	0.804780014
835	0.348754	118.5159426	2.058492	0.822340869
836	0.512297	114.2735045	1.801121	0.790030999
837	0.399546	118.2150351	1.963793	0.805733087
838	0.482592	110.465612	1.865095	0.753216628
839	0.46042	122.1202682	1.902017	0.814033259
840	0.376841	116.071417	2.027672	0.79251162
841	0.414924	116.9437887	1.971568	0.816442932
842	0.401255	114.3309344	1.992459	0.778011766
843	0.329307	121.8402643	2.096143	0.80606731
844	0.511808	118.2107085	1.824924	0.786437916
845	0.478725	110.6814225	1.883905	0.760959329
846	0.406971	121.8492322	1.996932	0.804997788
847	0.366385	117.2599321	2.016367	0.806056276
848	0.264821	123.6324964	2.181397	0.839387834
849	0.47777	117.7060135	1.914463	0.798129014
850	0.332294	118.0075006	2.093827	0.808888709
851	0.504726	120.9036737	1.848527	0.827083148
852	0.559925	108.9047806	1.715763	0.765764265
853	0.375904	116.6141616	2.047974	0.79220492
854	0.328954	126.9855812	2.09919	0.827786189
855	0.406626	120.3168623	2.018259	0.814768878
856	0.481779	113.691223	1.845293	0.788941184
857	0.424869	120.4079443	1.96938	0.814981272
858	0.424618	109.9847556	1.932714	0.785534502
859	0.344081	126.0302351	2.082357	0.836356422
860	0.34914	118.7462435	2.089964	0.80870987
861	0.39316	130.6209388	1.998602	0.842636981
862	0.360668	115.0369947	2.05633	0.798374149
863	0.385004	114.9793456	2.008008	0.813657173
864	0.416238	115.7160218	1.982337	0.803332774
865	0.374311	118.6575649	2.069583	0.808037024
866	0.414528	115.526302	1.943667	0.802368498
867	0.359855	118.3337691	2.054384	0.823370175
868	0.395453	118.7309644	1.994238	0.82164575
869	0.414166	117.3325792	1.95888	0.813075054
870	0.388175	115.2570937	1.996194	0.801423433
871	0.27878	126.0745474	2.15558	0.831811057
872	0.374325	118.3665431	2.040449	0.8155756
873	0.435174	123.344427	1.921968	0.824640606
874	0.506574	116.6057095	1.811255	0.785357787
875	0.358213	120.6912553	2.050517	0.822069444
876	0.357035	122.1027119	2.071972	0.828509718
877	0.411618	113.3738493	1.963594	0.789769017
878	0.357493	125.6598169	2.080106	0.845167026
879	0.38473	126.3682715	2.007547	0.799024354
880	0.38638	122.0361505	2.043991	0.822875062
881	0.530237	122.1578268	1.8046	0.788286578
882	0.448128	113.7378095	1.943432	0.79937596
883	0.343438	118.8423334	2.063306	0.816466857
884	0.338695	121.8976633	2.072689	0.80706458
885	0.215563	126.2628819	2.219285	0.854061373
886	0.43645	119.0532725	1.968906	0.809603448
887	0.435598	115.0854089	1.959052	0.790862864
888	0.36326	120.1497328	2.041383	0.782893506
889	0.408222	111.1319736	1.968553	0.793160232
890	0.38949	114.4577986	2.01338	0.799206576
891	0.468699	115.7172506	1.912906	0.799641494
892	0.446174	123.4240129	1.958831	0.844459678
893	0.363842	126.5696151	2.037862	0.832673269
894	0.42369	120.2530749	1.981973	0.833441737
895	0.396084	115.3053391	1.967509	0.80718065
896	0.370181	116.7544239	2.002023	0.770286745
897	0.389143	115.9455187	1.99552	0.799351733
898	0.337734	123.393427	2.110922	0.850720521
899	0.324385	113.5722024	2.10759	0.804049239
900	0.292483	120.19375	2.074556	0.836004199
901	0.20023	124.3603532	2.234879	0.854484866
902	0.330795	124.120156	2.110935	0.81580373
903	0.446139	117.1724531	1.925246	0.791385882
904	0.437203	117.4586592	1.920358	0.807572241
905	0.375463	120.2894638	2.0191	0.822034316
906	0.247081	122.3774983	2.12134	0.830950296
907	0.390439	121.3515687	2.022089	0.820051352
908	0.416941	113.8953788	1.985503	0.802119908
909	0.502107	117.0549712	1.85738	0.7848863
910	0.400407	122.5042884	2.013577	0.823953319
911	0.424148	121.6101398	1.965123	0.807591624
912	0.38571	113.6572139	2.034525	0.804066039
913	0.379034	119.5749704	2.037783	0.828231808
914	0.2608	124.2529919	2.164945	0.813131578
915	0.415105	118.8054075	1.953203	0.804272746
916	0.415475	117.7421354	1.968737	0.809002706
917	0.412725	120.48256	1.996423	0.803683541
918	0.297099	116.5415337	2.070981	0.788723085
919	0.38126	115.5052769	1.993156	0.79218313
920	0.284471	128.3073467	2.174701	0.829829051
921	0.430183	109.5064814	1.921792	0.800665906
922	0.381691	120.1547809	2.053574	0.779350215
923	0.312608	121.1625357	2.105864	0.824941122
924	0.382044	120.8254022	1.992107	0.798693578
925	0.331729	120.9196155	2.10956	0.829004684
926	0.444893	113.4830058	1.952571	0.768372358
927	0.423973	115.2218527	1.927904	0.791417929
928	0.36487	119.8386902	2.042218	0.826243288
929	0.453458	121.5740823	1.939377	0.812469297
930	0.339759	128.18131	2.082256	0.848618317
931	0.400878	117.52709	2.005318	0.812207457
932	0.354678	120.2482564	2.070132	0.796904753
933	0.48071	117.2149364	1.861407	0.803677359
934	0.417754	117.8853432	2.002442	0.788138582
935	0.414862	117.8178575	1.969799	0.814799902
936	0.529443	120.3363687	1.798342	0.794398445
937	0.483492	111.9196628	1.828707	0.776369519
938	0.384929	118.1963015	2.003227	0.813878931
939	0.51948	111.1809427	1.806214	0.774202979
940	0.380087	113.6620978	2.029467	0.798088609
941	0.401377	122.6199434	2.005251	0.829940211
942	0.266885	122.00787	2.135203	0.81562563
943	0.395536	120.7307105	2.038152	0.828193564
944	0.454683	111.0918553	1.898746	0.774899881
945	0.410723	119.0089288	1.979542	0.809504257
946	0.400299	120.3833449	1.972645	0.776749133
947	0.389254	118.3349992	2.010422	0.820192799
948	0.294237	123.9723959	2.154214	0.83012798
949	0.281041	120.9599466	2.143982	0.827254577
950	0.445347	114.178957	1.895801	0.778580239
951	0.328624	121.7541374	2.090059	0.825187189
952	0.285231	123.3328733	2.170185	0.837106648
953	0.472213	116.9784227	1.880624	0.802584145
954	0.353976	117.0792534	2.05343	0.823681236
955	0.464247	117.6178884	1.887887	0.760730612
956	0.474205	121.8259732	1.870529	0.811054779
957	0.527266	115.1335065	1.774885	0.773603927
958	0.387303	121.6470272	2.02171	0.833779626
959	0.423872	123.214387	1.970252	0.814216626
960	0.408093	112.0655102	1.974243	0.793647724
961	0.30557	125.2100407	2.129984	0.810144345
962	0.384812	121.9498844	2.01633	0.805612643
963	0.350866	122.0963982	2.074618	0.832109038
964	0.350408	116.0452986	2.0206	0.819006265
965	0.454793	106.8858913	1.889193	0.77860105
966	0.396772	115.2401907	2.029293	0.80550972
967	0.207973	125.4593781	2.208631	0.803450103
968	0.312335	123.1494973	2.122124	0.810124932
969	0.426455	120.0657329	1.947411	0.813824751
970	0.358825	124.6288766	2.074442	0.820689749
971	0.250892	132.8270479	2.186572	0.861525175
972	0.482102	113.8270897	1.880282	0.760463437
973	0.29665	126.744653	2.146739	0.831996353
974	0.399773	123.4203812	1.973125	0.838105932
975	0.285426	119.6160468	2.127711	0.798979433
976	0.447872	114.9134333	1.938021	0.790300932
977	0.364251	122.2959725	2.051807	0.823696463
978	0.448822	118.1117587	1.940879	0.791944126
979	0.337368	117.8976589	2.101124	0.808839063
980	0.490396	110.1154698	1.836355	0.787725932
981	0.31587	118.645701	2.084101	0.809570708
982	0.417481	120.1871322	1.949565	0.829019082
983	0.372554	115.9345584	2.042586	0.797761086
984	0.489715	117.3320683	1.893666	0.783440546
985	0.469701	116.5261919	1.876306	0.80225397
986	0.347476	123.3043628	2.070562	0.824250874
987	0.273411	125.8777248	2.144014	0.828179496
988	0.426353	116.0806929	1.97006	0.792234406
989	0.436451	118.2491883	1.947425	0.813803967
990	0.418928	121.4829275	1.971694	0.80670324
991	0.409396	112.9635483	1.995331	0.817968866
992	0.393527	119.4299361	1.951542	0.81740834
993	0.481391	124.2054348	1.884823	0.829678735
994	0.296626	120.7518588	2.143147	0.825513895
995	0.434145	117.4535377	1.929934	0.803067271
996	0.293765	123.5697724	2.117406	0.830491629
997	0.447809	116.3781116	1.917	0.79467463
998	0.333238	118.3926938	2.088613	0.810390855
999	0.38796	123.3477993	2.056082	0.780009008
1000	0.462767	112.7041713	1.91204	0.772117315